0.5 9.536393e+03 9.398532e+03 9.473491e+03 9.611352e+03
1.5 9.476426e+03 9.431112e+03 9.507824e+03 9.553138e+03
2.5 9.444158e+03 9.483413e+03 9.544279e+03 9.505024e+03
3.5 9.446464e+03 9.514530e+03 9.537711e+03 9.469645e+03
4.5 9.463408e+03 9.519062e+03 9.514487e+03 9.458834e+03
5.5 9.459584e+03 9.518651e+03 9.495281e+03 9.436214e+03
6.5 9.489307e+03 9.516145e+03 9.484062e+03 9.457225e+03
7.5 9.472669e+03 9.513326e+03 9.478565e+03 9.437908e+03
8.5 9.430414e+03 9.514171e+03 9.476133e+03 9.392376e+03
9.5 9.460613e+03 9.511215e+03 9.475105e+03 9.424503e+03
10.5 9.547309e+03 9.513530e+03 9.474647e+03 9.508426e+03
0.1 9.475520e+03 9.514340e+03 9.473041e+03 9.434221e+03
1.1 9.506514e+03 9.520678e+03 9.487748e+03 9.473583e+03
2.1 9.625012e+03 9.546638e+03 9.546648e+03 9.625022e+03
3.1 9.599216e+03 9.543949e+03 9.578631e+03 9.633897e+03
4.1 9.589045e+03 9.499362e+03 9.557425e+03 9.647108e+03
5.1 9.525626e+03 9.452514e+03 9.523094e+03 9.596206e+03
6.1 9.496508e+03 9.421450e+03 9.497772e+03 9.572830e+03
7.1 9.477137e+03 9.404983e+03 9.483665e+03 9.555819e+03
8.1 9.482322e+03 9.397411e+03 9.476926e+03 9.561837e+03
9.1 9.497262e+03 9.395572e+03 9.475329e+03 9.577019e+03
10.1 9.489797e+03 9.428686e+03 9.507948e+03 9.569060e+03
0.5 9.497262e+03 9.395572e+03 9.475329e+03 9.577019e+03
1.5 9.489797e+03 9.428686e+03 9.507948e+03 9.569060e+03
2.5 9.481674e+03 9.482696e+03 9.543455e+03 9.542433e+03
3.5 9.504369e+03 9.515006e+03 9.536323e+03 9.525686e+03
4.5 9.511111e+03 9.520139e+03 9.512732e+03 9.503704e+03
5.5 9.511855e+03 9.520414e+03 9.493205e+03 9.484646e+03
6.5 9.519470e+03 9.517855e+03 9.481771e+03 9.483386e+03
7.5 9.578824e+03 9.515031e+03 9.476163e+03 9.539956e+03
8.5 9.592031e+03 9.516414e+03 9.473703e+03 9.549320e+03
9.5 9.572290e+03 9.514086e+03 9.472706e+03 9.530910e+03
10.5 9.568739e+03 9.516882e+03 9.472322e+03 9.524179e+03
0.1 9.558497e+03 9.516636e+03 9.471945e+03 9.513807e+03
1.1 9.569318e+03 9.522502e+03 9.485829e+03 9.532646e+03
2.1 9.598083e+03 9.548050e+03 9.544282e+03 9.594314e+03
3.1 9.632057e+03 9.546524e+03 9.577927e+03 9.663460e+03
4.1 9.494348e+03 9.502293e+03 9.557672e+03 9.549728e+03
5.1 9.452470e+03 9.454987e+03 9.523371e+03 9.520854e+03
6.1 9.316929e+03 9.423336e+03 9.497822e+03 9.391416e+03
7.1 9.301737e+03 9.406422e+03 9.483541e+03 9.378856e+03
8.1 9.280937e+03 9.398553e+03 9.476722e+03 9.359107e+03
9.1 9.342329e+03 9.396521e+03 9.475109e+03 9.420917e+03
10.1 9.344017e+03 9.429599e+03 9.507741e+03 9.422159e+03
0.5 9.342329e+03 9.396521e+03 9.475109e+03 9.420917e+03
1.5 9.344017e+03 9.429599e+03 9.507741e+03 9.422159e+03
2.5 9.415436e+03 9.484231e+03 9.543273e+03 9.474478e+03
3.5 9.432297e+03 9.516552e+03 9.536159e+03 9.451904e+03
4.5 9.419771e+03 9.520609e+03 9.512604e+03 9.411766e+03
5.5 9.400043e+03 9.520296e+03 9.493123e+03 9.372870e+03
6.5 9.413483e+03 9.517069e+03 9.481732e+03 9.378146e+03
7.5 9.432704e+03 9.513101e+03 9.476162e+03 9.395765e+03
8.5 9.453236e+03 9.514936e+03 9.473735e+03 9.412035e+03
9.5 9.459539e+03 9.512416e+03 9.472768e+03 9.419891e+03
10.5 9.482822e+03 9.515502e+03 9.472419e+03 9.439739e+03
0.0 9.538549e+03 9.516165e+03 9.472712e+03 9.495096e+03
1.0 9.633843e+03 9.521374e+03 9.484878e+03 9.597347e+03
2.0 9.638630e+03 9.546265e+03 9.542139e+03 9.634504e+03
3.0 9.670735e+03 9.547315e+03 9.578999e+03 9.702419e+03
4.0 9.540626e+03 9.504133e+03 9.560737e+03 9.597230e+03
5.0 9.380363e+03 9.456158e+03 9.526596e+03 9.450800e+03
6.0 9.356880e+03 9.423490e+03 9.500716e+03 9.434106e+03
7.0 9.411734e+03 9.405772e+03 9.486257e+03 9.492219e+03
8.0 9.378262e+03 9.397336e+03 9.479516e+03 9.460442e+03
9.0 9.381917e+03 9.394876e+03 9.478173e+03 9.465214e+03
10.0 9.363934e+03 9.427560e+03 9.511205e+03 9.447579e+03
0.5 9.381917e+03 9.394876e+03 9.478173e+03 9.465214e+03
1.5 9.363934e+03 9.427560e+03 9.511205e+03 9.447579e+03
2.5 9.379557e+03 9.481785e+03 9.547232e+03 9.445005e+03
3.5 9.396926e+03 9.513645e+03 9.540682e+03 9.423964e+03
4.5 9.429453e+03 9.517806e+03 9.517777e+03 9.429424e+03
5.5 9.453290e+03 9.517316e+03 9.499016e+03 9.434990e+03
6.5 9.484555e+03 9.513649e+03 9.488420e+03 9.459326e+03
7.5 9.502566e+03 9.510088e+03 9.483721e+03 9.476199e+03
8.5 9.501108e+03 9.510259e+03 9.482244e+03 9.473093e+03
9.5 9.461716e+03 9.506254e+03 9.482307e+03 9.437769e+03
10.5 9.456811e+03 9.507900e+03 9.483058e+03 9.431970e+03
