0.5 9.465233e+03 9.421380e+03 9.404478e+03 9.448331e+03
1.5 9.433891e+03 9.481063e+03 9.415498e+03 9.368327e+03
2.5 9.426584e+03 9.498503e+03 9.441705e+03 9.369786e+03
3.5 9.423768e+03 9.486804e+03 9.461008e+03 9.397972e+03
4.5 9.407382e+03 9.474237e+03 9.474078e+03 9.407223e+03
5.5 9.430262e+03 9.465320e+03 9.480138e+03 9.445080e+03
6.5 9.418421e+03 9.459844e+03 9.482001e+03 9.440578e+03
7.5 9.369820e+03 9.458877e+03 9.484279e+03 9.395222e+03
8.5 9.394176e+03 9.456164e+03 9.482938e+03 9.420950e+03
9.5 9.490502e+03 9.457481e+03 9.484867e+03 9.517888e+03
10.5 9.456187e+03 9.455475e+03 9.483286e+03 9.483998e+03
11.5 9.508400e+03 9.456497e+03 9.484468e+03 9.536370e+03
0.2 9.426584e+03 9.498503e+03 9.441705e+03 9.369786e+03
1.2 9.423768e+03 9.486804e+03 9.461008e+03 9.397972e+03
2.2 9.407382e+03 9.474237e+03 9.474078e+03 9.407223e+03
3.2 9.430262e+03 9.465320e+03 9.480138e+03 9.445080e+03
4.2 9.418421e+03 9.459844e+03 9.482001e+03 9.440578e+03
5.2 9.369820e+03 9.458877e+03 9.484279e+03 9.395222e+03
6.2 9.394176e+03 9.456164e+03 9.482938e+03 9.420950e+03
7.2 9.490502e+03 9.457481e+03 9.484867e+03 9.517888e+03
8.2 9.456187e+03 9.455475e+03 9.483286e+03 9.483998e+03
9.2 9.508400e+03 9.456497e+03 9.484468e+03 9.536370e+03
10.2 9.487775e+03 9.455936e+03 9.484088e+03 9.515927e+03
11.2 9.468562e+03 9.455687e+03 9.484048e+03 9.496924e+03
0.9 9.430262e+03 9.465320e+03 9.480138e+03 9.445080e+03
1.9 9.418421e+03 9.459844e+03 9.482001e+03 9.440578e+03
2.9 9.369820e+03 9.458877e+03 9.484279e+03 9.395222e+03
3.9 9.394176e+03 9.456164e+03 9.482938e+03 9.420950e+03
4.9 9.490502e+03 9.457481e+03 9.484867e+03 9.517888e+03
5.9 9.456187e+03 9.455475e+03 9.483286e+03 9.483998e+03
6.9 9.508400e+03 9.456497e+03 9.484468e+03 9.536370e+03
7.9 9.487775e+03 9.455936e+03 9.484088e+03 9.515927e+03
8.9 9.468562e+03 9.455687e+03 9.484048e+03 9.496924e+03
9.9 9.459504e+03 9.456669e+03 9.485261e+03 9.488096e+03
10.9 9.494356e+03 9.455322e+03 9.484154e+03 9.523188e+03
11.9 9.495964e+03 9.457175e+03 9.486247e+03 9.525036e+03
0.6 9.369820e+03 9.458877e+03 9.484279e+03 9.395222e+03
1.6 9.394176e+03 9.456164e+03 9.482938e+03 9.420950e+03
2.6 9.490502e+03 9.457481e+03 9.484867e+03 9.517888e+03
3.6 9.456187e+03 9.455475e+03 9.483286e+03 9.483998e+03
4.6 9.508400e+03 9.456497e+03 9.484468e+03 9.536370e+03
5.6 9.487775e+03 9.455936e+03 9.484088e+03 9.515927e+03
6.6 9.468562e+03 9.455687e+03 9.484048e+03 9.496924e+03
7.6 9.459504e+03 9.456669e+03 9.485261e+03 9.488096e+03
8.6 9.494356e+03 9.455322e+03 9.484154e+03 9.523188e+03
9.6 9.495964e+03 9.457175e+03 9.486247e+03 9.525036e+03
10.6 9.466244e+03 9.455478e+03 9.484785e+03 9.495551e+03
11.6 9.428717e+03 9.457017e+03 9.486548e+03 9.458247e+03
0.3 9.490502e+03 9.457481e+03 9.484867e+03 9.517888e+03
1.3 9.456187e+03 9.455475e+03 9.483286e+03 9.483998e+03
2.3 9.508400e+03 9.456497e+03 9.484468e+03 9.536370e+03
3.3 9.487775e+03 9.455936e+03 9.484088e+03 9.515927e+03
4.3 9.468562e+03 9.455687e+03 9.484048e+03 9.496924e+03
5.3 9.459504e+03 9.456669e+03 9.485261e+03 9.488096e+03
6.3 9.494356e+03 9.455322e+03 9.484154e+03 9.523188e+03
7.3 9.495964e+03 9.457175e+03 9.486247e+03 9.525036e+03
8.3 9.466244e+03 9.455478e+03 9.484785e+03 9.495551e+03
9.3 9.428717e+03 9.457017e+03 9.486548e+03 9.458247e+03
10.3 9.457052e+03 9.470829e+03 9.480727e+03 9.466950e+03
11.3 9.597293e+03 9.526546e+03 9.457819e+03 9.528566e+03
1.0 9.487775e+03 9.455936e+03 9.484088e+03 9.515927e+03
2.0 9.468562e+03 9.455687e+03 9.484048e+03 9.496924e+03
3.0 9.459504e+03 9.456669e+03 9.485261e+03 9.488096e+03
4.0 9.494356e+03 9.455322e+03 9.484154e+03 9.523188e+03
5.0 9.495964e+03 9.457175e+03 9.486247e+03 9.525036e+03
6.0 9.466244e+03 9.455478e+03 9.484785e+03 9.495551e+03
7.0 9.428717e+03 9.457017e+03 9.486548e+03 9.458247e+03
8.0 9.457052e+03 9.470829e+03 9.480727e+03 9.466950e+03
9.0 9.597293e+03 9.526546e+03 9.457819e+03 9.528566e+03
10.0 9.605114e+03 9.545128e+03 9.433708e+03 9.493694e+03
11.0 9.639315e+03 9.500560e+03 9.417447e+03 9.556202e+03
12.0 9.510961e+03 9.446028e+03 9.408742e+03 9.473676e+03
0.7 9.459504e+03 9.456669e+03 9.485261e+03 9.488096e+03
1.7 9.494356e+03 9.455322e+03 9.484154e+03 9.523188e+03
2.7 9.495964e+03 9.457175e+03 9.486247e+03 9.525036e+03
3.7 9.466244e+03 9.455478e+03 9.484785e+03 9.495551e+03
4.7 9.428717e+03 9.457017e+03 9.486548e+03 9.458247e+03
5.7 9.457052e+03 9.470829e+03 9.480727e+03 9.466950e+03
6.7 9.597293e+03 9.526546e+03 9.457819e+03 9.528566e+03
7.7 9.605114e+03 9.545128e+03 9.433708e+03 9.493694e+03
8.7 9.639315e+03 9.500560e+03 9.417447e+03 9.556202e+03
9.7 9.510961e+03 9.446028e+03 9.408742e+03 9.473676e+03
10.7 9.487180e+03 9.408233e+03 9.404749e+03 9.483697e+03
11.7 9.462047e+03 9.387760e+03 9.403108e+03 9.477395e+03
0.4 9.495964e+03 9.457175e+03 9.486247e+03 9.525036e+03
1.4 9.466244e+03 9.455478e+03 9.484785e+03 9.495551e+03
2.4 9.428717e+03 9.457017e+03 9.486548e+03 9.458247e+03
3.4 9.457052e+03 9.470829e+03 9.480727e+03 9.466950e+03
4.4 9.597293e+03 9.526546e+03 9.457819e+03 9.528566e+03
5.4 9.605114e+03 9.545128e+03 9.433708e+03 9.493694e+03
6.4 9.639315e+03 9.500560e+03 9.417447e+03 9.556202e+03
7.4 9.510961e+03 9.446028e+03 9.408742e+03 9.473676e+03
8.4 9.487180e+03 9.408233e+03 9.404749e+03 9.483697e+03
9.4 9.462047e+03 9.387760e+03 9.403108e+03 9.477395e+03
10.4 9.457230e+03 9.378185e+03 9.402529e+03 9.481574e+03
11.4 9.474114e+03 9.375885e+03 9.402361e+03 9.500590e+03
0.5 9.469930e+03 9.419771e+03 9.402704e+03 9.452863e+03
1.5 9.476091e+03 9.480037e+03 9.415572e+03 9.411626e+03
2.5 9.477404e+03 9.497946e+03 9.443002e+03 9.422460e+03
3.5 9.483203e+03 9.486430e+03 9.462977e+03 9.459750e+03
4.5 9.469354e+03 9.474136e+03 9.476749e+03 9.471967e+03
5.5 9.462236e+03 9.465044e+03 9.482921e+03 9.480112e+03
6.5 9.511195e+03 9.459494e+03 9.484856e+03 9.536558e+03
7.5 9.536878e+03 9.458883e+03 9.487529e+03 9.565524e+03
8.5 9.512891e+03 9.456626e+03 9.486604e+03 9.542868e+03
9.5 9.520154e+03 9.458325e+03 9.488815e+03 9.550643e+03
10.5 9.522075e+03 9.457033e+03 9.487805e+03 9.552847e+03
11.5 9.503733e+03 9.458433e+03 9.489214e+03 9.534514e+03
0.2 9.477404e+03 9.497946e+03 9.443002e+03 9.422460e+03
1.2 9.483203e+03 9.486430e+03 9.462977e+03 9.459750e+03
2.2 9.469354e+03 9.474136e+03 9.476749e+03 9.471967e+03
3.2 9.462236e+03 9.465044e+03 9.482921e+03 9.480112e+03
4.2 9.511195e+03 9.459494e+03 9.484856e+03 9.536558e+03
5.2 9.536878e+03 9.458883e+03 9.487529e+03 9.565524e+03
6.2 9.512891e+03 9.456626e+03 9.486604e+03 9.542868e+03
7.2 9.520154e+03 9.458325e+03 9.488815e+03 9.550643e+03
8.2 9.522075e+03 9.457033e+03 9.487805e+03 9.552847e+03
9.2 9.503733e+03 9.458433e+03 9.489214e+03 9.534514e+03
10.2 9.507020e+03 9.457007e+03 9.487816e+03 9.537829e+03
11.2 9.502015e+03 9.455853e+03 9.486695e+03 9.532857e+03
0.9 9.462236e+03 9.465044e+03 9.482921e+03 9.480112e+03
1.9 9.511195e+03 9.459494e+03 9.484856e+03 9.536558e+03
2.9 9.536878e+03 9.458883e+03 9.487529e+03 9.565524e+03
3.9 9.512891e+03 9.456626e+03 9.486604e+03 9.542868e+03
4.9 9.520154e+03 9.458325e+03 9.488815e+03 9.550643e+03
5.9 9.522075e+03 9.457033e+03 9.487805e+03 9.552847e+03
6.9 9.503733e+03 9.458433e+03 9.489214e+03 9.534514e+03
7.9 9.507020e+03 9.457007e+03 9.487816e+03 9.537829e+03
8.9 9.502015e+03 9.455853e+03 9.486695e+03 9.532857e+03
9.9 9.510347e+03 9.457008e+03 9.487882e+03 9.541222e+03
10.9 9.505797e+03 9.455920e+03 9.486825e+03 9.536702e+03
11.9 9.512433e+03 9.458038e+03 9.488973e+03 9.543367e+03
0.6 9.536878e+03 9.458883e+03 9.487529e+03 9.565524e+03
1.6 9.512891e+03 9.456626e+03 9.486604e+03 9.542868e+03
2.6 9.520154e+03 9.458325e+03 9.488815e+03 9.550643e+03
3.6 9.522075e+03 9.457033e+03 9.487805e+03 9.552847e+03
4.6 9.503733e+03 9.458433e+03 9.489214e+03 9.534514e+03
5.6 9.507020e+03 9.457007e+03 9.487816e+03 9.537829e+03
6.6 9.502015e+03 9.455853e+03 9.486695e+03 9.532857e+03
7.6 9.510347e+03 9.457008e+03 9.487882e+03 9.541222e+03
8.6 9.505797e+03 9.455920e+03 9.486825e+03 9.536702e+03
9.6 9.512433e+03 9.458038e+03 9.488973e+03 9.543367e+03
10.6 9.541000e+03 9.456448e+03 9.487418e+03 9.571970e+03
11.6 9.519387e+03 9.457914e+03 9.488906e+03 9.550380e+03
0.3 9.520154e+03 9.458325e+03 9.488815e+03 9.550643e+03
1.3 9.522075e+03 9.457033e+03 9.487805e+03 9.552847e+03
2.3 9.503733e+03 9.458433e+03 9.489214e+03 9.534514e+03
3.3 9.507020e+03 9.457007e+03 9.487816e+03 9.537829e+03
4.3 9.502015e+03 9.455853e+03 9.486695e+03 9.532857e+03
5.3 9.510347e+03 9.457008e+03 9.487882e+03 9.541222e+03
6.3 9.505797e+03 9.455920e+03 9.486825e+03 9.536702e+03
7.3 9.512433e+03 9.458038e+03 9.488973e+03 9.543367e+03
8.3 9.541000e+03 9.456448e+03 9.487418e+03 9.571970e+03
9.3 9.519387e+03 9.457914e+03 9.488906e+03 9.550380e+03
10.3 9.532881e+03 9.470871e+03 9.483330e+03 9.545340e+03
11.3 9.564686e+03 9.526015e+03 9.460447e+03 9.499118e+03
0.9 9.507020e+03 9.457007e+03 9.487816e+03 9.537829e+03
1.9 9.502015e+03 9.455853e+03 9.486695e+03 9.532857e+03
2.9 9.510347e+03 9.457008e+03 9.487882e+03 9.541222e+03
3.9 9.505797e+03 9.455920e+03 9.486825e+03 9.536702e+03
4.9 9.512433e+03 9.458038e+03 9.488973e+03 9.543367e+03
5.9 9.541000e+03 9.456448e+03 9.487418e+03 9.571970e+03
6.9 9.519387e+03 9.457914e+03 9.488906e+03 9.550380e+03
7.9 9.532881e+03 9.470871e+03 9.483330e+03 9.545340e+03
8.9 9.564686e+03 9.526015e+03 9.460447e+03 9.499118e+03
9.9 9.615656e+03 9.546468e+03 9.435987e+03 9.505176e+03
10.9 9.561911e+03 9.502756e+03 9.419313e+03 9.478468e+03
11.9 9.446218e+03 9.447924e+03 9.410269e+03 9.408563e+03
0.7 9.510347e+03 9.457008e+03 9.487882e+03 9.541222e+03
1.7 9.505797e+03 9.455920e+03 9.486825e+03 9.536702e+03
2.7 9.512433e+03 9.458038e+03 9.488973e+03 9.543367e+03
3.7 9.541000e+03 9.456448e+03 9.487418e+03 9.571970e+03
4.7 9.519387e+03 9.457914e+03 9.488906e+03 9.550380e+03
5.7 9.532881e+03 9.470871e+03 9.483330e+03 9.545340e+03
6.7 9.564686e+03 9.526015e+03 9.460447e+03 9.499118e+03
7.7 9.615656e+03 9.546468e+03 9.435987e+03 9.505176e+03
8.7 9.561911e+03 9.502756e+03 9.419313e+03 9.478468e+03
9.7 9.446218e+03 9.447924e+03 9.410269e+03 9.408563e+03
10.7 9.318778e+03 9.409576e+03 9.406025e+03 9.315227e+03
11.7 9.271910e+03 9.388681e+03 9.404195e+03 9.287424e+03
0.3 9.512433e+03 9.458038e+03 9.488973e+03 9.543367e+03
1.3 9.541000e+03 9.456448e+03 9.487418e+03 9.571970e+03
2.3 9.519387e+03 9.457914e+03 9.488906e+03 9.550380e+03
3.3 9.532881e+03 9.470871e+03 9.483330e+03 9.545340e+03
4.3 9.564686e+03 9.526015e+03 9.460447e+03 9.499118e+03
5.3 9.615656e+03 9.546468e+03 9.435987e+03 9.505176e+03
6.3 9.561911e+03 9.502756e+03 9.419313e+03 9.478468e+03
7.3 9.446218e+03 9.447924e+03 9.410269e+03 9.408563e+03
8.3 9.318778e+03 9.409576e+03 9.406025e+03 9.315227e+03
9.3 9.271910e+03 9.388681e+03 9.404195e+03 9.287424e+03
10.3 9.247047e+03 9.378849e+03 9.403465e+03 9.271662e+03
11.3 9.293893e+03 9.376404e+03 9.403173e+03 9.320662e+03
0.5 9.309187e+03 9.420274e+03 9.403483e+03 9.292396e+03
1.5 9.377300e+03 9.480989e+03 9.416766e+03 9.313078e+03
2.5 9.385115e+03 9.498916e+03 9.444191e+03 9.330390e+03
3.5 9.372637e+03 9.486675e+03 9.463393e+03 9.349355e+03
4.5 9.342496e+03 9.474001e+03 9.476724e+03 9.345219e+03
5.5 9.358754e+03 9.464472e+03 9.482401e+03 9.376682e+03
6.5 9.373454e+03 9.458151e+03 9.483515e+03 9.398818e+03
7.5 9.388381e+03 9.457875e+03 9.486479e+03 9.416985e+03
8.5 9.396921e+03 9.455505e+03 9.485399e+03 9.426815e+03
9.5 9.421516e+03 9.457428e+03 9.487787e+03 9.451876e+03
10.5 9.431432e+03 9.456251e+03 9.486828e+03 9.462009e+03
11.5 9.445911e+03 9.457378e+03 9.487877e+03 9.476410e+03
0.2 9.385115e+03 9.498916e+03 9.444191e+03 9.330390e+03
1.2 9.372637e+03 9.486675e+03 9.463393e+03 9.349355e+03
2.2 9.342496e+03 9.474001e+03 9.476724e+03 9.345219e+03
3.2 9.358754e+03 9.464472e+03 9.482401e+03 9.376682e+03
4.2 9.373454e+03 9.458151e+03 9.483515e+03 9.398818e+03
5.2 9.388381e+03 9.457875e+03 9.486479e+03 9.416985e+03
6.2 9.396921e+03 9.455505e+03 9.485399e+03 9.426815e+03
7.2 9.421516e+03 9.457428e+03 9.487787e+03 9.451876e+03
8.2 9.431432e+03 9.456251e+03 9.486828e+03 9.462009e+03
9.2 9.445911e+03 9.457378e+03 9.487877e+03 9.476410e+03
10.2 9.458266e+03 9.457423e+03 9.487854e+03 9.488697e+03
11.2 9.442476e+03 9.456928e+03 9.487301e+03 9.472849e+03
0.8 9.358754e+03 9.464472e+03 9.482401e+03 9.376682e+03
1.8 9.373454e+03 9.458151e+03 9.483515e+03 9.398818e+03
2.8 9.388381e+03 9.457875e+03 9.486479e+03 9.416985e+03
3.8 9.396921e+03 9.455505e+03 9.485399e+03 9.426815e+03
4.8 9.421516e+03 9.457428e+03 9.487787e+03 9.451876e+03
5.8 9.431432e+03 9.456251e+03 9.486828e+03 9.462009e+03
6.8 9.445911e+03 9.457378e+03 9.487877e+03 9.476410e+03
7.8 9.458266e+03 9.457423e+03 9.487854e+03 9.488697e+03
8.8 9.442476e+03 9.456928e+03 9.487301e+03 9.472849e+03
9.8 9.458083e+03 9.458218e+03 9.488535e+03 9.488400e+03
10.8 9.479799e+03 9.456662e+03 9.486917e+03 9.510055e+03
11.8 9.483528e+03 9.458509e+03 9.488691e+03 9.513709e+03
0.5 9.388381e+03 9.457875e+03 9.486479e+03 9.416985e+03
1.5 9.396921e+03 9.455505e+03 9.485399e+03 9.426815e+03
2.5 9.421516e+03 9.457428e+03 9.487787e+03 9.451876e+03
3.5 9.431432e+03 9.456251e+03 9.486828e+03 9.462009e+03
4.5 9.445911e+03 9.457378e+03 9.487877e+03 9.476410e+03
5.5 9.458266e+03 9.457423e+03 9.487854e+03 9.488697e+03
6.5 9.442476e+03 9.456928e+03 9.487301e+03 9.472849e+03
7.5 9.458083e+03 9.458218e+03 9.488535e+03 9.488400e+03
8.5 9.479799e+03 9.456662e+03 9.486917e+03 9.510055e+03
9.5 9.483528e+03 9.458509e+03 9.488691e+03 9.513709e+03
10.5 9.496695e+03 9.456844e+03 9.486935e+03 9.526785e+03
11.5 9.473638e+03 9.458077e+03 9.488045e+03 9.503606e+03
0.2 9.421516e+03 9.457428e+03 9.487787e+03 9.451876e+03
1.2 9.431432e+03 9.456251e+03 9.486828e+03 9.462009e+03
2.2 9.445911e+03 9.457378e+03 9.487877e+03 9.476410e+03
3.2 9.458266e+03 9.457423e+03 9.487854e+03 9.488697e+03
4.2 9.442476e+03 9.456928e+03 9.487301e+03 9.472849e+03
5.2 9.458083e+03 9.458218e+03 9.488535e+03 9.488400e+03
6.2 9.479799e+03 9.456662e+03 9.486917e+03 9.510055e+03
7.2 9.483528e+03 9.458509e+03 9.488691e+03 9.513709e+03
8.2 9.496695e+03 9.456844e+03 9.486935e+03 9.526785e+03
9.2 9.473638e+03 9.458077e+03 9.488045e+03 9.503606e+03
10.2 9.521405e+03 9.469478e+03 9.483207e+03 9.535133e+03
11.2 9.602950e+03 9.523404e+03 9.460696e+03 9.540241e+03
0.9 9.458266e+03 9.457423e+03 9.487854e+03 9.488697e+03
1.9 9.442476e+03 9.456928e+03 9.487301e+03 9.472849e+03
2.9 9.458083e+03 9.458218e+03 9.488535e+03 9.488400e+03
3.9 9.479799e+03 9.456662e+03 9.486917e+03 9.510055e+03
4.9 9.483528e+03 9.458509e+03 9.488691e+03 9.513709e+03
5.9 9.496695e+03 9.456844e+03 9.486935e+03 9.526785e+03
6.9 9.473638e+03 9.458077e+03 9.488045e+03 9.503606e+03
7.9 9.521405e+03 9.469478e+03 9.483207e+03 9.535133e+03
8.9 9.602950e+03 9.523404e+03 9.460696e+03 9.540241e+03
9.9 9.647869e+03 9.547704e+03 9.435792e+03 9.535957e+03
10.9 9.614393e+03 9.505996e+03 9.418462e+03 9.526859e+03
11.9 9.381271e+03 9.450801e+03 9.408842e+03 9.339311e+03
0.6 9.458083e+03 9.458218e+03 9.488535e+03 9.488400e+03
1.6 9.479799e+03 9.456662e+03 9.486917e+03 9.510055e+03
2.6 9.483528e+03 9.458509e+03 9.488691e+03 9.513709e+03
3.6 9.496695e+03 9.456844e+03 9.486935e+03 9.526785e+03
4.6 9.473638e+03 9.458077e+03 9.488045e+03 9.503606e+03
5.6 9.521405e+03 9.469478e+03 9.483207e+03 9.535133e+03
6.6 9.602950e+03 9.523404e+03 9.460696e+03 9.540241e+03
7.6 9.647869e+03 9.547704e+03 9.435792e+03 9.535957e+03
8.6 9.614393e+03 9.505996e+03 9.418462e+03 9.526859e+03
9.6 9.381271e+03 9.450801e+03 9.408842e+03 9.339311e+03
10.6 9.340741e+03 9.411533e+03 9.404120e+03 9.333328e+03
11.6 9.396116e+03 9.389966e+03 9.401854e+03 9.408004e+03
0.3 9.483528e+03 9.458509e+03 9.488691e+03 9.513709e+03
1.3 9.496695e+03 9.456844e+03 9.486935e+03 9.526785e+03
2.3 9.473638e+03 9.458077e+03 9.488045e+03 9.503606e+03
3.3 9.521405e+03 9.469478e+03 9.483207e+03 9.535133e+03
4.3 9.602950e+03 9.523404e+03 9.460696e+03 9.540241e+03
5.3 9.647869e+03 9.547704e+03 9.435792e+03 9.535957e+03
6.3 9.614393e+03 9.505996e+03 9.418462e+03 9.526859e+03
7.3 9.381271e+03 9.450801e+03 9.408842e+03 9.339311e+03
8.3 9.340741e+03 9.411533e+03 9.404120e+03 9.333328e+03
9.3 9.396116e+03 9.389966e+03 9.401854e+03 9.408004e+03
10.3 9.366056e+03 9.379790e+03 9.400675e+03 9.386941e+03
11.3 9.369312e+03 9.377220e+03 9.399898e+03 9.391991e+03
0.5 9.359910e+03 9.421071e+03 9.399657e+03 9.338495e+03
1.5 9.368148e+03 9.481818e+03 9.412312e+03 9.298641e+03
2.5 9.362561e+03 9.499787e+03 9.439023e+03 9.301798e+03
3.5 9.385543e+03 9.488034e+03 9.457846e+03 9.355355e+03
4.5 9.402888e+03 9.475697e+03 9.470553e+03 9.397743e+03
5.5 9.428643e+03 9.466371e+03 9.475371e+03 9.437643e+03
6.5 9.443797e+03 9.460890e+03 9.476163e+03 9.459070e+03
7.5 9.444751e+03 9.460064e+03 9.477309e+03 9.461996e+03
8.5 9.423422e+03 9.457319e+03 9.474480e+03 9.440583e+03
9.5 9.410503e+03 9.458944e+03 9.475102e+03 9.426661e+03
10.5 9.451598e+03 9.457304e+03 9.472162e+03 9.466456e+03
11.5 9.487632e+03 9.458538e+03 9.471740e+03 9.500833e+03
0.2 9.362561e+03 9.499787e+03 9.439023e+03 9.301798e+03
1.2 9.385543e+03 9.488034e+03 9.457846e+03 9.355355e+03
2.2 9.402888e+03 9.475697e+03 9.470553e+03 9.397743e+03
3.2 9.428643e+03 9.466371e+03 9.475371e+03 9.437643e+03
4.2 9.443797e+03 9.460890e+03 9.476163e+03 9.459070e+03
5.2 9.444751e+03 9.460064e+03 9.477309e+03 9.461996e+03
6.2 9.423422e+03 9.457319e+03 9.474480e+03 9.440583e+03
7.2 9.410503e+03 9.458944e+03 9.475102e+03 9.426661e+03
8.2 9.451598e+03 9.457304e+03 9.472162e+03 9.466456e+03
9.2 9.487632e+03 9.458538e+03 9.471740e+03 9.500833e+03
10.2 9.494759e+03 9.457752e+03 9.469189e+03 9.506196e+03
11.2 9.501481e+03 9.457096e+03 9.466642e+03 9.511027e+03
0.9 9.428643e+03 9.466371e+03 9.475371e+03 9.437643e+03
1.9 9.443797e+03 9.460890e+03 9.476163e+03 9.459070e+03
2.9 9.444751e+03 9.460064e+03 9.477309e+03 9.461996e+03
3.9 9.423422e+03 9.457319e+03 9.474480e+03 9.440583e+03
4.9 9.410503e+03 9.458944e+03 9.475102e+03 9.426661e+03
5.9 9.451598e+03 9.457304e+03 9.472162e+03 9.466456e+03
6.9 9.487632e+03 9.458538e+03 9.471740e+03 9.500833e+03
7.9 9.494759e+03 9.457752e+03 9.469189e+03 9.506196e+03
8.9 9.501481e+03 9.457096e+03 9.466642e+03 9.511027e+03
9.9 9.492432e+03 9.458269e+03 9.465798e+03 9.499961e+03
10.9 9.474284e+03 9.457037e+03 9.462435e+03 9.479682e+03
11.9 9.463544e+03 9.458990e+03 9.462154e+03 9.466709e+03
0.6 9.444751e+03 9.460064e+03 9.477309e+03 9.461996e+03
1.6 9.423422e+03 9.457319e+03 9.474480e+03 9.440583e+03
2.6 9.410503e+03 9.458944e+03 9.475102e+03 9.426661e+03
3.6 9.451598e+03 9.457304e+03 9.472162e+03 9.466456e+03
4.6 9.487632e+03 9.458538e+03 9.471740e+03 9.500833e+03
5.6 9.494759e+03 9.457752e+03 9.469189e+03 9.506196e+03
6.6 9.501481e+03 9.457096e+03 9.466642e+03 9.511027e+03
7.6 9.492432e+03 9.458269e+03 9.465798e+03 9.499961e+03
8.6 9.474284e+03 9.457037e+03 9.462435e+03 9.479682e+03
9.6 9.463544e+03 9.458990e+03 9.462154e+03 9.466709e+03
10.6 9.465399e+03 9.456404e+03 9.457245e+03 9.466240e+03
0.3 9.410503e+03 9.458944e+03 9.475102e+03 9.426661e+03
1.3 9.451598e+03 9.457304e+03 9.472162e+03 9.466456e+03
2.3 9.487632e+03 9.458538e+03 9.471740e+03 9.500833e+03
3.3 9.494759e+03 9.457752e+03 9.469189e+03 9.506196e+03
4.3 9.501481e+03 9.457096e+03 9.466642e+03 9.511027e+03
5.3 9.492432e+03 9.458269e+03 9.465798e+03 9.499961e+03
6.3 9.474284e+03 9.457037e+03 9.462435e+03 9.479682e+03
7.3 9.463544e+03 9.458990e+03 9.462154e+03 9.466709e+03
8.3 9.465399e+03 9.456404e+03 9.457245e+03 9.466240e+03
1.0 9.494759e+03 9.457752e+03 9.469189e+03 9.506196e+03
2.0 9.501481e+03 9.457096e+03 9.466642e+03 9.511027e+03
3.0 9.492432e+03 9.458269e+03 9.465798e+03 9.499961e+03
4.0 9.474284e+03 9.457037e+03 9.462435e+03 9.479682e+03
5.0 9.463544e+03 9.458990e+03 9.462154e+03 9.466709e+03
6.0 9.465399e+03 9.456404e+03 9.457245e+03 9.466240e+03
0.6 9.492432e+03 9.458269e+03 9.465798e+03 9.499961e+03
1.6 9.474284e+03 9.457037e+03 9.462435e+03 9.479682e+03
2.6 9.463544e+03 9.458990e+03 9.462154e+03 9.466709e+03
3.6 9.465399e+03 9.456404e+03 9.457245e+03 9.466240e+03
0.3 9.463544e+03 9.458990e+03 9.462154e+03 9.466709e+03
1.3 9.465399e+03 9.456404e+03 9.457245e+03 9.466240e+03
