1.0 1.211064e+04 1.206194e+04 1.206305e+04 1.211175e+04
2.0 1.198936e+04 1.208213e+04 1.208144e+04 1.198868e+04
3.0 1.206403e+04 1.208954e+04 1.208778e+04 1.206228e+04
4.0 1.209936e+04 1.208295e+04 1.208066e+04 1.209707e+04
5.0 1.201462e+04 1.207577e+04 1.207323e+04 1.201209e+04
6.0 1.209525e+04 1.208608e+04 1.208343e+04 1.209260e+04
7.0 1.203394e+04 1.209378e+04 1.209108e+04 1.203125e+04
8.0 1.210967e+04 1.208722e+04 1.208457e+04 1.210702e+04
9.0 1.213457e+04 1.207449e+04 1.207465e+04 1.213473e+04
10.0 1.204257e+04 1.206391e+04 1.206744e+04 1.204610e+04
11.0 1.205717e+04 1.206042e+04 1.206348e+04 1.206022e+04
0.8 1.201462e+04 1.207577e+04 1.207323e+04 1.201209e+04
1.7 1.209525e+04 1.208608e+04 1.208343e+04 1.209260e+04
2.7 1.203394e+04 1.209378e+04 1.209108e+04 1.203125e+04
3.7 1.210967e+04 1.208722e+04 1.208457e+04 1.210702e+04
4.7 1.213457e+04 1.207449e+04 1.207465e+04 1.213473e+04
5.7 1.204257e+04 1.206391e+04 1.206744e+04 1.204610e+04
6.7 1.205717e+04 1.206042e+04 1.206348e+04 1.206022e+04
7.7 1.210720e+04 1.206229e+04 1.206325e+04 1.210815e+04
8.7 1.203430e+04 1.207969e+04 1.207887e+04 1.203348e+04
9.7 1.214864e+04 1.209139e+04 1.208951e+04 1.214676e+04
10.7 1.208196e+04 1.208671e+04 1.208439e+04 1.207964e+04
0.7 1.210720e+04 1.206229e+04 1.206325e+04 1.210815e+04
1.7 1.203430e+04 1.207969e+04 1.207887e+04 1.203348e+04
2.7 1.214864e+04 1.209139e+04 1.208951e+04 1.214676e+04
3.7 1.208196e+04 1.208671e+04 1.208439e+04 1.207964e+04
4.7 1.212820e+04 1.207476e+04 1.207503e+04 1.212847e+04
5.7 1.209241e+04 1.206449e+04 1.206805e+04 1.209597e+04
6.7 1.209603e+04 1.206112e+04 1.206418e+04 1.209909e+04
7.7 1.200098e+04 1.206142e+04 1.206237e+04 1.200193e+04
8.7 1.214448e+04 1.206246e+04 1.206164e+04 1.214365e+04
9.7 1.207623e+04 1.206326e+04 1.206139e+04 1.207436e+04
10.7 1.204787e+04 1.206781e+04 1.206543e+04 1.204549e+04
1.0 1.204787e+04 1.206781e+04 1.206543e+04 1.204549e+04
2.0 1.215204e+04 1.208631e+04 1.208370e+04 1.214943e+04
3.0 1.203618e+04 1.209267e+04 1.208998e+04 1.203349e+04
4.0 1.214487e+04 1.208551e+04 1.208280e+04 1.214216e+04
5.0 1.204814e+04 1.207551e+04 1.207371e+04 1.204634e+04
6.0 1.216502e+04 1.206518e+04 1.206751e+04 1.216735e+04
7.0 1.205675e+04 1.206047e+04 1.206421e+04 1.206049e+04
8.0 1.211744e+04 1.206056e+04 1.206270e+04 1.211958e+04
9.0 1.201555e+04 1.206018e+04 1.206207e+04 1.201744e+04
10.0 1.204694e+04 1.205733e+04 1.206183e+04 1.205144e+04
11.0 1.210082e+04 1.205757e+04 1.206173e+04 1.210498e+04
0.3 1.202333e+04 1.206250e+04 1.206154e+04 1.202237e+04
1.3 1.208892e+04 1.207120e+04 1.206947e+04 1.208719e+04
2.3 1.215065e+04 1.208925e+04 1.208718e+04 1.214858e+04
3.3 1.206685e+04 1.209110e+04 1.208889e+04 1.206464e+04
4.3 1.212241e+04 1.208249e+04 1.208025e+04 1.212017e+04
5.3 1.209823e+04 1.207385e+04 1.207160e+04 1.209599e+04
6.3 1.209076e+04 1.206837e+04 1.206614e+04 1.208853e+04
7.3 1.207553e+04 1.207350e+04 1.207128e+04 1.207332e+04
8.3 1.208014e+04 1.208991e+04 1.208772e+04 1.207795e+04
9.3 1.216522e+04 1.209108e+04 1.208890e+04 1.216304e+04
10.3 1.197849e+04 1.208220e+04 1.208004e+04 1.197633e+04
0.3 1.209076e+04 1.206837e+04 1.206614e+04 1.208853e+04
1.3 1.207553e+04 1.207350e+04 1.207128e+04 1.207332e+04
2.3 1.208014e+04 1.208991e+04 1.208772e+04 1.207795e+04
3.3 1.216522e+04 1.209108e+04 1.208890e+04 1.216304e+04
4.3 1.197849e+04 1.208220e+04 1.208004e+04 1.197633e+04
5.3 1.216017e+04 1.207502e+04 1.207287e+04 1.215803e+04
6.3 1.207544e+04 1.208581e+04 1.208369e+04 1.207332e+04
7.3 1.212490e+04 1.209381e+04 1.209170e+04 1.212279e+04
8.3 1.200059e+04 1.208739e+04 1.208529e+04 1.199849e+04
9.3 1.204406e+04 1.207738e+04 1.207530e+04 1.204198e+04
10.3 1.218158e+04 1.207003e+04 1.206796e+04 1.217952e+04
0.8 1.216017e+04 1.207502e+04 1.207287e+04 1.215803e+04
1.8 1.207544e+04 1.208581e+04 1.208369e+04 1.207332e+04
2.8 1.212490e+04 1.209381e+04 1.209170e+04 1.212279e+04
3.8 1.200059e+04 1.208739e+04 1.208529e+04 1.199849e+04
4.8 1.204406e+04 1.207738e+04 1.207530e+04 1.204198e+04
5.8 1.218158e+04 1.207003e+04 1.206796e+04 1.217952e+04
6.8 1.204284e+04 1.206589e+04 1.206383e+04 1.204079e+04
7.8 1.206456e+04 1.206391e+04 1.206186e+04 1.206251e+04
8.8 1.203609e+04 1.206266e+04 1.206098e+04 1.203441e+04
9.8 1.210770e+04 1.205858e+04 1.206060e+04 1.210971e+04
10.8 1.203267e+04 1.205593e+04 1.206040e+04 1.203714e+04
0.5 1.206863e+04 1.206175e+04 1.206048e+04 1.206736e+04
1.5 1.200343e+04 1.207464e+04 1.207295e+04 1.200175e+04
2.5 1.212669e+04 1.208977e+04 1.208790e+04 1.212482e+04
3.5 1.215219e+04 1.208772e+04 1.208577e+04 1.215025e+04
4.5 1.209786e+04 1.208252e+04 1.208055e+04 1.209589e+04
5.5 1.205345e+04 1.209288e+04 1.209089e+04 1.205146e+04
6.5 1.212021e+04 1.209438e+04 1.209239e+04 1.211822e+04
7.5 1.215267e+04 1.208479e+04 1.208280e+04 1.215068e+04
8.5 1.205844e+04 1.207424e+04 1.207260e+04 1.205681e+04
9.5 1.207208e+04 1.206386e+04 1.206591e+04 1.207412e+04
10.5 1.200979e+04 1.205788e+04 1.206237e+04 1.201429e+04
1.0 1.209786e+04 1.208252e+04 1.208055e+04 1.209589e+04
2.0 1.205345e+04 1.209288e+04 1.209089e+04 1.205146e+04
3.0 1.212021e+04 1.209438e+04 1.209239e+04 1.211822e+04
4.0 1.215267e+04 1.208479e+04 1.208280e+04 1.215068e+04
5.0 1.205844e+04 1.207424e+04 1.207260e+04 1.205681e+04
6.0 1.207208e+04 1.206386e+04 1.206591e+04 1.207412e+04
7.0 1.200979e+04 1.205788e+04 1.206237e+04 1.201429e+04
8.0 1.211990e+04 1.205736e+04 1.206070e+04 1.212323e+04
9.0 1.196012e+04 1.205882e+04 1.206003e+04 1.196133e+04
10.0 1.202168e+04 1.206811e+04 1.206772e+04 1.202129e+04
11.0 1.193913e+04 1.208662e+04 1.208533e+04 1.193784e+04
0.3 1.196012e+04 1.205882e+04 1.206003e+04 1.196133e+04
1.3 1.202168e+04 1.206811e+04 1.206772e+04 1.202129e+04
2.3 1.193913e+04 1.208662e+04 1.208533e+04 1.193784e+04
3.3 1.204668e+04 1.208875e+04 1.208703e+04 1.204496e+04
4.3 1.209411e+04 1.208024e+04 1.207841e+04 1.209227e+04
5.3 1.215656e+04 1.206888e+04 1.206979e+04 1.215746e+04
6.3 1.209506e+04 1.206008e+04 1.206433e+04 1.209931e+04
7.3 1.204410e+04 1.205776e+04 1.206153e+04 1.204786e+04
8.3 1.212267e+04 1.205679e+04 1.206026e+04 1.212614e+04
9.3 1.209628e+04 1.205405e+04 1.205973e+04 1.210196e+04
10.3 1.201416e+04 1.205451e+04 1.205952e+04 1.201917e+04
1.0 1.204448e+04 1.206550e+04 1.206353e+04 1.204251e+04
2.0 1.201149e+04 1.208392e+04 1.208181e+04 1.200938e+04
3.0 1.217264e+04 1.209022e+04 1.208805e+04 1.217048e+04
4.0 1.209106e+04 1.208342e+04 1.208121e+04 1.208885e+04
5.0 1.205600e+04 1.208686e+04 1.208463e+04 1.205377e+04
6.0 1.203101e+04 1.209567e+04 1.209342e+04 1.202876e+04
7.0 1.212440e+04 1.209033e+04 1.208806e+04 1.212213e+04
8.0 1.199016e+04 1.207958e+04 1.207729e+04 1.198787e+04
9.0 1.214660e+04 1.207111e+04 1.206881e+04 1.214429e+04
10.0 1.208924e+04 1.206663e+04 1.206430e+04 1.208691e+04
11.0 1.209825e+04 1.207680e+04 1.207445e+04 1.209590e+04
0.5 1.209106e+04 1.208342e+04 1.208121e+04 1.208885e+04
1.5 1.205600e+04 1.208686e+04 1.208463e+04 1.205377e+04
2.5 1.203101e+04 1.209567e+04 1.209342e+04 1.202876e+04
3.5 1.212440e+04 1.209033e+04 1.208806e+04 1.212213e+04
4.5 1.199016e+04 1.207958e+04 1.207729e+04 1.198787e+04
5.5 1.214660e+04 1.207111e+04 1.206881e+04 1.214429e+04
6.5 1.208924e+04 1.206663e+04 1.206430e+04 1.208691e+04
7.5 1.209825e+04 1.207680e+04 1.207445e+04 1.209590e+04
8.5 1.209847e+04 1.209084e+04 1.208847e+04 1.209610e+04
9.5 1.207867e+04 1.208845e+04 1.208605e+04 1.207627e+04
10.5 1.198864e+04 1.207912e+04 1.207670e+04 1.198622e+04
0.5 1.208924e+04 1.206663e+04 1.206430e+04 1.208691e+04
1.5 1.209825e+04 1.207680e+04 1.207445e+04 1.209590e+04
2.5 1.209847e+04 1.209084e+04 1.208847e+04 1.209610e+04
3.5 1.207867e+04 1.208845e+04 1.208605e+04 1.207627e+04
4.5 1.198864e+04 1.207912e+04 1.207670e+04 1.198622e+04
5.5 1.199499e+04 1.206946e+04 1.206882e+04 1.199435e+04
6.5 1.199784e+04 1.206091e+04 1.206424e+04 1.200117e+04
7.5 1.209616e+04 1.205833e+04 1.206203e+04 1.209986e+04
8.5 1.206433e+04 1.205975e+04 1.206149e+04 1.206607e+04
9.5 1.209470e+04 1.207392e+04 1.207369e+04 1.209447e+04
10.5 1.210890e+04 1.209013e+04 1.208865e+04 1.210742e+04
0.5 1.206433e+04 1.205975e+04 1.206149e+04 1.206607e+04
1.5 1.209470e+04 1.207392e+04 1.207369e+04 1.209447e+04
2.5 1.210890e+04 1.209013e+04 1.208865e+04 1.210742e+04
3.5 1.203756e+04 1.208874e+04 1.208660e+04 1.203542e+04
4.5 1.199213e+04 1.207993e+04 1.207748e+04 1.198968e+04
5.5 1.207591e+04 1.208030e+04 1.207770e+04 1.207331e+04
6.5 1.206888e+04 1.209360e+04 1.209092e+04 1.206621e+04
7.5 1.209542e+04 1.209324e+04 1.209051e+04 1.209268e+04
8.5 1.206027e+04 1.208288e+04 1.208104e+04 1.205842e+04
9.5 1.208000e+04 1.206993e+04 1.207218e+04 1.208225e+04
10.5 1.206173e+04 1.206312e+04 1.206673e+04 1.206534e+04
0.3 1.199213e+04 1.207993e+04 1.207748e+04 1.198968e+04
1.3 1.207591e+04 1.208030e+04 1.207770e+04 1.207331e+04
2.3 1.206888e+04 1.209360e+04 1.209092e+04 1.206621e+04
3.3 1.209542e+04 1.209324e+04 1.209051e+04 1.209268e+04
4.3 1.206027e+04 1.208288e+04 1.208104e+04 1.205842e+04
5.3 1.208000e+04 1.206993e+04 1.207218e+04 1.208225e+04
6.3 1.206173e+04 1.206312e+04 1.206673e+04 1.206534e+04
7.3 1.204433e+04 1.206206e+04 1.206401e+04 1.204628e+04
8.3 1.201223e+04 1.206212e+04 1.206290e+04 1.201301e+04
9.3 1.196827e+04 1.205907e+04 1.206253e+04 1.197173e+04
10.3 1.209681e+04 1.205840e+04 1.206248e+04 1.210089e+04
0.7 1.195569e+04 1.206207e+04 1.206413e+04 1.195776e+04
1.7 1.196688e+04 1.208078e+04 1.208060e+04 1.196671e+04
2.7 1.216031e+04 1.209329e+04 1.209162e+04 1.215864e+04
3.7 1.222450e+04 1.208917e+04 1.208669e+04 1.222202e+04
4.7 1.222447e+04 1.208032e+04 1.207745e+04 1.222160e+04
5.7 1.207628e+04 1.207358e+04 1.207054e+04 1.207324e+04
6.7 1.206853e+04 1.206985e+04 1.206673e+04 1.206541e+04
7.7 1.215450e+04 1.206636e+04 1.206498e+04 1.215313e+04
8.7 1.216575e+04 1.206172e+04 1.206431e+04 1.216835e+04
9.7 1.212205e+04 1.206117e+04 1.206413e+04 1.212501e+04
10.7 1.199764e+04 1.206306e+04 1.206415e+04 1.199873e+04
0.7 1.203578e+04 1.207045e+04 1.206798e+04 1.203331e+04
1.7 1.208768e+04 1.208749e+04 1.208438e+04 1.208457e+04
2.7 1.209318e+04 1.209871e+04 1.209531e+04 1.208979e+04
3.7 1.205733e+04 1.209381e+04 1.209029e+04 1.205381e+04
4.7 1.211697e+04 1.208452e+04 1.208095e+04 1.211340e+04
5.7 1.204050e+04 1.207753e+04 1.207393e+04 1.203691e+04
6.7 1.209557e+04 1.207182e+04 1.207002e+04 1.209377e+04
7.7 1.207366e+04 1.206598e+04 1.206817e+04 1.207585e+04
8.7 1.213249e+04 1.206481e+04 1.206740e+04 1.213508e+04
9.7 1.209434e+04 1.206611e+04 1.206712e+04 1.209535e+04
10.7 1.210165e+04 1.206428e+04 1.206703e+04 1.210440e+04
0.5 1.212832e+04 1.207092e+04 1.206766e+04 1.212506e+04
1.5 1.200007e+04 1.208368e+04 1.208020e+04 1.199659e+04
2.5 1.216471e+04 1.209880e+04 1.209522e+04 1.216114e+04
3.5 1.222857e+04 1.209678e+04 1.209317e+04 1.222495e+04
4.5 1.204791e+04 1.208755e+04 1.208392e+04 1.204428e+04
5.5 1.205363e+04 1.207933e+04 1.207606e+04 1.205036e+04
6.5 1.197690e+04 1.207100e+04 1.207141e+04 1.197731e+04
7.5 1.203956e+04 1.206626e+04 1.206912e+04 1.204242e+04
8.5 1.203510e+04 1.206640e+04 1.206811e+04 1.203682e+04
9.5 1.208026e+04 1.206775e+04 1.206771e+04 1.208021e+04
10.5 1.203582e+04 1.206552e+04 1.206756e+04 1.203786e+04
0.2 1.209958e+04 1.207064e+04 1.206756e+04 1.209650e+04
1.2 1.208081e+04 1.207883e+04 1.207554e+04 1.207752e+04
2.2 1.204659e+04 1.209665e+04 1.209328e+04 1.204322e+04
3.2 1.208516e+04 1.209843e+04 1.209504e+04 1.208177e+04
4.2 1.204295e+04 1.208891e+04 1.208644e+04 1.204048e+04
5.2 1.208337e+04 1.207618e+04 1.207784e+04 1.208504e+04
6.2 1.209132e+04 1.206932e+04 1.207241e+04 1.209440e+04
7.2 1.215971e+04 1.206814e+04 1.206962e+04 1.216118e+04
8.2 1.205157e+04 1.206892e+04 1.206836e+04 1.205100e+04
9.2 1.205372e+04 1.206979e+04 1.206783e+04 1.205176e+04
10.2 1.197060e+04 1.207031e+04 1.206762e+04 1.196791e+04
