0.5 9.275905e+03 9.244740e+03 9.244740e+03 9.275905e+03
1.5 9.247459e+03 9.257522e+03 9.257522e+03 9.247459e+03
2.5 9.254377e+03 9.287918e+03 9.287918e+03 9.254377e+03
3.5 9.279797e+03 9.310307e+03 9.310307e+03 9.279797e+03
4.5 9.285002e+03 9.325467e+03 9.325467e+03 9.285002e+03
5.5 9.316858e+03 9.332494e+03 9.332494e+03 9.316858e+03
6.5 9.301019e+03 9.334655e+03 9.334655e+03 9.301019e+03
7.5 9.259928e+03 9.337298e+03 9.337298e+03 9.259928e+03
8.5 9.293020e+03 9.335743e+03 9.335743e+03 9.293020e+03
9.5 9.368205e+03 9.337980e+03 9.337980e+03 9.368205e+03
10.5 9.351908e+03 9.336146e+03 9.336146e+03 9.351908e+03
11.5 9.350789e+03 9.337517e+03 9.337517e+03 9.350789e+03
0.2 9.254377e+03 9.287918e+03 9.287918e+03 9.254377e+03
1.2 9.279797e+03 9.310307e+03 9.310307e+03 9.279797e+03
2.2 9.285002e+03 9.325467e+03 9.325467e+03 9.285002e+03
3.2 9.316858e+03 9.332494e+03 9.332494e+03 9.316858e+03
4.2 9.301019e+03 9.334655e+03 9.334655e+03 9.301019e+03
5.2 9.259928e+03 9.337298e+03 9.337298e+03 9.259928e+03
6.2 9.293020e+03 9.335743e+03 9.335743e+03 9.293020e+03
7.2 9.368205e+03 9.337980e+03 9.337980e+03 9.368205e+03
8.2 9.351908e+03 9.336146e+03 9.336146e+03 9.351908e+03
9.2 9.350789e+03 9.337517e+03 9.337517e+03 9.350789e+03
10.2 9.342478e+03 9.337077e+03 9.337077e+03 9.342478e+03
11.2 9.301461e+03 9.337030e+03 9.337030e+03 9.301461e+03
0.9 9.316858e+03 9.332494e+03 9.332494e+03 9.316858e+03
1.9 9.301019e+03 9.334655e+03 9.334655e+03 9.301019e+03
2.9 9.259928e+03 9.337298e+03 9.337298e+03 9.259928e+03
3.9 9.293020e+03 9.335743e+03 9.335743e+03 9.293020e+03
4.9 9.368205e+03 9.337980e+03 9.337980e+03 9.368205e+03
5.9 9.351908e+03 9.336146e+03 9.336146e+03 9.351908e+03
6.9 9.350789e+03 9.337517e+03 9.337517e+03 9.350789e+03
7.9 9.342478e+03 9.337077e+03 9.337077e+03 9.342478e+03
8.9 9.301461e+03 9.337030e+03 9.337030e+03 9.301461e+03
9.9 9.318796e+03 9.338437e+03 9.338437e+03 9.318796e+03
10.9 9.338924e+03 9.337152e+03 9.337152e+03 9.338924e+03
11.9 9.353592e+03 9.339581e+03 9.339581e+03 9.353592e+03
0.6 9.259928e+03 9.337298e+03 9.337298e+03 9.259928e+03
1.6 9.293020e+03 9.335743e+03 9.335743e+03 9.293020e+03
2.6 9.368205e+03 9.337980e+03 9.337980e+03 9.368205e+03
3.6 9.351908e+03 9.336146e+03 9.336146e+03 9.351908e+03
4.6 9.350789e+03 9.337517e+03 9.337517e+03 9.350789e+03
5.6 9.342478e+03 9.337077e+03 9.337077e+03 9.342478e+03
6.6 9.301461e+03 9.337030e+03 9.337030e+03 9.301461e+03
7.6 9.318796e+03 9.338437e+03 9.338437e+03 9.318796e+03
8.6 9.338924e+03 9.337152e+03 9.337152e+03 9.338924e+03
9.6 9.353592e+03 9.339581e+03 9.339581e+03 9.353592e+03
10.6 9.306324e+03 9.337885e+03 9.337885e+03 9.306324e+03
11.6 9.290726e+03 9.339929e+03 9.339929e+03 9.290726e+03
0.3 9.368205e+03 9.337980e+03 9.337980e+03 9.368205e+03
1.3 9.351908e+03 9.336146e+03 9.336146e+03 9.351908e+03
2.3 9.350789e+03 9.337517e+03 9.337517e+03 9.350789e+03
3.3 9.342478e+03 9.337077e+03 9.337077e+03 9.342478e+03
4.3 9.301461e+03 9.337030e+03 9.337030e+03 9.301461e+03
5.3 9.318796e+03 9.338437e+03 9.338437e+03 9.318796e+03
6.3 9.338924e+03 9.337152e+03 9.337152e+03 9.338924e+03
7.3 9.353592e+03 9.339581e+03 9.339581e+03 9.353592e+03
8.3 9.306324e+03 9.337885e+03 9.337885e+03 9.306324e+03
9.3 9.290726e+03 9.339929e+03 9.339929e+03 9.290726e+03
10.3 9.325325e+03 9.333178e+03 9.333178e+03 9.325325e+03
11.3 9.409161e+03 9.306609e+03 9.306609e+03 9.409161e+03
1.0 9.342478e+03 9.337077e+03 9.337077e+03 9.342478e+03
2.0 9.301461e+03 9.337030e+03 9.337030e+03 9.301461e+03
3.0 9.318796e+03 9.338437e+03 9.338437e+03 9.318796e+03
4.0 9.338924e+03 9.337152e+03 9.337152e+03 9.338924e+03
5.0 9.353592e+03 9.339581e+03 9.339581e+03 9.353592e+03
6.0 9.306324e+03 9.337885e+03 9.337885e+03 9.306324e+03
7.0 9.290726e+03 9.339929e+03 9.339929e+03 9.290726e+03
8.0 9.325325e+03 9.333178e+03 9.333178e+03 9.325325e+03
9.0 9.409161e+03 9.306609e+03 9.306609e+03 9.409161e+03
10.0 9.387339e+03 9.278643e+03 9.278643e+03 9.387339e+03
11.0 9.355846e+03 9.259783e+03 9.259783e+03 9.355846e+03
12.0 9.318581e+03 9.249686e+03 9.249686e+03 9.318581e+03
0.7 9.318796e+03 9.338437e+03 9.338437e+03 9.318796e+03
1.7 9.338924e+03 9.337152e+03 9.337152e+03 9.338924e+03
2.7 9.353592e+03 9.339581e+03 9.339581e+03 9.353592e+03
3.7 9.306324e+03 9.337885e+03 9.337885e+03 9.306324e+03
4.7 9.290726e+03 9.339929e+03 9.339929e+03 9.290726e+03
5.7 9.325325e+03 9.333178e+03 9.333178e+03 9.325325e+03
6.7 9.409161e+03 9.306609e+03 9.306609e+03 9.409161e+03
7.7 9.387339e+03 9.278643e+03 9.278643e+03 9.387339e+03
8.7 9.355846e+03 9.259783e+03 9.259783e+03 9.355846e+03
9.7 9.318581e+03 9.249686e+03 9.249686e+03 9.318581e+03
10.7 9.285950e+03 9.245055e+03 9.245055e+03 9.285950e+03
11.7 9.271433e+03 9.243151e+03 9.243151e+03 9.271433e+03
0.4 9.353592e+03 9.339581e+03 9.339581e+03 9.353592e+03
1.4 9.306324e+03 9.337885e+03 9.337885e+03 9.306324e+03
2.4 9.290726e+03 9.339929e+03 9.339929e+03 9.290726e+03
3.4 9.325325e+03 9.333178e+03 9.333178e+03 9.325325e+03
4.4 9.409161e+03 9.306609e+03 9.306609e+03 9.409161e+03
5.4 9.387339e+03 9.278643e+03 9.278643e+03 9.387339e+03
6.4 9.355846e+03 9.259783e+03 9.259783e+03 9.355846e+03
7.4 9.318581e+03 9.249686e+03 9.249686e+03 9.318581e+03
8.4 9.285950e+03 9.245055e+03 9.245055e+03 9.285950e+03
9.4 9.271433e+03 9.243151e+03 9.243151e+03 9.271433e+03
10.4 9.275833e+03 9.242479e+03 9.242479e+03 9.275833e+03
11.4 9.286986e+03 9.242285e+03 9.242285e+03 9.286986e+03
0.5 9.286104e+03 9.242683e+03 9.242683e+03 9.286104e+03
1.5 9.273761e+03 9.257608e+03 9.257608e+03 9.273761e+03
2.5 9.299260e+03 9.289423e+03 9.289423e+03 9.299260e+03
3.5 9.307603e+03 9.312591e+03 9.312591e+03 9.307603e+03
4.5 9.316824e+03 9.328564e+03 9.328564e+03 9.316824e+03
5.5 9.329068e+03 9.335722e+03 9.335722e+03 9.329068e+03
6.5 9.389932e+03 9.337968e+03 9.337968e+03 9.389932e+03
7.5 9.401755e+03 9.341067e+03 9.341067e+03 9.401755e+03
8.5 9.381104e+03 9.339994e+03 9.339994e+03 9.381104e+03
9.5 9.374481e+03 9.342559e+03 9.342559e+03 9.374481e+03
10.5 9.376336e+03 9.341387e+03 9.341387e+03 9.376336e+03
11.5 9.350843e+03 9.343022e+03 9.343022e+03 9.350843e+03
0.2 9.299260e+03 9.289423e+03 9.289423e+03 9.299260e+03
1.2 9.307603e+03 9.312591e+03 9.312591e+03 9.307603e+03
2.2 9.316824e+03 9.328564e+03 9.328564e+03 9.316824e+03
3.2 9.329068e+03 9.335722e+03 9.335722e+03 9.329068e+03
4.2 9.389932e+03 9.337968e+03 9.337968e+03 9.389932e+03
5.2 9.401755e+03 9.341067e+03 9.341067e+03 9.401755e+03
6.2 9.381104e+03 9.339994e+03 9.339994e+03 9.381104e+03
7.2 9.374481e+03 9.342559e+03 9.342559e+03 9.374481e+03
8.2 9.376336e+03 9.341387e+03 9.341387e+03 9.376336e+03
9.2 9.350843e+03 9.343022e+03 9.343022e+03 9.350843e+03
10.2 9.342914e+03 9.341400e+03 9.341400e+03 9.342914e+03
11.2 9.348352e+03 9.340100e+03 9.340100e+03 9.348352e+03
0.9 9.329068e+03 9.335722e+03 9.335722e+03 9.329068e+03
1.9 9.389932e+03 9.337968e+03 9.337968e+03 9.389932e+03
2.9 9.401755e+03 9.341067e+03 9.341067e+03 9.401755e+03
3.9 9.381104e+03 9.339994e+03 9.339994e+03 9.381104e+03
4.9 9.374481e+03 9.342559e+03 9.342559e+03 9.374481e+03
5.9 9.376336e+03 9.341387e+03 9.341387e+03 9.376336e+03
6.9 9.350843e+03 9.343022e+03 9.343022e+03 9.350843e+03
7.9 9.342914e+03 9.341400e+03 9.341400e+03 9.342914e+03
8.9 9.348352e+03 9.340100e+03 9.340100e+03 9.348352e+03
9.9 9.348971e+03 9.341477e+03 9.341477e+03 9.348971e+03
10.9 9.342135e+03 9.340251e+03 9.340251e+03 9.342135e+03
11.9 9.349255e+03 9.342742e+03 9.342742e+03 9.349255e+03
0.6 9.401755e+03 9.341067e+03 9.341067e+03 9.401755e+03
1.6 9.381104e+03 9.339994e+03 9.339994e+03 9.381104e+03
2.6 9.374481e+03 9.342559e+03 9.342559e+03 9.374481e+03
3.6 9.376336e+03 9.341387e+03 9.341387e+03 9.376336e+03
4.6 9.350843e+03 9.343022e+03 9.343022e+03 9.350843e+03
5.6 9.342914e+03 9.341400e+03 9.341400e+03 9.342914e+03
6.6 9.348352e+03 9.340100e+03 9.340100e+03 9.348352e+03
7.6 9.348971e+03 9.341477e+03 9.341477e+03 9.348971e+03
8.6 9.342135e+03 9.340251e+03 9.340251e+03 9.342135e+03
9.6 9.349255e+03 9.342742e+03 9.342742e+03 9.349255e+03
10.6 9.377020e+03 9.340939e+03 9.340939e+03 9.377020e+03
11.6 9.353089e+03 9.342664e+03 9.342664e+03 9.353089e+03
0.3 9.374481e+03 9.342559e+03 9.342559e+03 9.374481e+03
1.3 9.376336e+03 9.341387e+03 9.341387e+03 9.376336e+03
2.3 9.350843e+03 9.343022e+03 9.343022e+03 9.350843e+03
3.3 9.342914e+03 9.341400e+03 9.341400e+03 9.342914e+03
4.3 9.348352e+03 9.340100e+03 9.340100e+03 9.348352e+03
5.3 9.348971e+03 9.341477e+03 9.341477e+03 9.348971e+03
6.3 9.342135e+03 9.340251e+03 9.340251e+03 9.342135e+03
7.3 9.349255e+03 9.342742e+03 9.342742e+03 9.349255e+03
8.3 9.377020e+03 9.340939e+03 9.340939e+03 9.377020e+03
9.3 9.353089e+03 9.342664e+03 9.342664e+03 9.353089e+03
10.3 9.355580e+03 9.336197e+03 9.336197e+03 9.355580e+03
11.3 9.382830e+03 9.309656e+03 9.309656e+03 9.382830e+03
0.9 9.342914e+03 9.341400e+03 9.341400e+03 9.342914e+03
1.9 9.348352e+03 9.340100e+03 9.340100e+03 9.348352e+03
2.9 9.348971e+03 9.341477e+03 9.341477e+03 9.348971e+03
3.9 9.342135e+03 9.340251e+03 9.340251e+03 9.342135e+03
4.9 9.349255e+03 9.342742e+03 9.342742e+03 9.349255e+03
5.9 9.377020e+03 9.340939e+03 9.340939e+03 9.377020e+03
6.9 9.353089e+03 9.342664e+03 9.342664e+03 9.353089e+03
7.9 9.355580e+03 9.336197e+03 9.336197e+03 9.355580e+03
8.9 9.382830e+03 9.309656e+03 9.309656e+03 9.382830e+03
9.9 9.411999e+03 9.281287e+03 9.281287e+03 9.411999e+03
10.9 9.248766e+03 9.261947e+03 9.261947e+03 9.248766e+03
11.9 9.277298e+03 9.251458e+03 9.251458e+03 9.277298e+03
0.7 9.348971e+03 9.341477e+03 9.341477e+03 9.348971e+03
1.7 9.342135e+03 9.340251e+03 9.340251e+03 9.342135e+03
2.7 9.349255e+03 9.342742e+03 9.342742e+03 9.349255e+03
3.7 9.377020e+03 9.340939e+03 9.340939e+03 9.377020e+03
4.7 9.353089e+03 9.342664e+03 9.342664e+03 9.353089e+03
5.7 9.355580e+03 9.336197e+03 9.336197e+03 9.355580e+03
6.7 9.382830e+03 9.309656e+03 9.309656e+03 9.382830e+03
7.7 9.411999e+03 9.281287e+03 9.281287e+03 9.411999e+03
8.7 9.248766e+03 9.261947e+03 9.261947e+03 9.248766e+03
9.7 9.277298e+03 9.251458e+03 9.251458e+03 9.277298e+03
10.7 9.153796e+03 9.246535e+03 9.246535e+03 9.153796e+03
11.7 9.144926e+03 9.244413e+03 9.244413e+03 9.144926e+03
0.3 9.349255e+03 9.342742e+03 9.342742e+03 9.349255e+03
1.3 9.377020e+03 9.340939e+03 9.340939e+03 9.377020e+03
2.3 9.353089e+03 9.342664e+03 9.342664e+03 9.353089e+03
3.3 9.355580e+03 9.336197e+03 9.336197e+03 9.355580e+03
4.3 9.382830e+03 9.309656e+03 9.309656e+03 9.382830e+03
5.3 9.411999e+03 9.281287e+03 9.281287e+03 9.411999e+03
6.3 9.248766e+03 9.261947e+03 9.261947e+03 9.248766e+03
7.3 9.277298e+03 9.251458e+03 9.251458e+03 9.277298e+03
8.3 9.153796e+03 9.246535e+03 9.246535e+03 9.153796e+03
9.3 9.144926e+03 9.244413e+03 9.244413e+03 9.144926e+03
10.3 9.123380e+03 9.243565e+03 9.243565e+03 9.123380e+03
11.3 9.174206e+03 9.243227e+03 9.243227e+03 9.174206e+03
0.5 9.176055e+03 9.243587e+03 9.243587e+03 9.176055e+03
1.5 9.246244e+03 9.258993e+03 9.258993e+03 9.246244e+03
2.5 9.269551e+03 9.290802e+03 9.290802e+03 9.269551e+03
3.5 9.249172e+03 9.313073e+03 9.313073e+03 9.249172e+03
4.5 9.235866e+03 9.328535e+03 9.328535e+03 9.235866e+03
5.5 9.244919e+03 9.335119e+03 9.335119e+03 9.244919e+03
6.5 9.262565e+03 9.336412e+03 9.336412e+03 9.262565e+03
7.5 9.290071e+03 9.339849e+03 9.339849e+03 9.290071e+03
8.5 9.293147e+03 9.338596e+03 9.338596e+03 9.293147e+03
9.5 9.318357e+03 9.341367e+03 9.341367e+03 9.318357e+03
10.5 9.322131e+03 9.340254e+03 9.340254e+03 9.322131e+03
11.5 9.347053e+03 9.341471e+03 9.341471e+03 9.347053e+03
0.2 9.269551e+03 9.290802e+03 9.290802e+03 9.269551e+03
1.2 9.249172e+03 9.313073e+03 9.313073e+03 9.249172e+03
2.2 9.235866e+03 9.328535e+03 9.328535e+03 9.235866e+03
3.2 9.244919e+03 9.335119e+03 9.335119e+03 9.244919e+03
4.2 9.262565e+03 9.336412e+03 9.336412e+03 9.262565e+03
5.2 9.290071e+03 9.339849e+03 9.339849e+03 9.290071e+03
6.2 9.293147e+03 9.338596e+03 9.338596e+03 9.293147e+03
7.2 9.318357e+03 9.341367e+03 9.341367e+03 9.318357e+03
8.2 9.322131e+03 9.340254e+03 9.340254e+03 9.322131e+03
9.2 9.347053e+03 9.341471e+03 9.341471e+03 9.347053e+03
10.2 9.346485e+03 9.341445e+03 9.341445e+03 9.346485e+03
11.2 9.342165e+03 9.340803e+03 9.340803e+03 9.342165e+03
0.8 9.244919e+03 9.335119e+03 9.335119e+03 9.244919e+03
1.8 9.262565e+03 9.336412e+03 9.336412e+03 9.262565e+03
2.8 9.290071e+03 9.339849e+03 9.339849e+03 9.290071e+03
3.8 9.293147e+03 9.338596e+03 9.338596e+03 9.293147e+03
4.8 9.318357e+03 9.341367e+03 9.341367e+03 9.318357e+03
5.8 9.322131e+03 9.340254e+03 9.340254e+03 9.322131e+03
6.8 9.347053e+03 9.341471e+03 9.341471e+03 9.347053e+03
7.8 9.346485e+03 9.341445e+03 9.341445e+03 9.346485e+03
8.8 9.342165e+03 9.340803e+03 9.340803e+03 9.342165e+03
9.8 9.346284e+03 9.342234e+03 9.342234e+03 9.346284e+03
10.8 9.354822e+03 9.340358e+03 9.340358e+03 9.354822e+03
11.8 9.373109e+03 9.342415e+03 9.342415e+03 9.373109e+03
0.5 9.290071e+03 9.339849e+03 9.339849e+03 9.290071e+03
1.5 9.293147e+03 9.338596e+03 9.338596e+03 9.293147e+03
2.5 9.318357e+03 9.341367e+03 9.341367e+03 9.318357e+03
3.5 9.322131e+03 9.340254e+03 9.340254e+03 9.322131e+03
4.5 9.347053e+03 9.341471e+03 9.341471e+03 9.347053e+03
5.5 9.346485e+03 9.341445e+03 9.341445e+03 9.346485e+03
6.5 9.342165e+03 9.340803e+03 9.340803e+03 9.342165e+03
7.5 9.346284e+03 9.342234e+03 9.342234e+03 9.346284e+03
8.5 9.354822e+03 9.340358e+03 9.340358e+03 9.354822e+03
9.5 9.373109e+03 9.342415e+03 9.342415e+03 9.373109e+03
10.5 9.375360e+03 9.340378e+03 9.340378e+03 9.375360e+03
11.5 9.367016e+03 9.341666e+03 9.341666e+03 9.367016e+03
0.2 9.318357e+03 9.341367e+03 9.341367e+03 9.318357e+03
1.2 9.322131e+03 9.340254e+03 9.340254e+03 9.322131e+03
2.2 9.347053e+03 9.341471e+03 9.341471e+03 9.347053e+03
3.2 9.346485e+03 9.341445e+03 9.341445e+03 9.346485e+03
4.2 9.342165e+03 9.340803e+03 9.340803e+03 9.342165e+03
5.2 9.346284e+03 9.342234e+03 9.342234e+03 9.346284e+03
6.2 9.354822e+03 9.340358e+03 9.340358e+03 9.354822e+03
7.2 9.373109e+03 9.342415e+03 9.342415e+03 9.373109e+03
8.2 9.375360e+03 9.340378e+03 9.340378e+03 9.375360e+03
9.2 9.367016e+03 9.341666e+03 9.341666e+03 9.367016e+03
10.2 9.456484e+03 9.336054e+03 9.336054e+03 9.456484e+03
11.2 9.431195e+03 9.309945e+03 9.309945e+03 9.431195e+03
0.9 9.346485e+03 9.341445e+03 9.341445e+03 9.346485e+03
1.9 9.342165e+03 9.340803e+03 9.340803e+03 9.342165e+03
2.9 9.346284e+03 9.342234e+03 9.342234e+03 9.346284e+03
3.9 9.354822e+03 9.340358e+03 9.340358e+03 9.354822e+03
4.9 9.373109e+03 9.342415e+03 9.342415e+03 9.373109e+03
5.9 9.375360e+03 9.340378e+03 9.340378e+03 9.375360e+03
6.9 9.367016e+03 9.341666e+03 9.341666e+03 9.367016e+03
7.9 9.456484e+03 9.336054e+03 9.336054e+03 9.456484e+03
8.9 9.431195e+03 9.309945e+03 9.309945e+03 9.431195e+03
9.9 9.452348e+03 9.281060e+03 9.281060e+03 9.452348e+03
10.9 9.306834e+03 9.260960e+03 9.260960e+03 9.306834e+03
11.9 9.187173e+03 9.249802e+03 9.249802e+03 9.187173e+03
0.6 9.346284e+03 9.342234e+03 9.342234e+03 9.346284e+03
1.6 9.354822e+03 9.340358e+03 9.340358e+03 9.354822e+03
2.6 9.373109e+03 9.342415e+03 9.342415e+03 9.373109e+03
3.6 9.375360e+03 9.340378e+03 9.340378e+03 9.375360e+03
4.6 9.367016e+03 9.341666e+03 9.341666e+03 9.367016e+03
5.6 9.456484e+03 9.336054e+03 9.336054e+03 9.456484e+03
6.6 9.431195e+03 9.309945e+03 9.309945e+03 9.431195e+03
7.6 9.452348e+03 9.281060e+03 9.281060e+03 9.452348e+03
8.6 9.306834e+03 9.260960e+03 9.260960e+03 9.306834e+03
9.6 9.187173e+03 9.249802e+03 9.249802e+03 9.187173e+03
10.6 9.174316e+03 9.244326e+03 9.244326e+03 9.174316e+03
11.6 9.224414e+03 9.241697e+03 9.241697e+03 9.224414e+03
0.3 9.373109e+03 9.342415e+03 9.342415e+03 9.373109e+03
1.3 9.375360e+03 9.340378e+03 9.340378e+03 9.375360e+03
2.3 9.367016e+03 9.341666e+03 9.341666e+03 9.367016e+03
3.3 9.456484e+03 9.336054e+03 9.336054e+03 9.456484e+03
4.3 9.431195e+03 9.309945e+03 9.309945e+03 9.431195e+03
5.3 9.452348e+03 9.281060e+03 9.281060e+03 9.452348e+03
6.3 9.306834e+03 9.260960e+03 9.260960e+03 9.306834e+03
7.3 9.187173e+03 9.249802e+03 9.249802e+03 9.187173e+03
8.3 9.174316e+03 9.244326e+03 9.244326e+03 9.174316e+03
9.3 9.224414e+03 9.241697e+03 9.241697e+03 9.224414e+03
10.3 9.187420e+03 9.240330e+03 9.240330e+03 9.187420e+03
11.3 9.189607e+03 9.239429e+03 9.239429e+03 9.189607e+03
0.5 9.167373e+03 9.239148e+03 9.239148e+03 9.167373e+03
1.5 9.181227e+03 9.253827e+03 9.253827e+03 9.181227e+03
2.5 9.207338e+03 9.284808e+03 9.284808e+03 9.207338e+03
3.5 9.240641e+03 9.306640e+03 9.306640e+03 9.240641e+03
4.5 9.269518e+03 9.321377e+03 9.321377e+03 9.269518e+03
5.5 9.304573e+03 9.326966e+03 9.326966e+03 9.304573e+03
6.5 9.323564e+03 9.327884e+03 9.327884e+03 9.323564e+03
7.5 9.319248e+03 9.329213e+03 9.329213e+03 9.319248e+03
8.5 9.268627e+03 9.325932e+03 9.325932e+03 9.268627e+03
9.5 9.270512e+03 9.326654e+03 9.326654e+03 9.270512e+03
10.5 9.310592e+03 9.323244e+03 9.323244e+03 9.310592e+03
11.5 9.358464e+03 9.322754e+03 9.322754e+03 9.358464e+03
0.2 9.207338e+03 9.284808e+03 9.284808e+03 9.207338e+03
1.2 9.240641e+03 9.306640e+03 9.306640e+03 9.240641e+03
2.2 9.269518e+03 9.321377e+03 9.321377e+03 9.269518e+03
3.2 9.304573e+03 9.326966e+03 9.326966e+03 9.304573e+03
4.2 9.323564e+03 9.327884e+03 9.327884e+03 9.323564e+03
5.2 9.319248e+03 9.329213e+03 9.329213e+03 9.319248e+03
6.2 9.268627e+03 9.325932e+03 9.325932e+03 9.268627e+03
7.2 9.270512e+03 9.326654e+03 9.326654e+03 9.270512e+03
8.2 9.310592e+03 9.323244e+03 9.323244e+03 9.310592e+03
9.2 9.358464e+03 9.322754e+03 9.322754e+03 9.358464e+03
10.2 9.361575e+03 9.319796e+03 9.319796e+03 9.361575e+03
11.2 9.361826e+03 9.316841e+03 9.316841e+03 9.361826e+03
0.9 9.304573e+03 9.326966e+03 9.326966e+03 9.304573e+03
1.9 9.323564e+03 9.327884e+03 9.327884e+03 9.323564e+03
2.9 9.319248e+03 9.329213e+03 9.329213e+03 9.319248e+03
3.9 9.268627e+03 9.325932e+03 9.325932e+03 9.268627e+03
4.9 9.270512e+03 9.326654e+03 9.326654e+03 9.270512e+03
5.9 9.310592e+03 9.323244e+03 9.323244e+03 9.310592e+03
6.9 9.358464e+03 9.322754e+03 9.322754e+03 9.358464e+03
7.9 9.361575e+03 9.319796e+03 9.319796e+03 9.361575e+03
8.9 9.361826e+03 9.316841e+03 9.316841e+03 9.361826e+03
9.9 9.344195e+03 9.315863e+03 9.315863e+03 9.344195e+03
10.9 9.327940e+03 9.311961e+03 9.311961e+03 9.327940e+03
11.9 9.310549e+03 9.311636e+03 9.311636e+03 9.310549e+03
0.6 9.319248e+03 9.329213e+03 9.329213e+03 9.319248e+03
1.6 9.268627e+03 9.325932e+03 9.325932e+03 9.268627e+03
2.6 9.270512e+03 9.326654e+03 9.326654e+03 9.270512e+03
3.6 9.310592e+03 9.323244e+03 9.323244e+03 9.310592e+03
4.6 9.358464e+03 9.322754e+03 9.322754e+03 9.358464e+03
5.6 9.361575e+03 9.319796e+03 9.319796e+03 9.361575e+03
6.6 9.361826e+03 9.316841e+03 9.316841e+03 9.361826e+03
7.6 9.344195e+03 9.315863e+03 9.315863e+03 9.344195e+03
8.6 9.327940e+03 9.311961e+03 9.311961e+03 9.327940e+03
9.6 9.310549e+03 9.311636e+03 9.311636e+03 9.310549e+03
10.6 9.314747e+03 9.305943e+03 9.305943e+03 9.314747e+03
0.3 9.270512e+03 9.326654e+03 9.326654e+03 9.270512e+03
1.3 9.310592e+03 9.323244e+03 9.323244e+03 9.310592e+03
2.3 9.358464e+03 9.322754e+03 9.322754e+03 9.358464e+03
3.3 9.361575e+03 9.319796e+03 9.319796e+03 9.361575e+03
4.3 9.361826e+03 9.316841e+03 9.316841e+03 9.361826e+03
5.3 9.344195e+03 9.315863e+03 9.315863e+03 9.344195e+03
6.3 9.327940e+03 9.311961e+03 9.311961e+03 9.327940e+03
7.3 9.310549e+03 9.311636e+03 9.311636e+03 9.310549e+03
8.3 9.314747e+03 9.305943e+03 9.305943e+03 9.314747e+03
1.0 9.361575e+03 9.319796e+03 9.319796e+03 9.361575e+03
2.0 9.361826e+03 9.316841e+03 9.316841e+03 9.361826e+03
3.0 9.344195e+03 9.315863e+03 9.315863e+03 9.344195e+03
4.0 9.327940e+03 9.311961e+03 9.311961e+03 9.327940e+03
5.0 9.310549e+03 9.311636e+03 9.311636e+03 9.310549e+03
6.0 9.314747e+03 9.305943e+03 9.305943e+03 9.314747e+03
0.6 9.344195e+03 9.315863e+03 9.315863e+03 9.344195e+03
1.6 9.327940e+03 9.311961e+03 9.311961e+03 9.327940e+03
2.6 9.310549e+03 9.311636e+03 9.311636e+03 9.310549e+03
3.6 9.314747e+03 9.305943e+03 9.305943e+03 9.314747e+03
0.3 9.310549e+03 9.311636e+03 9.311636e+03 9.310549e+03
1.3 9.314747e+03 9.305943e+03 9.305943e+03 9.314747e+03
