9.347542e+03 9.246154e+03 9.246154e+03 9.347542e+03
9.275905e+03 9.244740e+03 9.244740e+03 9.275905e+03
9.247459e+03 9.257522e+03 9.257522e+03 9.247459e+03
9.254377e+03 9.287918e+03 9.287918e+03 9.254377e+03
9.279797e+03 9.310307e+03 9.310307e+03 9.279797e+03
9.285002e+03 9.325467e+03 9.325467e+03 9.285002e+03
9.316858e+03 9.332494e+03 9.332494e+03 9.316858e+03
9.301019e+03 9.334655e+03 9.334655e+03 9.301019e+03
9.259928e+03 9.337298e+03 9.337298e+03 9.259928e+03
9.293020e+03 9.335743e+03 9.335743e+03 9.293020e+03
9.368205e+03 9.337980e+03 9.337980e+03 9.368205e+03
9.351908e+03 9.336146e+03 9.336146e+03 9.351908e+03
9.350789e+03 9.337517e+03 9.337517e+03 9.350789e+03
9.342478e+03 9.337077e+03 9.337077e+03 9.342478e+03
9.301461e+03 9.337030e+03 9.337030e+03 9.301461e+03
9.318796e+03 9.338437e+03 9.338437e+03 9.318796e+03
9.338924e+03 9.337152e+03 9.337152e+03 9.338924e+03
9.353592e+03 9.339581e+03 9.339581e+03 9.353592e+03
9.306324e+03 9.337885e+03 9.337885e+03 9.306324e+03
9.290726e+03 9.339929e+03 9.339929e+03 9.290726e+03
9.325325e+03 9.333178e+03 9.333178e+03 9.325325e+03
9.409161e+03 9.306609e+03 9.306609e+03 9.409161e+03
9.387339e+03 9.278643e+03 9.278643e+03 9.387339e+03
9.355846e+03 9.259783e+03 9.259783e+03 9.355846e+03
9.318581e+03 9.249686e+03 9.249686e+03 9.318581e+03
9.285950e+03 9.245055e+03 9.245055e+03 9.285950e+03
9.271433e+03 9.243151e+03 9.243151e+03 9.271433e+03
9.275833e+03 9.242479e+03 9.242479e+03 9.275833e+03
9.286986e+03 9.242285e+03 9.242285e+03 9.286986e+03
9.286104e+03 9.242683e+03 9.242683e+03 9.286104e+03
9.273761e+03 9.257608e+03 9.257608e+03 9.273761e+03
9.299260e+03 9.289423e+03 9.289423e+03 9.299260e+03
9.307603e+03 9.312591e+03 9.312591e+03 9.307603e+03
9.316824e+03 9.328564e+03 9.328564e+03 9.316824e+03
9.329068e+03 9.335722e+03 9.335722e+03 9.329068e+03
9.389932e+03 9.337968e+03 9.337968e+03 9.389932e+03
9.401755e+03 9.341067e+03 9.341067e+03 9.401755e+03
9.381104e+03 9.339994e+03 9.339994e+03 9.381104e+03
9.374481e+03 9.342559e+03 9.342559e+03 9.374481e+03
9.376336e+03 9.341387e+03 9.341387e+03 9.376336e+03
9.350843e+03 9.343022e+03 9.343022e+03 9.350843e+03
9.342914e+03 9.341400e+03 9.341400e+03 9.342914e+03
9.348352e+03 9.340100e+03 9.340100e+03 9.348352e+03
9.348971e+03 9.341477e+03 9.341477e+03 9.348971e+03
9.342135e+03 9.340251e+03 9.340251e+03 9.342135e+03
9.349255e+03 9.342742e+03 9.342742e+03 9.349255e+03
9.377020e+03 9.340939e+03 9.340939e+03 9.377020e+03
9.353089e+03 9.342664e+03 9.342664e+03 9.353089e+03
9.355580e+03 9.336197e+03 9.336197e+03 9.355580e+03
9.382830e+03 9.309656e+03 9.309656e+03 9.382830e+03
9.411999e+03 9.281287e+03 9.281287e+03 9.411999e+03
9.248766e+03 9.261947e+03 9.261947e+03 9.248766e+03
9.277298e+03 9.251458e+03 9.251458e+03 9.277298e+03
9.153796e+03 9.246535e+03 9.246535e+03 9.153796e+03
9.144926e+03 9.244413e+03 9.244413e+03 9.144926e+03
9.123380e+03 9.243565e+03 9.243565e+03 9.123380e+03
9.174206e+03 9.243227e+03 9.243227e+03 9.174206e+03
9.176055e+03 9.243587e+03 9.243587e+03 9.176055e+03
9.246244e+03 9.258993e+03 9.258993e+03 9.246244e+03
9.269551e+03 9.290802e+03 9.290802e+03 9.269551e+03
9.249172e+03 9.313073e+03 9.313073e+03 9.249172e+03
9.235866e+03 9.328535e+03 9.328535e+03 9.235866e+03
9.244919e+03 9.335119e+03 9.335119e+03 9.244919e+03
9.262565e+03 9.336412e+03 9.336412e+03 9.262565e+03
9.290071e+03 9.339849e+03 9.339849e+03 9.290071e+03
9.293147e+03 9.338596e+03 9.338596e+03 9.293147e+03
9.318357e+03 9.341367e+03 9.341367e+03 9.318357e+03
9.322131e+03 9.340254e+03 9.340254e+03 9.322131e+03
9.347053e+03 9.341471e+03 9.341471e+03 9.347053e+03
9.346485e+03 9.341445e+03 9.341445e+03 9.346485e+03
9.342165e+03 9.340803e+03 9.340803e+03 9.342165e+03
9.346284e+03 9.342234e+03 9.342234e+03 9.346284e+03
9.354822e+03 9.340358e+03 9.340358e+03 9.354822e+03
9.373109e+03 9.342415e+03 9.342415e+03 9.373109e+03
9.375360e+03 9.340378e+03 9.340378e+03 9.375360e+03
9.367016e+03 9.341666e+03 9.341666e+03 9.367016e+03
9.456484e+03 9.336054e+03 9.336054e+03 9.456484e+03
9.431195e+03 9.309945e+03 9.309945e+03 9.431195e+03
9.452348e+03 9.281060e+03 9.281060e+03 9.452348e+03
9.306834e+03 9.260960e+03 9.260960e+03 9.306834e+03
9.187173e+03 9.249802e+03 9.249802e+03 9.187173e+03
9.174316e+03 9.244326e+03 9.244326e+03 9.174316e+03
9.224414e+03 9.241697e+03 9.241697e+03 9.224414e+03
9.187420e+03 9.240330e+03 9.240330e+03 9.187420e+03
9.189607e+03 9.239429e+03 9.239429e+03 9.189607e+03
9.167373e+03 9.239148e+03 9.239148e+03 9.167373e+03
9.181227e+03 9.253827e+03 9.253827e+03 9.181227e+03
9.207338e+03 9.284808e+03 9.284808e+03 9.207338e+03
9.240641e+03 9.306640e+03 9.306640e+03 9.240641e+03
9.269518e+03 9.321377e+03 9.321377e+03 9.269518e+03
9.304573e+03 9.326966e+03 9.326966e+03 9.304573e+03
9.323564e+03 9.327884e+03 9.327884e+03 9.323564e+03
9.319248e+03 9.329213e+03 9.329213e+03 9.319248e+03
9.268627e+03 9.325932e+03 9.325932e+03 9.268627e+03
9.270512e+03 9.326654e+03 9.326654e+03 9.270512e+03
9.310592e+03 9.323244e+03 9.323244e+03 9.310592e+03
9.358464e+03 9.322754e+03 9.322754e+03 9.358464e+03
9.361575e+03 9.319796e+03 9.319796e+03 9.361575e+03
9.361826e+03 9.316841e+03 9.316841e+03 9.361826e+03
9.344195e+03 9.315863e+03 9.315863e+03 9.344195e+03
9.327940e+03 9.311961e+03 9.311961e+03 9.327940e+03
9.310549e+03 9.311636e+03 9.311636e+03 9.310549e+03
9.314747e+03 9.305943e+03 9.305943e+03 9.314747e+03
9.353300e+03 9.304334e+03 9.304334e+03 9.353300e+03
