9.503354e+03 9.428898e+03 9.376768e+03 9.555483e+03
9.465233e+03 9.474728e+03 9.421380e+03 9.518581e+03
9.433891e+03 9.523391e+03 9.481063e+03 9.476220e+03
9.426584e+03 9.514624e+03 9.498503e+03 9.442705e+03
9.423768e+03 9.483622e+03 9.486804e+03 9.420587e+03
9.407382e+03 9.457985e+03 9.474237e+03 9.391129e+03
9.430262e+03 9.443008e+03 9.465320e+03 9.407951e+03
9.418421e+03 9.435670e+03 9.459844e+03 9.394247e+03
9.369820e+03 9.432424e+03 9.458877e+03 9.343368e+03
9.394176e+03 9.431052e+03 9.456164e+03 9.369064e+03
9.490502e+03 9.430441e+03 9.457481e+03 9.463462e+03
9.456187e+03 9.430016e+03 9.455475e+03 9.430728e+03
9.508400e+03 9.429856e+03 9.456497e+03 9.481758e+03
9.487775e+03 9.429674e+03 9.455936e+03 9.461513e+03
9.468562e+03 9.429465e+03 9.455687e+03 9.442340e+03
9.459504e+03 9.429235e+03 9.456669e+03 9.432070e+03
9.494356e+03 9.428995e+03 9.455322e+03 9.468029e+03
9.495964e+03 9.428754e+03 9.457175e+03 9.467543e+03
9.466244e+03 9.428519e+03 9.455478e+03 9.439285e+03
9.428717e+03 9.428296e+03 9.457017e+03 9.399996e+03
9.457052e+03 9.447928e+03 9.470829e+03 9.434151e+03
9.597293e+03 9.526553e+03 9.526546e+03 9.597300e+03
9.605114e+03 9.569246e+03 9.545128e+03 9.629233e+03
9.639315e+03 9.540939e+03 9.500560e+03 9.679693e+03
9.510961e+03 9.495112e+03 9.446028e+03 9.560045e+03
9.487180e+03 9.461310e+03 9.408233e+03 9.540258e+03
9.462047e+03 9.442478e+03 9.387760e+03 9.516766e+03
9.457230e+03 9.433482e+03 9.378185e+03 9.512528e+03
9.474114e+03 9.431351e+03 9.375885e+03 9.529580e+03
9.469930e+03 9.474893e+03 9.419771e+03 9.525052e+03
9.476091e+03 9.522291e+03 9.480037e+03 9.518345e+03
9.477404e+03 9.512770e+03 9.497946e+03 9.492228e+03
9.483203e+03 9.481279e+03 9.486430e+03 9.478052e+03
9.469354e+03 9.455213e+03 9.474136e+03 9.450432e+03
9.462236e+03 9.439950e+03 9.465044e+03 9.437141e+03
9.511195e+03 9.432464e+03 9.459494e+03 9.484165e+03
9.536878e+03 9.429180e+03 9.458883e+03 9.507175e+03
9.512891e+03 9.427849e+03 9.456626e+03 9.484114e+03
9.520154e+03 9.427337e+03 9.458325e+03 9.489166e+03
9.522075e+03 9.427054e+03 9.457033e+03 9.492097e+03
9.503733e+03 9.427045e+03 9.458433e+03 9.472345e+03
9.507020e+03 9.427018e+03 9.457007e+03 9.477031e+03
9.502015e+03 9.426984e+03 9.455853e+03 9.473146e+03
9.510347e+03 9.426952e+03 9.457008e+03 9.480291e+03
9.505797e+03 9.426921e+03 9.455920e+03 9.476798e+03
9.512433e+03 9.426892e+03 9.458038e+03 9.481286e+03
9.541000e+03 9.426856e+03 9.456448e+03 9.511408e+03
9.519387e+03 9.426834e+03 9.457914e+03 9.488308e+03
9.532881e+03 9.445367e+03 9.470871e+03 9.507377e+03
9.564686e+03 9.523394e+03 9.526015e+03 9.562066e+03
9.615656e+03 9.568307e+03 9.546468e+03 9.637495e+03
9.561911e+03 9.541269e+03 9.502756e+03 9.600424e+03
9.446218e+03 9.495481e+03 9.447924e+03 9.493775e+03
9.318778e+03 9.461377e+03 9.409576e+03 9.370579e+03
9.271910e+03 9.442312e+03 9.388681e+03 9.325541e+03
9.247047e+03 9.433211e+03 9.378849e+03 9.301408e+03
9.293893e+03 9.431057e+03 9.376404e+03 9.348546e+03
9.309187e+03 9.474617e+03 9.420274e+03 9.363530e+03
9.377300e+03 9.522049e+03 9.480989e+03 9.418360e+03
9.385115e+03 9.512551e+03 9.498916e+03 9.398750e+03
9.372637e+03 9.481108e+03 9.486675e+03 9.367070e+03
9.342496e+03 9.455103e+03 9.474001e+03 9.323599e+03
9.358754e+03 9.439898e+03 9.464472e+03 9.334179e+03
9.373454e+03 9.432463e+03 9.458151e+03 9.347765e+03
9.388381e+03 9.429223e+03 9.457875e+03 9.359729e+03
9.396921e+03 9.427933e+03 9.455505e+03 9.369349e+03
9.421516e+03 9.427467e+03 9.457428e+03 9.391555e+03
9.431432e+03 9.427249e+03 9.456251e+03 9.402430e+03
9.445911e+03 9.427327e+03 9.457378e+03 9.415860e+03
9.458266e+03 9.427395e+03 9.457423e+03 9.428238e+03
9.442476e+03 9.427453e+03 9.456928e+03 9.413000e+03
9.458083e+03 9.427509e+03 9.458218e+03 9.427374e+03
9.479799e+03 9.427571e+03 9.456662e+03 9.450708e+03
9.483528e+03 9.427645e+03 9.458509e+03 9.452663e+03
9.496695e+03 9.427736e+03 9.456844e+03 9.467587e+03
9.473638e+03 9.427858e+03 9.458077e+03 9.443419e+03
9.521405e+03 9.444098e+03 9.469478e+03 9.496024e+03
9.602950e+03 9.520535e+03 9.523404e+03 9.600080e+03
9.647869e+03 9.569738e+03 9.547704e+03 9.669903e+03
9.614393e+03 9.545360e+03 9.505996e+03 9.653757e+03
9.381271e+03 9.499786e+03 9.450801e+03 9.430255e+03
9.340741e+03 9.465239e+03 9.411533e+03 9.394447e+03
9.396116e+03 9.445938e+03 9.389966e+03 9.452088e+03
9.366056e+03 9.436940e+03 9.379790e+03 9.423207e+03
9.369312e+03 9.435148e+03 9.377220e+03 9.427240e+03
9.359910e+03 9.479241e+03 9.421071e+03 9.418080e+03
9.368148e+03 9.527333e+03 9.481818e+03 9.413662e+03
9.362561e+03 9.518590e+03 9.499787e+03 9.381364e+03
9.385543e+03 9.488014e+03 9.488034e+03 9.385523e+03
9.402888e+03 9.462971e+03 9.475697e+03 9.390161e+03
9.428643e+03 9.448826e+03 9.466371e+03 9.411098e+03
9.443797e+03 9.442553e+03 9.460890e+03 9.425460e+03
9.444751e+03 9.440581e+03 9.460064e+03 9.425268e+03
9.423422e+03 9.440666e+03 9.457319e+03 9.406769e+03
9.410503e+03 9.441669e+03 9.458944e+03 9.393228e+03
9.451598e+03 9.442968e+03 9.457304e+03 9.437263e+03
9.487632e+03 9.444625e+03 9.458538e+03 9.473718e+03
9.494759e+03 9.446389e+03 9.457752e+03 9.483396e+03
9.501481e+03 9.448281e+03 9.457096e+03 9.492666e+03
9.492432e+03 9.450297e+03 9.458269e+03 9.484460e+03
9.474284e+03 9.452428e+03 9.457037e+03 9.469676e+03
9.463544e+03 9.454662e+03 9.458990e+03 9.459216e+03
9.465399e+03 9.456985e+03 9.456404e+03 9.465980e+03
9.501407e+03 9.459308e+03 9.457340e+03 9.503376e+03
