1.112580e+04 1.105861e+04 1.105861e+04 1.112580e+04
1.114872e+04 1.105521e+04 1.105521e+04 1.114872e+04
1.106634e+04 1.108600e+04 1.108600e+04 1.106634e+04
1.111282e+04 1.115923e+04 1.115923e+04 1.111282e+04
1.113577e+04 1.121316e+04 1.121316e+04 1.113577e+04
1.128847e+04 1.124968e+04 1.124968e+04 1.128847e+04
1.133607e+04 1.126662e+04 1.126662e+04 1.133607e+04
1.123184e+04 1.127182e+04 1.127182e+04 1.123184e+04
1.127585e+04 1.127819e+04 1.127819e+04 1.127585e+04
1.132083e+04 1.127444e+04 1.127444e+04 1.132083e+04
1.135539e+04 1.127983e+04 1.127983e+04 1.135539e+04
1.133825e+04 1.127541e+04 1.127541e+04 1.133825e+04
1.124147e+04 1.127872e+04 1.127872e+04 1.124147e+04
1.121035e+04 1.127765e+04 1.127765e+04 1.121035e+04
1.121401e+04 1.127754e+04 1.127754e+04 1.121401e+04
1.119246e+04 1.128093e+04 1.128093e+04 1.119246e+04
1.123980e+04 1.127784e+04 1.127784e+04 1.123980e+04
1.125311e+04 1.128369e+04 1.128369e+04 1.125311e+04
1.116179e+04 1.127960e+04 1.127960e+04 1.116179e+04
1.108536e+04 1.128453e+04 1.128453e+04 1.108536e+04
1.124087e+04 1.126826e+04 1.126826e+04 1.124087e+04
1.137071e+04 1.120425e+04 1.120425e+04 1.137071e+04
1.132818e+04 1.113688e+04 1.113688e+04 1.132818e+04
1.122796e+04 1.109144e+04 1.109144e+04 1.122796e+04
1.115617e+04 1.106712e+04 1.106712e+04 1.115617e+04
1.102871e+04 1.105596e+04 1.105596e+04 1.102871e+04
1.093866e+04 1.105138e+04 1.105138e+04 1.093866e+04
1.102533e+04 1.104976e+04 1.104976e+04 1.102533e+04
1.107240e+04 1.104929e+04 1.104929e+04 1.107240e+04
1.108649e+04 1.105025e+04 1.105025e+04 1.108649e+04
1.108166e+04 1.108621e+04 1.108621e+04 1.108166e+04
1.108759e+04 1.116285e+04 1.116285e+04 1.108759e+04
1.114622e+04 1.121867e+04 1.121867e+04 1.114622e+04
1.120608e+04 1.125715e+04 1.125715e+04 1.120608e+04
1.137840e+04 1.127439e+04 1.127439e+04 1.137840e+04
1.135401e+04 1.127980e+04 1.127980e+04 1.135401e+04
1.141468e+04 1.128727e+04 1.128727e+04 1.141468e+04
1.129204e+04 1.128468e+04 1.128468e+04 1.129204e+04
1.138891e+04 1.129086e+04 1.129086e+04 1.138891e+04
1.134742e+04 1.128804e+04 1.128804e+04 1.134742e+04
1.126632e+04 1.129198e+04 1.129198e+04 1.126632e+04
1.125079e+04 1.128807e+04 1.128807e+04 1.125079e+04
1.125299e+04 1.128494e+04 1.128494e+04 1.125299e+04
1.121771e+04 1.128826e+04 1.128826e+04 1.121771e+04
1.118268e+04 1.128530e+04 1.128530e+04 1.118268e+04
1.122199e+04 1.129130e+04 1.129130e+04 1.122199e+04
1.123107e+04 1.128696e+04 1.128696e+04 1.123107e+04
1.121211e+04 1.129112e+04 1.129112e+04 1.121211e+04
1.123883e+04 1.127553e+04 1.127553e+04 1.123883e+04
1.130602e+04 1.121160e+04 1.121160e+04 1.130602e+04
1.135969e+04 1.114325e+04 1.114325e+04 1.135969e+04
1.098093e+04 1.109666e+04 1.109666e+04 1.098093e+04
1.115453e+04 1.107139e+04 1.107139e+04 1.115453e+04
1.098684e+04 1.105953e+04 1.105953e+04 1.098684e+04
1.103797e+04 1.105442e+04 1.105442e+04 1.103797e+04
1.098003e+04 1.105237e+04 1.105237e+04 1.098003e+04
1.096817e+04 1.105156e+04 1.105156e+04 1.096817e+04
1.096265e+04 1.105243e+04 1.105243e+04 1.096265e+04
1.118879e+04 1.108954e+04 1.108954e+04 1.118879e+04
1.119559e+04 1.116617e+04 1.116617e+04 1.119559e+04
1.121341e+04 1.121983e+04 1.121983e+04 1.121341e+04
1.122541e+04 1.125708e+04 1.125708e+04 1.122541e+04
1.126229e+04 1.127294e+04 1.127294e+04 1.126229e+04
1.114252e+04 1.127605e+04 1.127605e+04 1.114252e+04
1.131118e+04 1.128433e+04 1.128433e+04 1.131118e+04
1.130532e+04 1.128132e+04 1.128132e+04 1.130532e+04
1.132859e+04 1.128799e+04 1.128799e+04 1.132859e+04
1.129270e+04 1.128531e+04 1.128531e+04 1.129270e+04
1.130265e+04 1.128824e+04 1.128824e+04 1.130265e+04
1.131595e+04 1.128818e+04 1.128818e+04 1.131595e+04
1.137513e+04 1.128663e+04 1.128663e+04 1.137513e+04
1.130066e+04 1.129008e+04 1.129008e+04 1.130066e+04
1.135305e+04 1.128556e+04 1.128556e+04 1.135305e+04
1.132476e+04 1.129052e+04 1.129052e+04 1.132476e+04
1.136482e+04 1.128561e+04 1.128561e+04 1.136482e+04
1.120486e+04 1.128871e+04 1.128871e+04 1.120486e+04
1.128783e+04 1.127519e+04 1.127519e+04 1.128783e+04
1.143697e+04 1.121229e+04 1.121229e+04 1.143697e+04
1.150314e+04 1.114270e+04 1.114270e+04 1.150314e+04
1.104852e+04 1.109428e+04 1.109428e+04 1.104852e+04
1.091531e+04 1.106740e+04 1.106740e+04 1.091531e+04
1.098062e+04 1.105421e+04 1.105421e+04 1.098062e+04
1.104625e+04 1.104787e+04 1.104787e+04 1.104625e+04
1.095945e+04 1.104458e+04 1.104458e+04 1.095945e+04
1.103363e+04 1.104241e+04 1.104241e+04 1.103363e+04
1.094284e+04 1.104173e+04 1.104173e+04 1.094284e+04
1.097344e+04 1.107709e+04 1.107709e+04 1.097344e+04
1.107893e+04 1.115173e+04 1.115173e+04 1.107893e+04
1.106056e+04 1.120433e+04 1.120433e+04 1.106056e+04
1.123994e+04 1.123983e+04 1.123983e+04 1.123994e+04
1.120540e+04 1.125330e+04 1.125330e+04 1.120540e+04
1.125326e+04 1.125551e+04 1.125551e+04 1.125326e+04
1.123031e+04 1.125871e+04 1.125871e+04 1.123031e+04
1.098749e+04 1.125081e+04 1.125081e+04 1.098749e+04
1.121333e+04 1.125254e+04 1.125254e+04 1.121333e+04
1.123866e+04 1.124433e+04 1.124433e+04 1.123866e+04
1.136623e+04 1.124315e+04 1.124315e+04 1.136623e+04
1.137226e+04 1.123602e+04 1.123602e+04 1.137226e+04
1.132647e+04 1.122890e+04 1.122890e+04 1.132647e+04
1.127177e+04 1.122655e+04 1.122655e+04 1.127177e+04
1.122843e+04 1.121715e+04 1.121715e+04 1.122843e+04
1.114665e+04 1.121637e+04 1.121637e+04 1.114665e+04
1.121122e+04 1.120265e+04 1.120265e+04 1.121122e+04
1.135943e+04 1.119877e+04 1.119877e+04 1.135943e+04
