0.5 1.112580e+04 1.101575e+04 1.117759e+04 1.128764e+04
1.5 1.114872e+04 1.106375e+04 1.121986e+04 1.130483e+04
2.5 1.106634e+04 1.115319e+04 1.126474e+04 1.117789e+04
3.5 1.111282e+04 1.121319e+04 1.125666e+04 1.115629e+04
4.5 1.113577e+04 1.123873e+04 1.122806e+04 1.112511e+04
5.5 1.128847e+04 1.125104e+04 1.120442e+04 1.124185e+04
6.5 1.133607e+04 1.125707e+04 1.119061e+04 1.126961e+04
7.5 1.123184e+04 1.126038e+04 1.118384e+04 1.115530e+04
8.5 1.127585e+04 1.126136e+04 1.118084e+04 1.119533e+04
9.5 1.132083e+04 1.124182e+04 1.117958e+04 1.125858e+04
10.5 1.135539e+04 1.125837e+04 1.117901e+04 1.127604e+04
0.1 1.108536e+04 1.122275e+04 1.117704e+04 1.103965e+04
1.1 1.124087e+04 1.131407e+04 1.119514e+04 1.112195e+04
2.1 1.137071e+04 1.137220e+04 1.126766e+04 1.126618e+04
3.1 1.132818e+04 1.123308e+04 1.130704e+04 1.140214e+04
4.1 1.122796e+04 1.112544e+04 1.128093e+04 1.138345e+04
5.1 1.115617e+04 1.109574e+04 1.123866e+04 1.129909e+04
6.1 1.102871e+04 1.105773e+04 1.120749e+04 1.117847e+04
7.1 1.093866e+04 1.103351e+04 1.119012e+04 1.109527e+04
8.1 1.102533e+04 1.101759e+04 1.118182e+04 1.118955e+04
9.1 1.107240e+04 1.103789e+04 1.117985e+04 1.121436e+04
10.1 1.108649e+04 1.106901e+04 1.122001e+04 1.123749e+04
0.5 1.107240e+04 1.103789e+04 1.117985e+04 1.121436e+04
1.5 1.108649e+04 1.106901e+04 1.122001e+04 1.123749e+04
2.5 1.108166e+04 1.116689e+04 1.126373e+04 1.117850e+04
3.5 1.108759e+04 1.123739e+04 1.125495e+04 1.110515e+04
4.5 1.114622e+04 1.127235e+04 1.122590e+04 1.109978e+04
5.5 1.120608e+04 1.129766e+04 1.120186e+04 1.111029e+04
6.5 1.137840e+04 1.130074e+04 1.118778e+04 1.126544e+04
7.5 1.135401e+04 1.127941e+04 1.118088e+04 1.125547e+04
8.5 1.141468e+04 1.129694e+04 1.117785e+04 1.129559e+04
9.5 1.129204e+04 1.129019e+04 1.117662e+04 1.117847e+04
10.5 1.138891e+04 1.128196e+04 1.117615e+04 1.128310e+04
0.1 1.121211e+04 1.129127e+04 1.117569e+04 1.109653e+04
1.1 1.123883e+04 1.128293e+04 1.119278e+04 1.114868e+04
2.1 1.130602e+04 1.131121e+04 1.126475e+04 1.125956e+04
3.1 1.135969e+04 1.125293e+04 1.130617e+04 1.141294e+04
4.1 1.098093e+04 1.107077e+04 1.128123e+04 1.119139e+04
5.1 1.115453e+04 1.098992e+04 1.123900e+04 1.140361e+04
6.1 1.098684e+04 1.097216e+04 1.120755e+04 1.122223e+04
7.1 1.103797e+04 1.095649e+04 1.118996e+04 1.127145e+04
8.1 1.098003e+04 1.095378e+04 1.118157e+04 1.120782e+04
9.1 1.096817e+04 1.097107e+04 1.117958e+04 1.117667e+04
10.1 1.096265e+04 1.101467e+04 1.121976e+04 1.116774e+04
0.5 1.096817e+04 1.097107e+04 1.117958e+04 1.117667e+04
1.5 1.096265e+04 1.101467e+04 1.121976e+04 1.116774e+04
2.5 1.118879e+04 1.112039e+04 1.126351e+04 1.133191e+04
3.5 1.119559e+04 1.118961e+04 1.125475e+04 1.126072e+04
4.5 1.121341e+04 1.122536e+04 1.122575e+04 1.121379e+04
5.5 1.122541e+04 1.124804e+04 1.120176e+04 1.117913e+04
6.5 1.126229e+04 1.126041e+04 1.118774e+04 1.118962e+04
7.5 1.114252e+04 1.127992e+04 1.118088e+04 1.104347e+04
8.5 1.131118e+04 1.126417e+04 1.117789e+04 1.122490e+04
9.5 1.130532e+04 1.126279e+04 1.117670e+04 1.121924e+04
10.5 1.132859e+04 1.127790e+04 1.117627e+04 1.122695e+04
0.0 1.120486e+04 1.126922e+04 1.117663e+04 1.111226e+04
1.0 1.128783e+04 1.130021e+04 1.119161e+04 1.117923e+04
2.0 1.143697e+04 1.130136e+04 1.126211e+04 1.139772e+04
3.0 1.150314e+04 1.125339e+04 1.130749e+04 1.155724e+04
4.0 1.104852e+04 1.117074e+04 1.128501e+04 1.116279e+04
5.0 1.091531e+04 1.103321e+04 1.124297e+04 1.112507e+04
6.0 1.098062e+04 1.100055e+04 1.121111e+04 1.119118e+04
7.0 1.104625e+04 1.100026e+04 1.119331e+04 1.123930e+04
8.0 1.095945e+04 1.098607e+04 1.118501e+04 1.115840e+04
9.0 1.103363e+04 1.100165e+04 1.118336e+04 1.121533e+04
10.0 1.094284e+04 1.104102e+04 1.122402e+04 1.112585e+04
0.5 1.103363e+04 1.100165e+04 1.118336e+04 1.121533e+04
1.5 1.094284e+04 1.104102e+04 1.122402e+04 1.112585e+04
2.5 1.097344e+04 1.111880e+04 1.126838e+04 1.112302e+04
3.5 1.107893e+04 1.118336e+04 1.126032e+04 1.115589e+04
4.5 1.106056e+04 1.119348e+04 1.123212e+04 1.109919e+04
5.5 1.123994e+04 1.120959e+04 1.120902e+04 1.123937e+04
6.5 1.120540e+04 1.122130e+04 1.119597e+04 1.118007e+04
7.5 1.125326e+04 1.124539e+04 1.119019e+04 1.119806e+04
8.5 1.123031e+04 1.124420e+04 1.118837e+04 1.117448e+04
9.5 1.098749e+04 1.124696e+04 1.118844e+04 1.092898e+04
10.5 1.121333e+04 1.125288e+04 1.118937e+04 1.114982e+04
