0.5 8.802315e+03 8.780794e+03 8.781483e+03 8.803004e+03
1.5 8.795940e+03 8.826969e+03 8.796941e+03 8.765912e+03
2.5 8.827531e+03 8.857222e+03 8.833701e+03 8.804010e+03
3.5 8.855214e+03 8.860375e+03 8.860776e+03 8.855615e+03
4.5 8.865079e+03 8.863066e+03 8.879110e+03 8.881124e+03
5.5 8.910917e+03 8.862854e+03 8.887609e+03 8.935672e+03
6.5 8.871865e+03 8.866856e+03 8.890222e+03 8.895231e+03
7.5 8.839707e+03 8.864889e+03 8.893418e+03 8.868236e+03
8.5 8.885488e+03 8.860080e+03 8.891538e+03 8.916946e+03
9.5 8.942482e+03 8.900616e+03 8.894243e+03 8.936109e+03
10.5 8.899569e+03 8.890354e+03 8.892025e+03 8.901240e+03
11.5 8.894371e+03 8.896429e+03 8.893683e+03 8.891626e+03
0.2 8.827531e+03 8.857222e+03 8.833701e+03 8.804010e+03
1.2 8.855214e+03 8.860375e+03 8.860776e+03 8.855615e+03
2.2 8.865079e+03 8.863066e+03 8.879110e+03 8.881124e+03
3.2 8.910917e+03 8.862854e+03 8.887609e+03 8.935672e+03
4.2 8.871865e+03 8.866856e+03 8.890222e+03 8.895231e+03
5.2 8.839707e+03 8.864889e+03 8.893418e+03 8.868236e+03
6.2 8.885488e+03 8.860080e+03 8.891538e+03 8.916946e+03
7.2 8.942482e+03 8.900616e+03 8.894243e+03 8.936109e+03
8.2 8.899569e+03 8.890354e+03 8.892025e+03 8.901240e+03
9.2 8.894371e+03 8.896429e+03 8.893683e+03 8.891626e+03
10.2 8.892937e+03 8.904025e+03 8.893151e+03 8.882064e+03
11.2 8.857214e+03 8.911262e+03 8.893095e+03 8.839046e+03
0.9 8.910917e+03 8.862854e+03 8.887609e+03 8.935672e+03
1.9 8.871865e+03 8.866856e+03 8.890222e+03 8.895231e+03
2.9 8.839707e+03 8.864889e+03 8.893418e+03 8.868236e+03
3.9 8.885488e+03 8.860080e+03 8.891538e+03 8.916946e+03
4.9 8.942482e+03 8.900616e+03 8.894243e+03 8.936109e+03
5.9 8.899569e+03 8.890354e+03 8.892025e+03 8.901240e+03
6.9 8.894371e+03 8.896429e+03 8.893683e+03 8.891626e+03
7.9 8.892937e+03 8.904025e+03 8.893151e+03 8.882064e+03
8.9 8.857214e+03 8.911262e+03 8.893095e+03 8.839046e+03
9.9 8.864011e+03 8.898336e+03 8.894795e+03 8.860471e+03
10.9 8.883751e+03 8.906488e+03 8.893242e+03 8.870506e+03
11.9 8.912223e+03 8.906502e+03 8.896179e+03 8.901901e+03
0.6 8.839707e+03 8.864889e+03 8.893418e+03 8.868236e+03
1.6 8.885488e+03 8.860080e+03 8.891538e+03 8.916946e+03
2.6 8.942482e+03 8.900616e+03 8.894243e+03 8.936109e+03
3.6 8.899569e+03 8.890354e+03 8.892025e+03 8.901240e+03
4.6 8.894371e+03 8.896429e+03 8.893683e+03 8.891626e+03
5.6 8.892937e+03 8.904025e+03 8.893151e+03 8.882064e+03
6.6 8.857214e+03 8.911262e+03 8.893095e+03 8.839046e+03
7.6 8.864011e+03 8.898336e+03 8.894795e+03 8.860471e+03
8.6 8.883751e+03 8.906488e+03 8.893242e+03 8.870506e+03
9.6 8.912223e+03 8.906502e+03 8.896179e+03 8.901901e+03
10.6 8.856463e+03 8.898335e+03 8.894128e+03 8.852256e+03
11.6 8.837559e+03 8.905440e+03 8.896600e+03 8.828720e+03
0.3 8.942482e+03 8.900616e+03 8.894243e+03 8.936109e+03
1.3 8.899569e+03 8.890354e+03 8.892025e+03 8.901240e+03
2.3 8.894371e+03 8.896429e+03 8.893683e+03 8.891626e+03
3.3 8.892937e+03 8.904025e+03 8.893151e+03 8.882064e+03
4.3 8.857214e+03 8.911262e+03 8.893095e+03 8.839046e+03
5.3 8.864011e+03 8.898336e+03 8.894795e+03 8.860471e+03
6.3 8.883751e+03 8.906488e+03 8.893242e+03 8.870506e+03
7.3 8.912223e+03 8.906502e+03 8.896179e+03 8.901901e+03
8.3 8.856463e+03 8.898335e+03 8.894128e+03 8.852256e+03
9.3 8.837559e+03 8.905440e+03 8.896600e+03 8.828720e+03
10.3 8.854868e+03 8.923255e+03 8.888436e+03 8.820050e+03
11.3 8.895801e+03 8.919483e+03 8.856304e+03 8.832623e+03
1.0 8.892937e+03 8.904025e+03 8.893151e+03 8.882064e+03
2.0 8.857214e+03 8.911262e+03 8.893095e+03 8.839046e+03
3.0 8.864011e+03 8.898336e+03 8.894795e+03 8.860471e+03
4.0 8.883751e+03 8.906488e+03 8.893242e+03 8.870506e+03
5.0 8.912223e+03 8.906502e+03 8.896179e+03 8.901901e+03
6.0 8.856463e+03 8.898335e+03 8.894128e+03 8.852256e+03
7.0 8.837559e+03 8.905440e+03 8.896600e+03 8.828720e+03
8.0 8.854868e+03 8.923255e+03 8.888436e+03 8.820050e+03
9.0 8.895801e+03 8.919483e+03 8.856304e+03 8.832623e+03
10.0 8.932411e+03 8.897422e+03 8.822483e+03 8.857472e+03
11.0 8.891899e+03 8.858566e+03 8.799675e+03 8.833008e+03
12.0 8.813423e+03 8.794622e+03 8.787465e+03 8.806266e+03
0.7 8.864011e+03 8.898336e+03 8.894795e+03 8.860471e+03
1.7 8.883751e+03 8.906488e+03 8.893242e+03 8.870506e+03
2.7 8.912223e+03 8.906502e+03 8.896179e+03 8.901901e+03
3.7 8.856463e+03 8.898335e+03 8.894128e+03 8.852256e+03
4.7 8.837559e+03 8.905440e+03 8.896600e+03 8.828720e+03
5.7 8.854868e+03 8.923255e+03 8.888436e+03 8.820050e+03
6.7 8.895801e+03 8.919483e+03 8.856304e+03 8.832623e+03
7.7 8.932411e+03 8.897422e+03 8.822483e+03 8.857472e+03
8.7 8.891899e+03 8.858566e+03 8.799675e+03 8.833008e+03
9.7 8.813423e+03 8.794622e+03 8.787465e+03 8.806266e+03
10.7 8.788617e+03 8.777544e+03 8.781863e+03 8.792936e+03
11.7 8.763037e+03 8.774471e+03 8.779561e+03 8.768128e+03
0.4 8.912223e+03 8.906502e+03 8.896179e+03 8.901901e+03
1.4 8.856463e+03 8.898335e+03 8.894128e+03 8.852256e+03
2.4 8.837559e+03 8.905440e+03 8.896600e+03 8.828720e+03
3.4 8.854868e+03 8.923255e+03 8.888436e+03 8.820050e+03
4.4 8.895801e+03 8.919483e+03 8.856304e+03 8.832623e+03
5.4 8.932411e+03 8.897422e+03 8.822483e+03 8.857472e+03
6.4 8.891899e+03 8.858566e+03 8.799675e+03 8.833008e+03
7.4 8.813423e+03 8.794622e+03 8.787465e+03 8.806266e+03
8.4 8.788617e+03 8.777544e+03 8.781863e+03 8.792936e+03
9.4 8.763037e+03 8.774471e+03 8.779561e+03 8.768128e+03
10.4 8.776057e+03 8.760201e+03 8.778749e+03 8.794604e+03
11.4 8.775036e+03 8.764363e+03 8.778513e+03 8.789187e+03
0.5 8.783735e+03 8.784529e+03 8.778995e+03 8.778201e+03
1.5 8.786637e+03 8.824509e+03 8.797045e+03 8.759173e+03
2.5 8.814844e+03 8.854004e+03 8.835520e+03 8.796360e+03
3.5 8.832889e+03 8.869257e+03 8.863539e+03 8.827171e+03
4.5 8.841169e+03 8.873409e+03 8.882856e+03 8.850615e+03
5.5 8.850126e+03 8.873239e+03 8.891513e+03 8.868399e+03
6.5 8.902498e+03 8.863000e+03 8.894228e+03 8.933726e+03
7.5 8.916670e+03 8.878519e+03 8.897977e+03 8.936128e+03
8.5 8.886890e+03 8.875338e+03 8.896679e+03 8.908231e+03
9.5 8.894670e+03 8.877121e+03 8.899781e+03 8.917330e+03
10.5 8.900875e+03 8.877705e+03 8.898364e+03 8.921534e+03
11.5 8.862895e+03 8.871096e+03 8.900341e+03 8.892140e+03
0.2 8.814844e+03 8.854004e+03 8.835520e+03 8.796360e+03
1.2 8.832889e+03 8.869257e+03 8.863539e+03 8.827171e+03
2.2 8.841169e+03 8.873409e+03 8.882856e+03 8.850615e+03
3.2 8.850126e+03 8.873239e+03 8.891513e+03 8.868399e+03
4.2 8.902498e+03 8.863000e+03 8.894228e+03 8.933726e+03
5.2 8.916670e+03 8.878519e+03 8.897977e+03 8.936128e+03
6.2 8.886890e+03 8.875338e+03 8.896679e+03 8.908231e+03
7.2 8.894670e+03 8.877121e+03 8.899781e+03 8.917330e+03
8.2 8.900875e+03 8.877705e+03 8.898364e+03 8.921534e+03
9.2 8.862895e+03 8.871096e+03 8.900341e+03 8.892140e+03
10.2 8.848137e+03 8.871078e+03 8.898379e+03 8.875439e+03
11.2 8.863073e+03 8.870289e+03 8.896807e+03 8.889591e+03
0.9 8.850126e+03 8.873239e+03 8.891513e+03 8.868399e+03
1.9 8.902498e+03 8.863000e+03 8.894228e+03 8.933726e+03
2.9 8.916670e+03 8.878519e+03 8.897977e+03 8.936128e+03
3.9 8.886890e+03 8.875338e+03 8.896679e+03 8.908231e+03
4.9 8.894670e+03 8.877121e+03 8.899781e+03 8.917330e+03
5.9 8.900875e+03 8.877705e+03 8.898364e+03 8.921534e+03
6.9 8.862895e+03 8.871096e+03 8.900341e+03 8.892140e+03
7.9 8.848137e+03 8.871078e+03 8.898379e+03 8.875439e+03
8.9 8.863073e+03 8.870289e+03 8.896807e+03 8.889591e+03
9.9 8.858749e+03 8.863159e+03 8.898472e+03 8.894063e+03
10.9 8.836743e+03 8.874145e+03 8.896990e+03 8.859588e+03
11.9 8.851022e+03 8.877693e+03 8.900002e+03 8.873331e+03
0.6 8.916670e+03 8.878519e+03 8.897977e+03 8.936128e+03
1.6 8.886890e+03 8.875338e+03 8.896679e+03 8.908231e+03
2.6 8.894670e+03 8.877121e+03 8.899781e+03 8.917330e+03
3.6 8.900875e+03 8.877705e+03 8.898364e+03 8.921534e+03
4.6 8.862895e+03 8.871096e+03 8.900341e+03 8.892140e+03
5.6 8.848137e+03 8.871078e+03 8.898379e+03 8.875439e+03
6.6 8.863073e+03 8.870289e+03 8.896807e+03 8.889591e+03
7.6 8.858749e+03 8.863159e+03 8.898472e+03 8.894063e+03
8.6 8.836743e+03 8.874145e+03 8.896990e+03 8.859588e+03
9.6 8.851022e+03 8.877693e+03 8.900002e+03 8.873331e+03
10.6 8.864346e+03 8.878007e+03 8.897821e+03 8.884160e+03
11.6 8.843579e+03 8.882605e+03 8.899909e+03 8.860882e+03
0.3 8.894670e+03 8.877121e+03 8.899781e+03 8.917330e+03
1.3 8.900875e+03 8.877705e+03 8.898364e+03 8.921534e+03
2.3 8.862895e+03 8.871096e+03 8.900341e+03 8.892140e+03
3.3 8.848137e+03 8.871078e+03 8.898379e+03 8.875439e+03
4.3 8.863073e+03 8.870289e+03 8.896807e+03 8.889591e+03
5.3 8.858749e+03 8.863159e+03 8.898472e+03 8.894063e+03
6.3 8.836743e+03 8.874145e+03 8.896990e+03 8.859588e+03
7.3 8.851022e+03 8.877693e+03 8.900002e+03 8.873331e+03
8.3 8.864346e+03 8.878007e+03 8.897821e+03 8.884160e+03
9.3 8.843579e+03 8.882605e+03 8.899909e+03 8.860882e+03
10.3 8.848869e+03 8.881069e+03 8.892087e+03 8.859887e+03
11.3 8.866378e+03 8.886202e+03 8.859990e+03 8.840166e+03
0.9 8.848137e+03 8.871078e+03 8.898379e+03 8.875439e+03
1.9 8.863073e+03 8.870289e+03 8.896807e+03 8.889591e+03
2.9 8.858749e+03 8.863159e+03 8.898472e+03 8.894063e+03
3.9 8.836743e+03 8.874145e+03 8.896990e+03 8.859588e+03
4.9 8.851022e+03 8.877693e+03 8.900002e+03 8.873331e+03
5.9 8.864346e+03 8.878007e+03 8.897821e+03 8.884160e+03
6.9 8.843579e+03 8.882605e+03 8.899909e+03 8.860882e+03
7.9 8.848869e+03 8.881069e+03 8.892087e+03 8.859887e+03
8.9 8.866378e+03 8.886202e+03 8.859990e+03 8.840166e+03
9.9 8.904971e+03 8.876265e+03 8.825681e+03 8.854386e+03
10.9 8.922928e+03 8.912048e+03 8.802293e+03 8.813173e+03
11.9 8.927781e+03 8.856229e+03 8.789607e+03 8.861159e+03
0.7 8.858749e+03 8.863159e+03 8.898472e+03 8.894063e+03
1.7 8.836743e+03 8.874145e+03 8.896990e+03 8.859588e+03
2.7 8.851022e+03 8.877693e+03 8.900002e+03 8.873331e+03
3.7 8.864346e+03 8.878007e+03 8.897821e+03 8.884160e+03
4.7 8.843579e+03 8.882605e+03 8.899909e+03 8.860882e+03
5.7 8.848869e+03 8.881069e+03 8.892087e+03 8.859887e+03
6.7 8.866378e+03 8.886202e+03 8.859990e+03 8.840166e+03
7.7 8.904971e+03 8.876265e+03 8.825681e+03 8.854386e+03
8.7 8.922928e+03 8.912048e+03 8.802293e+03 8.813173e+03
9.7 8.927781e+03 8.856229e+03 8.789607e+03 8.861159e+03
10.7 8.813351e+03 8.805253e+03 8.783654e+03 8.791752e+03
11.7 8.747489e+03 8.751732e+03 8.781087e+03 8.776844e+03
0.3 8.851022e+03 8.877693e+03 8.900002e+03 8.873331e+03
1.3 8.864346e+03 8.878007e+03 8.897821e+03 8.884160e+03
2.3 8.843579e+03 8.882605e+03 8.899909e+03 8.860882e+03
3.3 8.848869e+03 8.881069e+03 8.892087e+03 8.859887e+03
4.3 8.866378e+03 8.886202e+03 8.859990e+03 8.840166e+03
5.3 8.904971e+03 8.876265e+03 8.825681e+03 8.854386e+03
6.3 8.922928e+03 8.912048e+03 8.802293e+03 8.813173e+03
7.3 8.927781e+03 8.856229e+03 8.789607e+03 8.861159e+03
8.3 8.813351e+03 8.805253e+03 8.783654e+03 8.791752e+03
9.3 8.747489e+03 8.751732e+03 8.781087e+03 8.776844e+03
10.3 8.723635e+03 8.761507e+03 8.780062e+03 8.742189e+03
11.3 8.751562e+03 8.756220e+03 8.779653e+03 8.774995e+03
0.5 8.775087e+03 8.783809e+03 8.780088e+03 8.771367e+03
1.5 8.847615e+03 8.829740e+03 8.798720e+03 8.816594e+03
2.5 8.890890e+03 8.864446e+03 8.837188e+03 8.863632e+03
3.5 8.867243e+03 8.870515e+03 8.864122e+03 8.860850e+03
4.5 8.831602e+03 8.883348e+03 8.882821e+03 8.831075e+03
5.5 8.845608e+03 8.878950e+03 8.890784e+03 8.857442e+03
6.5 8.850499e+03 8.881562e+03 8.892347e+03 8.861284e+03
7.5 8.884335e+03 8.874166e+03 8.896504e+03 8.906673e+03
8.5 8.889336e+03 8.869730e+03 8.894989e+03 8.914595e+03
9.5 8.904134e+03 8.873710e+03 8.898339e+03 8.928763e+03
10.5 8.902215e+03 8.864905e+03 8.896994e+03 8.934303e+03
11.5 8.924187e+03 8.873454e+03 8.898465e+03 8.949198e+03
0.2 8.890890e+03 8.864446e+03 8.837188e+03 8.863632e+03
1.2 8.867243e+03 8.870515e+03 8.864122e+03 8.860850e+03
2.2 8.831602e+03 8.883348e+03 8.882821e+03 8.831075e+03
3.2 8.845608e+03 8.878950e+03 8.890784e+03 8.857442e+03
4.2 8.850499e+03 8.881562e+03 8.892347e+03 8.861284e+03
5.2 8.884335e+03 8.874166e+03 8.896504e+03 8.906673e+03
6.2 8.889336e+03 8.869730e+03 8.894989e+03 8.914595e+03
7.2 8.904134e+03 8.873710e+03 8.898339e+03 8.928763e+03
8.2 8.902215e+03 8.864905e+03 8.896994e+03 8.934303e+03
9.2 8.924187e+03 8.873454e+03 8.898465e+03 8.949198e+03
10.2 8.923334e+03 8.864611e+03 8.898433e+03 8.957157e+03
11.2 8.895742e+03 8.876507e+03 8.897658e+03 8.916893e+03
0.8 8.845608e+03 8.878950e+03 8.890784e+03 8.857442e+03
1.8 8.850499e+03 8.881562e+03 8.892347e+03 8.861284e+03
2.8 8.884335e+03 8.874166e+03 8.896504e+03 8.906673e+03
3.8 8.889336e+03 8.869730e+03 8.894989e+03 8.914595e+03
4.8 8.904134e+03 8.873710e+03 8.898339e+03 8.928763e+03
5.8 8.902215e+03 8.864905e+03 8.896994e+03 8.934303e+03
6.8 8.924187e+03 8.873454e+03 8.898465e+03 8.949198e+03
7.8 8.923334e+03 8.864611e+03 8.898433e+03 8.957157e+03
8.8 8.895742e+03 8.876507e+03 8.897658e+03 8.916893e+03
9.8 8.895022e+03 8.873518e+03 8.899388e+03 8.920892e+03
10.8 8.905383e+03 8.883557e+03 8.897119e+03 8.918945e+03
11.8 8.933797e+03 8.891483e+03 8.899607e+03 8.941921e+03
0.5 8.884335e+03 8.874166e+03 8.896504e+03 8.906673e+03
1.5 8.889336e+03 8.869730e+03 8.894989e+03 8.914595e+03
2.5 8.904134e+03 8.873710e+03 8.898339e+03 8.928763e+03
3.5 8.902215e+03 8.864905e+03 8.896994e+03 8.934303e+03
4.5 8.924187e+03 8.873454e+03 8.898465e+03 8.949198e+03
5.5 8.923334e+03 8.864611e+03 8.898433e+03 8.957157e+03
6.5 8.895742e+03 8.876507e+03 8.897658e+03 8.916893e+03
7.5 8.895022e+03 8.873518e+03 8.899388e+03 8.920892e+03
8.5 8.905383e+03 8.883557e+03 8.897119e+03 8.918945e+03
9.5 8.933797e+03 8.891483e+03 8.899607e+03 8.941921e+03
10.5 8.930280e+03 8.886355e+03 8.897143e+03 8.941069e+03
11.5 8.914626e+03 8.880202e+03 8.898701e+03 8.933125e+03
0.2 8.904134e+03 8.873710e+03 8.898339e+03 8.928763e+03
1.2 8.902215e+03 8.864905e+03 8.896994e+03 8.934303e+03
2.2 8.924187e+03 8.873454e+03 8.898465e+03 8.949198e+03
3.2 8.923334e+03 8.864611e+03 8.898433e+03 8.957157e+03
4.2 8.895742e+03 8.876507e+03 8.897658e+03 8.916893e+03
5.2 8.895022e+03 8.873518e+03 8.899388e+03 8.920892e+03
6.2 8.905383e+03 8.883557e+03 8.897119e+03 8.918945e+03
7.2 8.933797e+03 8.891483e+03 8.899607e+03 8.941921e+03
8.2 8.930280e+03 8.886355e+03 8.897143e+03 8.941069e+03
9.2 8.914626e+03 8.880202e+03 8.898701e+03 8.933125e+03
10.2 8.915819e+03 8.904611e+03 8.891914e+03 8.903123e+03
11.2 8.932271e+03 8.921455e+03 8.860338e+03 8.871154e+03
0.9 8.923334e+03 8.864611e+03 8.898433e+03 8.957157e+03
1.9 8.895742e+03 8.876507e+03 8.897658e+03 8.916893e+03
2.9 8.895022e+03 8.873518e+03 8.899388e+03 8.920892e+03
3.9 8.905383e+03 8.883557e+03 8.897119e+03 8.918945e+03
4.9 8.933797e+03 8.891483e+03 8.899607e+03 8.941921e+03
5.9 8.930280e+03 8.886355e+03 8.897143e+03 8.941069e+03
6.9 8.914626e+03 8.880202e+03 8.898701e+03 8.933125e+03
7.9 8.915819e+03 8.904611e+03 8.891914e+03 8.903123e+03
8.9 8.932271e+03 8.921455e+03 8.860338e+03 8.871154e+03
9.9 8.986431e+03 8.901495e+03 8.825407e+03 8.910343e+03
10.9 8.870906e+03 8.862181e+03 8.801098e+03 8.809824e+03
11.9 8.764770e+03 8.799994e+03 8.787604e+03 8.752380e+03
0.6 8.895022e+03 8.873518e+03 8.899388e+03 8.920892e+03
1.6 8.905383e+03 8.883557e+03 8.897119e+03 8.918945e+03
2.6 8.933797e+03 8.891483e+03 8.899607e+03 8.941921e+03
3.6 8.930280e+03 8.886355e+03 8.897143e+03 8.941069e+03
4.6 8.914626e+03 8.880202e+03 8.898701e+03 8.933125e+03
5.6 8.915819e+03 8.904611e+03 8.891914e+03 8.903123e+03
6.6 8.932271e+03 8.921455e+03 8.860338e+03 8.871154e+03
7.6 8.986431e+03 8.901495e+03 8.825407e+03 8.910343e+03
8.6 8.870906e+03 8.862181e+03 8.801098e+03 8.809824e+03
9.6 8.764770e+03 8.799994e+03 8.787604e+03 8.752380e+03
10.6 8.732566e+03 8.772597e+03 8.780982e+03 8.740950e+03
11.6 8.759100e+03 8.750093e+03 8.777803e+03 8.786810e+03
0.3 8.933797e+03 8.891483e+03 8.899607e+03 8.941921e+03
1.3 8.930280e+03 8.886355e+03 8.897143e+03 8.941069e+03
2.3 8.914626e+03 8.880202e+03 8.898701e+03 8.933125e+03
3.3 8.915819e+03 8.904611e+03 8.891914e+03 8.903123e+03
4.3 8.932271e+03 8.921455e+03 8.860338e+03 8.871154e+03
5.3 8.986431e+03 8.901495e+03 8.825407e+03 8.910343e+03
6.3 8.870906e+03 8.862181e+03 8.801098e+03 8.809824e+03
7.3 8.764770e+03 8.799994e+03 8.787604e+03 8.752380e+03
8.3 8.732566e+03 8.772597e+03 8.780982e+03 8.740950e+03
9.3 8.759100e+03 8.750093e+03 8.777803e+03 8.786810e+03
10.3 8.716233e+03 8.741339e+03 8.776149e+03 8.751044e+03
11.3 8.730639e+03 8.743714e+03 8.775059e+03 8.761984e+03
0.5 8.718227e+03 8.762795e+03 8.774720e+03 8.730153e+03
1.5 8.751023e+03 8.807399e+03 8.792472e+03 8.736096e+03
2.5 8.791790e+03 8.844822e+03 8.829939e+03 8.776907e+03
3.5 8.831861e+03 8.860078e+03 8.856342e+03 8.828125e+03
4.5 8.861330e+03 8.867077e+03 8.874165e+03 8.868417e+03
5.5 8.870922e+03 8.869183e+03 8.880923e+03 8.882662e+03
6.5 8.883372e+03 8.879668e+03 8.882034e+03 8.885738e+03
7.5 8.876024e+03 8.877104e+03 8.883641e+03 8.882561e+03
8.5 8.826145e+03 8.881251e+03 8.879673e+03 8.824567e+03
9.5 8.841874e+03 8.880258e+03 8.880546e+03 8.842161e+03
10.5 8.870150e+03 8.880368e+03 8.876422e+03 8.866204e+03
11.5 8.909292e+03 8.883233e+03 8.875830e+03 8.901888e+03
0.2 8.791790e+03 8.844822e+03 8.829939e+03 8.776907e+03
1.2 8.831861e+03 8.860078e+03 8.856342e+03 8.828125e+03
2.2 8.861330e+03 8.867077e+03 8.874165e+03 8.868417e+03
3.2 8.870922e+03 8.869183e+03 8.880923e+03 8.882662e+03
4.2 8.883372e+03 8.879668e+03 8.882034e+03 8.885738e+03
5.2 8.876024e+03 8.877104e+03 8.883641e+03 8.882561e+03
6.2 8.826145e+03 8.881251e+03 8.879673e+03 8.824567e+03
7.2 8.841874e+03 8.880258e+03 8.880546e+03 8.842161e+03
8.2 8.870150e+03 8.880368e+03 8.876422e+03 8.866204e+03
9.2 8.909292e+03 8.883233e+03 8.875830e+03 8.901888e+03
10.2 8.915749e+03 8.872287e+03 8.872252e+03 8.915714e+03
11.2 8.912346e+03 8.867240e+03 8.868679e+03 8.913785e+03
0.9 8.870922e+03 8.869183e+03 8.880923e+03 8.882662e+03
1.9 8.883372e+03 8.879668e+03 8.882034e+03 8.885738e+03
2.9 8.876024e+03 8.877104e+03 8.883641e+03 8.882561e+03
3.9 8.826145e+03 8.881251e+03 8.879673e+03 8.824567e+03
4.9 8.841874e+03 8.880258e+03 8.880546e+03 8.842161e+03
5.9 8.870150e+03 8.880368e+03 8.876422e+03 8.866204e+03
6.9 8.909292e+03 8.883233e+03 8.875830e+03 8.901888e+03
7.9 8.915749e+03 8.872287e+03 8.872252e+03 8.915714e+03
8.9 8.912346e+03 8.867240e+03 8.868679e+03 8.913785e+03
9.9 8.896305e+03 8.871202e+03 8.867496e+03 8.892599e+03
10.9 8.879991e+03 8.865578e+03 8.862778e+03 8.877190e+03
11.9 8.859490e+03 8.866676e+03 8.862384e+03 8.855199e+03
0.6 8.876024e+03 8.877104e+03 8.883641e+03 8.882561e+03
1.6 8.826145e+03 8.881251e+03 8.879673e+03 8.824567e+03
2.6 8.841874e+03 8.880258e+03 8.880546e+03 8.842161e+03
3.6 8.870150e+03 8.880368e+03 8.876422e+03 8.866204e+03
4.6 8.909292e+03 8.883233e+03 8.875830e+03 8.901888e+03
5.6 8.915749e+03 8.872287e+03 8.872252e+03 8.915714e+03
6.6 8.912346e+03 8.867240e+03 8.868679e+03 8.913785e+03
7.6 8.896305e+03 8.871202e+03 8.867496e+03 8.892599e+03
8.6 8.879991e+03 8.865578e+03 8.862778e+03 8.877190e+03
9.6 8.859490e+03 8.866676e+03 8.862384e+03 8.855199e+03
10.6 8.856738e+03 8.848437e+03 8.855499e+03 8.863800e+03
0.3 8.841874e+03 8.880258e+03 8.880546e+03 8.842161e+03
1.3 8.870150e+03 8.880368e+03 8.876422e+03 8.866204e+03
2.3 8.909292e+03 8.883233e+03 8.875830e+03 8.901888e+03
3.3 8.915749e+03 8.872287e+03 8.872252e+03 8.915714e+03
4.3 8.912346e+03 8.867240e+03 8.868679e+03 8.913785e+03
5.3 8.896305e+03 8.871202e+03 8.867496e+03 8.892599e+03
6.3 8.879991e+03 8.865578e+03 8.862778e+03 8.877190e+03
7.3 8.859490e+03 8.866676e+03 8.862384e+03 8.855199e+03
8.3 8.856738e+03 8.848437e+03 8.855499e+03 8.863800e+03
1.0 8.915749e+03 8.872287e+03 8.872252e+03 8.915714e+03
2.0 8.912346e+03 8.867240e+03 8.868679e+03 8.913785e+03
3.0 8.896305e+03 8.871202e+03 8.867496e+03 8.892599e+03
4.0 8.879991e+03 8.865578e+03 8.862778e+03 8.877190e+03
5.0 8.859490e+03 8.866676e+03 8.862384e+03 8.855199e+03
6.0 8.856738e+03 8.848437e+03 8.855499e+03 8.863800e+03
0.6 8.896305e+03 8.871202e+03 8.867496e+03 8.892599e+03
1.6 8.879991e+03 8.865578e+03 8.862778e+03 8.877190e+03
2.6 8.859490e+03 8.866676e+03 8.862384e+03 8.855199e+03
3.6 8.856738e+03 8.848437e+03 8.855499e+03 8.863800e+03
0.3 8.859490e+03 8.866676e+03 8.862384e+03 8.855199e+03
1.3 8.856738e+03 8.848437e+03 8.855499e+03 8.863800e+03
