0.5 8.853143e+03 8.759360e+03 8.841892e+03 8.935676e+03
1.5 8.802315e+03 8.780794e+03 8.864740e+03 8.886261e+03
2.5 8.795940e+03 8.826969e+03 8.889000e+03 8.857971e+03
3.5 8.827531e+03 8.857222e+03 8.884629e+03 8.854938e+03
4.5 8.855214e+03 8.860375e+03 8.869174e+03 8.864013e+03
5.5 8.865079e+03 8.863066e+03 8.856393e+03 8.858406e+03
6.5 8.910917e+03 8.862854e+03 8.848926e+03 8.896990e+03
7.5 8.871865e+03 8.866856e+03 8.845268e+03 8.850276e+03
8.5 8.839707e+03 8.864889e+03 8.843650e+03 8.818468e+03
9.5 8.885488e+03 8.860080e+03 8.842966e+03 8.868374e+03
10.5 8.942482e+03 8.900616e+03 8.842661e+03 8.884527e+03
0.1 8.837559e+03 8.905440e+03 8.841592e+03 8.773711e+03
1.1 8.854868e+03 8.923255e+03 8.851379e+03 8.782993e+03
2.1 8.895801e+03 8.919483e+03 8.890576e+03 8.866895e+03
3.1 8.932411e+03 8.897422e+03 8.911861e+03 8.946850e+03
4.1 8.891899e+03 8.858566e+03 8.897748e+03 8.931081e+03
5.1 8.813423e+03 8.794622e+03 8.874902e+03 8.893704e+03
6.1 8.788617e+03 8.777544e+03 8.858050e+03 8.869124e+03
7.1 8.763037e+03 8.774471e+03 8.848662e+03 8.837228e+03
8.1 8.776057e+03 8.760201e+03 8.844177e+03 8.860033e+03
9.1 8.775036e+03 8.764363e+03 8.843115e+03 8.853788e+03
10.1 8.783735e+03 8.784529e+03 8.864822e+03 8.864028e+03
0.5 8.775036e+03 8.764363e+03 8.843115e+03 8.853788e+03
1.5 8.783735e+03 8.784529e+03 8.864822e+03 8.864028e+03
2.5 8.786637e+03 8.824509e+03 8.888452e+03 8.850580e+03
3.5 8.814844e+03 8.854004e+03 8.883705e+03 8.844545e+03
4.5 8.832889e+03 8.869257e+03 8.868006e+03 8.831638e+03
5.5 8.841169e+03 8.873409e+03 8.855011e+03 8.822771e+03
6.5 8.850126e+03 8.873239e+03 8.847402e+03 8.824288e+03
7.5 8.902498e+03 8.863000e+03 8.843670e+03 8.883168e+03
8.5 8.916670e+03 8.878519e+03 8.842033e+03 8.880184e+03
9.5 8.886890e+03 8.875338e+03 8.841369e+03 8.852921e+03
10.5 8.894670e+03 8.877121e+03 8.841114e+03 8.858663e+03
0.1 8.843579e+03 8.882605e+03 8.840863e+03 8.801837e+03
1.1 8.848869e+03 8.881069e+03 8.850102e+03 8.817903e+03
2.1 8.866378e+03 8.886202e+03 8.889002e+03 8.869178e+03
3.1 8.904971e+03 8.876265e+03 8.911392e+03 8.940098e+03
4.1 8.922928e+03 8.912048e+03 8.897913e+03 8.908793e+03
5.1 8.927781e+03 8.856229e+03 8.875086e+03 8.946638e+03
6.1 8.813351e+03 8.805253e+03 8.858084e+03 8.866182e+03
7.1 8.747489e+03 8.751732e+03 8.848579e+03 8.844336e+03
8.1 8.723635e+03 8.761507e+03 8.844042e+03 8.806169e+03
9.1 8.751562e+03 8.756220e+03 8.842968e+03 8.838311e+03
10.1 8.775087e+03 8.783809e+03 8.864685e+03 8.855963e+03
0.5 8.751562e+03 8.756220e+03 8.842968e+03 8.838311e+03
1.5 8.775087e+03 8.783809e+03 8.864685e+03 8.855963e+03
2.5 8.847615e+03 8.829740e+03 8.888331e+03 8.906205e+03
3.5 8.890890e+03 8.864446e+03 8.883596e+03 8.910041e+03
4.5 8.867243e+03 8.870515e+03 8.867920e+03 8.864648e+03
5.5 8.831602e+03 8.883348e+03 8.854956e+03 8.803210e+03
6.5 8.845608e+03 8.878950e+03 8.847376e+03 8.814034e+03
7.5 8.850499e+03 8.881562e+03 8.843669e+03 8.812606e+03
8.5 8.884335e+03 8.874166e+03 8.842054e+03 8.852223e+03
9.5 8.889336e+03 8.869730e+03 8.841411e+03 8.861017e+03
10.5 8.904134e+03 8.873710e+03 8.841178e+03 8.871602e+03
0.0 8.914626e+03 8.880202e+03 8.841373e+03 8.875797e+03
1.0 8.915819e+03 8.904611e+03 8.849470e+03 8.860678e+03
2.0 8.932271e+03 8.921455e+03 8.887576e+03 8.898392e+03
3.0 8.986431e+03 8.901495e+03 8.912106e+03 8.997041e+03
4.0 8.870906e+03 8.862181e+03 8.899952e+03 8.908678e+03
5.0 8.764770e+03 8.799994e+03 8.877232e+03 8.842008e+03
6.0 8.732566e+03 8.772597e+03 8.860009e+03 8.819978e+03
7.0 8.759100e+03 8.750093e+03 8.850387e+03 8.859394e+03
8.0 8.716233e+03 8.741339e+03 8.845901e+03 8.820796e+03
9.0 8.730639e+03 8.743714e+03 8.845008e+03 8.831932e+03
10.0 8.718227e+03 8.762795e+03 8.866990e+03 8.822422e+03
0.5 8.730639e+03 8.743714e+03 8.845008e+03 8.831932e+03
1.5 8.718227e+03 8.762795e+03 8.866990e+03 8.822422e+03
2.5 8.751023e+03 8.807399e+03 8.890965e+03 8.834590e+03
3.5 8.791790e+03 8.844822e+03 8.886607e+03 8.833574e+03
4.5 8.831861e+03 8.860078e+03 8.871363e+03 8.843147e+03
5.5 8.861330e+03 8.867077e+03 8.858878e+03 8.853131e+03
6.5 8.870922e+03 8.869183e+03 8.851827e+03 8.853566e+03
7.5 8.883372e+03 8.879668e+03 8.848700e+03 8.852404e+03
8.5 8.876024e+03 8.877104e+03 8.847716e+03 8.846636e+03
9.5 8.826145e+03 8.881251e+03 8.847758e+03 8.792652e+03
10.5 8.841874e+03 8.880258e+03 8.848259e+03 8.809874e+03
