0.5 1.114816e+04 1.106301e+04 1.105963e+04 1.114477e+04
1.5 1.106578e+04 1.115278e+04 1.108939e+04 1.100239e+04
2.5 1.111226e+04 1.121278e+04 1.116017e+04 1.105965e+04
3.5 1.113521e+04 1.123810e+04 1.121230e+04 1.110941e+04
4.5 1.128791e+04 1.125059e+04 1.124760e+04 1.128492e+04
5.5 1.133550e+04 1.125657e+04 1.126396e+04 1.134289e+04
6.5 1.123127e+04 1.126068e+04 1.126899e+04 1.123958e+04
7.5 1.127528e+04 1.126147e+04 1.127515e+04 1.128896e+04
8.5 1.132026e+04 1.124225e+04 1.127153e+04 1.134953e+04
9.5 1.135482e+04 1.125841e+04 1.127674e+04 1.137315e+04
10.5 1.133768e+04 1.126074e+04 1.127246e+04 1.134941e+04
11.5 1.124090e+04 1.126141e+04 1.127566e+04 1.125515e+04
0.2 1.111226e+04 1.121278e+04 1.116017e+04 1.105965e+04
1.2 1.113521e+04 1.123810e+04 1.121230e+04 1.110941e+04
2.2 1.128791e+04 1.125059e+04 1.124760e+04 1.128492e+04
3.2 1.133550e+04 1.125657e+04 1.126396e+04 1.134289e+04
4.2 1.123127e+04 1.126068e+04 1.126899e+04 1.123958e+04
5.2 1.127528e+04 1.126147e+04 1.127515e+04 1.128896e+04
6.2 1.132026e+04 1.124225e+04 1.127153e+04 1.134953e+04
7.2 1.135482e+04 1.125841e+04 1.127674e+04 1.137315e+04
8.2 1.133768e+04 1.126074e+04 1.127246e+04 1.134941e+04
9.2 1.124090e+04 1.126141e+04 1.127566e+04 1.125515e+04
10.2 1.120978e+04 1.125853e+04 1.127463e+04 1.122588e+04
11.2 1.121344e+04 1.123519e+04 1.127452e+04 1.125278e+04
0.9 1.133550e+04 1.125657e+04 1.126396e+04 1.134289e+04
1.9 1.123127e+04 1.126068e+04 1.126899e+04 1.123958e+04
2.9 1.127528e+04 1.126147e+04 1.127515e+04 1.128896e+04
3.9 1.132026e+04 1.124225e+04 1.127153e+04 1.134953e+04
4.9 1.135482e+04 1.125841e+04 1.127674e+04 1.137315e+04
5.9 1.133768e+04 1.126074e+04 1.127246e+04 1.134941e+04
6.9 1.124090e+04 1.126141e+04 1.127566e+04 1.125515e+04
7.9 1.120978e+04 1.125853e+04 1.127463e+04 1.122588e+04
8.9 1.121344e+04 1.123519e+04 1.127452e+04 1.125278e+04
9.9 1.119190e+04 1.123807e+04 1.127780e+04 1.123162e+04
10.9 1.123924e+04 1.123532e+04 1.127481e+04 1.127872e+04
11.9 1.125255e+04 1.122645e+04 1.128046e+04 1.130656e+04
0.6 1.127528e+04 1.126147e+04 1.127515e+04 1.128896e+04
1.6 1.132026e+04 1.124225e+04 1.127153e+04 1.134953e+04
2.6 1.135482e+04 1.125841e+04 1.127674e+04 1.137315e+04
3.6 1.133768e+04 1.126074e+04 1.127246e+04 1.134941e+04
4.6 1.124090e+04 1.126141e+04 1.127566e+04 1.125515e+04
5.6 1.120978e+04 1.125853e+04 1.127463e+04 1.122588e+04
6.6 1.121344e+04 1.123519e+04 1.127452e+04 1.125278e+04
7.6 1.119190e+04 1.123807e+04 1.127780e+04 1.123162e+04
8.6 1.123924e+04 1.123532e+04 1.127481e+04 1.127872e+04
9.6 1.125255e+04 1.122645e+04 1.128046e+04 1.130656e+04
10.6 1.116123e+04 1.122365e+04 1.127651e+04 1.121410e+04
11.6 1.108480e+04 1.122198e+04 1.128127e+04 1.114409e+04
0.3 1.135482e+04 1.125841e+04 1.127674e+04 1.137315e+04
1.3 1.133768e+04 1.126074e+04 1.127246e+04 1.134941e+04
2.3 1.124090e+04 1.126141e+04 1.127566e+04 1.125515e+04
3.3 1.120978e+04 1.125853e+04 1.127463e+04 1.122588e+04
4.3 1.121344e+04 1.123519e+04 1.127452e+04 1.125278e+04
5.3 1.119190e+04 1.123807e+04 1.127780e+04 1.123162e+04
6.3 1.123924e+04 1.123532e+04 1.127481e+04 1.127872e+04
7.3 1.125255e+04 1.122645e+04 1.128046e+04 1.130656e+04
8.3 1.116123e+04 1.122365e+04 1.127651e+04 1.121410e+04
9.3 1.108480e+04 1.122198e+04 1.128127e+04 1.114409e+04
10.3 1.124031e+04 1.131462e+04 1.126556e+04 1.119124e+04
11.3 1.137014e+04 1.137063e+04 1.120369e+04 1.120320e+04
1.0 1.120978e+04 1.125853e+04 1.127463e+04 1.122588e+04
2.0 1.121344e+04 1.123519e+04 1.127452e+04 1.125278e+04
3.0 1.119190e+04 1.123807e+04 1.127780e+04 1.123162e+04
4.0 1.123924e+04 1.123532e+04 1.127481e+04 1.127872e+04
5.0 1.125255e+04 1.122645e+04 1.128046e+04 1.130656e+04
6.0 1.116123e+04 1.122365e+04 1.127651e+04 1.121410e+04
7.0 1.108480e+04 1.122198e+04 1.128127e+04 1.114409e+04
8.0 1.124031e+04 1.131462e+04 1.126556e+04 1.119124e+04
9.0 1.137014e+04 1.137063e+04 1.120369e+04 1.120320e+04
10.0 1.132761e+04 1.123156e+04 1.113857e+04 1.123462e+04
11.0 1.122739e+04 1.112305e+04 1.109465e+04 1.119899e+04
12.0 1.115561e+04 1.109400e+04 1.107114e+04 1.113276e+04
0.7 1.119190e+04 1.123807e+04 1.127780e+04 1.123162e+04
1.7 1.123924e+04 1.123532e+04 1.127481e+04 1.127872e+04
2.7 1.125255e+04 1.122645e+04 1.128046e+04 1.130656e+04
3.7 1.116123e+04 1.122365e+04 1.127651e+04 1.121410e+04
4.7 1.108480e+04 1.122198e+04 1.128127e+04 1.114409e+04
5.7 1.124031e+04 1.131462e+04 1.126556e+04 1.119124e+04
6.7 1.137014e+04 1.137063e+04 1.120369e+04 1.120320e+04
7.7 1.132761e+04 1.123156e+04 1.113857e+04 1.123462e+04
8.7 1.122739e+04 1.112305e+04 1.109465e+04 1.119899e+04
9.7 1.115561e+04 1.109400e+04 1.107114e+04 1.113276e+04
10.7 1.102816e+04 1.105689e+04 1.106036e+04 1.103162e+04
11.7 1.093811e+04 1.103363e+04 1.105593e+04 1.096040e+04
0.4 1.125255e+04 1.122645e+04 1.128046e+04 1.130656e+04
1.4 1.116123e+04 1.122365e+04 1.127651e+04 1.121410e+04
2.4 1.108480e+04 1.122198e+04 1.128127e+04 1.114409e+04
3.4 1.124031e+04 1.131462e+04 1.126556e+04 1.119124e+04
4.4 1.137014e+04 1.137063e+04 1.120369e+04 1.120320e+04
5.4 1.132761e+04 1.123156e+04 1.113857e+04 1.123462e+04
6.4 1.122739e+04 1.112305e+04 1.109465e+04 1.119899e+04
7.4 1.115561e+04 1.109400e+04 1.107114e+04 1.113276e+04
8.4 1.102816e+04 1.105689e+04 1.106036e+04 1.103162e+04
9.4 1.093811e+04 1.103363e+04 1.105593e+04 1.096040e+04
10.4 1.102477e+04 1.101720e+04 1.105436e+04 1.106193e+04
11.4 1.107184e+04 1.103740e+04 1.105391e+04 1.108835e+04
0.5 1.108593e+04 1.106850e+04 1.105484e+04 1.107226e+04
1.5 1.108110e+04 1.116620e+04 1.108959e+04 1.100449e+04
2.5 1.108703e+04 1.123608e+04 1.116367e+04 1.101462e+04
3.5 1.114566e+04 1.127131e+04 1.121762e+04 1.109197e+04
4.5 1.120552e+04 1.129686e+04 1.125481e+04 1.116347e+04
5.5 1.137783e+04 1.129975e+04 1.127148e+04 1.134956e+04
6.5 1.135344e+04 1.127850e+04 1.127671e+04 1.135165e+04
7.5 1.141411e+04 1.129646e+04 1.128392e+04 1.140157e+04
8.5 1.129148e+04 1.128942e+04 1.128143e+04 1.128349e+04
9.5 1.138834e+04 1.128113e+04 1.128740e+04 1.139461e+04
10.5 1.134685e+04 1.128078e+04 1.128467e+04 1.135074e+04
11.5 1.126575e+04 1.127729e+04 1.128848e+04 1.127694e+04
0.2 1.108703e+04 1.123608e+04 1.116367e+04 1.101462e+04
1.2 1.114566e+04 1.127131e+04 1.121762e+04 1.109197e+04
2.2 1.120552e+04 1.129686e+04 1.125481e+04 1.116347e+04
3.2 1.137783e+04 1.129975e+04 1.127148e+04 1.134956e+04
4.2 1.135344e+04 1.127850e+04 1.127671e+04 1.135165e+04
5.2 1.141411e+04 1.129646e+04 1.128392e+04 1.140157e+04
6.2 1.129148e+04 1.128942e+04 1.128143e+04 1.128349e+04
7.2 1.138834e+04 1.128113e+04 1.128740e+04 1.139461e+04
8.2 1.134685e+04 1.128078e+04 1.128467e+04 1.135074e+04
9.2 1.126575e+04 1.127729e+04 1.128848e+04 1.127694e+04
10.2 1.125022e+04 1.129358e+04 1.128470e+04 1.124134e+04
11.2 1.125243e+04 1.128664e+04 1.128167e+04 1.124746e+04
0.9 1.137783e+04 1.129975e+04 1.127148e+04 1.134956e+04
1.9 1.135344e+04 1.127850e+04 1.127671e+04 1.135165e+04
2.9 1.141411e+04 1.129646e+04 1.128392e+04 1.140157e+04
3.9 1.129148e+04 1.128942e+04 1.128143e+04 1.128349e+04
4.9 1.138834e+04 1.128113e+04 1.128740e+04 1.139461e+04
5.9 1.134685e+04 1.128078e+04 1.128467e+04 1.135074e+04
6.9 1.126575e+04 1.127729e+04 1.128848e+04 1.127694e+04
7.9 1.125022e+04 1.129358e+04 1.128470e+04 1.124134e+04
8.9 1.125243e+04 1.128664e+04 1.128167e+04 1.124746e+04
9.9 1.121715e+04 1.127879e+04 1.128488e+04 1.122324e+04
10.9 1.118212e+04 1.128336e+04 1.128202e+04 1.118079e+04
11.9 1.122143e+04 1.128496e+04 1.128782e+04 1.122429e+04
0.6 1.141411e+04 1.129646e+04 1.128392e+04 1.140157e+04
1.6 1.129148e+04 1.128942e+04 1.128143e+04 1.128349e+04
2.6 1.138834e+04 1.128113e+04 1.128740e+04 1.139461e+04
3.6 1.134685e+04 1.128078e+04 1.128467e+04 1.135074e+04
4.6 1.126575e+04 1.127729e+04 1.128848e+04 1.127694e+04
5.6 1.125022e+04 1.129358e+04 1.128470e+04 1.124134e+04
6.6 1.125243e+04 1.128664e+04 1.128167e+04 1.124746e+04
7.6 1.121715e+04 1.127879e+04 1.128488e+04 1.122324e+04
8.6 1.118212e+04 1.128336e+04 1.128202e+04 1.118079e+04
9.6 1.122143e+04 1.128496e+04 1.128782e+04 1.122429e+04
10.6 1.123051e+04 1.128827e+04 1.128363e+04 1.122587e+04
11.6 1.121155e+04 1.129110e+04 1.128764e+04 1.120809e+04
0.3 1.138834e+04 1.128113e+04 1.128740e+04 1.139461e+04
1.3 1.134685e+04 1.128078e+04 1.128467e+04 1.135074e+04
2.3 1.126575e+04 1.127729e+04 1.128848e+04 1.127694e+04
3.3 1.125022e+04 1.129358e+04 1.128470e+04 1.124134e+04
4.3 1.125243e+04 1.128664e+04 1.128167e+04 1.124746e+04
5.3 1.121715e+04 1.127879e+04 1.128488e+04 1.122324e+04
6.3 1.118212e+04 1.128336e+04 1.128202e+04 1.118079e+04
7.3 1.122143e+04 1.128496e+04 1.128782e+04 1.122429e+04
8.3 1.123051e+04 1.128827e+04 1.128363e+04 1.122587e+04
9.3 1.121155e+04 1.129110e+04 1.128764e+04 1.120809e+04
10.3 1.123826e+04 1.128221e+04 1.127258e+04 1.122864e+04
11.3 1.130546e+04 1.131069e+04 1.121078e+04 1.120555e+04
0.9 1.125022e+04 1.129358e+04 1.128470e+04 1.124134e+04
1.9 1.125243e+04 1.128664e+04 1.128167e+04 1.124746e+04
2.9 1.121715e+04 1.127879e+04 1.128488e+04 1.122324e+04
3.9 1.118212e+04 1.128336e+04 1.128202e+04 1.118079e+04
4.9 1.122143e+04 1.128496e+04 1.128782e+04 1.122429e+04
5.9 1.123051e+04 1.128827e+04 1.128363e+04 1.122587e+04
6.9 1.121155e+04 1.129110e+04 1.128764e+04 1.120809e+04
7.9 1.123826e+04 1.128221e+04 1.127258e+04 1.122864e+04
8.9 1.130546e+04 1.131069e+04 1.121078e+04 1.120555e+04
9.9 1.135913e+04 1.125286e+04 1.114472e+04 1.125099e+04
10.9 1.098039e+04 1.107001e+04 1.109969e+04 1.101007e+04
11.9 1.115398e+04 1.098829e+04 1.107527e+04 1.124096e+04
0.7 1.121715e+04 1.127879e+04 1.128488e+04 1.122324e+04
1.7 1.118212e+04 1.128336e+04 1.128202e+04 1.118079e+04
2.7 1.122143e+04 1.128496e+04 1.128782e+04 1.122429e+04
3.7 1.123051e+04 1.128827e+04 1.128363e+04 1.122587e+04
4.7 1.121155e+04 1.129110e+04 1.128764e+04 1.120809e+04
5.7 1.123826e+04 1.128221e+04 1.127258e+04 1.122864e+04
6.7 1.130546e+04 1.131069e+04 1.121078e+04 1.120555e+04
7.7 1.135913e+04 1.125286e+04 1.114472e+04 1.125099e+04
8.7 1.098039e+04 1.107001e+04 1.109969e+04 1.101007e+04
9.7 1.115398e+04 1.098829e+04 1.107527e+04 1.124096e+04
10.7 1.098630e+04 1.097152e+04 1.106381e+04 1.107859e+04
11.7 1.103743e+04 1.095520e+04 1.105886e+04 1.114109e+04
0.3 1.122143e+04 1.128496e+04 1.128782e+04 1.122429e+04
1.3 1.123051e+04 1.128827e+04 1.128363e+04 1.122587e+04
2.3 1.121155e+04 1.129110e+04 1.128764e+04 1.120809e+04
3.3 1.123826e+04 1.128221e+04 1.127258e+04 1.122864e+04
4.3 1.130546e+04 1.131069e+04 1.121078e+04 1.120555e+04
5.3 1.135913e+04 1.125286e+04 1.114472e+04 1.125099e+04
6.3 1.098039e+04 1.107001e+04 1.109969e+04 1.101007e+04
7.3 1.115398e+04 1.098829e+04 1.107527e+04 1.124096e+04
8.3 1.098630e+04 1.097152e+04 1.106381e+04 1.107859e+04
9.3 1.103743e+04 1.095520e+04 1.105886e+04 1.114109e+04
10.3 1.097949e+04 1.095353e+04 1.105689e+04 1.108285e+04
11.3 1.096763e+04 1.097049e+04 1.105610e+04 1.105324e+04
0.5 1.096212e+04 1.101430e+04 1.105694e+04 1.100475e+04
1.5 1.118825e+04 1.112006e+04 1.109281e+04 1.116101e+04
2.5 1.119504e+04 1.118918e+04 1.116688e+04 1.117275e+04
3.5 1.121287e+04 1.122445e+04 1.121874e+04 1.120716e+04
4.5 1.122487e+04 1.124721e+04 1.125474e+04 1.123240e+04
5.5 1.126175e+04 1.125970e+04 1.127008e+04 1.127213e+04
6.5 1.114198e+04 1.127948e+04 1.127308e+04 1.113559e+04
7.5 1.131064e+04 1.126288e+04 1.128109e+04 1.132885e+04
8.5 1.130479e+04 1.126164e+04 1.127817e+04 1.132132e+04
9.5 1.132805e+04 1.127663e+04 1.128462e+04 1.133604e+04
10.5 1.129217e+04 1.125902e+04 1.128203e+04 1.131518e+04
11.5 1.130212e+04 1.127314e+04 1.128487e+04 1.131384e+04
0.2 1.119504e+04 1.118918e+04 1.116688e+04 1.117275e+04
1.2 1.121287e+04 1.122445e+04 1.121874e+04 1.120716e+04
2.2 1.122487e+04 1.124721e+04 1.125474e+04 1.123240e+04
3.2 1.126175e+04 1.125970e+04 1.127008e+04 1.127213e+04
4.2 1.114198e+04 1.127948e+04 1.127308e+04 1.113559e+04
5.2 1.131064e+04 1.126288e+04 1.128109e+04 1.132885e+04
6.2 1.130479e+04 1.126164e+04 1.127817e+04 1.132132e+04
7.2 1.132805e+04 1.127663e+04 1.128462e+04 1.133604e+04
8.2 1.129217e+04 1.125902e+04 1.128203e+04 1.131518e+04
9.2 1.130212e+04 1.127314e+04 1.128487e+04 1.131384e+04
10.2 1.131542e+04 1.125972e+04 1.128480e+04 1.134050e+04
11.2 1.137460e+04 1.131542e+04 1.128331e+04 1.134249e+04
0.8 1.126175e+04 1.125970e+04 1.127008e+04 1.127213e+04
1.8 1.114198e+04 1.127948e+04 1.127308e+04 1.113559e+04
2.8 1.131064e+04 1.126288e+04 1.128109e+04 1.132885e+04
3.8 1.130479e+04 1.126164e+04 1.127817e+04 1.132132e+04
4.8 1.132805e+04 1.127663e+04 1.128462e+04 1.133604e+04
5.8 1.129217e+04 1.125902e+04 1.128203e+04 1.131518e+04
6.8 1.130212e+04 1.127314e+04 1.128487e+04 1.131384e+04
7.8 1.131542e+04 1.125972e+04 1.128480e+04 1.134050e+04
8.8 1.137460e+04 1.131542e+04 1.128331e+04 1.134249e+04
9.8 1.130013e+04 1.132013e+04 1.128664e+04 1.126664e+04
10.8 1.135252e+04 1.129601e+04 1.128227e+04 1.133878e+04
11.8 1.132423e+04 1.129969e+04 1.128706e+04 1.131160e+04
0.5 1.131064e+04 1.126288e+04 1.128109e+04 1.132885e+04
1.5 1.130479e+04 1.126164e+04 1.127817e+04 1.132132e+04
2.5 1.132805e+04 1.127663e+04 1.128462e+04 1.133604e+04
3.5 1.129217e+04 1.125902e+04 1.128203e+04 1.131518e+04
4.5 1.130212e+04 1.127314e+04 1.128487e+04 1.131384e+04
5.5 1.131542e+04 1.125972e+04 1.128480e+04 1.134050e+04
6.5 1.137460e+04 1.131542e+04 1.128331e+04 1.134249e+04
7.5 1.130013e+04 1.132013e+04 1.128664e+04 1.126664e+04
8.5 1.135252e+04 1.129601e+04 1.128227e+04 1.133878e+04
9.5 1.132423e+04 1.129969e+04 1.128706e+04 1.131160e+04
10.5 1.136429e+04 1.127923e+04 1.128232e+04 1.136737e+04
11.5 1.120433e+04 1.126913e+04 1.128532e+04 1.122052e+04
0.2 1.132805e+04 1.127663e+04 1.128462e+04 1.133604e+04
1.2 1.129217e+04 1.125902e+04 1.128203e+04 1.131518e+04
2.2 1.130212e+04 1.127314e+04 1.128487e+04 1.131384e+04
3.2 1.131542e+04 1.125972e+04 1.128480e+04 1.134050e+04
4.2 1.137460e+04 1.131542e+04 1.128331e+04 1.134249e+04
5.2 1.130013e+04 1.132013e+04 1.128664e+04 1.126664e+04
6.2 1.135252e+04 1.129601e+04 1.128227e+04 1.133878e+04
7.2 1.132423e+04 1.129969e+04 1.128706e+04 1.131160e+04
8.2 1.136429e+04 1.127923e+04 1.128232e+04 1.136737e+04
9.2 1.120433e+04 1.126913e+04 1.128532e+04 1.122052e+04
10.2 1.128730e+04 1.129941e+04 1.127225e+04 1.126015e+04
11.2 1.143491e+04 1.130466e+04 1.121146e+04 1.134171e+04
0.9 1.131542e+04 1.125972e+04 1.128480e+04 1.134050e+04
1.9 1.137460e+04 1.131542e+04 1.128331e+04 1.134249e+04
2.9 1.130013e+04 1.132013e+04 1.128664e+04 1.126664e+04
3.9 1.135252e+04 1.129601e+04 1.128227e+04 1.133878e+04
4.9 1.132423e+04 1.129969e+04 1.128706e+04 1.131160e+04
5.9 1.136429e+04 1.127923e+04 1.128232e+04 1.136737e+04
6.9 1.120433e+04 1.126913e+04 1.128532e+04 1.122052e+04
7.9 1.128730e+04 1.129941e+04 1.127225e+04 1.126015e+04
8.9 1.143491e+04 1.130466e+04 1.121146e+04 1.134171e+04
9.9 1.150261e+04 1.125316e+04 1.114420e+04 1.139364e+04
10.9 1.104801e+04 1.116995e+04 1.109739e+04 1.097545e+04
11.9 1.091480e+04 1.103314e+04 1.107141e+04 1.095308e+04
0.6 1.130013e+04 1.132013e+04 1.128664e+04 1.126664e+04
1.6 1.135252e+04 1.129601e+04 1.128227e+04 1.133878e+04
2.6 1.132423e+04 1.129969e+04 1.128706e+04 1.131160e+04
3.6 1.136429e+04 1.127923e+04 1.128232e+04 1.136737e+04
4.6 1.120433e+04 1.126913e+04 1.128532e+04 1.122052e+04
5.6 1.128730e+04 1.129941e+04 1.127225e+04 1.126015e+04
6.6 1.143491e+04 1.130466e+04 1.121146e+04 1.134171e+04
7.6 1.150261e+04 1.125316e+04 1.114420e+04 1.139364e+04
8.6 1.104801e+04 1.116995e+04 1.109739e+04 1.097545e+04
9.6 1.091480e+04 1.103314e+04 1.107141e+04 1.095308e+04
10.6 1.098010e+04 1.100020e+04 1.105866e+04 1.103857e+04
11.6 1.104574e+04 1.099952e+04 1.105254e+04 1.109876e+04
0.3 1.132423e+04 1.129969e+04 1.128706e+04 1.131160e+04
1.3 1.136429e+04 1.127923e+04 1.128232e+04 1.136737e+04
2.3 1.120433e+04 1.126913e+04 1.128532e+04 1.122052e+04
3.3 1.128730e+04 1.129941e+04 1.127225e+04 1.126015e+04
4.3 1.143491e+04 1.130466e+04 1.121146e+04 1.134171e+04
5.3 1.150261e+04 1.125316e+04 1.114420e+04 1.139364e+04
6.3 1.104801e+04 1.116995e+04 1.109739e+04 1.097545e+04
7.3 1.091480e+04 1.103314e+04 1.107141e+04 1.095308e+04
8.3 1.098010e+04 1.100020e+04 1.105866e+04 1.103857e+04
9.3 1.104574e+04 1.099952e+04 1.105254e+04 1.109876e+04
10.3 1.095894e+04 1.098588e+04 1.104936e+04 1.102242e+04
11.3 1.103311e+04 1.100171e+04 1.104726e+04 1.107866e+04
0.5 1.094233e+04 1.104106e+04 1.104661e+04 1.094787e+04
1.5 1.097292e+04 1.111841e+04 1.108078e+04 1.093530e+04
2.5 1.107841e+04 1.118276e+04 1.115292e+04 1.104858e+04
3.5 1.106003e+04 1.119185e+04 1.120376e+04 1.107194e+04
4.5 1.123940e+04 1.120829e+04 1.123808e+04 1.126919e+04
5.5 1.120486e+04 1.121981e+04 1.125109e+04 1.123614e+04
6.5 1.125272e+04 1.124478e+04 1.125323e+04 1.126117e+04
7.5 1.122976e+04 1.124348e+04 1.125632e+04 1.124261e+04
8.5 1.098695e+04 1.124643e+04 1.124868e+04 1.098921e+04
9.5 1.121277e+04 1.125236e+04 1.125036e+04 1.121077e+04
10.5 1.123810e+04 1.122749e+04 1.124242e+04 1.125304e+04
11.5 1.136566e+04 1.124113e+04 1.124128e+04 1.136582e+04
0.2 1.107841e+04 1.118276e+04 1.115292e+04 1.104858e+04
1.2 1.106003e+04 1.119185e+04 1.120376e+04 1.107194e+04
2.2 1.123940e+04 1.120829e+04 1.123808e+04 1.126919e+04
3.2 1.120486e+04 1.121981e+04 1.125109e+04 1.123614e+04
4.2 1.125272e+04 1.124478e+04 1.125323e+04 1.126117e+04
5.2 1.122976e+04 1.124348e+04 1.125632e+04 1.124261e+04
6.2 1.098695e+04 1.124643e+04 1.124868e+04 1.098921e+04
7.2 1.121277e+04 1.125236e+04 1.125036e+04 1.121077e+04
8.2 1.123810e+04 1.122749e+04 1.124242e+04 1.125304e+04
9.2 1.136566e+04 1.124113e+04 1.124128e+04 1.136582e+04
10.2 1.137169e+04 1.122641e+04 1.123439e+04 1.137967e+04
11.2 1.132590e+04 1.122656e+04 1.122751e+04 1.132685e+04
0.9 1.120486e+04 1.121981e+04 1.125109e+04 1.123614e+04
1.9 1.125272e+04 1.124478e+04 1.125323e+04 1.126117e+04
2.9 1.122976e+04 1.124348e+04 1.125632e+04 1.124261e+04
3.9 1.098695e+04 1.124643e+04 1.124868e+04 1.098921e+04
4.9 1.121277e+04 1.125236e+04 1.125036e+04 1.121077e+04
5.9 1.123810e+04 1.122749e+04 1.124242e+04 1.125304e+04
6.9 1.136566e+04 1.124113e+04 1.124128e+04 1.136582e+04
7.9 1.137169e+04 1.122641e+04 1.123439e+04 1.137967e+04
8.9 1.132590e+04 1.122656e+04 1.122751e+04 1.132685e+04
9.9 1.127120e+04 1.122750e+04 1.122524e+04 1.126893e+04
10.9 1.122785e+04 1.122107e+04 1.121615e+04 1.122294e+04
11.9 1.114608e+04 1.122296e+04 1.121539e+04 1.113851e+04
0.6 1.122976e+04 1.124348e+04 1.125632e+04 1.124261e+04
1.6 1.098695e+04 1.124643e+04 1.124868e+04 1.098921e+04
2.6 1.121277e+04 1.125236e+04 1.125036e+04 1.121077e+04
3.6 1.123810e+04 1.122749e+04 1.124242e+04 1.125304e+04
4.6 1.136566e+04 1.124113e+04 1.124128e+04 1.136582e+04
5.6 1.137169e+04 1.122641e+04 1.123439e+04 1.137967e+04
6.6 1.132590e+04 1.122656e+04 1.122751e+04 1.132685e+04
7.6 1.127120e+04 1.122750e+04 1.122524e+04 1.126893e+04
8.6 1.122785e+04 1.122107e+04 1.121615e+04 1.122294e+04
9.6 1.114608e+04 1.122296e+04 1.121539e+04 1.113851e+04
10.6 1.121065e+04 1.121765e+04 1.120214e+04 1.119514e+04
0.3 1.121277e+04 1.125236e+04 1.125036e+04 1.121077e+04
1.3 1.123810e+04 1.122749e+04 1.124242e+04 1.125304e+04
2.3 1.136566e+04 1.124113e+04 1.124128e+04 1.136582e+04
3.3 1.137169e+04 1.122641e+04 1.123439e+04 1.137967e+04
4.3 1.132590e+04 1.122656e+04 1.122751e+04 1.132685e+04
5.3 1.127120e+04 1.122750e+04 1.122524e+04 1.126893e+04
6.3 1.122785e+04 1.122107e+04 1.121615e+04 1.122294e+04
7.3 1.114608e+04 1.122296e+04 1.121539e+04 1.113851e+04
8.3 1.121065e+04 1.121765e+04 1.120214e+04 1.119514e+04
1.0 1.137169e+04 1.122641e+04 1.123439e+04 1.137967e+04
2.0 1.132590e+04 1.122656e+04 1.122751e+04 1.132685e+04
3.0 1.127120e+04 1.122750e+04 1.122524e+04 1.126893e+04
4.0 1.122785e+04 1.122107e+04 1.121615e+04 1.122294e+04
5.0 1.114608e+04 1.122296e+04 1.121539e+04 1.113851e+04
6.0 1.121065e+04 1.121765e+04 1.120214e+04 1.119514e+04
0.6 1.127120e+04 1.122750e+04 1.122524e+04 1.126893e+04
1.6 1.122785e+04 1.122107e+04 1.121615e+04 1.122294e+04
2.6 1.114608e+04 1.122296e+04 1.121539e+04 1.113851e+04
3.6 1.121065e+04 1.121765e+04 1.120214e+04 1.119514e+04
0.3 1.114608e+04 1.122296e+04 1.121539e+04 1.113851e+04
1.3 1.121065e+04 1.121765e+04 1.120214e+04 1.119514e+04
