1.112580e+04 1.106291e+04 1.101575e+04 1.117296e+04
1.114872e+04 1.105960e+04 1.106375e+04 1.114457e+04
1.106634e+04 1.108949e+04 1.115319e+04 1.100264e+04
1.111282e+04 1.116056e+04 1.121319e+04 1.106018e+04
1.113577e+04 1.121290e+04 1.123873e+04 1.110994e+04
1.128847e+04 1.124834e+04 1.125104e+04 1.128578e+04
1.133607e+04 1.126478e+04 1.125707e+04 1.134378e+04
1.123184e+04 1.126983e+04 1.126038e+04 1.124129e+04
1.127585e+04 1.127601e+04 1.126136e+04 1.129049e+04
1.132083e+04 1.127237e+04 1.124182e+04 1.135137e+04
1.135539e+04 1.127760e+04 1.125837e+04 1.137462e+04
1.133825e+04 1.127331e+04 1.126131e+04 1.135025e+04
1.124147e+04 1.127652e+04 1.126218e+04 1.125581e+04
1.121035e+04 1.127549e+04 1.125933e+04 1.122651e+04
1.121401e+04 1.127538e+04 1.123641e+04 1.125298e+04
1.119246e+04 1.127867e+04 1.123927e+04 1.123186e+04
1.123980e+04 1.127567e+04 1.123600e+04 1.127947e+04
1.125311e+04 1.128134e+04 1.122667e+04 1.130779e+04
1.116179e+04 1.127738e+04 1.122438e+04 1.121479e+04
1.108536e+04 1.128216e+04 1.122275e+04 1.114477e+04
1.124087e+04 1.126637e+04 1.131407e+04 1.119318e+04
1.137071e+04 1.120425e+04 1.137220e+04 1.120277e+04
1.132818e+04 1.113887e+04 1.123308e+04 1.123397e+04
1.122796e+04 1.109477e+04 1.112544e+04 1.119729e+04
1.115617e+04 1.107117e+04 1.109574e+04 1.113160e+04
1.102871e+04 1.106034e+04 1.105773e+04 1.103132e+04
1.093866e+04 1.105589e+04 1.103351e+04 1.096104e+04
1.102533e+04 1.105432e+04 1.101759e+04 1.106205e+04
1.107240e+04 1.105386e+04 1.103789e+04 1.108837e+04
1.108649e+04 1.105479e+04 1.106901e+04 1.107227e+04
1.108166e+04 1.108969e+04 1.116689e+04 1.100446e+04
1.108759e+04 1.116407e+04 1.123739e+04 1.101427e+04
1.114622e+04 1.121824e+04 1.127235e+04 1.109211e+04
1.120608e+04 1.125559e+04 1.129766e+04 1.116401e+04
1.137840e+04 1.127232e+04 1.130074e+04 1.134998e+04
1.135401e+04 1.127757e+04 1.127941e+04 1.135217e+04
1.141468e+04 1.128482e+04 1.129694e+04 1.140256e+04
1.129204e+04 1.128231e+04 1.129019e+04 1.128416e+04
1.138891e+04 1.128831e+04 1.128196e+04 1.139525e+04
1.134742e+04 1.128557e+04 1.128121e+04 1.135177e+04
1.126632e+04 1.128939e+04 1.127779e+04 1.127792e+04
1.125079e+04 1.128560e+04 1.129443e+04 1.124195e+04
1.125299e+04 1.128256e+04 1.128753e+04 1.124802e+04
1.121771e+04 1.128578e+04 1.127982e+04 1.122367e+04
1.118268e+04 1.128291e+04 1.128358e+04 1.118201e+04
1.122199e+04 1.128873e+04 1.128549e+04 1.122523e+04
1.123107e+04 1.128452e+04 1.128882e+04 1.122678e+04
1.121211e+04 1.128855e+04 1.129127e+04 1.120939e+04
1.123883e+04 1.127343e+04 1.128293e+04 1.122933e+04
1.130602e+04 1.121138e+04 1.131121e+04 1.120619e+04
1.135969e+04 1.114505e+04 1.125293e+04 1.125182e+04
1.098093e+04 1.109984e+04 1.107077e+04 1.101000e+04
1.115453e+04 1.107531e+04 1.098992e+04 1.123992e+04
1.098684e+04 1.106380e+04 1.097216e+04 1.107848e+04
1.103797e+04 1.105884e+04 1.095649e+04 1.114032e+04
1.098003e+04 1.105686e+04 1.095378e+04 1.108310e+04
1.096817e+04 1.105607e+04 1.097107e+04 1.105316e+04
1.096265e+04 1.105691e+04 1.101467e+04 1.100489e+04
1.118879e+04 1.109293e+04 1.112039e+04 1.116133e+04
1.119559e+04 1.116730e+04 1.118961e+04 1.117327e+04
1.121341e+04 1.121937e+04 1.122536e+04 1.120742e+04
1.122541e+04 1.125552e+04 1.124804e+04 1.123289e+04
1.126229e+04 1.127091e+04 1.126041e+04 1.127280e+04
1.114252e+04 1.127393e+04 1.127992e+04 1.113653e+04
1.131118e+04 1.128197e+04 1.126417e+04 1.132898e+04
1.130532e+04 1.127904e+04 1.126279e+04 1.132158e+04
1.132859e+04 1.128552e+04 1.127790e+04 1.133620e+04
1.129270e+04 1.128292e+04 1.126007e+04 1.131554e+04
1.130265e+04 1.128576e+04 1.127400e+04 1.131442e+04
1.131595e+04 1.128570e+04 1.126089e+04 1.134076e+04
1.137513e+04 1.128420e+04 1.131557e+04 1.134376e+04
1.130066e+04 1.128755e+04 1.131998e+04 1.126822e+04
1.135305e+04 1.128316e+04 1.129592e+04 1.134029e+04
1.132476e+04 1.128797e+04 1.129974e+04 1.131299e+04
1.136482e+04 1.128321e+04 1.127921e+04 1.136882e+04
1.120486e+04 1.128622e+04 1.126922e+04 1.122185e+04
1.128783e+04 1.127310e+04 1.130021e+04 1.126071e+04
1.143697e+04 1.121205e+04 1.130136e+04 1.134766e+04
1.150314e+04 1.114452e+04 1.125339e+04 1.139427e+04
1.104852e+04 1.109753e+04 1.117074e+04 1.097531e+04
1.091531e+04 1.107144e+04 1.103321e+04 1.095354e+04
1.098062e+04 1.105864e+04 1.100055e+04 1.103871e+04
1.104625e+04 1.105249e+04 1.100026e+04 1.109848e+04
1.095945e+04 1.104929e+04 1.098607e+04 1.102268e+04
1.103363e+04 1.104719e+04 1.100165e+04 1.107916e+04
1.094284e+04 1.104653e+04 1.104102e+04 1.094835e+04
1.097344e+04 1.108085e+04 1.111880e+04 1.093548e+04
1.107893e+04 1.115328e+04 1.118336e+04 1.104886e+04
1.106056e+04 1.120433e+04 1.119348e+04 1.107140e+04
1.123994e+04 1.123878e+04 1.120959e+04 1.126913e+04
1.120540e+04 1.125185e+04 1.122130e+04 1.123595e+04
1.125326e+04 1.125400e+04 1.124539e+04 1.126187e+04
1.123031e+04 1.125710e+04 1.124420e+04 1.124321e+04
1.098749e+04 1.124943e+04 1.124696e+04 1.098997e+04
1.121333e+04 1.125112e+04 1.125288e+04 1.121157e+04
1.123866e+04 1.124315e+04 1.122799e+04 1.125382e+04
1.136623e+04 1.124200e+04 1.124146e+04 1.136677e+04
1.137226e+04 1.123509e+04 1.122685e+04 1.138050e+04
1.132647e+04 1.122818e+04 1.122739e+04 1.132726e+04
1.127177e+04 1.122589e+04 1.122802e+04 1.126964e+04
1.122843e+04 1.121677e+04 1.122102e+04 1.122418e+04
1.114665e+04 1.121601e+04 1.122339e+04 1.113927e+04
1.121122e+04 1.120270e+04 1.121785e+04 1.119607e+04
1.135943e+04 1.119893e+04 1.121414e+04 1.134423e+04
