Cluster Index	Voxels	Z-MAX	Z-MAX X (vox)	Z-MAX Y (vox)	Z-MAX Z (vox)	Z-COG X (vox)	Z-COG Y (vox)	Z-COG Z (vox)	COPE-MAX	COPE-MAX X (vox)	COPE-MAX Y (vox)	COPE-MAX Z (vox)	COPE-MEAN
149	795	7.47	19	40	18	24.7	41.7	18.4	632	28	56	17	168
148	243	7.49	16	25	20	16.4	21.6	18.8	428	17	19	23	135
147	161	4.56	42	43	14	39.3	44.2	15.1	479	33	36	11	199
146	151	7.26	49	34	20	47.7	35	19.7	218	52	38	16	117
145	66	6.76	21	10	11	22.3	10.9	11.3	323	23	9	10	171
144	65	5.04	46	23	20	45.3	20.7	20	241	41	16	21	131
143	42	4.95	49	46	17	48.1	45.7	17.9	357	47	47	17	183
142	27	4.03	36	7	6	35.2	8.44	3.51	203	31	8	4	142
141	24	4.41	27	18	17	28.1	14.6	17.6	263	28	13	18	162
140	17	4.77	47	21	15	47.7	20.9	14.3	200	48	19	14	125
139	16	4.71	39	8	12	40.6	8.91	11.2	224	39	8	12	142
138	15	4.67	28	13	0	25.4	14	0	415	25	14	0	226
137	15	4.72	40	14	0	38.3	13.8	0	590	40	14	0	298
136	13	3.91	44	14	8	43.6	16.2	6.95	533	43	16	7	295
135	13	4.48	47	16	10	47.1	15.5	9.78	204	46	13	10	156
134	13	4.37	48	22	8	45.9	22.2	8	223	48	22	8	166
133	12	4.03	32	36	19	31	34.5	19.2	142	33	36	19	93.8
132	11	3.71	42	17	10	41.6	13.8	10	217	42	16	10	163
131	10	4.39	36	37	16	36.3	36.6	15.8	508	35	36	15	247
130	9	4.32	16	29	12	15.9	28.6	12.5	155	15	29	12	121
129	8	4.53	45	12	12	44.1	11.3	12	185	44	11	12	134
128	8	4.64	50	19	22	50.4	18.9	21.8	250	50	17	21	183
127	8	4.45	51	27	8	50.7	27.6	8.11	201	50	28	8	127
126	7	4.87	52	29	17	52	29.4	17.1	178	52	29	17	134
125	6	3.64	39	54	12	38.5	54.7	12.3	430	38	53	12	259
124	6	4.49	26	9	21	27.8	8.35	20.3	265	27	8	20	190
123	6	3.93	29	28	25	29.3	27.7	24.5	126	30	27	24	97.5
122	6	4.26	22	56	17	21.8	55.8	17	329	22	55	17	175
121	5	4.22	49	22	18	48.4	22.2	17.4	167	50	22	18	126
120	5	4.44	53	25	22	52.4	25.2	22	192	52	25	22	140
119	5	3.91	33	42	9	32.8	42.2	9	244	33	42	9	163
118	5	4.04	34	30	26	34.8	30.4	26	242	34	30	26	167
117	5	4.24	42	50	13	42.4	49.8	13	168	43	50	13	135
116	4	3.59	36	40	19	36	39.5	19	150	36	40	19	112
115	4	3.52	46	48	10	45.5	47.5	10	316	45	48	10	267
114	4	3.91	37	46	10	37.2	46.7	10	204	37	48	10	161
113	4	3.74	20	25	26	20.5	25.5	26	279	21	25	26	192
112	4	3.15	27	43	24	27.2	42.5	23.8	228	28	42	24	183
111	4	3.6	45	26	26	44.3	24.8	26	260	43	24	26	239
110	4	3.38	30	41	18	30	41.2	18.2	206	30	42	18	163
109	4	3.32	40	34	14	39.3	34.8	14	121	39	35	14	104
108	4	4.67	41	51	21	40.8	51.4	21	290	41	50	21	212
107	4	3.74	13	32	17	12.5	32.5	17	99.6	12	33	17	84.5
106	4	4.04	16	40	7	15.5	39.5	7	154	16	40	7	131
105	3	3.68	27	56	12	27.3	55.7	12	252	28	56	12	201
104	3	3.83	48	49	14	48.3	49	14.3	232	48	49	14	167
103	3	3.42	53	25	13	52.3	25.3	13	185	53	25	13	142
102	3	3.48	36	32	13	36.3	32.3	13	69.4	36	32	13	65.8
101	3	3.39	41	36	18	40.3	36	18.3	65	40	36	18	61.7
100	3	3.39	39	4	14	39.3	4.66	14	210	40	5	14	166
99	3	4.08	29	6	14	29	6	14	133	30	6	14	112
98	3	3.33	36	53	16	36.3	53.3	16	313	36	54	16	235
97	3	3.68	44	55	18	43.4	54.7	18	132	43	54	18	92.2
96	3	3.45	31	15	25	31.3	14.4	25	437	31	15	25	295
95	3	4.51	38	12	24	37.1	12	24	118	38	12	24	105
94	3	3.45	23	49	23	23	49	23	102	23	49	23	87.9
93	3	4.45	29	28	22	29.3	27.7	22	115	30	28	22	96.1
92	3	4.35	42	19	8	42	19	8	200	42	19	8	169
91	3	3.55	22	20	9	22	20	9	132	22	20	9	121
90	3	3.87	16	33	21	15.7	33	20.7	122	15	33	21	102
89	3	3.73	54	30	10	53.7	30.3	10	113	53	30	10	82.1
88	3	3.59	51	25	16	50.7	24.7	16	152	50	25	16	137
87	3	3.37	51	23	11	50	23	11	131	51	23	11	118
86	2	4.26	42	7	16	42	6.55	16	190	42	7	16	138
85	2	3.15	31	43	16	31.5	43	16	190	32	43	16	161
84	2	3.33	38	26	28	37.5	26.5	28	154	38	26	28	141
83	2	4.1	19	41	24	19	40.5	24	96.4	19	40	24	87.6
82	2	3.47	39	34	24	38.5	34	24	94	38	34	24	88.7
81	2	3.21	38	32	24	38	31.5	24	72.9	38	31	24	66.7
80	2	3.46	27	47	19	26.5	47	19	134	26	47	19	130
79	2	4.09	22	53	22	22.5	53	22	93.6	22	53	22	87.2
78	2	3.31	42	27	22	41.5	27	22	74.5	42	27	22	68.3
77	2	3.47	27	29	20	27	28.5	20	69.7	27	29	20	67.8
76	2	4.32	43	11	22	42.6	11	22	127	42	11	22	103
75	2	4.51	40	10	22	40	10.4	22	164	40	11	22	136
74	2	3.36	38	34	21	38	33.5	21	48.1	38	33	21	48
73	2	3.82	36	8	20	36	8.47	20	125	36	9	20	113
72	2	3.72	38	38	27	38	37.5	27	95.2	38	37	27	86.9
71	2	3.61	10	35	10	10.5	35	10.5	106	11	35	11	86.2
70	2	3.3	19	45	6	19.5	45.5	6	173	20	46	6	163
69	2	3.58	46	24	6	46.5	23.5	6	181	46	24	6	164
68	2	3.55	31	49	10	31	48.5	10	300	31	49	10	227
67	2	3.72	42	8	6	41.5	8	6	105	42	8	6	93.5
66	2	3.94	15	16	12	14.5	16	12	82.8	15	16	12	70.5
65	2	3.96	9	28	12	9	28.5	12	51.6	9	28	12	49.6
64	2	4.08	44	10	5	43.5	10.5	5	157	43	11	5	127
63	2	4.19	29	4	14	29.5	4	14	89.7	29	4	14	79
62	2	3.51	51	22	14	51	22.5	14	127	51	22	14	123
61	2	3.7	51	31	14	51.5	31	14	123	52	31	14	114
60	2	3.22	29	32	14	29.5	32.5	14	87.4	29	32	14	86.5
59	2	4.73	28	17	0	28.5	17	0	196	28	17	0	166
58	2	3.58	12	28	9	12.5	28	9	101	13	28	9	95.2
57	2	3.22	44	15	4	43.5	15	4	176	44	15	4	172
56	2	3.31	28	22	15	28	22	15.5	71.6	28	22	15	68.9
55	2	4.41	24	8	4	24.5	8	4	165	25	8	4	147
54	1	3.51	51	22	8	51	22	8	123	51	22	8	123
53	1	3.17	36	21	22	36	21	22	167	36	21	22	167
52	1	3.29	25	17	8	25	17	8	180	25	17	8	180
51	1	3.13	40	45	7	40	45	7	79	40	45	7	79
50	1	3.14	15	25	7	15	25	7	163	15	25	7	163
49	1	3.25	23	26	27	23	26	27	122	23	26	27	122
48	1	3.38	13	38	22	13	38	22	46.1	13	38	22	46.1
47	1	3.35	20	31	26	20	31	26	61.9	20	31	26	61.9
46	1	3.44	36	27	23	36	27	23	67.9	36	27	23	67.9
45	1	3.1	22	23	0	22	23	0	204	22	23	0	204
44	1	3.43	31	14	1	31	14	1	113	31	14	1	113
43	1	3.48	26	8	6	26	8	6	190	26	8	6	190
42	1	3.09	30	21	24	30	21	24	87.7	30	21	24	87.7
41	1	3.38	30	47	25	30	47	25	141	30	47	25	141
40	1	3.1	17	40	5	17	40	5	96.1	17	40	5	96.1
39	1	3.31	48	25	25	48	25	25	162	48	25	25	162
38	1	3.34	41	16	25	41	16	25	200	41	16	25	200
37	1	3.84	49	39	4	49	39	4	83.3	49	39	4	83.3
36	1	3.84	44	37	24	44	37	24	107	44	37	24	107
35	1	3.4	16	26	4	16	26	4	226	16	26	4	226
34	1	3.2	45	42	24	45	42	24	63.2	45	42	24	63.2
33	1	3.18	37	49	24	37	49	24	76.9	37	49	24	76.9
32	1	3.11	16	31	8	16	31	8	119	16	31	8	119
31	1	3.46	41	56	15	41	56	15	67.2	41	56	15	67.2
30	1	3.46	21	8	16	21	8	16	85.2	21	8	16	85.2
29	1	3.25	13	21	16	13	21	16	91.7	13	21	16	91.7
28	1	3.09	45	39	15	45	39	15	62.9	45	39	15	62.9
27	1	3.41	10	27	16	10	27	16	53.6	10	27	16	53.6
26	1	4.03	33	39	15	33	39	15	417	33	39	15	417
25	1	3.09	26	49	16	26	49	16	96.9	26	49	16	96.9
24	1	3.1	48	51	16	48	51	16	64.4	48	51	16	64.4
23	1	3.82	42	13	15	42	13	15	86.5	42	13	15	86.5
22	1	3.16	15	48	14	15	48	14	76.7	15	48	14	76.7
21	1	3.4	31	39	14	31	39	14	242	31	39	14	242
20	1	3.36	10	26	14	10	26	14	57.7	10	26	14	57.7
19	1	3.53	27	58	17	27	58	17	159	27	58	17	159
18	1	4.22	27	7	18	27	7	18	137	27	7	18	137
17	1	3.42	39	13	21	39	13	21	161	39	13	21	161
16	1	3.62	55	25	13	55	25	13	74.1	55	25	13	74.1
15	1	3.17	39	13	19	39	13	19	240	39	13	19	240
14	1	3.81	13	38	19	13	38	19	85.1	13	38	19	85.1
13	1	3.09	52	16	11	52	16	11	54.1	52	16	11	54.1
12	1	3.26	28	6	11	28	6	11	148	28	6	11	148
11	1	3.09	49	47	10	49	47	10	61.4	49	47	10	61.4
10	1	3.54	23	10	20	23	10	20	126	23	10	20	126
9	1	3.1	50	19	20	50	19	20	126	50	19	20	126
8	1	3.5	54	27	20	54	27	20	76.2	54	27	20	76.2
7	1	3.31	54	26	10	54	26	10	92	54	26	10	92
6	1	3.1	29	37	20	29	37	20	80.7	29	37	20	80.7
5	1	3.55	50	13	10	50	13	10	74.1	50	13	10	74.1
4	1	3.78	21	20	21	21	20	21	135	21	20	21	135
3	1	3.35	53	29	21	53	29	21	66.4	53	29	21	66.4
2	1	3.46	34	50	9	34	50	9	148	34	50	9	148
1	1	3.2	46	18	18	46	18	18	90.5	46	18	18	90.5
