Cluster Index	Z	x	y	z	
208	7.4	56.6	-31.1	43
208	6.86	-12.1	-91.5	32.9
208	6.66	38.4	-87.3	2.43
208	6.59	31.5	-88	-2.91
208	6.42	31.2	-85.6	-31.6
208	6.24	-8.18	-58	32.6
207	7.38	47	16.6	23.7
207	6.19	33.6	4	48.9
207	5.99	33.3	25.9	-5.81
207	5.31	57.1	21.2	11.3
207	5.13	40.7	24.3	50.8
207	4.89	50.7	10.9	52.8
206	5.92	-10.2	12.6	54.3
206	5.19	6.71	17.9	47.2
206	4.57	6.7	6.46	60.5
206	4.42	6.86	33.4	38.9
206	4.36	-3.49	3.47	61.3
206	4.06	-13.6	20.9	41.6
205	7.16	-54.5	1.53	40.5
205	5.82	-64.8	9.11	22.5
205	5.51	-47.8	6.2	28.2
205	4.74	-54.4	3.22	51.5
204	4.41	-30.9	25.3	1.77
204	4.4	-27	47.4	14.8
204	4.25	-13.7	37.1	16.2
204	3.86	-33.6	55.8	24.8
204	3.52	-44	47	9.67
204	3.4	-20.7	25.8	7.04
203	4.38	2.33	-1.14	-11.5
203	4.22	-20.9	26.6	-10
203	4.2	-11.1	3.36	-6.29
203	4.16	-24.7	8.61	-18.1
203	3.98	-21.1	24	-26.6
203	3.86	-21.1	13.5	-7.76
202	4.66	33.8	57	0.0605
202	4.22	13.6	69	-12.8
202	3.68	33.7	49.6	-4.3
202	3.62	37.1	58.5	-11.6
202	3.57	30.6	58.8	11.1
202	3.53	43.8	49.4	-4.54
201	4.82	-54.2	38.3	17.1
201	3.64	-61.2	31.1	12.9
201	3.25	-61	23.8	31.1
200	4.88	-10.1	50.1	13.8
200	4.09	0.266	66.2	10.7
200	3.94	0.257	60.5	17.4
200	3.92	-17	51.9	2.39
199	4	-6.82	57.3	-4.49
199	3.96	-20.5	50.3	-8.54
199	3.93	-3.23	67.9	-0.78
199	3.78	-17	56.8	-9.76
199	3.68	-6.89	62.2	-16.6
199	3.43	-13.4	70.6	-6.62
198	6.42	-37.5	-0.535	51.7
198	5.66	-37.4	6.01	50.5
197	4.24	-10.8	6.74	15.7
197	4.15	-30.5	30.3	34.8
197	3.73	-17.6	3.65	16.5
197	3.58	-13.9	17.5	19.6
197	3.56	-27.3	22	24.9
197	3.38	-24.3	12.8	9.4
196	4.75	-45.8	-33.5	-32.8
196	4.04	-38.6	-18	-18.7
196	3.96	-31.9	-21.5	-18.3
196	3.88	-42.3	-31.9	-21.9
196	3.54	-49.1	-35	-21.2
195	4.59	28.4	-68.2	-6.26
195	4.53	15.1	-54.8	-8.22
195	4.32	25.1	-59.2	-13.4
194	4.18	25.9	13.6	-43
194	4.17	29	7.72	-59.1
194	3.79	35.6	-2.29	-57.5
194	3.38	32.6	19.1	-49.8
193	5.08	-28.3	20	-53.9
193	3.81	-24.9	11.8	-41.3
192	4.14	-44.7	31.3	-27.1
192	4.08	-48.2	24.8	-25.9
192	3.49	-34.5	37.5	-28.5
192	3.35	-31.4	29.2	-38.5
192	3.34	-58.2	25.9	-20.2
192	3.33	-41.6	28.6	-43.7
191	4.43	-62.9	-54.2	-17.4
191	4.33	-49.3	-66	-4.43
191	3.74	-59.6	-67.4	-15.2
191	3.53	-42.5	-62.1	0.341
190	4.45	43.2	28.8	-29.2
190	3.58	39.5	17.4	-38.4
189	4.4	-19.5	-104	-4.37
189	4.09	-16.1	-94.9	-11.7
189	4.02	-26.3	-84	-30.2
188	4.21	-51.2	28.3	-3.83
187	5.39	-13.8	-26.5	83.8
187	5.18	-17.1	-19.8	82.7
187	3.71	-17.3	-24.8	72.3
186	4.63	-65.4	-50.6	49.9
186	4.56	-68.5	-30.8	46.5
186	4.33	-65.2	-37.5	47.6
186	3.97	-72.1	-41.4	42.8
185	4.25	-8.17	-1.79	-39.4
185	3.66	5.57	8.49	-35.9
185	3.49	-1.45	-5.26	-39
185	3.44	-4.57	8.78	-35.7
184	5.46	6.58	-17.2	81.6
184	3.81	16.8	-10.9	80.2
184	3.76	13.2	-15.8	69.9
183	4.65	-27.3	-11.4	70.2
182	3.5	-36.8	68.1	17.1
182	3.48	-29.9	69.6	27.9
182	3.27	-19.9	68.5	22.2
181	3.9	-75.7	-27.6	0.929
181	3.53	-72.5	-40.8	3.13
181	3.43	-75.8	-33.3	7.57
180	3.88	-68.7	-21.9	16.7
179	3.82	-75.6	-39.7	31.3
179	3.19	-68.7	-30.1	29.4
178	3.96	25.7	-44.3	17.9
178	3.87	12.4	-30	21.5
177	3.75	45.9	4.81	-53.4
176	3.62	-28.6	-59.1	22
176	3.23	-28.5	-52.6	20.9
175	4.17	56.2	-24.7	-3.31
174	4.73	-65.1	-17.1	27.1
173	3.86	2.96	5.61	32.5
172	4.36	17.2	65.8	10.3
171	4.3	-62.5	-31.3	-21.4
170	3.75	-57.7	45.7	-1.02
170	3.65	-50.9	45.5	-1.18
169	4.69	-48.4	19.8	-36.4
168	4.98	7.31	71.8	26.5
167	3.6	-16.5	73.3	9.97
166	4.49	-58.4	-45.8	60.1
165	4.18	13	6.91	20.7
164	3.87	-3.51	-7.94	74.6
163	4.06	-55.2	-39.4	36.3
162	4.17	-56.6	-68.5	-43.4
161	4.08	-30.7	47.3	-7.73
160	4.11	21.7	-28.1	-52.6
159	4.55	20.9	74.7	25.6
159	4.15	27.5	72.9	14.4
158	4.05	-8.01	-0.105	-28.4
157	3.56	43.6	-25.7	76.4
156	3.97	-4.01	20.4	-3.8
156	3.66	2.75	20.2	-3.95
155	4.28	-68.3	-25.9	57
155	3.38	-61.6	-26.9	51.3
154	4.43	-20.7	45.4	-19
153	3.88	56.3	7.06	-37.1
152	3.93	37.8	62.8	38.5
151	3.71	-28.9	-30.7	-33.8
150	3.57	66.9	-11	22.3
149	3.45	-55.1	-27.2	28.5
149	3.4	-62	-31.1	23.8
148	3.33	-36	-76.2	-3.04
147	4.08	-30.8	-29.3	84.7
146	3.82	-50	-78.5	-41.8
146	3.72	-46.6	-84.3	-35.3
145	3.6	-7.04	-29.1	89.7
144	3.93	-21.6	-36.4	17.9
143	4.48	-0.644	34.1	-23.2
142	3.55	-72.4	-19.5	-11.9
141	3.62	14.8	-65.4	-12
140	3.4	-10.4	19.1	30.5
139	3.8	34.1	57.1	22.6
138	3.87	-10.6	-33.9	79.3
137	3.93	-32	-0.376	-55.9
136	3.67	-16	-102	6.56
135	3.42	-40.9	-20	77.8
134	3.66	-19.1	-49	-42.2
133	4.62	-4.12	-48.1	76
132	3.36	-6.23	60.8	40.1
131	3.86	-12.9	-99.9	-22.2
130	4.3	13	-18.3	53.3
129	3.42	-48.5	-62.5	62.8
128	3.88	6.06	-50.8	81.8
127	4.09	-32.9	-96.8	-5.2
126	3.43	-12.3	-74.5	-9.67
125	3.36	35.3	-56.2	-14.2
124	3.52	-61.9	-13.2	9.34
123	3.43	-7.8	4.86	-17.9
122	3.29	-11.2	-12.2	2.07
121	3.17	5.97	12.7	-8.4
120	3.78	79.8	-28.7	-3.29
119	3.74	-0.945	16.9	-25.9
118	3.65	-37.9	26.2	-15.2
117	3.28	-32	-39.5	-3.89
116	3.46	1.71	-47	-3.54
115	3.37	6.21	40.5	-24.5
114	3.39	-66	-49.2	-6.89
113	3.36	-38.7	-30.3	-11
112	3.86	76.3	-44.1	5.15
111	3.54	-16.6	19.5	75.9
110	3.83	48.4	-52.6	-54.8
109	3.33	-6.76	1.98	73
108	4.06	-19.5	-81.8	-36.5
107	3.93	47.5	25	56.1
106	3.28	-20.4	3.95	61.7
105	3.64	53.5	-34.2	66.3
104	3.26	34.3	50.7	46.4
103	3.24	-47.4	16.1	49.1
102	4.17	-35.1	-72.7	64.2
101	4.53	-26.6	57.3	35.7
100	3.17	-17.3	1.32	45.1
99	3.69	57.1	-4.06	44
98	3.34	46.3	22.9	-45.2
97	3.28	-6.39	59.1	29.1
96	3.55	-12.4	-66.3	-22.4
95	3.27	-19.2	-36	-67
94	3.27	-26.9	68.6	-0.225
93	4.11	-32.4	-90.9	33.3
92	3.41	26.1	27.6	-39.8
91	3.9	-72.5	-17.9	-23.5
90	3.92	-38.4	6.46	-34.3
89	3.76	7.24	76.7	14.4
88	3.63	9.55	-7.68	34.6
87	3.27	20.4	41.1	25.8
86	4.11	37.5	68.5	9.28
85	3.11	-72.6	-32.6	-9.59
84	3.62	-2.24	-33.2	-68
83	3.1	-12.2	-56.5	-24.1
82	3.38	2.13	-0.392	-28.6
81	3.39	69.4	-30.9	-19.6
80	3.14	-2.09	-37.3	-50.4
79	3.18	25.4	-24.8	-30.7
78	3.21	55.4	-41.3	-45.6
77	3.35	-25.9	-83.1	-2.13
76	3.41	38.5	-40.8	-45.2
75	3.66	-44.5	44.4	-29.4
74	3.52	53.3	28.5	-29.4
73	3.66	-55.6	4.41	-50.4
72	3.29	19	3.99	-41.2
71	3.72	-39.2	-57.3	-11.9
70	3.39	-65.2	15.5	-23.8
69	3.16	-18.2	-0.661	-33.7
68	3.14	-48.7	10.8	-51.7
67	3.18	-72.5	-8.95	-30.7
66	3.53	-52.4	-14.5	-41.6
65	3.39	12.1	-8.07	-33.2
64	3.54	-33.1	-96.1	-22.3
63	3.27	-3.97	43.2	-30.4
62	3.31	-71.7	-20.9	44.9
61	3.28	19.6	-16.9	41.6
60	3.29	67.5	24.3	33.1
59	3.51	25.7	-75.2	57.2
58	3.31	-58.6	-56.5	56.4
57	3.18	-17.9	-44.5	53.1
56	3.14	-68.2	-13.6	49.2
55	3.3	-57.5	25.4	42.1
54	3.16	-23.2	63.7	34.4
53	4.37	-25	-76.2	64.5
52	3.11	-31	-20.4	54.9
51	3.84	-47.2	35.8	45.6
50	3.24	20.8	60	39.5
49	3.25	-10.6	-20.1	60
48	3.11	15.5	-44	18.2
47	3.67	-37.2	14.2	60.4
46	3.67	40	-36.2	72.6
45	3.12	30	-29.4	71.7
44	3.11	-51.1	-23.8	73.1
43	3.64	33.5	-16.4	69.4
42	3.4	-9.82	30.7	62.4
41	3.25	-3.01	33.8	61.7
40	3.18	10.7	46.5	59.1
39	3.97	12.8	-54.3	82.2
38	3.16	43.9	-6.01	72.9
37	3.12	3.83	34.4	67
36	3.43	9.74	-33.7	84.4
35	3.24	-3.61	-20.2	82.4
34	3.26	13.3	-26.4	88.7
33	3.64	6.57	-22.9	88.2
32	3.45	24.1	51	46.6
31	3.33	76.6	-7.36	-18.2
30	3.52	-72.1	0.127	-15.3
29	3.18	-62.5	-41.9	-2.61
28	3.14	-61.9	-2.59	-9.46
27	3.21	73.4	0.127	-13.8
26	3.11	43.5	40.3	-19.9
25	3.46	1.12	-95.2	10.5
24	4.05	-32.1	-48.5	3.32
23	3.12	-15.1	-45.7	2.36
22	3.55	69.4	-53.8	7.02
21	3.18	-30.5	60.4	-10
20	3.17	76.5	-33.5	8.94
19	3.12	-24.6	-4.39	6.75
18	3.1	-21.1	2.06	5.53
17	3.42	-17.9	-38.8	46.5
16	3.65	-32.2	-72.1	24.4
15	3.87	-0.602	12.2	8.85
14	3.09	54	46.6	1.3
13	3.31	16.9	57.5	0.457
12	3.36	44.1	66.6	-1.89
11	3.22	76.7	-28.5	19.4
10	3.86	6.24	12.8	14.2
9	3.28	-37.5	27.1	12.9
8	3.13	-10	59.1	6.6
7	3.34	20.7	75.5	8.53
6	4.06	18.5	-90.7	43.2
5	3.2	-27.5	5.63	27.7
4	3.18	9.87	20.9	24
3	3.25	-17.8	-29.8	39.3
2	3.29	67.3	10.3	29.8
1	3.2	6.08	11.1	3.18
