Cluster Index	Voxels	Z-MAX	Z-MAX X (mm)	Z-MAX Y (mm)	Z-MAX Z (mm)	Z-COG X (mm)	Z-COG Y (mm)	Z-COG Z (mm)
203	263	4.56	44.8	-80.3	-24.2	5.11	-82.5	-36.3
202	181	4.99	-34.4	31.5	-27.3	-26.8	35.6	-22.4
201	142	4.86	30	35.6	-33.6	22	33.9	-35.6
200	135	6.01	39.8	-64.8	17.7	39.8	-51.6	-4.38
199	132	5.84	-45.1	-61	-11.9	-37.5	-60.1	-17.9
198	76	4.8	-32.3	-55.1	23	-28.9	-43	35.3
197	47	4.92	37.1	-31.4	50.5	34.7	-32.5	44.7
196	36	5.49	38.4	-45.3	20.2	40.3	-45.4	24.5
195	30	4.38	4.69	50	8.18	0.102	52.1	5.8
194	30	4.93	-41	20.2	28.1	-37.7	20.2	29.4
193	29	4.63	40	33	-0.805	39.2	35.1	2.03
192	24	4.11	0.0633	-69.6	-43.5	3.63	-68.8	-44.1
191	22	4.88	-50.9	18.6	9.95	-53.3	19	10.9
190	22	4.35	9	34.8	22.3	5.59	36.8	25.7
189	21	3.69	-15.2	-51.7	-3.17	-22	-44.9	-2.35
188	21	4.35	13.5	78	-43.1	18.7	72.9	-40.4
187	20	3.91	-59.3	46.1	-16.7	-50.9	51.6	-11.8
186	19	3.88	42	54.6	-17.9	35	54.3	-14.4
185	19	4.57	-22.1	8.14	-71.1	-22.8	7.61	-71.8
184	18	4.27	-25.2	-55.8	4.85	-19.2	-61.1	10.8
183	16	4.11	35.2	-43	-6.01	29.4	-38.9	-4.8
182	15	3.92	63.5	-56.8	-23.1	61.5	-53.7	-33.7
181	15	5.29	-55.8	-12	31.5	-54	-14	32.3
180	15	4.47	8.21	-48.7	8.51	7.84	-50.4	7.64
179	14	4.29	-45.6	50.6	-56	-44	48.6	-54.9
178	13	4.04	50.7	-22	-9.95	50.8	-18.4	-10.9
177	12	4.56	-55.8	-59.4	24.4	-56.2	-55.7	22.5
176	11	4.06	-1.04	36.7	-3.96	5.06	39.3	-3.38
175	11	3.92	17.1	-66.8	-63.1	16.4	-61.2	-65.4
174	11	4.44	31.2	66.5	-30.5	32	64.6	-31.1
173	10	4.8	25.6	49	-28	23.9	49.9	-27.4
172	10	4.34	29.6	-52.5	-57.4	27.7	-53.5	-58.2
171	9	4.6	52.3	-3.19	30.4	51.3	-2.74	32
170	9	4.14	-17.9	43.2	-51.4	-14.3	37.7	-48.5
169	9	3.71	-19.9	71.5	-53.3	-18	65.1	-56.1
168	8	3.7	29.9	27.6	20.3	29.4	28.7	26.6
167	8	4.2	-6.42	-85.1	26.5	-8.99	-83.2	25.5
166	8	4.36	46.3	-62.7	29.3	47.5	-61.2	28.5
165	8	3.83	-17.8	-54.4	-64.2	-22.8	-53.2	-64.9
164	8	3.67	17.1	28.5	-55.3	20.6	28.4	-55.1
163	8	3.88	-5.94	67.6	-63.4	0.801	60.6	-59.6
162	7	3.71	-54.9	-22	17.9	-50.7	-21.8	18
161	7	3.87	-11.5	36	27.2	-13.9	34.9	24.3
160	7	4.04	25.5	7.76	-69.4	24.5	9.37	-70.3
159	7	4.24	-54.2	11.6	50.7	-53.2	10.5	51.3
158	6	4.66	57	37.1	-33.5	56.9	38.5	-34.2
157	6	4.62	-41.4	-69.2	17.4	-40.9	-68.4	17
156	6	4.27	-64	6.42	40.6	-64.6	5.99	40.8
155	6	3.63	21.2	-87	3.44	26.1	-85.3	2.71
154	6	4.09	-51.5	32.9	-22.3	-51.1	33.4	-22.5
153	5	3.54	68.8	-38.2	-7.4	67.8	-41.8	-5.61
152	5	4	-15.1	-2.45	-15.7	-14.5	-1.41	-16.2
151	5	4.07	-50.7	-31.1	-2.24	-52.2	-27.8	-3.98
150	5	4.18	17.3	-35.9	27.2	18	-34.6	26.6
149	5	3.59	4.92	55.1	-44.2	6.32	54.5	-43.9
148	5	4.15	37	-73.9	22.2	34.9	-75.2	22.8
147	5	4.03	-16.7	5.84	73.5	-15.3	5.42	73.8
146	5	4.48	-5.2	7.8	-57.9	-5.53	6.72	-57.4
145	5	3.74	31.3	21.7	-63.8	36.9	24.8	-65.3
144	5	3.67	-9.54	-46.4	62.9	-9.13	-42.7	64.7
143	5	3.32	28.3	1.44	27.3	26.1	4.15	27.1
142	4	3.25	-59.2	-14.1	51.2	-59.1	-15.5	50.3
141	4	3.18	-40.7	-74.9	-10.9	-44.1	-74.5	-9.61
140	4	3.62	-69.5	-10.4	36.5	-69.8	-6.19	34.4
139	4	3.66	-54.3	-36.3	50.1	-56.1	-33.6	48.7
138	4	3.35	-36.6	-47.3	56.2	-33.5	-43.4	54.4
137	4	3.98	7.9	13.2	-47.8	7.07	13.2	-47.8
136	4	3.54	-32.9	15.2	-62.6	-37	16.5	-64.8
135	4	3.74	-6.02	18.4	-50.9	-4.45	19.8	-51.6
134	4	3.36	-60.2	14.2	-38	-58.6	15.7	-38.7
133	4	3.46	52.3	50.9	-3.25	50.6	52.3	-4
132	4	3.77	-49.3	-43.8	-45.6	-46.8	-44.4	-45.2
131	4	3.93	-22.3	56.5	-45.8	-23.9	56.5	-45.9
130	4	3.96	-47.3	-32.2	10.9	-50.5	-33.7	11.6
129	4	3.59	3.97	69.9	-51.8	5.58	70	-51.8
128	3	3.65	57.4	-23.5	9.73	55.2	-22.7	9.26
127	3	3.56	26.2	-12.1	-9.51	26	-9.19	-11
126	3	3.3	-48.5	-62.4	1.24	-50.8	-61.5	0.727
125	3	3.27	-48.9	44.3	-21.7	-48.9	44.5	-23.9
124	3	4.07	9.1	-3.3	-51.9	5.77	-1.78	-50.8
123	3	3.57	-56.3	-43.1	-27.5	-57.3	-45.1	-26.5
122	3	3.78	-44.6	-31.1	60.3	-46.8	-30.3	59.8
121	3	4.12	-57.1	-31.3	-33.5	-58.1	-32.2	-33.1
120	3	3.39	-0.13	28.1	-30.7	-2.28	27	-30.2
119	3	3.35	50.1	-7.64	-42.2	48	-9.46	-43.3
118	3	3.61	-36.3	0.274	32.1	-35.2	1.28	31.7
117	3	3.75	-20.1	-33.7	12.5	-18.9	-34.6	13
116	3	3.38	-6.38	72.3	-53.3	-5.19	71.3	-52.8
115	3	3.48	47.2	-24.1	9.69	46	-22.2	8.7
114	3	3.46	-57.6	26.2	-44	-58.6	25.1	-43.5
113	3	3.69	-65.4	-15.4	1.77	-67.5	-16.4	2.23
112	3	3.34	-65.3	33.9	-10.7	-62	34.1	-10.7
111	2	3.39	2.06	30.6	61.6	3.72	30.7	61.6
110	2	4.12	64.3	27.3	-15.9	65.9	27.4	-15.8
109	2	3.55	-21.4	26.4	63	-21.3	25	63.7
108	2	3.65	-14.2	22.7	46.4	-14.1	21.3	47.1
107	2	3.69	67.3	-20.6	14.8	67.4	-22.1	15.5
106	2	3.21	49.1	-54.9	37.9	47.4	-55	37.9
105	2	3.21	-12.2	-52.3	34.6	-13.9	-52.4	34.6
104	2	3.68	-36.4	-2.25	58.3	-38	-2.34	58.3
103	2	3.4	45.8	42.1	25.9	44.1	42	25.9
102	2	3.4	9.86	79.5	-31.6	9.95	78.1	-30.8
101	2	3.94	4.5	-49.1	39.7	4.41	-47.7	39.1
100	2	3.94	-14.3	26.9	31.8	-12.8	27	31.8
99	2	3.96	73.9	-18.6	26.4	72.3	-20.1	27.1
98	2	3.84	-14	75.1	1.11	-15.6	75	1.11
97	2	3.59	-7.09	78	-25.1	-7	76.5	-24.3
96	2	3.33	35.1	50.4	21.4	33.7	47.8	19.7
95	2	3.29	-0.301	24.3	8.62	-2.04	25.6	7.88
94	2	3.53	-56.6	-0.829	32.1	-54.9	-0.74	32.1
93	2	3.18	-25	36.5	14.1	-23.3	36.6	14.1
92	2	3.24	35.4	-92	-24.7	33.6	-91	-22.3
91	2	3.79	-61.8	37.8	-50	-61.7	36.4	-49.3
90	2	3.31	-5.24	-94.9	-18.3	-6.9	-95	-18.3
89	2	3.59	16.7	-13.5	-58.9	15.1	-13.6	-58.9
88	2	3.34	50	-2.79	-63.3	50.1	-4.23	-62.6
87	2	3.77	20.9	24.1	-65.4	22.5	25.6	-66.1
86	2	3.79	41.4	-31.9	-30.2	41.4	-30.5	-30.8
85	2	3.29	-60.4	-36.3	-12.4	-58.7	-36.2	-12.4
84	2	3.66	-4.85	1.25	-48.4	-6.48	1.16	-48.4
83	2	3.32	-58.7	-62.9	1.2	-58.8	-61.5	0.467
82	2	3.98	-12.5	-91.8	4.83	-11	-91.8	4.83
81	2	3.35	-13.5	-78.3	10.4	-11.7	-80.8	8.68
80	2	3.58	41.1	-80	0.491	39.5	-80.1	0.486
79	2	3.29	-7.07	-70.8	-5.7	-6.97	-72.2	-4.95
78	2	4.45	-7.17	36.1	-59.9	-5.56	36.2	-59.9
77	2	3.21	-4.3	-8.26	-37.3	-2.63	-8.17	-37.3
76	2	3.28	27.8	20.2	-50.8	26.3	18.7	-50
75	2	3.85	21	-75.5	-58.5	19.4	-75.5	-58.5
74	2	3.51	-54.5	28.1	-32.4	-54.6	29.5	-33.1
73	2	4.16	-0.661	-71.2	32.1	0.906	-71.1	32.1
72	2	3.32	76.2	2.51	-15.4	74.8	-0.162	-17.1
71	2	3.34	-0.805	-52.9	-70.7	-2.45	-53	-70.7
70	1	3.13	3.05	16.5	62.5	3.05	16.5	62.5
69	1	3.23	-20.7	21.9	21.6	-20.7	21.9	21.6
68	1	3.15	-32.7	11.6	-54.5	-32.7	11.6	-54.5
67	1	3.38	12.8	22.9	59.6	12.8	22.9	59.6
66	1	3.23	-60.7	10.8	26	-60.7	10.8	26
65	1	3.36	3.21	12.9	70.6	3.21	12.9	70.6
64	1	3.56	-27.8	20.1	66	-27.8	20.1	66
63	1	3.15	-24.9	-56.9	-13.3	-24.9	-56.9	-13.3
62	1	3.53	69.2	-2.9	37	69.2	-2.9	37
61	1	3.12	0.34	-70.6	-61.6	0.34	-70.6	-61.6
60	1	3.17	-23.1	-33	-25.3	-23.1	-33	-25.3
59	1	3.4	9.97	74.7	-10.4	9.97	74.7	-10.4
58	1	3.49	-32.1	42.7	4.52	-32.1	42.7	4.52
57	1	3.21	5.17	-15.5	72.6	5.17	-15.5	72.6
56	1	3.32	-15	40	12.6	-15	40	12.6
55	1	3.5	13.6	65.8	25.4	13.6	65.8	25.4
54	1	3.17	11.2	-82.6	-49	11.2	-82.6	-49
53	1	3.09	51.8	21.1	-75.4	51.8	21.1	-75.4
52	1	3.33	59.7	3.68	-66.3	59.7	3.68	-66.3
51	1	3.39	25.5	41.6	19.3	25.5	41.6	19.3
50	1	3.35	24.9	-32	-68	24.9	-32	-68
49	1	3.65	30.8	10.3	54	30.8	10.3	54
48	1	3.1	-42.7	-7.27	48.2	-42.7	-7.27	48.2
47	1	3.19	-30.2	-74.8	-35.5	-30.2	-74.8	-35.5
46	1	3.27	-15.1	-97.1	-30	-15.1	-97.1	-30
45	1	3.1	28.7	-10.6	64.6	28.7	-10.6	64.6
44	1	3.64	-13.1	-22.8	-67.6	-13.1	-22.8	-67.6
43	1	3.11	18.9	-17.1	67.6	18.9	-17.1	67.6
42	1	3.37	10.9	-42.2	30.2	10.9	-42.2	30.2
41	1	3.46	-31.1	36.5	-48.4	-31.1	36.5	-48.4
40	1	3.16	-5.44	-52	34.7	-5.44	-52	34.7
39	1	3.11	-45.9	-57.1	36	-45.9	-57.1	36
38	1	3.27	-18	-67.5	42.1	-18	-67.5	42.1
37	1	3.33	-44.4	26.7	-12.7	-44.4	26.7	-12.7
36	1	3.17	-75.6	-16.5	8.29	-75.6	-16.5	8.29
35	1	3.09	4.22	68.2	-63.3	4.22	68.2	-63.3
34	1	3.38	-38.4	-62.5	7.82	-38.4	-62.5	7.82
33	1	3.12	-42.9	57.1	-34.3	-42.9	57.1	-34.3
32	1	3.35	56.2	-55	13.2	56.2	-55	13.2
31	1	3.35	-24.3	-17.8	-8.17	-24.3	-17.8	-8.17
30	1	3.19	71.5	23	-25.9	71.5	23	-25.9
29	1	3.34	-3.38	23.7	-16.1	-3.38	23.7	-16.1
28	1	3.6	73	-1.89	-0.763	73	-1.89	-0.763
27	1	3.22	52.3	57.6	-44.1	52.3	57.6	-44.1
26	1	3.46	-46	55.3	-45.9	-46	55.3	-45.9
25	1	3.16	68.3	19.3	-17.9	68.3	19.3	-17.9
24	1	3.25	24.8	61.4	-40.6	24.8	61.4	-40.6
23	1	3.17	16.8	-79.2	36.7	16.8	-79.2	36.7
22	1	3.12	-18	-66.2	29	-18	-66.2	29
21	1	3.31	-57.2	21.5	-54.1	-57.2	21.5	-54.1
20	1	3.19	-37.1	25.6	-55.5	-37.1	25.6	-55.5
19	1	3.33	27.1	73.3	-15.4	27.1	73.3	-15.4
18	1	3.27	-3.4	30.4	-56.9	-3.4	30.4	-56.9
17	1	3.26	-23.7	29.3	-57	-23.7	29.3	-57
16	1	3.25	-71.9	-24.2	31	-71.9	-24.2	31
15	1	3.47	-39.5	-52.1	46.1	-39.5	-52.1	46.1
14	1	3.38	-7.55	42	-62.9	-7.55	42	-62.9
13	1	3.27	34.3	68.4	-18.9	34.3	68.4	-18.9
12	1	3.26	-31.7	38	-5.57	-31.7	38	-5.57
11	1	3.37	5.25	0.541	-35.3	5.25	0.541	-35.3
10	1	3.16	-5.98	-89.8	16.4	-5.98	-89.8	16.4
9	1	3.16	-47.9	-71.3	5.76	-47.9	-71.3	5.76
8	1	3.82	75	-29	-11.9	75	-29	-11.9
7	1	3.3	-70.9	-31	-15.4	-70.9	-31	-15.4
6	1	3.25	65.4	15.1	-34.5	65.4	15.1	-34.5
5	1	3.12	-1.39	43.3	-13.5	-1.39	43.3	-13.5
4	1	3.71	58.2	20.6	-37.6	58.2	20.6	-37.6
3	1	3.27	0.69	17.5	-37.8	0.69	17.5	-37.8
2	1	3.13	-9.97	-34.4	25.6	-9.97	-34.4	25.6
1	1	3.37	20.4	27.5	-42.2	20.4	27.5	-42.2
