Cluster Index	Voxels	Z-MAX	Z-MAX X (mm)	Z-MAX Y (mm)	Z-MAX Z (mm)	Z-COG X (mm)	Z-COG Y (mm)	Z-COG Z (mm)	COPE-MAX	COPE-MAX X (mm)	COPE-MAX Y (mm)	COPE-MAX Z (mm)	COPE-MEAN
149	795	7.47	40.6	25	15	22.9	30.5	16.9	632	12.5	75	10	168
148	243	7.49	50	-21.9	25	48.8	-32.6	18.9	428	46.9	-40.6	40	135
147	161	4.56	-31.2	34.4	-5	-22.7	38.1	0.528	479	-3.12	12.5	-20	199
146	151	7.26	-53.1	6.25	25	-49.1	9.33	23.3	218	-62.5	18.8	5	117
145	66	6.76	34.4	-68.8	-20	30.2	-65.9	-18.6	323	28.1	-71.9	-25	171
144	65	5.04	-43.8	-28.1	25	-41.6	-35.4	24.9	241	-28.1	-50	30	131
143	42	4.95	-53.1	43.8	10	-50.3	43	14.3	357	-46.9	46.9	10	183
142	27	4.03	-12.5	-78.1	-45	-9.9	-73.6	-57.4	203	3.12	-75	-55	142
141	24	4.41	15.6	-43.8	10	12.3	-54.4	13.1	263	12.5	-59.4	15	162
140	17	4.77	-46.9	-34.4	0	-49	-34.8	-3.64	200	-50	-40.6	-5	125
139	16	4.71	-21.9	-75	-15	-26.8	-72.1	-19.2	224	-21.9	-75	-15	142
138	15	4.67	12.5	-59.4	-75	20.5	-56.2	-75	415	21.9	-56.2	-75	226
137	15	4.72	-25	-56.2	-75	-19.5	-56.8	-75	590	-25	-56.2	-75	298
136	13	4.48	-46.9	-50	-25	-47.1	-51.6	-26.1	204	-43.8	-59.4	-25	156
135	13	4.37	-50	-31.2	-35	-43.5	-30.8	-35	223	-50	-31.2	-35	166
134	13	3.91	-37.5	-56.2	-35	-36.1	-49.5	-40.3	533	-34.4	-50	-40	295
133	12	4.03	0	12.5	20	2.98	7.66	20.8	142	-3.12	12.5	20	93.8
132	11	3.71	-31.2	-46.9	-25	-30.1	-56.8	-25	217	-31.2	-50	-25	163
131	10	4.39	-12.5	15.6	5	-13.5	14.5	4	508	-9.38	12.5	0	247
130	9	4.32	50	-9.38	-15	50.4	-10.7	-12.4	155	53.1	-9.38	-15	121
129	8	4.64	-56.2	-40.6	35	-57.5	-41.1	33.9	250	-56.2	-46.9	30	183
128	8	4.53	-40.6	-62.5	-15	-37.9	-64.8	-15	185	-37.5	-65.6	-15	134
127	8	4.45	-59.4	-15.6	-35	-58.5	-13.7	-34.5	201	-56.2	-12.5	-35	127
126	7	4.87	-62.5	-9.38	10	-62.3	-8.01	10.6	178	-62.5	-9.38	10	134
125	6	4.26	31.2	75	10	31.7	74.4	10	329	31.2	71.9	10	175
124	6	3.64	-21.9	68.8	-15	-20.3	70.8	-13.4	430	-18.8	65.6	-15	259
123	6	3.93	9.38	-12.5	50	8.4	-13.5	47.6	126	6.25	-15.6	45	97.5
122	6	4.49	18.8	-71.9	30	13.3	-73.9	26.7	265	15.6	-75	25	190
121	5	4.04	-6.25	-6.25	55	-8.63	-5.09	55	242	-6.25	-6.25	55	167
120	5	3.91	-3.12	31.2	-30	-2.57	31.8	-30	244	-3.12	31.2	-30	163
119	5	4.24	-31.2	56.2	-10	-32.4	55.7	-10	168	-34.4	56.2	-10	135
118	5	4.44	-65.6	-21.9	35	-63.8	-21.4	35	192	-62.5	-21.9	35	140
117	5	4.22	-53.1	-31.2	15	-51.4	-30.7	12.1	167	-56.2	-31.2	15	126
116	4	3.91	-15.6	43.8	-25	-16.4	46	-25	204	-15.6	50	-25	161
115	4	3.52	-43.8	50	-25	-42.2	48.5	-25	316	-40.6	50	-25	267
114	4	3.59	-12.5	25	20	-12.6	23.5	20	150	-12.5	25	20	112
113	4	3.74	37.5	-21.9	55	36	-20.3	55	279	34.4	-21.9	55	192
112	4	4.67	-28.1	59.4	30	-27.4	60.8	30	290	-28.1	56.2	30	212
111	4	3.6	-40.6	-18.8	55	-38.4	-22.5	55	260	-34.4	-25	55	239
110	4	3.38	6.25	28.1	15	6.26	28.9	16.2	206	6.25	31.2	15	163
109	4	3.74	59.4	0	10	60.9	1.55	10	99.6	62.5	3.12	10	84.5
108	4	3.32	-25	6.25	-5	-22.7	8.6	-5	121	-21.9	9.38	-5	104
107	4	4.04	50	25	-40	51.5	23.5	-40	154	50	25	-40	131
106	4	3.15	15.6	34.4	45	14.9	32.8	43.8	228	12.5	31.2	45	183
105	3	3.42	-65.6	-21.9	-10	-63.6	-20.8	-10	185	-65.6	-21.9	-10	142
104	3	3.68	15.6	75	-15	14.7	73.9	-15	252	12.5	75	-15	201
103	3	3.48	-12.5	0	-10	-13.6	0.982	-10	69.4	-12.5	0	-10	65.8
102	3	3.59	-59.4	-21.9	5	-58.3	-22.9	5	152	-56.2	-21.9	5	137
101	3	3.68	-37.5	71.9	15	-35.5	70.9	15	132	-34.4	68.8	15	92.2
100	3	3.39	-21.9	-87.5	-5	-22.9	-85.4	-5	210	-25	-84.4	-5	166
99	3	4.08	9.38	-81.2	-5	9.45	-81.2	-5	133	6.25	-81.2	-5	112
98	3	3.39	-28.1	12.5	15	-26.1	12.5	16.6	65	-25	12.5	15	61.7
97	3	3.83	-50	53.1	-5	-50.9	53.3	-3.5	232	-50	53.1	-5	167
96	3	3.33	-12.5	65.6	5	-13.5	66.7	5	313	-12.5	68.8	5	235
95	3	3.45	3.12	-53.1	50	2.12	-55.1	50	437	3.12	-53.1	50	295
94	3	4.51	-18.8	-62.5	45	-15.8	-62.5	45	118	-18.8	-62.5	45	105
93	3	3.45	28.1	53.1	40	28.2	53	40	102	28.1	53.1	40	87.9
92	3	4.45	9.38	-12.5	35	8.34	-13.4	35	115	6.25	-12.5	35	96.1
91	3	4.35	-31.2	-40.6	-35	-31.2	-40.5	-35	200	-31.2	-40.6	-35	169
90	3	3.55	31.2	-37.5	-30	31.2	-37.5	-30	132	31.2	-37.5	-30	121
89	3	3.73	-68.8	-6.25	-25	-67.8	-5.17	-25	113	-65.6	-6.25	-25	82.1
88	3	3.87	50	3.12	30	51.1	3.12	28.5	122	53.1	3.12	30	102
87	3	3.37	-59.4	-28.1	-20	-56.3	-28.1	-20	131	-59.4	-28.1	-20	118
86	2	4.26	-31.2	-78.1	5	-31.2	-79.5	5	190	-31.2	-78.1	5	138
85	2	3.33	-18.8	-18.8	65	-17.2	-17.2	65	154	-18.8	-18.8	65	141
84	2	3.15	3.12	34.4	5	1.58	34.4	5	190	0	34.4	5	161
83	2	3.72	-18.8	18.8	60	-18.8	17.2	60	95.2	-18.8	15.6	60	86.9
82	2	4.1	40.6	28.1	45	40.6	26.7	45	96.4	40.6	25	45	87.6
81	2	3.47	-21.9	6.25	45	-20.4	6.25	45	94	-18.8	6.25	45	88.7
80	2	3.21	-18.8	0	45	-18.8	-1.54	45	72.9	-18.8	-3.12	45	66.7
79	2	3.46	15.6	46.9	20	17.2	46.9	20	134	18.8	46.9	20	130
78	2	3.82	-12.5	-75	25	-12.5	-73.5	25	125	-12.5	-71.9	25	113
77	2	4.09	31.2	65.6	35	29.8	65.6	35	93.6	31.2	65.6	35	87.2
76	2	3.31	-31.2	-15.6	35	-29.7	-15.6	35	74.5	-31.2	-15.6	35	68.3
75	2	3.47	15.6	-9.38	25	15.6	-10.9	25	69.7	15.6	-9.38	25	67.8
74	2	4.32	-34.4	-65.6	35	-33	-65.6	35	127	-31.2	-65.6	35	103
73	2	4.51	-25	-68.8	35	-25	-67.4	35	164	-25	-65.6	35	136
72	2	3.36	-18.8	6.25	30	-18.8	4.69	30	48.1	-18.8	3.12	30	48
71	2	3.58	62.5	-12.5	-30	61	-12.5	-30	101	59.4	-12.5	-30	95.2
70	2	3.61	68.8	9.38	-25	67.3	9.38	-22.7	106	65.6	9.38	-20	86.2
69	2	3.3	40.6	40.6	-45	39.1	42.2	-45	173	37.5	43.8	-45	163
68	2	3.58	-43.8	-25	-45	-45.3	-26.5	-45	181	-43.8	-25	-45	164
67	2	3.55	3.12	53.1	-25	3.13	51.6	-25	300	3.12	53.1	-25	227
66	2	3.72	-31.2	-75	-45	-29.8	-75	-45	105	-31.2	-75	-45	93.5
65	2	3.94	53.1	-50	-15	54.6	-50	-15	82.8	53.1	-50	-15	70.5
64	2	3.96	71.9	-12.5	-15	71.9	-10.9	-15	51.6	71.9	-12.5	-15	49.6
63	2	4.08	-37.5	-68.8	-50	-36	-67.3	-50	157	-34.4	-65.6	-50	127
62	2	4.19	9.38	-87.5	-5	7.92	-87.5	-5	89.7	9.38	-87.5	-5	79
61	2	3.51	-59.4	-31.2	-5	-59.4	-29.7	-5	127	-59.4	-31.2	-5	123
60	2	3.7	-59.4	-3.12	-5	-60.9	-3.12	-5	123	-62.5	-3.12	-5	114
59	2	3.22	9.38	0	-5	7.82	1.56	-5	87.4	9.38	0	-5	86.5
58	2	4.73	12.5	-46.9	-75	11.1	-46.9	-75	196	12.5	-46.9	-75	166
57	2	4.41	25	-75	-55	23.5	-75	-55	165	21.9	-75	-55	147
56	2	3.22	-37.5	-53.1	-55	-36	-53.1	-55	176	-37.5	-53.1	-55	172
55	2	3.31	12.5	-31.2	0	12.5	-31.2	2.42	71.6	12.5	-31.2	0	68.9
54	1	3.4	50	-18.8	-55	50	-18.8	-55	226	50	-18.8	-55	226
53	1	3.11	50	-3.12	-35	50	-3.12	-35	119	50	-3.12	-35	119
52	1	3.17	-12.5	-34.4	35	-12.5	-34.4	35	167	-12.5	-34.4	35	167
51	1	3.51	-59.4	-31.2	-35	-59.4	-31.2	-35	123	-59.4	-31.2	-35	123
50	1	3.29	21.9	-46.9	-35	21.9	-46.9	-35	180	21.9	-46.9	-35	180
49	1	3.13	-25	40.6	-40	-25	40.6	-40	79	-25	40.6	-40	79
48	1	3.38	59.4	18.8	35	59.4	18.8	35	46.1	59.4	18.8	35	46.1
47	1	3.1	31.2	-28.1	-75	31.2	-28.1	-75	204	31.2	-28.1	-75	204
46	1	3.14	53.1	-21.9	-40	53.1	-21.9	-40	163	53.1	-21.9	-40	163
45	1	3.44	-12.5	-15.6	40	-12.5	-15.6	40	67.9	-12.5	-15.6	40	67.9
44	1	3.25	28.1	-18.8	60	28.1	-18.8	60	122	28.1	-18.8	60	122
43	1	3.35	37.5	-3.12	55	37.5	-3.12	55	61.9	37.5	-3.12	55	61.9
42	1	3.43	3.12	-56.2	-70	3.12	-56.2	-70	113	3.12	-56.2	-70	113
41	1	3.18	-15.6	53.1	45	-15.6	53.1	45	76.9	-15.6	53.1	45	76.9
40	1	3.09	6.25	-34.4	45	6.25	-34.4	45	87.7	6.25	-34.4	45	87.7
39	1	3.2	-40.6	31.2	45	-40.6	31.2	45	63.2	-40.6	31.2	45	63.2
38	1	3.48	18.8	-75	-45	18.8	-75	-45	190	18.8	-75	-45	190
37	1	3.38	6.25	46.9	50	6.25	46.9	50	141	6.25	46.9	50	141
36	1	3.1	46.9	25	-50	46.9	25	-50	96.1	46.9	25	-50	96.1
35	1	3.84	-53.1	21.9	-55	-53.1	21.9	-55	83.3	-53.1	21.9	-55	83.3
34	1	3.31	-50	-21.9	50	-50	-21.9	50	162	-50	-21.9	50	162
33	1	3.34	-28.1	-50	50	-28.1	-50	50	200	-28.1	-50	50	200
32	1	3.84	-37.5	15.6	45	-37.5	15.6	45	107	-37.5	15.6	45	107
31	1	3.46	34.4	-75	5	34.4	-75	5	85.2	34.4	-75	5	85.2
30	1	3.25	59.4	-34.4	5	59.4	-34.4	5	91.7	59.4	-34.4	5	91.7
29	1	3.46	-28.1	75	0	-28.1	75	0	67.2	-28.1	75	0	67.2
28	1	3.41	68.8	-15.6	5	68.8	-15.6	5	53.6	68.8	-15.6	5	53.6
27	1	3.09	-40.6	21.9	0	-40.6	21.9	0	62.9	-40.6	21.9	0	62.9
26	1	4.03	-3.12	21.9	0	-3.12	21.9	0	417	-3.12	21.9	0	417
25	1	3.09	18.8	53.1	5	18.8	53.1	5	96.9	18.8	53.1	5	96.9
24	1	3.1	-50	59.4	5	-50	59.4	5	64.4	-50	59.4	5	64.4
23	1	3.82	-31.2	-59.4	0	-31.2	-59.4	0	86.5	-31.2	-59.4	0	86.5
22	1	3.16	53.1	50	-5	53.1	50	-5	76.7	53.1	50	-5	76.7
21	1	3.4	3.12	21.9	-5	3.12	21.9	-5	242	3.12	21.9	-5	242
20	1	3.53	15.6	81.2	10	15.6	81.2	10	159	15.6	81.2	10	159
19	1	4.22	15.6	-78.1	15	15.6	-78.1	15	137	15.6	-78.1	15	137
18	1	3.2	-43.8	-43.8	15	-43.8	-43.8	15	90.5	-43.8	-43.8	15	90.5
17	1	3.36	68.8	-18.8	-5	68.8	-18.8	-5	57.7	68.8	-18.8	-5	57.7
16	1	3.17	-21.9	-59.4	20	-21.9	-59.4	20	240	-21.9	-59.4	20	240
15	1	3.62	-71.9	-21.9	-10	-71.9	-21.9	-10	74.1	-71.9	-21.9	-10	74.1
14	1	3.81	59.4	18.8	20	59.4	18.8	20	85.1	59.4	18.8	20	85.1
13	1	3.09	-62.5	-50	-20	-62.5	-50	-20	54.1	-62.5	-50	-20	54.1
12	1	3.26	12.5	-81.2	-20	12.5	-81.2	-20	148	12.5	-81.2	-20	148
11	1	3.54	28.1	-68.8	25	28.1	-68.8	25	126	28.1	-68.8	25	126
10	1	3.1	-56.2	-40.6	25	-56.2	-40.6	25	126	-56.2	-40.6	25	126
9	1	3.5	-68.8	-15.6	25	-68.8	-15.6	25	76.2	-68.8	-15.6	25	76.2
8	1	3.09	-53.1	46.9	-25	-53.1	46.9	-25	61.4	-53.1	46.9	-25	61.4
7	1	3.1	9.38	15.6	25	9.38	15.6	25	80.7	9.38	15.6	25	80.7
6	1	3.42	-21.9	-59.4	30	-21.9	-59.4	30	161	-21.9	-59.4	30	161
5	1	3.31	-68.8	-18.8	-25	-68.8	-18.8	-25	92	-68.8	-18.8	-25	92
4	1	3.78	34.4	-37.5	30	34.4	-37.5	30	135	34.4	-37.5	30	135
3	1	3.35	-65.6	-9.38	30	-65.6	-9.38	30	66.4	-65.6	-9.38	30	66.4
2	1	3.55	-56.2	-59.4	-25	-56.2	-59.4	-25	74.1	-56.2	-59.4	-25	74.1
1	1	3.46	-6.25	56.2	-30	-6.25	56.2	-30	148	-6.25	56.2	-30	148
