Cluster Index	Voxels	Z-MAX	Z-MAX X (mm)	Z-MAX Y (mm)	Z-MAX Z (mm)	Z-COG X (mm)	Z-COG Y (mm)	Z-COG Z (mm)
203	263	4.56	34.4	-65.6	-50	-2.37	-61	-59.6
202	181	4.99	-31.2	34.4	-5	-24	35.6	0.397
201	142	4.86	28.1	37.5	-10	20.7	37.2	-12.1
200	135	6.01	31.2	-68.8	-10	31.9	-48.8	-22.3
199	132	5.84	-46.9	-50	-30	-39.9	-47.2	-34.6
198	76	4.8	-34.4	-59.4	0	-30.3	-54	14.7
197	47	4.92	31.2	-53.1	30	28.9	-51.7	24.9
196	36	5.49	31.2	-53.1	0	33	-54.9	3.4
195	30	4.38	6.25	34.4	30	2.14	37.3	29.1
194	30	4.93	-37.5	3.12	35	-34.5	2.54	35.9
193	29	4.63	37.5	21.9	15	37	22.6	18.1
192	24	4.11	-6.25	-46.9	-60	-2.92	-46.1	-60.3
191	22	4.88	-46.9	9.38	20	-49.1	9.49	21
190	22	4.35	9.38	15.6	35	6.4	16.1	38.6
189	21	3.69	-18.8	-46.9	-20	-24.5	-41.1	-16.4
188	21	4.35	15.6	78.1	0	20.1	72.5	0
187	20	3.91	-53.1	43.8	10	-45	46.1	16
186	19	3.88	40.6	46.9	10	34.1	45.6	12.9
185	19	4.57	-21.9	31.2	-50	-22.6	31.1	-50.8
184	18	4.27	-28.1	-53.1	-15	-22.8	-60.3	-12.5
183	16	4.11	28.1	-40.6	-20	23.1	-37.4	-17.2
182	15	3.92	53.1	-46.9	-40	51.4	-39.9	-47.2
181	15	5.29	-53.1	-25	25	-51.6	-27	24.7
180	15	4.47	3.12	-50	-10	2.66	-51.1	-11.4
179	14	4.29	-40.6	62.5	-20	-39.3	60.3	-20
178	13	4.04	43.8	-21.9	-15	44.1	-18.4	-14.3
177	12	4.56	-56.2	-62.5	0	-56.4	-58.6	4.77e-06
176	11	4.06	0	28.1	15	5.78	29.8	16.3
175	11	3.92	9.38	-37.5	-75	9.1	-31.9	-74.6
174	11	4.44	31.2	62.5	5	31.9	61.1	3.79
173	10	4.8	25	46.9	0	23.5	47.5	0.887
172	10	4.34	21.9	-28.1	-65	20.1	-28.6	-66
171	9	4.6	46.9	-21.9	25	46	-22.1	26.5
170	9	4.14	-15.6	53.1	-20	-12.6	47.1	-20
169	9	3.71	-15.6	78.1	-10	-14.3	73.7	-14.9
168	8	3.7	28.1	9.38	30	27.8	7.86	35.5
167	8	4.2	-12.5	-87.5	-10	-14.8	-85.3	-10
166	8	4.36	37.5	-71.9	0	38.6	-70.3	0
165	8	3.83	-21.9	-25	-70	-26.5	-23.5	-70
164	8	3.67	15.6	40.6	-30	18.8	40.3	-30
163	8	3.88	-3.12	78.1	-20	2.66	70.3	-20
162	7	3.71	-53.1	-28.1	10	-49.2	-28.2	10
161	7	3.87	-9.38	15.6	40	-11.6	16	37.2
160	7	4.04	21.9	28.1	-50	21	29.9	-50
159	7	4.24	-50	-12.5	50	-49.1	-13.7	50
158	6	4.66	53.1	37.5	-10	53.1	39	-10
157	6	4.62	-43.8	-68.8	-10	-43.3	-67.9	-10
156	6	4.27	-59.4	-12.5	40	-60	-12.9	40
155	6	3.63	12.5	-81.2	-30	17.2	-79.7	-30
154	6	4.09	-46.9	34.4	0	-46.4	34.8	-9.54e-06
153	5	3.54	59.4	-37.5	-20	58.2	-41.2	-20
152	5	4	-15.6	0	-10	-15	1.06	-10
151	5	4.07	-50	-28.1	-10	-51.2	-24.5	-10
150	5	4.18	12.5	-46.9	10	13.2	-45.6	10
149	5	3.59	6.25	59.4	-10	7.51	58.7	-10
148	5	4.15	28.1	-78.1	-10	26.1	-79.4	-10
147	5	4.03	-15.6	-28.1	65	-14.4	-28.6	65
146	5	4.48	-6.25	25	-40	-6.61	23.9	-40
145	5	3.74	28.1	37.5	-40	33.5	40.5	-40
144	5	3.67	-12.5	-68.8	35	-11.9	-66.3	38
143	5	3.32	25	-15.6	25	23.1	-13.1	26
142	4	3.25	-56.2	-34.4	40	-56.3	-35.2	38.7
141	4	3.18	-43.8	-62.5	-35	-46.9	-62.5	-33.8
140	4	3.62	-65.6	-25	30	-65.6	-20.5	30
139	4	3.66	-53.1	-53.1	30	-54.6	-50.1	30
138	4	3.35	-37.5	-65.6	30	-34.4	-61.7	30
137	4	3.98	6.25	25	-30	5.49	25.1	-30
136	4	3.54	-31.2	34.4	-40	-35	36.6	-41.2
135	4	3.74	-6.25	31.2	-30	-4.71	32.7	-30
134	4	3.36	-56.2	25	-20	-54.7	26.5	-20
133	4	3.46	50	37.5	20	48.5	39	20
132	4	3.77	-50	-21.9	-50	-47.8	-22.7	-50
131	4	3.93	-18.8	62.5	-10	-20.2	62.6	-10
130	4	3.96	-46.9	-34.4	0	-49.9	-35.8	-4.77e-06
129	4	3.59	6.25	75	-10	7.74	75	-10
128	3	3.65	50	-31.2	0	48	-30.3	0
127	3	3.56	21.9	-12.5	-10	21.9	-9.44	-10
126	3	3.3	-50	-56.2	-20	-52.1	-55.2	-20
125	3	3.27	-43.8	43.8	5	-43.7	44.8	3.35
124	3	4.07	6.25	12.5	-40	3.29	13.5	-38.4
123	3	3.57	-56.2	-28.1	-35	-57.2	-30.2	-35
122	3	3.78	-43.8	-53.1	40	-45.8	-52.1	40
121	3	4.12	-56.2	-15.6	-35	-57.2	-16.6	-35
120	3	3.39	0	31.2	-10	-2.04	30.2	-10
119	3	3.35	43.8	3.12	-35	41.7	2.12	-36.6
118	3	3.61	-34.4	-15.6	30	-33.4	-14.6	30
117	3	3.75	-21.9	-37.5	0	-20.9	-38.5	-4.77e-06
116	3	3.38	-3.12	78.1	-10	-2.09	77.1	-10
115	3	3.48	40.6	-31.2	0	39.6	-29.2	9.54e-06
114	3	3.46	-53.1	37.5	-20	-54.1	36.4	-20
113	3	3.69	-62.5	-15.6	0	-64.5	-16.6	0
112	3	3.34	-59.4	31.2	10	-56.3	31.2	10
111	2	3.39	3.12	-3.12	65	4.66	-3.12	65
110	2	4.12	59.4	21.9	0	60.9	21.9	4.77e-06
109	2	3.55	-18.8	-6.25	65	-18.7	-7.75	65
108	2	3.65	-12.5	-3.12	50	-12.5	-4.58	50
107	2	3.69	59.4	-31.2	5	59.4	-32.8	5
106	2	3.21	40.6	-68.8	10	39.1	-68.8	10
105	2	3.21	-15.6	-62.5	10	-17.2	-62.5	10
104	2	3.68	-34.4	-28.1	50	-35.9	-28.1	50
103	2	3.4	43.8	18.8	40	42.2	18.8	40
102	2	3.4	12.5	75	10	12.5	73.5	10
101	2	3.94	0	-62.5	15	0	-61.1	15
100	2	3.94	-12.5	6.25	40	-11.1	6.25	40
99	2	3.96	65.6	-34.4	15	64.1	-35.9	15
98	2	3.84	-9.38	59.4	35	-10.8	59.4	35
97	2	3.59	-3.12	71.9	15	-3.12	70.4	15
96	2	3.33	34.4	28.1	40	32.9	26.6	37.6
95	2	3.29	0	12.5	20	-1.52	14	20
94	2	3.53	-53.1	-15.6	30	-51.6	-15.6	30
93	2	3.18	-21.9	21.9	30	-20.3	21.9	30
92	2	3.24	25	-75	-55	23.5	-75	-52.5
91	2	3.79	-56.2	50	-20	-56.2	48.5	-20
90	2	3.31	-12.5	-78.1	-50	-14	-78.1	-50
89	2	3.59	12.5	6.25	-50	11	6.25	-50
88	2	3.34	43.8	15.6	-50	43.8	14.1	-50
87	2	3.77	18.8	40.6	-40	20.2	42.1	-40
86	2	3.79	34.4	-21.9	-35	34.4	-20.4	-35
85	2	3.29	-59.4	-28.1	-20	-57.8	-28.1	-20
84	2	3.66	-6.25	15.6	-35	-7.75	15.6	-35
83	2	3.32	-59.4	-56.2	-20	-59.4	-54.7	-20
82	2	3.98	-18.8	-84.4	-30	-17.3	-84.4	-30
81	2	3.35	-18.8	-75	-20	-17.2	-76.5	-22.4
80	2	3.58	31.2	-75	-30	29.8	-75	-30
79	2	3.29	-12.5	-62.5	-30	-12.5	-64.1	-30
78	2	4.45	-6.25	50	-30	-4.76	50	-30
77	2	3.21	-6.25	3.12	-30	-4.71	3.12	-30
76	2	3.28	25	31.2	-30	23.5	29.7	-30
75	2	3.85	12.5	-46.9	-75	11	-46.9	-75
74	2	3.51	-50	34.4	-10	-50	35.9	-10
73	2	4.16	-6.25	-78.1	0	-4.8	-78.1	0
72	2	3.32	68.8	0	-10	67.2	-1.53	-12.4
71	2	3.34	-6.25	-21.9	-75	-7.77	-21.9	-75
70	1	3.13	3.12	-15.6	60	3.12	-15.6	60
69	1	3.23	-18.8	6.25	30	-18.8	6.25	30
68	1	3.15	-31.2	28.1	-35	-31.2	28.1	-35
67	1	3.38	12.5	-9.38	60	12.5	-9.38	60
66	1	3.23	-56.2	-3.12	30	-56.2	-3.12	30
65	1	3.36	3.12	-21.9	65	3.12	-21.9	65
64	1	3.56	-25	-12.5	65	-25	-12.5	65
63	1	3.15	-28.1	-46.9	-30	-28.1	-46.9	-30
62	1	3.53	62.5	-25	30	62.5	-25	30
61	1	3.12	-6.25	-40.6	-75	-6.25	-40.6	-75
60	1	3.17	-25	-21.9	-30	-25	-21.9	-30
59	1	3.4	12.5	62.5	25	12.5	62.5	25
58	1	3.49	-28.1	31.2	25	-28.1	31.3	25
57	1	3.21	3.12	-46.9	55	3.12	-46.9	55
56	1	3.32	-12.5	25	30	-12.5	25	30
55	1	3.5	15.6	40.6	50	15.6	40.6	50
54	1	3.17	3.12	-56.2	-70	3.12	-56.2	-70
53	1	3.09	46.9	40.6	-50	46.9	40.6	-50
52	1	3.33	53.1	21.9	-50	53.1	21.9	-50
51	1	3.39	25	21.9	35	25	21.9	35
50	1	3.35	18.8	-6.25	-65	18.8	-6.25	-65
49	1	3.65	28.1	-18.8	50	28.1	-18.8	50
48	1	3.1	-40.6	-28.1	40	-40.6	-28.1	40
47	1	3.19	-34.4	-53.1	-55	-34.4	-53.1	-55
46	1	3.27	-21.9	-75	-60	-21.9	-75	-60
45	1	3.1	25	-40.6	50	25	-40.6	50
44	1	3.64	-15.6	3.12	-60	-15.6	3.12	-60
43	1	3.11	15.6	-46.9	50	15.6	-46.9	50
42	1	3.37	6.25	-53.1	10	6.25	-53.1	10
41	1	3.46	-28.1	46.9	-20	-28.1	46.9	-20
40	1	3.16	-9.38	-62.5	10	-9.38	-62.5	10
39	1	3.11	-46.9	-65.6	10	-46.9	-65.6	10
38	1	3.27	-21.9	-78.1	10	-21.9	-78.1	10
37	1	3.33	-40.6	25	5	-40.6	25	5
36	1	3.17	-71.9	-18.8	5	-71.9	-18.8	5
35	1	3.09	6.25	78.1	-20	6.25	78.1	-20
34	1	3.38	-40.6	-59.4	-15	-40.6	-59.4	-15
33	1	3.12	-37.5	59.4	0	-37.5	59.4	0
32	1	3.35	46.9	-59.4	-10	46.9	-59.4	-10
31	1	3.35	-25	-15.6	-10	-25	-15.6	-10
30	1	3.19	65.6	21.9	-10	65.6	21.9	-10
29	1	3.34	-3.12	21.9	0	-3.12	21.9	0
28	1	3.6	65.6	-9.38	0	65.6	-9.38	0
27	1	3.22	50	59.4	-10	50	59.4	-10
26	1	3.46	-40.6	62.5	-10	-40.6	62.5	-10
25	1	3.16	62.5	15.6	-5	62.5	15.6	-5
24	1	3.25	25	62.5	-5	25	62.5	-5
23	1	3.17	9.38	-87.5	0	9.38	-87.5	0
22	1	3.12	-21.9	-71.9	0	-21.9	-71.9	0
21	1	3.31	-53.1	37.5	-30	-53.1	37.5	-30
20	1	3.19	-34.4	40.6	-30	-34.4	40.6	-30
19	1	3.33	28.1	62.5	20	28.1	62.5	20
18	1	3.27	-3.12	43.8	-30	-3.12	43.8	-30
17	1	3.26	-21.9	43.8	-30	-21.9	43.8	-30
16	1	3.25	-68.8	-34.4	20	-68.8	-34.4	20
15	1	3.47	-40.6	-65.6	20	-40.6	-65.6	20
14	1	3.38	-6.25	56.2	-30	-6.25	56.2	-30
13	1	3.27	34.4	59.4	15	34.4	59.4	15
12	1	3.26	-28.1	31.2	15	-28.1	31.2	15
11	1	3.37	3.12	9.38	-25	3.12	9.38	-25
10	1	3.16	-12.5	-87.5	-20	-12.5	-87.5	-20
9	1	3.16	-50	-65.6	-20	-50	-65.6	-20
8	1	3.82	65.6	-28.1	-20	65.6	-28.1	-20
7	1	3.3	-68.8	-21.9	-20	-68.8	-21.9	-20
6	1	3.25	59.4	18.8	-20	59.4	18.8	-20
5	1	3.12	0	37.5	10	0	37.5	10
4	1	3.71	53.1	25	-20	53.1	25	-20
3	1	3.27	0	25	-20	0	25	-20
2	1	3.13	-12.5	-43.8	10	-12.5	-43.8	10
1	1	3.37	18.8	34.4	-20	18.8	34.4	-20
