Cluster Index	Z	P	-log10(P)	x	y	z	
211	7.4	6.95e-14	13.2	50	-21.9	25
211	6.87	3.3e-12	11.5	-12.5	-78.1	5
211	6.66	1.35e-11	10.9	34.4	-68.8	-20
211	6.59	2.16e-11	10.7	28.1	-68.8	-25
211	6.42	6.61e-11	10.2	28.1	-62.5	-50
211	6.24	2.16e-10	9.67	-9.38	-46.9	10
210	7.38	7.98e-14	13.1	40.6	25	15
210	6.19	3.07e-10	9.51	28.1	9.38	35
210	5.99	1.07e-09	8.97	28.1	37.5	-10
210	5.31	5.55e-08	7.26	50	31.2	5
210	5.13	1.43e-07	6.85	34.4	28.1	40
210	4.89	5.03e-07	6.3	43.8	15.6	40
209	5.92	1.61e-09	8.79	-12.5	15.6	40
209	5.19	1.06e-07	6.98	3.12	21.9	35
209	4.57	2.49e-06	5.6	3.12	9.38	45
209	4.42	5.01e-06	5.3	3.12	37.5	30
209	4.36	6.45e-06	5.19	-6.25	6.25	45
209	4.06	2.46e-05	4.61	-15.6	25	30
208	7.16	3.95e-13	12.4	-53.1	6.25	25
208	5.82	2.98e-09	8.53	-62.5	15.6	10
208	5.51	1.77e-08	7.75	-46.9	12.5	15
208	4.74	1.08e-06	5.97	-53.1	6.25	35
207	4.41	5.06e-06	5.3	-31.2	34.4	-5
207	4.4	5.42e-06	5.27	-28.1	53.1	10
207	4.25	1.05e-05	4.98	-15.6	43.8	10
207	3.85	5.8e-05	4.24	-34.4	59.4	20
207	3.52	0.000219	3.66	-43.8	53.1	5
207	3.4	0.000333	3.48	-21.9	34.4	0
206	4.38	5.93e-06	5.23	0	12.5	-20
206	4.22	1.23e-05	4.91	-21.9	37.5	-15
206	4.2	1.34e-05	4.87	-12.5	15.6	-15
206	4.16	1.61e-05	4.79	-25	21.9	-25
206	3.98	3.48e-05	4.46	-21.9	37.5	-30
206	3.86	5.78e-05	4.24	-21.9	25	-15
205	4	3.14e-05	4.5	-9.38	65.6	-5
205	3.96	3.7e-05	4.43	-21.9	59.4	-10
205	3.93	4.3e-05	4.37	-6.25	75	0
205	3.78	7.7e-05	4.11	-18.8	65.6	-10
205	3.68	0.000118	3.93	-9.38	71.9	-15
205	3.43	0.000307	3.51	-15.6	78.1	-5
204	4.88	5.26e-07	6.28	-12.5	56.2	10
204	4.09	2.17e-05	4.66	-3.12	71.9	10
204	3.94	4.08e-05	4.39	-3.12	65.6	15
204	3.92	4.44e-05	4.35	-18.8	59.4	0
203	4.82	7.34e-07	6.13	-53.1	43.8	10
203	3.65	0.000131	3.88	-59.4	37.5	5
202	6.42	7.02e-11	10.2	-37.5	3.12	35
202	5.66	7.51e-09	8.12	-37.5	9.38	35
201	4.66	1.61e-06	5.79	28.1	65.6	0
201	3.68	0.000115	3.94	28.1	59.4	-5
201	3.64	0.000137	3.86	31.2	68.8	-10
201	3.57	0.000179	3.75	25	65.6	10
201	3.53	0.000211	3.68	37.5	59.4	-5
201	3.47	0.000262	3.58	25	53.1	0
200	4.24	1.11e-05	4.95	-12.5	15.6	5
200	4.15	1.63e-05	4.79	-31.2	34.4	25
200	3.73	9.73e-05	4.01	-18.8	12.5	5
200	3.58	0.000173	3.76	-15.6	25	10
200	3.56	0.000189	3.72	-28.1	28.1	15
200	3.38	0.000366	3.44	-25	21.9	0
199	4.74	1.07e-06	5.97	-43.8	-15.6	-45
199	4.04	2.7e-05	4.57	-37.5	-3.12	-30
199	3.96	3.69e-05	4.43	-31.2	-6.25	-30
199	3.88	5.21e-05	4.28	-40.6	-15.6	-35
199	3.53	0.000206	3.69	-46.9	-18.8	-35
198	5.08	1.85e-07	6.73	-28.1	37.5	-55
198	3.81	7.05e-05	4.15	-25	28.1	-45
197	4.59	2.24e-06	5.65	25	-50	-25
197	4.53	2.89e-06	5.54	12.5	-37.5	-25
197	4.32	7.69e-06	5.11	21.9	-40.6	-30
196	4.14	1.73e-05	4.76	-43.8	43.8	-30
196	4.08	2.28e-05	4.64	-46.9	37.5	-30
196	3.49	0.000239	3.62	-34.4	50	-30
196	3.37	0.000379	3.42	-53.1	37.5	-25
196	3.35	0.000407	3.39	-31.2	43.8	-40
196	3.33	0.000427	3.37	-40.6	43.8	-45
195	4.43	4.62e-06	5.33	-59.4	-37.5	-35
195	4.33	7.32e-06	5.14	-46.9	-50	-25
195	3.74	9.31e-05	4.03	-56.2	-50	-35
195	3.53	0.000207	3.69	-40.6	-46.9	-20
194	4.19	1.41e-05	4.85	21.9	31.2	-45
194	4.14	1.71e-05	4.77	25	28.1	-60
194	3.35	0.000402	3.4	28.1	37.5	-50
193	4.6	2.06e-06	5.69	37.5	43.8	-30
193	3.58	0.000173	3.76	34.4	34.4	-40
192	4.21	1.3e-05	4.88	-50	37.5	-10
191	4.4	5.36e-06	5.27	-18.8	-84.4	-30
191	4.09	2.13e-05	4.67	-15.6	-75	-35
191	4.02	2.92e-05	4.54	-25	-62.5	-50
190	5.39	3.57e-08	7.45	-15.6	-25	60
190	5.19	1.07e-07	6.97	-18.8	-18.8	60
190	3.71	0.000103	3.99	-18.8	-21.9	50
189	4.63	1.79e-06	5.75	-62.5	-43.8	25
189	4.56	2.54e-06	5.6	-65.6	-25	25
189	4.33	7.37e-06	5.13	-62.5	-31.2	25
189	3.97	3.54e-05	4.45	-68.8	-34.4	20
188	5.46	2.4e-08	7.62	3.12	-15.6	60
188	3.81	6.93e-05	4.16	12.5	-9.38	60
188	3.76	8.53e-05	4.07	9.38	-12.5	50
187	4.23	1.18e-05	4.93	9.38	78.1	-10
186	4.65	1.64e-06	5.78	-28.1	-9.38	50
185	3.5	0.000229	3.64	-37.5	71.9	15
185	3.48	0.000254	3.6	-31.2	71.9	25
185	3.27	0.000541	3.27	-21.9	71.9	20
184	3.9	4.78e-05	4.32	-71.9	-15.6	-15
184	3.53	0.000211	3.68	-68.8	-28.1	-15
184	3.43	0.0003	3.52	-71.9	-21.9	-10
183	4.26	1.02e-05	4.99	-9.38	15.6	-45
183	3.49	0.000244	3.61	-3.12	12.5	-45
183	3.44	0.000287	3.54	-6.25	25	-40
182	3.88	5.2e-05	4.28	-65.6	-12.5	0
181	3.82	6.76e-05	4.17	-71.9	-31.2	10
181	3.19	0.000703	3.15	-65.6	-21.9	10
180	3.96	3.78e-05	4.42	21.9	-28.1	0
180	3.87	5.38e-05	4.27	9.38	-18.8	5
179	3.75	8.78e-05	4.06	40.6	25	-55
178	4.17	1.54e-05	4.81	50	-9.38	-15
177	3.62	0.000147	3.83	-28.1	-46.9	0
177	3.23	0.000616	3.21	-28.1	-40.6	0
176	4.73	1.11e-06	5.96	-62.5	-9.38	10
175	4.36	6.6e-06	5.18	12.5	71.9	10
174	4.69	1.35e-06	5.87	-46.9	34.4	-40
173	4.3	8.59e-06	5.07	-59.4	-15.6	-35
172	3.86	5.62e-05	4.25	0	12.5	20
171	4.62	1.93e-06	5.71	-6.25	-43.8	50
170	4.18	1.47e-05	4.83	9.38	15.6	10
169	4.49	3.49e-06	5.46	-56.2	-40.6	35
168	4.98	3.22e-07	6.49	3.12	75	25
167	3.76	8.44e-05	4.07	-56.2	53.1	-5
167	3.65	0.00013	3.89	-50	53.1	-5
166	3.6	0.000158	3.8	-18.8	78.1	10
165	4.42	5e-06	5.3	-21.9	56.2	-20
164	4.28	9.18e-06	5.04	-65.6	-21.9	35
164	3.38	0.000361	3.44	-59.4	-21.9	30
163	3.7	0.000106	3.98	-28.1	-12.5	-45
162	3.88	5.31e-05	4.27	50	25	-40
161	3.57	0.000181	3.74	59.4	0	10
160	3.87	5.44e-05	4.26	-6.25	-6.25	55
159	4.06	2.45e-05	4.61	-53.1	-31.2	15
158	3.97	3.6e-05	4.44	-6.25	31.2	-10
158	3.66	0.000127	3.9	0	31.2	-10
157	4.03	2.73e-05	4.56	-9.38	15.6	-35
156	4.55	2.67e-06	5.57	15.6	78.1	25
156	4.15	1.65e-05	4.78	21.9	78.1	15
155	4.12	1.93e-05	4.71	18.8	-6.25	-60
154	3.93	4.32e-05	4.36	31.2	65.6	35
153	4.08	2.22e-05	4.65	-31.2	56.2	-10
152	4.17	1.52e-05	4.82	-53.1	-46.9	-60
151	3.45	0.000282	3.55	-53.1	-18.8	10
151	3.4	0.000335	3.48	-59.4	-21.9	5
150	3.56	0.000185	3.73	37.5	-21.9	55
149	3.67	0.000123	3.91	-15.6	-84.4	-20
148	4.48	3.76e-06	5.43	-3.12	46.9	-25
147	3.42	0.000312	3.51	-46.9	-56.2	35
146	3.93	4.31e-05	4.37	-21.9	-25	0
145	4.3	8.45e-06	5.07	9.38	-12.5	35
144	3.36	0.000386	3.41	-9.38	62.5	35
143	4.08	2.24e-05	4.65	-31.2	-28.1	60
142	3.86	5.66e-05	4.25	-12.5	-78.1	-45
141	3.4	0.000336	3.47	-12.5	25	20
140	3.88	5.28e-05	4.28	-12.5	-31.2	55
139	3.88	5.22e-05	4.28	3.12	-46.9	55
138	3.66	0.000125	3.9	-18.8	-28.1	-55
137	3.8	7.1e-05	4.15	28.1	62.5	20
136	3.62	0.000147	3.83	12.5	-46.9	-30
135	3.42	0.000318	3.5	-40.6	-18.8	55
134	3.93	4.3e-05	4.37	-31.2	18.8	-60
133	3.33	0.00043	3.37	-34.4	-59.4	-25
132	3.55	0.000191	3.72	-68.8	-6.25	-25
131	3.6	0.00016	3.8	-9.38	-28.1	65
130	3.82	6.66e-05	4.18	-46.9	-56.2	-60
130	3.72	0.000101	4	-43.8	-62.5	-55
129	3.52	0.000216	3.67	-59.4	-3.12	-5
128	3.24	0.000597	3.22	-46.9	18.8	35
127	3.27	0.000543	3.27	15.6	46.9	20
126	3.28	0.000517	3.29	-9.38	62.5	25
125	3.63	0.00014	3.86	6.25	0	20
124	3.76	8.65e-05	4.06	3.12	81.2	15
123	3.25	0.000584	3.23	-59.4	28.1	20
122	3.69	0.00011	3.96	50	3.12	30
121	3.17	0.000769	3.11	-18.8	6.25	30
120	4.11	2e-05	4.7	31.2	75	10
119	4.53	2.95e-06	5.53	-28.1	59.4	30
118	4.11	2e-05	4.7	-31.2	-78.1	5
117	4.17	1.55e-05	4.81	-34.4	-65.6	35
116	3.27	0.000537	3.27	-28.1	75	0
115	3.55	0.000195	3.71	-12.5	-46.9	-40
114	3.36	0.000389	3.41	31.2	-37.5	-30
113	3.74	9.15e-05	4.04	-3.12	31.2	-30
112	3.33	0.000435	3.36	-9.38	3.12	55
111	3.43	0.000304	3.52	-9.38	18.8	-25
110	3.43	0.000302	3.52	-12.5	-56.2	-30
109	4.09	2.12e-05	4.67	-31.2	-78.1	-30
108	3.39	0.000346	3.46	-62.5	-34.4	-25
107	3.36	0.00039	3.41	-37.5	-15.6	-25
106	3.93	4.17e-05	4.38	40.6	28.1	45
105	3.92	4.45e-05	4.35	-37.5	21.9	-40
104	3.54	0.000203	3.69	-18.8	18.8	60
103	3.37	0.00038	3.42	3.12	53.1	-25
102	3.46	0.000266	3.57	0	-31.2	-20
101	3.28	0.000517	3.29	-21.9	6.25	45
100	3.28	0.000514	3.29	-31.2	-25	-20
99	3.65	0.000131	3.88	-37.5	37.5	-20
98	3.64	0.000135	3.87	46.9	-28.1	45
97	4.06	2.45e-05	4.61	-18.8	-59.4	-55
96	3.26	0.000563	3.25	28.1	53.1	40
95	3.79	7.65e-05	4.12	71.9	-12.5	-15
94	3.17	0.000752	3.12	3.12	25	-15
93	3.9	4.73e-05	4.33	-68.8	-3.12	-35
92	3.3	0.000485	3.31	21.9	43.8	-40
91	3.86	5.74e-05	4.24	68.8	-28.1	-10
90	3.83	6.46e-05	4.19	31.2	18.8	-60
89	3.84	6.28e-05	4.2	43.8	-28.1	-65
88	3.29	0.000498	3.3	-12.5	0	-10
87	3.97	3.64e-05	4.44	9.38	-50	55
86	3.18	0.000731	3.14	6.25	46.9	50
85	3.15	0.000819	3.09	-65.6	-9.38	30
84	3.16	0.000799	3.1	37.5	-3.12	55
83	3.12	0.000916	3.04	0	34.4	55
82	3.43	0.000307	3.51	6.25	-31.2	60
81	3.18	0.000743	3.13	-18.8	-37.5	30
80	3.25	0.000585	3.23	-6.25	-18.8	60
79	3.31	0.000461	3.34	-56.2	-50	30
78	3.51	0.000221	3.65	21.9	-65.6	30
77	3.63	0.000139	3.86	3.12	-21.9	65
76	3.24	0.000589	3.23	15.6	62.5	35
75	3.84	6.1e-05	4.21	-46.9	37.5	35
74	3.18	0.000725	3.14	59.4	18.8	35
73	3.25	0.000574	3.24	-12.5	-15.6	40
72	3.11	0.000934	3.03	-31.2	-15.6	35
71	3.45	0.000283	3.55	18.8	53.1	40
70	4.37	6.35e-06	5.2	-25	-68.8	35
69	3.67	0.000122	3.92	-37.5	15.6	45
68	3.16	0.000791	3.1	-25	65.6	30
67	3.67	0.000122	3.91	34.4	-31.2	50
66	3.12	0.000897	3.05	25	-25	50
65	3.11	0.000946	3.02	-50	-21.9	50
64	3.26	0.000562	3.25	9.38	-25	65
63	3.3	0.000488	3.31	-56.2	28.1	30
62	3.63	0.00014	3.86	28.1	-12.5	50
61	3.4	0.000334	3.48	-12.5	31.2	50
60	3.25	0.000569	3.25	-6.25	34.4	50
59	3.11	0.00095	3.02	37.5	53.1	-20
58	3.14	0.000835	3.08	-59.4	9.38	-20
57	3.18	0.000746	3.13	-59.4	-28.1	-20
56	3.53	0.00021	3.68	-68.8	12.5	-25
55	3.43	0.000303	3.52	68.8	9.38	-25
54	3.11	0.000927	3.03	-68.8	-18.8	-25
53	3.35	0.0004	3.4	-25	-65.6	-25
52	3.65	0.000131	3.88	-43.8	56.2	-30
51	3.27	0.000538	3.27	-6.25	56.2	-30
50	3.5	0.000229	3.64	46.9	43.8	-30
49	3.39	0.000348	3.46	-62.5	28.1	-30
48	3.39	0.00035	3.46	62.5	-12.5	-30
47	3.72	9.92e-05	4	-37.5	-40.6	-30
46	3.38	0.000356	3.45	0	15.6	-35
45	3.16	0.000799	3.1	-18.8	15.6	-40
44	3.39	0.000351	3.46	9.38	9.38	-40
43	3.18	0.000731	3.14	-68.8	6.25	-40
42	3.18	0.00074	3.13	21.9	-6.25	-40
41	3.1	0.00098	3.01	-12.5	-37.5	-40
40	3.11	0.000951	3.02	40.6	40.6	-45
39	3.3	0.000485	3.31	15.6	21.9	-45
38	3.54	0.0002	3.7	-31.2	-75	-45
37	3.53	0.000208	3.68	-50	3.12	-50
36	3.23	0.000624	3.21	-46.9	28.1	-55
35	3.67	0.000121	3.92	-53.1	21.9	-55
34	3.42	0.000316	3.5	34.4	-18.8	-55
33	3.21	0.000669	3.17	50	-18.8	-55
32	3.14	0.00084	3.08	-3.12	-15.6	-60
31	3.62	0.000148	3.83	-3.12	-9.38	-75
30	3.2	0.000684	3.16	-18.8	-12.5	-75
29	3.3	0.000484	3.32	59.4	31.2	25
28	3.28	0.000522	3.28	15.6	-9.38	25
27	3.31	0.000462	3.34	-68.8	-15.6	25
26	3.42	0.000313	3.5	-18.8	-31.2	25
25	3.64	0.000137	3.86	59.4	18.8	20
24	3.25	0.000584	3.23	-18.8	-21.9	20
23	3.18	0.000727	3.14	6.25	28.1	15
22	3.2	0.000691	3.16	-28.1	12.5	15
21	4.06	2.45e-05	4.61	15.6	-78.1	15
20	3.34	0.00042	3.38	15.6	81.2	10
19	3.13	0.000877	3.06	-12.5	65.6	5
18	3.28	0.000519	3.28	-37.5	34.4	5
17	3.86	5.76e-05	4.24	3.12	21.9	5
16	3.22	0.000646	3.19	68.8	-15.6	5
15	3.36	0.000396	3.4	37.5	75	0
14	3.31	0.000462	3.34	12.5	65.6	0
13	3.1	0.000973	3.01	46.9	56.2	0
12	3.87	5.48e-05	4.26	-3.12	21.9	0
11	3.11	0.000934	3.03	12.5	-31.2	0
10	3.64	0.000135	3.87	-31.2	-59.4	0
9	3.2	0.000675	3.17	3.12	21.9	-5
8	3.1	0.000967	3.01	-21.9	12.5	-5
7	3.12	0.000911	3.04	-25	6.25	-5
6	3.16	0.000776	3.11	68.8	-18.8	-5
5	3.17	0.000751	3.12	-31.2	68.8	-10
4	3.55	0.000192	3.72	62.5	-37.5	-10
3	3.12	0.000915	3.04	-15.6	-31.2	-15
2	4.05	2.52e-05	4.6	-31.2	-34.4	-15
1	3.46	0.000274	3.56	0	-78.1	-15
