Cluster Index	Z	P	-log10(P)	x	y	z	
149	7.47	3.99e-14	13.4	43.2	36.2	-2.3
149	6.3	1.54e-10	9.81	29.7	30	25.4
149	6.1	5.36e-10	9.27	30	35.6	-33.6
149	6.03	8.05e-10	9.09	-14.9	35.8	27.2
149	5.43	2.78e-08	7.56	53.4	38	-15.4
149	5.32	5.29e-08	7.28	1.85	40.3	19.2
148	7.49	3.47e-14	13.5	55.7	-3.01	30.4
148	6.19	2.98e-10	9.53	59.6	-13	48.1
148	6	1.01e-09	9	65.8	-3.72	43.6
148	5.86	2.34e-09	8.63	66.7	-13	23.4
148	5.58	1.2e-08	7.92	43.9	-30.4	43.9
148	5.35	4.45e-08	7.35	52.6	-11.6	59.6
147	4.56	2.53e-06	5.6	-34.4	31.5	-27.3
147	4.55	2.71e-06	5.57	-32.8	56.4	-21.2
147	4.53	2.97e-06	5.53	1.45	5.64	-31.7
147	4.41	5.27e-06	5.28	-18.7	48.3	-16.6
147	4.35	6.7e-06	5.17	-12.5	10.2	-28.2
147	4.31	8.03e-06	5.1	-26	10.7	-41.4
146	7.26	1.97e-13	12.7	-57.7	17.6	16.5
146	6.52	3.51e-11	10.5	-41	20.2	28.1
146	5.93	1.49e-09	8.83	-67.7	18.9	-3.21
146	5.78	3.75e-09	8.43	-41.4	26.1	25.1
146	5.63	8.86e-09	8.05	-50.9	19.2	3.4
146	4.88	5.39e-07	6.27	-58.1	22.2	26.6
145	6.76	6.75e-12	11.2	43.6	-69.3	7.58
145	6.69	1.08e-11	11	37.1	-72	2.51
145	5.86	2.33e-09	8.63	29.6	-66	24.2
145	5.7	5.99e-09	8.22	36.4	-65	17.6
145	5.18	1.13e-07	6.95	43.3	-62.1	-8.54
145	4.51	3.26e-06	5.49	49.9	-58.8	-10
144	5.04	2.37e-07	6.62	-45.4	-14.4	33.1
144	5	2.82e-07	6.55	-20.4	-33.9	43.7
144	4.78	8.96e-07	6.05	-64.8	-30.3	40.6
144	4.71	1.27e-06	5.9	-69.3	-12.8	31.5
144	4.48	3.68e-06	5.43	-65.5	-18.5	34.5
143	4.95	3.67e-07	6.44	-59.3	46.1	-16.7
143	3.83	6.53e-05	4.18	-65.5	37.5	-18.8
143	3.44	0.000292	3.53	-65.6	35.6	0.865
142	4.03	2.83e-05	4.55	-5.46	-92.5	-13.3
142	3.99	3.3e-05	4.48	-15.1	-96.5	-36.5
142	3.95	3.95e-05	4.4	-1.6	-96.4	-29.9
142	3.91	4.65e-05	4.33	-15.4	-94.8	-24.9
142	3.86	5.63e-05	4.25	11.7	-93.3	-24.8
142	3.64	0.000134	3.87	-12.4	-90	-14.8
141	4.41	5.14e-06	5.29	20.5	-32.7	25.7
141	4.24	1.11e-05	4.95	7.88	-48.9	39.7
141	4.09	2.15e-05	4.67	21.1	-41.6	30.2
141	3.85	5.87e-05	4.23	17.8	-45.4	38.3
140	4.77	9.28e-07	6.03	-47.3	-32.2	10.9
139	4.71	1.21e-06	5.92	-17.1	-76.2	15.4
139	4.16	1.63e-05	4.79	-30.6	-75.6	2.28
138	4.67	1.48e-06	5.83	21.8	-87.3	-52.5
138	4.52	3.07e-06	5.51	28.2	-81	-55.5
138	3.95	3.95e-05	4.4	41.7	-80.3	-55.4
137	4.72	1.17e-06	5.93	-19	-86.5	-54.1
137	4.65	1.69e-06	5.77	-5.67	-82.8	-55.6
137	3.67	0.000119	3.92	-29.2	-87.1	-54.2
136	4.48	3.66e-06	5.44	-45.3	-58.6	-6.81
135	4.37	6.22e-06	5.21	-49.4	-45.7	-25.9
135	3.88	5.19e-05	4.28	-35.8	-45	-25.9
134	3.91	4.64e-05	4.33	-34.3	-68.6	-13.8
134	3.68	0.000116	3.93	-34.5	-65.1	-21.9
134	3.56	0.000189	3.72	-27.9	-61.1	-29.9
133	4.03	2.81e-05	4.55	-0.301	24.3	8.62
133	3.81	6.98e-05	4.16	7.23	12.8	14.7
132	3.71	0.000104	3.98	-28.5	-54.7	-8.26
132	3.54	0.0002	3.7	-20.6	-72.1	0.806
132	3.52	0.000215	3.67	-31.2	-66.8	-2.24
131	4.39	5.57e-06	5.25	-13.4	19.5	-8.06
131	3.9	4.86e-05	4.31	-20	16.2	-6.58
130	4.32	7.7e-06	5.11	56.7	-9.8	-16
129	4.64	1.74e-06	5.76	-58.6	-22.4	49.2
129	3.5	0.000231	3.64	-57.8	-33.6	48.6
128	4.53	2.89e-06	5.54	-38.2	-65.4	9.33
128	4.08	2.23e-05	4.65	-31	-71	12.4
127	4.45	4.3e-06	5.37	-60.5	-31.5	-33.5
126	4.87	5.55e-07	6.26	-66.2	-4.78	8.85
125	4.26	1e-05	5	30.2	80.6	-31.5
124	3.64	0.000136	3.87	-25.9	59.9	-53.9
124	3.28	0.000519	3.29	-26.5	68.2	-51.9
123	3.93	4.27e-05	4.37	10.1	15.1	51
122	4.49	3.57e-06	5.45	24.7	-49.9	59.5
122	3.89	5e-05	4.3	11.6	-55.9	55.9
121	4.04	2.72e-05	4.57	-7.46	22.4	52.9
120	3.91	4.57e-05	4.34	-2.64	18.6	-50.9
119	4.24	1.11e-05	4.95	-35.5	49.9	-42.8
118	4.44	4.59e-06	5.34	-69.9	-5.15	40.1
117	4.22	1.22e-05	4.91	-54.9	-22.6	24.5
116	3.91	4.61e-05	4.34	-17.2	32	-51.9
115	3.52	0.000213	3.67	-48	36.3	-55
114	3.59	0.000168	3.78	-14.6	35.4	2.55
113	3.74	9.26e-05	4.03	40.9	10.2	60.6
112	4.67	1.48e-06	5.83	-34.1	71.7	-4
112	3.36	0.000396	3.4	-31.1	77.8	-7
111	3.6	0.000159	3.8	-43.9	8.59	58.8
111	3.35	0.000411	3.39	-40.2	2.86	61.9
110	3.38	0.000364	3.44	5.73	37.1	-3.93
109	3.74	9.04e-05	4.04	65.2	11.3	4.78
108	3.32	0.000455	3.34	-25.9	5.24	-13.7
108	3.3	0.000484	3.32	-22.9	11.3	-16.7
107	4.04	2.66e-05	4.58	55.7	11.1	-57.7
106	3.15	0.000827	3.08	14.2	57.5	23.3
105	3.42	0.000314	3.5	-68	-26.1	-5.31
104	3.68	0.000117	3.93	14.3	68.1	-56.8
103	3.48	0.000249	3.6	-11.8	-2.27	-15.7
102	3.59	0.000167	3.78	-61.9	-18.8	9.84
101	3.68	0.000114	3.94	-44.3	76	-25.2
100	3.39	0.000348	3.46	-16.8	-83.3	31.5
99	4.08	2.27e-05	4.64	16.7	-75.6	28.6
98	3.39	0.000345	3.46	-30.5	20.3	3.47
97	3.83	6.51e-05	4.19	-55.8	48.2	-36.4
96	3.33	0.000439	3.36	-16.4	66.9	-32.2
95	3.45	0.000285	3.54	5.77	-23.7	70.5
94	4.51	3.2e-06	5.49	-17.1	-36.2	69.9
94	3.75	8.71e-05	4.06	-10.4	-35.8	69.9
93	3.45	0.000281	3.55	26.8	73.7	9.31
92	4.45	4.23e-06	5.37	10.7	8.14	35.8
91	4.35	6.84e-06	5.16	-28.5	-53.5	-21.4
90	3.55	0.000195	3.71	38.8	-44.5	-17.6
89	3.73	9.54e-05	4.02	-71.6	-18.5	-28
88	3.87	5.51e-05	4.26	54	23	23.4
87	3.37	0.000373	3.43	-60.4	-36.3	-12.4
86	4.26	1e-05	5	-28	-70.4	37.1
85	3.33	0.000429	3.37	-20.7	14.5	69
84	3.15	0.000812	3.09	2.41	38.2	-17
83	3.72	0.000101	3.99	-22.7	47.7	45.9
82	4.1	2.08e-05	4.68	41.6	53.1	26.5
81	3.47	0.000258	3.59	-24.7	28.7	36.8
80	3.21	0.000658	3.18	-20.9	23	39.8
79	3.46	0.000271	3.57	14.5	57.7	-7.9
78	3.82	6.6e-05	4.18	-8.72	-57	55.8
77	4.09	2.16e-05	4.67	29.6	83.4	-1.75
76	3.31	0.000467	3.33	-33.1	2.79	37.2
75	3.47	0.000261	3.58	17.7	6.81	24.3
74	4.32	7.75e-06	5.11	-33.4	-44.7	61.3
73	4.51	3.18e-06	5.5	-23.1	-47.1	62.8
72	3.36	0.000384	3.42	-20.7	21.9	21.6
71	3.58	0.000175	3.76	71.1	-19	-29.5
70	3.61	0.000152	3.82	76.3	4.4	-35
69	3.3	0.000475	3.32	44.8	23	-70.4
68	3.58	0.00017	3.77	-42.5	-44.1	-39
67	3.55	0.00019	3.72	2.58	42	-56.3
66	3.72	0.0001	4	-26	-90.7	-14.9
65	3.94	4.06e-05	4.39	62.6	-48.1	3.65
64	3.96	3.82e-05	4.42	80.6	-11.5	-14.4
63	4.08	2.29e-05	4.64	-32.9	-87.5	-22.9
62	4.19	1.37e-05	4.86	17.1	-81.5	31.7
61	3.51	0.000227	3.64	-60.8	-32.3	4.28
60	3.7	0.000108	3.97	-62.6	-5.66	-9.28
59	3.22	0.000638	3.2	11.7	1.35	-10.5
58	4.73	1.12e-06	5.95	21	-75.5	-58.5
57	4.41	5.16e-06	5.29	35.4	-92	-24.7
56	3.22	0.000633	3.2	-33.6	-75	-35.5
55	3.31	0.000467	3.33	16.8	-25.7	9.59
54	3.4	0.000335	3.48	59.1	-37.3	-51.8
53	3.11	0.000921	3.04	57.2	-13.2	-39.1
52	3.17	0.000775	3.11	-11.6	-13.9	46.3
51	3.51	0.000223	3.65	-59.5	-46.3	-26
50	3.29	0.0005	3.3	29.4	-56.3	-18.1
49	3.13	0.000884	3.05	-26.5	21.5	-65.6
48	3.38	0.000363	3.44	63	40.7	21
47	3.1	0.000972	3.01	40.2	-56.6	-67.5
46	3.14	0.00085	3.07	62	-33.1	-35.1
45	3.44	0.000287	3.54	-13	6.22	42.3
44	3.25	0.000575	3.24	30.3	15	64.1
43	3.35	0.0004	3.4	39.7	28	51.6
42	3.43	0.000301	3.52	11.2	-82.6	-49
41	3.18	0.00073	3.14	-20.8	73.5	14.2
40	3.09	0.000998	3	8.23	-8.1	56.5
39	3.2	0.00068	3.17	-46.5	51.3	24.6
38	3.48	0.000247	3.61	28.2	-87.7	-14.7
37	3.38	0.000366	3.44	3.05	71.2	22.3
36	3.1	0.00096	3.02	52.8	6.27	-67.8
35	3.84	6.07e-05	4.22	-55.1	-4.9	-71.7
34	3.31	0.000473	3.33	-53.7	2.75	55.3
33	3.34	0.000413	3.38	-28.3	-22.6	68.9
32	3.84	6.08e-05	4.22	-42.2	36.7	32.2
31	3.46	0.000273	3.56	42.9	-63.5	35.8
30	3.25	0.000572	3.24	67.5	-23.6	16.3
29	3.46	0.000269	3.57	-33.7	72.5	-41.8
28	3.41	0.000323	3.49	76.5	-5.3	7.3
27	3.09	0.000993	3	-44	21.4	-16.2
26	4.03	2.74e-05	4.56	-3.38	23.7	-16.1
25	3.09	0.000984	3.01	18.2	56.9	-26
24	3.1	0.000973	3.01	-56.7	58.7	-29.3
23	3.82	6.74e-05	4.17	-28.9	-54.9	23
22	3.16	0.000783	3.11	56	51.3	-34.5
21	3.4	0.000338	3.47	3.61	21.7	-21.1
20	3.53	0.00021	3.68	12.9	85.6	-34.6
19	4.22	1.23e-05	4.91	22.4	-62.9	47.3
18	3.2	0.000694	3.16	-44	-33.9	30.5
17	3.36	0.000388	3.41	77.2	-12.9	-1.27
16	3.17	0.000771	3.11	-19.6	-45.1	43.2
15	3.62	0.00015	3.82	-74.7	-26.5	-5.33
14	3.81	6.87e-05	4.16	63.6	33.7	5.83
13	3.09	0.000995	3	-62.4	-57.2	-1.82
12	3.26	0.000562	3.25	20.7	-82.4	13.5
11	3.54	0.000197	3.7	34.9	-48.7	52.9
10	3.1	0.000968	3.01	-58.2	-27	39.1
9	3.5	0.000231	3.64	-73.3	-4.08	27
8	3.09	0.000997	3	-58	32.7	-53.5
7	3.1	0.000952	3.02	9.44	30.1	12.2
6	3.42	0.000314	3.5	-20	-40.4	53.3
5	3.31	0.000464	3.33	-70.9	-30.3	-22
4	3.78	7.75e-05	4.11	39.5	-16.4	42.9
3	3.35	0.000409	3.39	-70.5	4.35	29
2	3.55	0.000192	3.72	-54.9	-68.1	-2.32
1	3.46	0.000269	3.57	-7.55	42	-62.9
