Cluster Index	Z	P	-log10(P)	x	y	z	
203	4.56	2.56e-06	5.59	44.8	-80.3	-24.2
203	4.41	5.28e-06	5.28	-36.4	-83.4	-37.6
203	4.26	1.02e-05	4.99	-25.6	-91.1	-39.6
203	4.21	1.26e-05	4.9	-15.8	-89.5	-21.4
203	4.2	1.33e-05	4.88	4.59	-87.1	-34.4
203	4.19	1.4e-05	4.85	37.6	-74.7	-27.2
202	4.99	2.96e-07	6.53	-34.4	31.5	-27.3
202	4.66	1.57e-06	5.8	-40.1	18.2	-39.4
202	4.44	4.57e-06	5.34	-12.9	15.5	-24.7
202	4.34	7.08e-06	5.15	-29.3	53	-13.1
202	4.16	1.56e-05	4.81	-35.4	45.7	-28.2
202	4.07	2.33e-05	4.63	-18.3	42.4	-13.6
201	4.86	5.81e-07	6.24	30	35.6	-33.6
201	4.82	7.31e-07	6.14	10.8	16.8	-24.6
201	4.59	2.2e-06	5.66	19.3	45.2	-51.2
201	4.4	5.43e-06	5.26	16.7	27.7	-17.5
201	4.32	7.97e-06	5.1	6.32	35.6	-46.8
201	4.01	3.05e-05	4.52	46.7	40.8	-48.1
200	6.01	9.55e-10	9.02	39.8	-64.8	17.7
200	5.49	2e-08	7.7	52.3	-44.4	-11
200	5.17	1.17e-07	6.93	42.4	-46.7	-22.6
200	5.11	1.58e-07	6.8	43.3	-62.1	-8.54
200	5.1	1.72e-07	6.76	54.9	-32.4	-17
200	4.5	3.39e-06	5.47	43.5	-66.3	6.07
199	5.84	2.59e-09	8.59	-45.1	-61	-11.9
199	5.35	4.4e-08	7.36	-38.5	-58.3	-6.79
199	5.1	1.72e-07	6.76	-34.5	-65.1	-21.9
199	5.03	2.46e-07	6.61	-27.3	-71.2	-12.3
199	4.76	9.6e-07	6.02	-58.8	-58.7	-13.4
199	4.38	6.05e-06	5.22	-42.6	-45.3	-25.9
198	4.8	8.1e-07	6.09	-32.3	-55.1	23
198	4.4	5.45e-06	5.26	-32.9	-46.9	25
198	4.29	8.81e-06	5.05	-13.1	-43	54.8
198	4.02	2.91e-05	4.54	-31	-29.1	47.2
198	3.96	3.79e-05	4.42	-41.5	-23.8	44.2
198	3.92	4.37e-05	4.36	-16.4	-40.7	28.6
197	4.92	4.36e-07	6.36	37.1	-31.4	50.5
197	4.89	5.17e-07	6.29	34	-33.3	38.9
197	4.73	1.13e-06	5.95	30.8	-37	46.9
197	3.31	0.000459	3.34	21	-43.5	49.9
196	5.49	2.02e-08	7.69	38.4	-45.3	20.2
196	5.24	8.12e-08	7.09	42	-48.7	28.3
195	4.38	5.87e-06	5.23	4.69	50	8.18
195	3.56	0.000183	3.74	-2.84	61.5	2.13
195	3.51	0.00022	3.66	-1.31	37.8	14.2
194	4.93	4.03e-07	6.39	-41	20.2	28.1
194	4.16	1.57e-05	4.8	-38	26.3	25.1
193	4.63	1.8e-06	5.75	40	33	-0.805
193	3.8	7.22e-05	4.14	30	28.9	7.22
192	4.11	2e-05	4.7	0.0633	-69.6	-43.5
192	3.85	5.84e-05	4.23	3.29	-65.8	-51.5
192	3.67	0.00012	3.92	7.21	-75.1	-40.4
191	4.88	5.4e-07	6.27	-50.9	18.6	9.95
191	3.94	4.01e-05	4.4	-64.9	22.5	20
190	4.35	6.93e-06	5.16	9	34.8	22.3
190	3.89	4.96e-05	4.3	2.18	33.1	35.4
189	3.69	0.000113	3.95	-15.2	-51.7	-3.17
189	3.67	0.000119	3.92	-19.1	-47.2	6.91
189	3.61	0.000152	3.82	-22.6	-43.2	-7.71
189	3.51	0.000222	3.65	-32.8	-44.4	-1.2
188	4.35	6.73e-06	5.17	13.5	78	-43.1
188	4.07	2.35e-05	4.63	17.3	72.3	-40.1
188	3.8	7.25e-05	4.14	27.2	75.8	-41.6
188	3.37	0.000381	3.42	3.91	68.6	-38.7
187	3.91	4.55e-05	4.34	-59.3	46.1	-16.7
187	3.81	6.98e-05	4.16	-50	57.2	-9.62
187	3.69	0.000111	3.96	-52.6	45.8	-10.2
186	3.88	5.23e-05	4.28	42	54.6	-17.9
186	3.72	9.83e-05	4.01	21.7	52.8	-11.4
186	3.4	0.000334	3.48	28.7	50.2	-9.88
185	4.57	2.44e-06	5.61	-22.1	8.14	-71.1
184	4.27	9.85e-06	5.01	-25.2	-55.8	4.85
184	3.94	4.13e-05	4.38	-14.5	-64.8	16
183	4.11	1.97e-05	4.7	35.2	-43	-6.01
183	3.99	3.32e-05	4.48	27.8	-35.1	-4
183	3.91	4.53e-05	4.34	21	-35.5	-4.02
182	3.92	4.34e-05	4.36	63.5	-56.8	-23.1
182	3.74	9.02e-05	4.04	60.2	-55.7	-36.2
182	3.65	0.00013	3.88	60	-52.1	-44.2
182	3.62	0.000147	3.83	63	-47.3	-34.1
182	3.62	0.000149	3.83	57.1	-63.1	-20.1
181	5.29	6.02e-08	7.22	-55.8	-12	31.5
180	4.47	3.95e-06	5.4	8.21	-48.7	8.51
179	4.29	8.8e-06	5.06	-45.6	50.6	-56
179	3.78	7.86e-05	4.1	-35.4	51.2	-55.9
178	4.04	2.68e-05	4.57	50.7	-22	-9.95
178	3.77	8.26e-05	4.08	56.7	-9.8	-16
177	4.56	2.62e-06	5.58	-55.8	-59.4	24.4
176	4.06	2.41e-05	4.62	-1.04	36.7	-3.96
176	3.5	0.000233	3.63	12.3	39.8	1.13
175	3.92	4.48e-05	4.35	17.1	-66.8	-63.1
175	3.79	7.52e-05	4.12	16.5	-57.9	-67.6
174	4.44	4.4e-06	5.36	31.2	66.5	-30.5
173	4.8	7.85e-07	6.11	25.6	49	-28
172	4.34	7e-06	5.16	29.6	-52.5	-57.4
171	4.6	2.08e-06	5.68	52.3	-3.19	30.4
171	3.34	0.000417	3.38	52.5	-6.78	38.5
170	4.14	1.75e-05	4.76	-17.9	43.2	-51.4
170	3.55	0.000192	3.72	-13.8	31.5	-45.3
169	3.71	0.000102	3.99	-19.9	71.5	-53.3
169	3.62	0.000147	3.83	-15.7	61.1	-60.4
168	3.7	0.000106	3.98	29.9	27.6	20.3
168	3.41	0.00032	3.49	29.4	31.7	37
167	4.2	1.32e-05	4.88	-6.42	-85.1	26.5
166	4.36	6.48e-06	5.19	46.3	-62.7	29.3
165	3.83	6.51e-05	4.19	-17.8	-54.4	-64.2
164	3.67	0.000123	3.91	17.1	28.5	-55.3
164	3.55	0.000191	3.72	27.3	29.1	-55.3
163	3.88	5.3e-05	4.28	-5.94	67.6	-63.4
163	3.83	6.35e-05	4.2	1.4	59.1	-58.8
162	3.71	0.000105	3.98	-54.9	-22	17.9
161	3.87	5.54e-05	4.26	-11.5	36	27.2
160	4.04	2.63e-05	4.58	25.5	7.76	-69.4
159	4.24	1.13e-05	4.95	-54.2	11.6	50.7
158	4.66	1.59e-06	5.8	57	37.1	-33.5
157	4.62	1.91e-06	5.72	-41.4	-69.2	17.4
156	4.27	9.97e-06	5	-64	6.42	40.6
155	3.63	0.000142	3.85	21.2	-87	3.44
155	3.62	0.00015	3.82	27.7	-83.7	1.95
154	4.09	2.16e-05	4.67	-51.5	32.9	-22.3
153	3.54	0.000197	3.71	68.8	-38.2	-7.4
153	3.53	0.00021	3.68	69.2	-44.1	-4.39
152	4	3.13e-05	4.5	-15.1	-2.45	-15.7
151	4.07	2.39e-05	4.62	-50.7	-31.1	-2.24
150	4.18	1.43e-05	4.84	17.3	-35.9	27.2
149	3.59	0.000167	3.78	4.92	55.1	-44.2
148	4.15	1.68e-05	4.78	37	-73.9	22.2
147	4.03	2.77e-05	4.56	-16.7	5.84	73.5
146	4.48	3.73e-06	5.43	-5.2	7.8	-57.9
145	3.74	9.2e-05	4.04	31.3	21.7	-63.8
144	3.67	0.000123	3.91	-9.54	-46.4	62.9
143	3.32	0.000449	3.35	28.3	1.44	27.3
142	3.25	0.000581	3.24	-59.2	-14.1	51.2
141	3.18	0.000729	3.14	-40.7	-74.9	-10.9
140	3.62	0.000148	3.83	-69.5	-10.4	36.5
139	3.66	0.000128	3.89	-54.3	-36.3	50.1
138	3.35	0.000405	3.39	-36.6	-47.3	56.2
138	3.33	0.000431	3.37	-33.6	-41.2	53.2
137	3.98	3.37e-05	4.47	7.9	13.2	-47.8
136	3.54	0.000202	3.69	-32.9	15.2	-62.6
135	3.74	9.06e-05	4.04	-6.02	18.4	-50.9
134	3.36	0.000391	3.41	-60.2	14.2	-38
133	3.46	0.000267	3.57	52.3	50.9	-3.25
132	3.77	8.06e-05	4.09	-49.3	-43.8	-45.6
131	3.93	4.32e-05	4.36	-22.3	56.5	-45.8
130	3.96	3.77e-05	4.42	-47.3	-32.2	10.9
129	3.59	0.000167	3.78	3.97	69.9	-51.8
128	3.65	0.000129	3.89	57.4	-23.5	9.73
127	3.56	0.000187	3.73	26.2	-12.1	-9.51
126	3.3	0.000482	3.32	-48.5	-62.4	1.24
125	3.27	0.000544	3.26	-48.9	44.3	-21.7
124	4.07	2.34e-05	4.63	9.1	-3.3	-51.9
124	3.49	0.000244	3.61	1.92	1.62	-48.4
123	3.57	0.00018	3.74	-56.3	-43.1	-27.5
122	3.78	7.91e-05	4.1	-44.6	-31.1	60.3
121	4.12	1.88e-05	4.73	-57.1	-31.3	-33.5
120	3.39	0.000351	3.45	-0.13	28.1	-30.7
119	3.35	0.000402	3.4	50.1	-7.64	-42.2
118	3.61	0.000152	3.82	-36.3	0.274	32.1
117	3.75	8.81e-05	4.06	-20.1	-33.7	12.5
116	3.38	0.000367	3.44	-6.38	72.3	-53.3
115	3.48	0.000252	3.6	47.2	-24.1	9.69
114	3.46	0.000274	3.56	-57.6	26.2	-44
113	3.69	0.00011	3.96	-65.4	-15.4	1.77
112	3.34	0.000418	3.38	-65.3	33.9	-10.7
111	3.39	0.000345	3.46	2.06	30.6	61.6
110	4.12	1.9e-05	4.72	64.3	27.3	-15.9
109	3.55	0.00019	3.72	-21.4	26.4	63
108	3.65	0.000132	3.88	-14.2	22.7	46.4
107	3.69	0.000112	3.95	67.3	-20.6	14.8
106	3.21	0.000667	3.18	49.1	-54.9	37.9
105	3.21	0.000658	3.18	-12.2	-52.3	34.6
104	3.68	0.000116	3.93	-36.4	-2.25	58.3
103	3.4	0.000341	3.47	45.8	42.1	25.9
102	3.4	0.000342	3.47	9.86	79.5	-31.6
101	3.94	4.13e-05	4.38	4.5	-49.1	39.7
100	3.94	4.05e-05	4.39	-14.3	26.9	31.8
99	3.96	3.7e-05	4.43	73.9	-18.6	26.4
98	3.84	6.16e-05	4.21	-14	75.1	1.11
97	3.59	0.000164	3.78	-7.09	78	-25.1
96	3.33	0.000442	3.35	35.1	50.4	21.4
95	3.29	0.000509	3.29	-0.301	24.3	8.62
94	3.53	0.000206	3.69	-56.6	-0.829	32.1
93	3.18	0.000729	3.14	-25	36.5	14.1
92	3.24	0.000603	3.22	35.4	-92	-24.7
91	3.79	7.45e-05	4.13	-61.8	37.8	-50
90	3.31	0.000474	3.32	-5.24	-94.9	-18.3
89	3.59	0.000165	3.78	16.7	-13.5	-58.9
88	3.34	0.000414	3.38	50	-2.79	-63.3
87	3.77	8.01e-05	4.1	20.9	24.1	-65.4
86	3.79	7.43e-05	4.13	41.4	-31.9	-30.2
85	3.29	0.000495	3.31	-60.4	-36.3	-12.4
84	3.66	0.000125	3.9	-4.85	1.25	-48.4
83	3.32	0.000454	3.34	-58.7	-62.9	1.2
82	3.98	3.39e-05	4.47	-12.5	-91.8	4.83
81	3.35	0.000411	3.39	-13.5	-78.3	10.4
80	3.58	0.000174	3.76	41.1	-80	0.491
79	3.29	0.000494	3.31	-7.07	-70.8	-5.7
78	4.45	4.34e-06	5.36	-7.17	36.1	-59.9
77	3.21	0.000669	3.17	-4.3	-8.26	-37.3
76	3.28	0.000527	3.28	27.8	20.2	-50.8
75	3.85	5.86e-05	4.23	21	-75.5	-58.5
74	3.51	0.000227	3.64	-54.5	28.1	-32.4
73	4.16	1.61e-05	4.79	-0.661	-71.2	32.1
72	3.32	0.000445	3.35	76.2	2.51	-15.4
71	3.34	0.000423	3.37	-0.805	-52.9	-70.7
70	3.13	0.000862	3.06	3.05	16.5	62.5
69	3.23	0.000618	3.21	-20.7	21.9	21.6
68	3.15	0.000821	3.09	-32.7	11.6	-54.5
67	3.38	0.000364	3.44	12.8	22.9	59.6
66	3.23	0.000609	3.22	-60.7	10.8	26
65	3.36	0.000384	3.42	3.21	12.9	70.6
64	3.56	0.000184	3.74	-27.8	20.1	66
63	3.15	0.000811	3.09	-24.9	-56.9	-13.3
62	3.53	0.000208	3.68	69.2	-2.9	37
61	3.12	0.000904	3.04	0.34	-70.6	-61.6
60	3.17	0.000763	3.12	-23.1	-33	-25.3
59	3.4	0.000333	3.48	9.97	74.7	-10.4
58	3.49	0.000242	3.62	-32.1	42.7	4.52
57	3.21	0.000675	3.17	5.17	-15.5	72.6
56	3.32	0.000457	3.34	-15	40	12.6
55	3.5	0.000232	3.63	13.6	65.8	25.4
54	3.17	0.000769	3.11	11.2	-82.6	-49
53	3.09	0.000995	3	51.8	21.1	-75.4
52	3.33	0.000435	3.36	59.7	3.68	-66.3
51	3.39	0.000347	3.46	25.5	41.6	19.3
50	3.35	0.000403	3.39	24.9	-32	-68
49	3.65	0.000132	3.88	30.8	10.3	54
48	3.1	0.000966	3.02	-42.7	-7.27	48.2
47	3.19	0.000705	3.15	-30.2	-74.8	-35.5
46	3.27	0.000537	3.27	-15.1	-97.1	-30
45	3.1	0.000978	3.01	28.7	-10.6	64.6
44	3.64	0.000138	3.86	-13.1	-22.8	-67.6
43	3.11	0.00095	3.02	18.9	-17.1	67.6
42	3.37	0.00037	3.43	10.9	-42.2	30.2
41	3.46	0.00027	3.57	-31.1	36.5	-48.4
40	3.16	0.000789	3.1	-5.44	-52	34.7
39	3.11	0.000928	3.03	-45.9	-57.1	36
38	3.27	0.000537	3.27	-18	-67.5	42.1
37	3.33	0.000427	3.37	-44.4	26.7	-12.7
36	3.17	0.00077	3.11	-75.6	-16.5	8.29
35	3.09	0.00099	3	4.22	68.2	-63.3
34	3.38	0.000361	3.44	-38.4	-62.5	7.82
33	3.12	0.000901	3.05	-42.9	57.1	-34.3
32	3.35	0.000406	3.39	56.2	-55	13.2
31	3.35	0.000397	3.4	-24.3	-17.8	-8.17
30	3.19	0.000708	3.15	71.5	23	-25.9
29	3.34	0.000417	3.38	-3.38	23.7	-16.1
28	3.6	0.000158	3.8	73	-1.89	-0.763
27	3.22	0.000637	3.2	52.3	57.6	-44.1
26	3.46	0.000269	3.57	-46	55.3	-45.9
25	3.16	0.000783	3.11	68.3	19.3	-17.9
24	3.25	0.000584	3.23	24.8	61.4	-40.6
23	3.17	0.000755	3.12	16.8	-79.2	36.7
22	3.12	0.000911	3.04	-18	-66.2	29
21	3.31	0.000462	3.33	-57.2	21.5	-54.1
20	3.19	0.000709	3.15	-37.1	25.6	-55.5
19	3.33	0.000429	3.37	27.1	73.3	-15.4
18	3.27	0.000537	3.27	-3.4	30.4	-56.9
17	3.26	0.000558	3.25	-23.7	29.3	-57
16	3.25	0.000567	3.25	-71.9	-24.2	31
15	3.47	0.000265	3.58	-39.5	-52.1	46.1
14	3.38	0.000361	3.44	-7.55	42	-62.9
13	3.27	0.00053	3.28	34.3	68.4	-18.9
12	3.26	0.000549	3.26	-31.7	38	-5.57
11	3.37	0.00038	3.42	5.25	0.541	-35.3
10	3.16	0.00078	3.11	-5.98	-89.8	16.4
9	3.16	0.000802	3.1	-47.9	-71.3	5.76
8	3.82	6.8e-05	4.17	75	-29	-11.9
7	3.3	0.000481	3.32	-70.9	-31	-15.4
6	3.25	0.000569	3.25	65.4	15.1	-34.5
5	3.12	0.000894	3.05	-1.39	43.3	-13.5
4	3.71	0.000103	3.99	58.2	20.6	-37.6
3	3.27	0.000533	3.27	0.69	17.5	-37.8
2	3.13	0.000883	3.05	-9.97	-34.4	25.6
1	3.37	0.000378	3.42	20.4	27.5	-42.2
