Cluster Index	Z	P	-log10(P)	x	y	z	
205	7.13	4.89e-13	12.3	16	25	20
205	7.02	1.11e-12	12	36	7	16
205	6.43	6.47e-11	10.2	38	19	11
205	6.42	6.69e-11	10.2	21	10	11
205	6.32	1.32e-10	9.88	23	10	10
205	6.3	1.49e-10	9.83	37	12	12
204	7.12	5.53e-13	12.3	19	40	18
204	6.03	7.95e-10	9.1	23	44	13
204	5.86	2.26e-09	8.65	23	35	22
204	5.03	2.46e-07	6.61	16	42	16
204	4.58	2.32e-06	5.63	24	47	15
204	4.58	2.32e-06	5.63	23	47	17
203	5.68	6.93e-09	8.16	36	37	23
203	5.26	7.19e-08	7.14	42	43	14
203	4.84	6.62e-07	6.18	31	39	22
203	4.77	9.19e-07	6.04	30	43	21
203	4.69	1.38e-06	5.86	30	37	23
203	4.66	1.61e-06	5.79	31	35	24
202	6.89	2.81e-12	11.6	49	34	20
202	5.65	8.2e-09	8.09	52	38	17
202	5.21	9.37e-08	7.03	47	36	18
202	4.36	6.37e-06	5.2	49	34	22
202	4.23	1.17e-05	4.93	49	37	16
201	6.33	1.23e-10	9.91	44	33	22
201	5.44	2.64e-08	7.58	44	35	22
201	5.06	2.11e-07	6.68	37	24	27
201	4.83	6.72e-07	6.17	38	26	27
201	4.63	1.8e-06	5.74	42	29	24
201	3.99	3.28e-05	4.48	38	29	28
200	5.3	5.65e-08	7.25	23	20	24
199	4.86	5.73e-07	6.24	49	46	17
199	3.35	0.000402	3.4	50	42	17
199	3.34	0.000419	3.38	51	44	16
198	4.59	2.24e-06	5.65	15	24	13
198	4.24	1.11e-05	4.95	16	22	15
198	3.95	3.99e-05	4.4	19	23	15
198	3.64	0.000135	3.87	18	25	12
198	3.36	0.000384	3.42	13	27	12
198	3.33	0.000428	3.37	11	27	12
197	4.84	6.45e-07	6.19	41	44	4
197	4.21	1.28e-05	4.89	39	42	5
197	3.56	0.000188	3.73	39	40	4
196	4.08	2.24e-05	4.65	38	52	13
196	3.59	0.000165	3.78	35	53	14
196	3.56	0.000187	3.73	34	56	15
196	3.46	0.000268	3.57	38	56	13
196	3.32	0.000445	3.35	35	55	12
195	4.67	1.49e-06	5.83	47	21	15
195	3.63	0.000144	3.84	47	25	12
195	3.4	0.000336	3.47	51	23	11
194	4.19	1.41e-05	4.85	52	20	14
193	4.52	3.03e-06	5.52	36	50	17
193	3.74	9.04e-05	4.04	33	54	18
193	3.51	0.000222	3.65	38	51	15
192	4.33	7.43e-06	5.13	14	38	10
192	4.07	2.4e-05	4.62	15	36	11
192	4.02	2.9e-05	4.54	16	40	11
192	3.81	7.07e-05	4.15	14	38	12
192	3.28	0.000511	3.29	16	43	10
191	4.88	5.19e-07	6.28	21	41	23
191	4.27	9.74e-06	5.01	24	39	22
190	4.26	1.03e-05	4.99	47	43	15
190	4.18	1.44e-05	4.84	48	44	13
189	4.3	8.54e-06	5.07	25	41	5
189	3.75	9.01e-05	4.05	24	41	3
188	4.33	7.33e-06	5.13	20	46	9
187	3.91	4.57e-05	4.34	45	52	11
187	3.77	8.27e-05	4.08	47	50	11
187	3.38	0.000368	3.43	42	52	11
186	4.53	3e-06	5.52	19	13	21
186	4.4	5.3e-06	5.28	16	14	20
186	4.15	1.64e-05	4.79	21	10	19
185	4.04	2.72e-05	4.57	41	42	20
185	3.61	0.000153	3.82	41	42	18
184	4.04	2.64e-05	4.58	39	50	11
184	3.62	0.000147	3.83	37	46	10
183	5.16	1.22e-07	6.91	31	27	27
183	3.89	5.08e-05	4.29	30	31	28
183	3.81	7.05e-05	4.15	28	29	27
183	3.37	0.00037	3.43	29	28	25
182	5.41	3.08e-08	7.51	13	23	18
182	4.23	1.15e-05	4.94	13	18	19
182	3.73	9.43e-05	4.03	11	21	18
181	3.61	0.000155	3.81	10	29	12
181	3.38	0.000364	3.44	12	30	12
180	3.82	6.56e-05	4.18	32	41	18
180	3.5	0.000234	3.63	29	41	19
179	4.45	4.35e-06	5.36	34	40	7
179	3.94	4.14e-05	4.38	35	37	6
179	3.43	0.000299	3.52	33	36	6
178	4.02	2.9e-05	4.54	29	56	13
177	3.91	4.54e-05	4.34	53	27	15
176	3.8	7.36e-05	4.13	46	46	9
176	3.68	0.000115	3.94	47	44	9
175	4.26	1.01e-05	5	28	56	17
175	3.36	0.000386	3.41	30	52	16
174	4.12	1.89e-05	4.72	29	4	15
174	3.54	0.000196	3.71	29	6	14
174	3.26	0.000561	3.25	27	6	15
173	3.92	4.5e-05	4.35	48	28	25
173	3.34	0.000415	3.38	47	26	25
172	4.29	9.05e-06	5.04	16	29	12
171	3.92	4.48e-05	4.35	48	22	17
170	4.03	2.76e-05	4.56	45	27	8
170	3.4	0.000342	3.47	47	26	8
169	4	3.19e-05	4.5	15	15	17
168	3.96	3.71e-05	4.43	29	37	17
167	3.71	0.000105	3.98	39	43	9
166	3.81	6.96e-05	4.16	34	42	13
166	3.76	8.53e-05	4.07	32	42	13
165	4.44	4.49e-06	5.35	52	29	17
164	4.46	4.11e-06	5.39	25	8	19
163	3.87	5.5e-05	4.26	51	28	23
162	4.41	5.2e-06	5.28	49	19	5
161	3.68	0.000118	3.93	25	23	15
160	3.47	0.000262	3.58	34	30	26
159	3.86	5.69e-05	4.24	26	30	3
158	4.18	1.47e-05	4.83	41	24	27
157	3.56	0.000186	3.73	22	53	22
157	3.21	0.000654	3.18	24	53	21
156	3.38	0.000364	3.44	19	40	4
155	3.92	4.45e-05	4.35	36	37	16
154	4.32	7.95e-06	5.1	50	27	8
153	3.7	0.000109	3.96	37	8	8
152	3.55	0.000195	3.71	50	16	21
151	3.32	0.000444	3.35	38	57	17
150	3.84	6.24e-05	4.2	32	36	19
149	3.58	0.000174	3.76	41	28	6
148	3.54	0.000198	3.7	20	26	26
147	3.43	0.000297	3.53	49	47	12
146	4.82	7.17e-07	6.14	31	56	20
145	3.64	0.000138	3.86	36	21	26
144	3.29	0.000502	3.3	22	46	20
143	3.41	0.000326	3.49	43	54	18
142	3.85	6.01e-05	4.22	37	32	13
141	3.54	0.0002	3.7	55	22	17
140	3.62	0.000145	3.84	48	17	16
139	3.7	0.000107	3.97	38	23	16
138	4.24	1.13e-05	4.95	34	18	25
137	3.94	4.14e-05	4.38	35	37	8
136	3.63	0.000139	3.86	27	45	9
135	3.35	0.000409	3.39	24	25	5
134	3.74	9.1e-05	4.04	42	7	9
133	3.47	0.000261	3.58	16	40	7
132	3.29	0.000494	3.31	36	17	7
131	3.2	0.000681	3.17	55	31	11
130	4.03	2.8e-05	4.55	33	42	9
129	3.29	0.000494	3.31	44	45	6
128	3.41	0.000331	3.48	37	5	11
127	4.33	7.54e-06	5.12	47	43	7
126	3.59	0.000169	3.77	30	40	9
125	3.83	6.37e-05	4.2	12	28	9
124	3.46	0.00027	3.57	38	23	4
123	3.71	0.000102	3.99	13	39	15
122	3.93	4.21e-05	4.38	29	28	22
121	3.91	4.52e-05	4.34	32	20	22
120	3.44	0.000291	3.54	19	45	21
119	3.38	0.000359	3.44	13	21	16
118	3.45	0.000276	3.56	29	26	16
117	3.51	0.000225	3.65	35	51	22
116	3.27	0.000541	3.27	16	33	21
115	4.61	2.04e-06	5.69	38	5	9
114	3.46	0.000267	3.57	46	49	16
113	3.17	0.000755	3.12	36	54	16
112	3.55	0.000192	3.72	42	30	9
111	3.72	9.95e-05	4	26	45	7
110	3.41	0.000322	3.49	23	44	7
109	3.42	0.000318	3.5	37	40	17
108	4.17	1.56e-05	4.81	54	32	20
107	3.51	0.000222	3.65	44	39	7
106	3.43	0.000296	3.53	38	22	20
105	3.18	0.000731	3.14	36	40	19
104	3.75	8.93e-05	4.05	25	57	18
103	3.51	0.000225	3.65	31	58	18
102	3.37	0.000373	3.43	30	32	19
101	3.25	0.000579	3.24	32	29	1
100	3.68	0.000115	3.94	54	36	10
99	3.9	4.83e-05	4.32	33	57	11
98	3.58	0.000169	3.77	55	27	12
97	3.83	6.48e-05	4.19	31	17	26
96	3.14	0.000854	3.07	25	28	13
95	3.53	0.000207	3.68	27	52	22
94	3.36	0.000392	3.41	48	49	14
93	3.42	0.000311	3.51	22	38	3
92	3.1	0.000957	3.02	25	11	21
91	3.42	0.000312	3.51	36	42	25
90	3.2	0.000696	3.16	30	47	25
89	4.24	1.1e-05	4.96	27	57	20
88	3.59	0.000163	3.79	29	16	26
87	3.29	0.000499	3.3	28	34	5
86	3.51	0.000223	3.65	21	35	5
85	3.3	0.000492	3.31	37	33	3
84	3.43	0.000302	3.52	47	44	22
83	3.16	0.00078	3.11	27	23	20
82	3.44	0.000291	3.54	18	23	2
81	3.33	0.000434	3.36	25	30	26
80	3.39	0.000346	3.46	13	38	19
79	3.3	0.000476	3.32	39	20	4
78	3.43	0.000304	3.52	22	50	22
77	4.13	1.85e-05	4.73	42	33	26
76	3.21	0.000661	3.18	38	38	27
75	3.62	0.000149	3.83	31	25	28
74	3.17	0.000772	3.11	30	48	23
73	3.35	0.000401	3.4	17	23	24
72	3.27	0.000535	3.27	43	15	4
71	4.09	2.14e-05	4.67	40	10	22
70	3.24	0.000591	3.23	49	39	4
69	4.18	1.45e-05	4.84	41	51	21
68	3.71	0.000105	3.98	38	13	4
67	3.28	0.000522	3.28	38	34	21
66	3.32	0.000451	3.35	44	37	24
65	3.55	0.000189	3.72	19	41	24
64	3.27	0.00054	3.27	31	15	25
63	3.13	0.000887	3.05	25	44	4
62	3.53	0.000212	3.67	42	38	3
61	3.29	0.000509	3.29	11	28	21
60	3.2	0.000699	3.16	49	27	21
59	3.22	0.000635	3.2	43	27	21
58	3.51	0.000226	3.65	21	22	25
57	3.12	0.000912	3.04	22	48	23
56	3.38	0.000361	3.44	23	26	25
55	3.58	0.000174	3.76	23	28	25
54	3.2	0.000693	3.16	48	33	5
53	3.26	0.00056	3.25	46	18	15
52	3.12	0.000899	3.05	32	55	14
51	3.49	0.000243	3.61	50	49	14
50	3.49	0.000239	3.62	52	40	14
49	3.12	0.000914	3.04	51	31	14
48	3.35	0.000407	3.39	53	23	14
47	3.18	0.000726	3.14	51	23	14
46	3.33	0.000433	3.36	42	54	13
45	3.29	0.000506	3.3	20	54	13
44	3.11	0.00095	3.02	45	52	13
43	3.12	0.000893	3.05	24	45	9
42	3.12	0.000904	3.04	26	36	13
41	3.3	0.000479	3.32	39	46	9
40	3.11	0.000939	3.03	40	27	13
39	3.54	0.000202	3.69	10	23	13
38	3.14	0.000859	3.07	12	20	13
37	3.54	0.000199	3.7	34	50	9
36	3.23	0.000628	3.2	46	50	9
35	3.68	0.000116	3.93	44	55	12
34	3.67	0.000121	3.92	43	10	10
33	3.1	0.000964	3.02	17	13	10
32	3.11	0.000923	3.03	54	23	12
31	3.38	0.000369	3.43	52	21	10
30	3.17	0.000756	3.12	35	38	10
29	3.63	0.000141	3.85	41	47	11
28	3.4	0.000331	3.48	26	43	11
27	3.46	0.000272	3.57	11	23	11
26	3.43	0.000303	3.52	17	50	18
25	3.54	0.000199	3.7	54	34	7
24	3.89	4.93e-05	4.31	30	36	7
23	3.53	0.000209	3.68	44	20	18
22	3.88	5.23e-05	4.28	27	7	18
21	3.16	0.000799	3.1	21	43	7
20	3.8	7.37e-05	4.13	22	56	17
19	3.15	0.000829	3.08	13	32	17
18	3.39	0.00035	3.46	21	25	8
17	3.33	0.000431	3.37	18	12	17
16	3.56	0.000184	3.74	54	31	8
15	3.16	0.000801	3.1	44	43	16
14	3.53	0.000209	3.68	38	36	16
13	3.73	9.56e-05	4.02	32	37	8
12	3.12	0.000911	3.04	10	27	16
11	3.11	0.000947	3.02	51	25	16
10	4.23	1.18e-05	4.93	42	7	16
9	3.23	0.00061	3.21	41	56	15
8	3.42	0.000315	3.5	30	54	15
7	3.19	0.000701	3.15	28	53	15
6	3.25	0.000573	3.24	44	51	15
5	3.15	0.000807	3.09	40	39	15
4	3.83	6.3e-05	4.2	33	39	15
3	3.27	0.000531	3.28	36	14	9
2	3.2	0.000696	3.16	11	29	15
1	3.88	5.22e-05	4.28	44	31	9
