Cluster Index	Z	P	-log10(P)	x	y	z	
203	4.56	2.56e-06	5.59	21	11	5
203	4.41	5.28e-06	5.28	45	13	3
203	4.26	1.02e-05	4.99	42	11	2
203	4.21	1.26e-05	4.9	39	9	5
203	4.2	1.33e-05	4.88	33	11	3
203	4.19	1.4e-05	4.85	23	13	5
202	4.99	2.96e-07	6.53	42	43	14
202	4.66	1.57e-06	5.8	44	41	11
202	4.44	4.57e-06	5.34	36	38	13
202	4.34	7.08e-06	5.15	40	47	18
202	4.16	1.56e-05	4.81	42	47	15
202	4.07	2.33e-05	4.63	37	44	17
201	4.86	5.81e-07	6.24	23	44	13
201	4.82	7.31e-07	6.14	29	38	13
201	4.59	2.2e-06	5.66	26	49	11
201	4.4	5.43e-06	5.26	27	40	15
201	4.32	7.97e-06	5.1	30	46	11
201	4.01	3.05e-05	4.52	18	47	11
200	6.01	9.55e-10	9.02	22	10	13
200	5.49	2e-08	7.7	18	19	10
200	5.17	1.17e-07	6.93	21	20	8
200	5.11	1.58e-07	6.8	21	14	9
200	5.1	1.72e-07	6.76	17	23	10
200	4.5	3.39e-06	5.47	21	11	11
199	5.84	2.59e-09	8.59	47	16	9
199	5.35	4.4e-08	7.36	45	16	10
199	5.1	1.72e-07	6.76	44	16	7
199	5.03	2.46e-07	6.61	42	13	8
199	4.76	9.6e-07	6.02	51	17	9
199	4.38	6.05e-06	5.22	46	22	8
198	4.8	8.1e-07	6.09	43	13	15
198	4.4	5.45e-06	5.26	43	15	16
198	4.29	8.81e-06	5.05	37	12	21
198	4.02	2.91e-05	4.54	42	17	21
198	3.96	3.79e-05	4.42	45	19	21
198	3.92	4.37e-05	4.36	38	16	17
197	4.92	4.36e-07	6.36	22	15	21
197	4.89	5.17e-07	6.29	23	16	19
197	4.73	1.13e-06	5.95	24	14	20
197	3.31	0.000459	3.34	27	12	20
196	5.49	2.02e-08	7.69	22	15	15
196	5.24	8.12e-08	7.09	21	13	16
195	4.38	5.87e-06	5.23	30	43	21
195	3.56	0.000183	3.74	32	47	21
195	3.51	0.00022	3.66	32	39	21
194	4.93	4.03e-07	6.39	44	33	22
194	4.16	1.57e-05	4.8	43	35	22
193	4.63	1.8e-06	5.75	20	39	18
193	3.8	7.22e-05	4.14	23	37	19
192	4.11	2e-05	4.7	34	17	3
192	3.85	5.84e-05	4.23	33	19	2
192	3.67	0.00012	3.92	32	15	3
191	4.88	5.4e-07	6.27	47	35	19
191	3.94	4.01e-05	4.4	51	35	21
190	4.35	6.93e-06	5.16	29	37	22
190	3.89	4.96e-05	4.3	31	35	24
189	3.69	0.000113	3.95	38	17	11
189	3.67	0.000119	3.92	39	17	13
189	3.61	0.000152	3.82	40	20	11
189	3.51	0.000222	3.65	43	19	12
188	4.35	6.73e-06	5.17	27	57	15
188	4.07	2.35e-05	4.63	26	55	15
188	3.8	7.25e-05	4.14	23	56	15
188	3.37	0.000381	3.42	30	54	15
187	3.91	4.55e-05	4.34	49	46	17
187	3.81	6.98e-05	4.16	46	48	19
187	3.69	0.000111	3.96	47	45	18
186	3.88	5.23e-05	4.28	19	47	17
186	3.72	9.83e-05	4.01	25	46	18
186	3.4	0.000334	3.48	23	45	18
185	4.57	2.44e-06	5.61	39	42	5
184	4.27	9.85e-06	5.01	41	15	12
184	3.94	4.13e-05	4.38	38	11	13
183	4.11	1.97e-05	4.7	23	19	11
183	3.99	3.32e-05	4.48	25	21	12
183	3.91	4.53e-05	4.34	27	21	12
182	3.92	4.34e-05	4.36	15	17	7
182	3.74	9.02e-05	4.04	16	19	5
182	3.65	0.00013	3.88	16	21	4
182	3.62	0.000147	3.83	15	21	6
182	3.62	0.000149	3.83	17	15	7
181	5.29	6.02e-08	7.22	49	24	20
180	4.47	3.95e-06	5.4	31	16	13
179	4.29	8.8e-06	5.06	45	52	11
179	3.78	7.86e-05	4.1	42	52	11
178	4.04	2.68e-05	4.57	18	25	12
178	3.77	8.26e-05	4.08	16	29	12
177	4.56	2.62e-06	5.58	50	12	15
176	4.06	2.41e-05	4.62	32	41	18
176	3.5	0.000233	3.63	28	41	19
175	3.92	4.48e-05	4.35	29	20	0
175	3.79	7.52e-05	4.12	29	23	0
174	4.44	4.4e-06	5.36	22	52	16
173	4.8	7.85e-07	6.11	24	47	15
172	4.34	7e-06	5.16	25	23	2
171	4.6	2.08e-06	5.68	17	25	20
171	3.34	0.000417	3.38	17	23	21
170	4.14	1.75e-05	4.76	37	49	11
170	3.55	0.000192	3.72	36	45	11
169	3.71	0.000102	3.99	37	57	13
169	3.62	0.000147	3.83	36	55	11
168	3.7	0.000106	3.98	23	35	21
168	3.41	0.00032	3.49	23	34	24
167	4.2	1.32e-05	4.88	36	4	13
166	4.36	6.48e-06	5.19	20	9	15
165	3.83	6.51e-05	4.19	39	24	1
164	3.67	0.000123	3.91	27	45	9
164	3.55	0.000191	3.72	24	45	9
163	3.88	5.3e-05	4.28	33	57	11
163	3.83	6.35e-05	4.2	31	54	11
162	3.71	0.000105	3.98	49	23	17
161	3.87	5.54e-05	4.26	35	37	23
160	4.04	2.63e-05	4.58	25	41	5
159	4.24	1.13e-05	4.95	48	28	25
158	4.66	1.59e-06	5.8	15	44	13
157	4.62	1.91e-06	5.72	46	10	13
156	4.27	9.97e-06	5	51	28	23
155	3.63	0.000142	3.85	28	6	9
155	3.62	0.00015	3.82	26	7	9
154	4.09	2.16e-05	4.67	47	43	15
153	3.54	0.000197	3.71	13	20	11
153	3.53	0.00021	3.68	13	18	11
152	4	3.13e-05	4.5	37	32	13
151	4.07	2.39e-05	4.62	48	23	13
150	4.18	1.43e-05	4.84	28	17	17
149	3.59	0.000167	3.78	30	51	13
148	4.15	1.68e-05	4.78	23	7	13
147	4.03	2.77e-05	4.56	37	23	28
146	4.48	3.73e-06	5.43	34	40	7
145	3.74	9.2e-05	4.04	23	44	7
144	3.67	0.000123	3.91	36	10	22
143	3.32	0.000449	3.35	24	27	20
142	3.25	0.000581	3.24	50	21	23
141	3.18	0.000729	3.14	46	12	8
140	3.62	0.000148	3.83	53	24	21
139	3.66	0.000128	3.89	49	15	21
138	3.35	0.000405	3.39	44	11	21
138	3.33	0.000431	3.37	43	13	21
137	3.98	3.37e-05	4.47	30	40	9
136	3.54	0.000202	3.69	42	43	7
135	3.74	9.06e-05	4.04	34	42	9
134	3.36	0.000391	3.41	50	40	11
133	3.46	0.000267	3.57	16	44	19
132	3.77	8.06e-05	4.09	48	25	5
131	3.93	4.32e-05	4.36	38	52	13
130	3.96	3.77e-05	4.42	47	21	15
129	3.59	0.000167	3.78	30	56	13
128	3.65	0.000129	3.89	16	22	15
127	3.56	0.000187	3.73	25	28	13
126	3.3	0.000482	3.32	48	14	11
125	3.27	0.000544	3.26	46	46	16
124	4.07	2.34e-05	4.63	30	36	7
124	3.49	0.000244	3.61	32	37	8
123	3.57	0.00018	3.74	50	23	8
122	3.78	7.91e-05	4.1	46	15	23
121	4.12	1.88e-05	4.73	50	27	8
120	3.39	0.000351	3.45	32	42	13
119	3.35	0.000402	3.4	18	33	8
118	3.61	0.000152	3.82	43	27	21
117	3.75	8.81e-05	4.06	39	20	15
116	3.38	0.000367	3.44	33	57	13
115	3.48	0.000252	3.6	19	22	15
114	3.46	0.000274	3.56	49	44	11
113	3.69	0.00011	3.96	52	27	15
112	3.34	0.000418	3.38	51	42	17
111	3.39	0.000345	3.46	31	31	28
110	4.12	1.9e-05	4.72	13	39	15
109	3.55	0.00019	3.72	38	30	28
108	3.65	0.000132	3.88	36	31	25
107	3.69	0.000112	3.95	13	22	16
106	3.21	0.000667	3.18	19	10	17
105	3.21	0.000658	3.18	37	12	17
104	3.68	0.000116	3.93	43	23	25
103	3.4	0.000341	3.47	18	38	23
102	3.4	0.000342	3.47	28	56	17
101	3.94	4.13e-05	4.38	32	12	18
100	3.94	4.05e-05	4.39	36	34	23
99	3.96	3.7e-05	4.43	11	21	18
98	3.84	6.16e-05	4.21	35	51	22
97	3.59	0.000164	3.78	33	55	18
96	3.33	0.000442	3.35	21	41	23
95	3.29	0.000509	3.29	32	36	19
94	3.53	0.000206	3.69	49	27	21
93	3.18	0.000729	3.14	39	39	21
92	3.24	0.000603	3.22	24	8	4
91	3.79	7.45e-05	4.13	50	48	11
90	3.31	0.000474	3.32	36	7	5
89	3.59	0.000165	3.78	28	34	5
88	3.34	0.000414	3.38	18	37	5
87	3.77	8.01e-05	4.1	26	45	7
86	3.79	7.43e-05	4.13	21	25	8
85	3.29	0.000495	3.31	51	23	11
84	3.66	0.000125	3.9	34	37	8
83	3.32	0.000454	3.34	51	14	11
82	3.98	3.39e-05	4.47	38	5	9
81	3.35	0.000411	3.39	38	8	11
80	3.58	0.000174	3.76	22	8	9
79	3.29	0.000494	3.31	36	12	9
78	4.45	4.34e-06	5.36	34	48	9
77	3.21	0.000669	3.17	34	33	9
76	3.28	0.000527	3.28	24	42	9
75	3.85	5.86e-05	4.23	28	17	0
74	3.51	0.000227	3.64	48	43	13
73	4.16	1.61e-05	4.79	34	7	15
72	3.32	0.000445	3.35	10	32	13
71	3.34	0.000423	3.37	34	25	0
70	3.13	0.000862	3.06	31	27	27
69	3.23	0.000618	3.21	38	34	21
68	3.15	0.000821	3.09	42	41	8
67	3.38	0.000364	3.44	28	29	27
66	3.23	0.000609	3.22	50	31	21
65	3.36	0.000384	3.42	31	25	28
64	3.56	0.000184	3.74	40	28	28
63	3.15	0.000811	3.09	41	17	9
62	3.53	0.000208	3.68	12	24	21
61	3.12	0.000904	3.04	34	19	0
60	3.17	0.000763	3.12	40	25	9
59	3.4	0.000333	3.48	28	52	20
58	3.49	0.000242	3.62	41	42	20
57	3.21	0.000675	3.17	31	17	26
56	3.32	0.000457	3.34	36	40	21
55	3.5	0.000232	3.63	27	45	25
54	3.17	0.000769	3.11	31	14	1
53	3.09	0.000995	3	17	45	5
52	3.33	0.000435	3.36	15	39	5
51	3.39	0.000347	3.46	24	39	22
50	3.35	0.000403	3.39	26	30	2
49	3.65	0.000132	3.88	23	26	25
48	3.1	0.000966	3.02	45	23	23
47	3.19	0.000705	3.15	43	15	4
46	3.27	0.000537	3.27	39	8	3
45	3.1	0.000978	3.01	24	19	25
44	3.64	0.000138	3.86	37	33	3
43	3.11	0.00095	3.02	27	17	25
42	3.37	0.00037	3.43	30	15	17
41	3.46	0.00027	3.57	41	47	11
40	3.16	0.000789	3.1	35	12	17
39	3.11	0.000928	3.03	47	11	17
38	3.27	0.000537	3.27	39	7	17
37	3.33	0.000427	3.37	45	40	16
36	3.17	0.00077	3.11	55	26	16
35	3.09	0.00099	3	30	57	11
34	3.38	0.000361	3.44	45	13	12
33	3.12	0.000901	3.05	44	51	15
32	3.35	0.000406	3.39	17	13	13
31	3.35	0.000397	3.4	40	27	13
30	3.19	0.000708	3.15	11	39	13
29	3.34	0.000417	3.38	33	39	15
28	3.6	0.000158	3.8	11	29	15
27	3.22	0.000637	3.2	16	51	13
26	3.46	0.000269	3.57	45	52	13
25	3.16	0.000783	3.11	12	37	14
24	3.25	0.000584	3.23	24	52	14
23	3.17	0.000755	3.12	29	4	15
22	3.12	0.000911	3.04	39	9	15
21	3.31	0.000462	3.33	49	44	9
20	3.19	0.000709	3.15	43	45	9
19	3.33	0.000429	3.37	23	52	19
18	3.27	0.000537	3.27	33	46	9
17	3.26	0.000558	3.25	39	46	9
16	3.25	0.000567	3.25	54	21	19
15	3.47	0.000265	3.58	45	11	19
14	3.38	0.000361	3.44	34	50	9
13	3.27	0.00053	3.28	21	51	18
12	3.26	0.000549	3.26	41	42	18
11	3.37	0.00038	3.42	31	35	10
10	3.16	0.00078	3.11	36	4	11
9	3.16	0.000802	3.1	48	11	11
8	3.82	6.8e-05	4.17	11	23	11
7	3.3	0.000481	3.32	54	25	11
6	3.25	0.000569	3.25	13	38	11
5	3.12	0.000894	3.05	32	44	17
4	3.71	0.000103	3.99	15	40	11
3	3.27	0.000533	3.27	32	40	11
2	3.13	0.000883	3.05	36	18	17
1	3.37	0.000378	3.42	26	43	11
