Cluster Index	Z	P	-log10(P)	x	y	z	
145	5.13	1.48e-07	6.83	-31.2	34.4	-5
145	4.8	7.85e-07	6.11	-37.5	28.1	-20
145	4.58	2.28e-06	5.64	-12.5	18.8	-10
145	4.53	2.93e-06	5.53	6.25	34.4	30
145	4.5	3.46e-06	5.46	9.38	15.6	35
145	4.49	3.54e-06	5.45	-25	46.9	15
144	6.12	4.77e-10	9.32	31.2	-68.8	-10
144	5.61	1e-08	8	43.8	-40.6	-25
144	5.61	1.01e-08	8	31.2	-53.1	0
144	5.36	4.06e-08	7.39	34.4	-59.4	5
144	5.3	5.84e-08	7.23	34.4	-37.5	-35
144	5.24	7.89e-08	7.1	34.4	-56.2	-30
143	5	2.91e-07	6.54	28.1	37.5	-10
143	4.95	3.66e-07	6.44	9.38	18.8	-10
143	4.73	1.1e-06	5.96	18.8	53.1	-20
143	4.55	2.72e-06	5.57	15.6	25	0
143	4.47	3.98e-06	5.4	6.25	43.8	-20
143	4.3	8.73e-06	5.06	-15.6	53.1	-20
142	5.96	1.3e-09	8.89	-46.9	-50	-30
142	5.47	2.2e-08	7.66	-40.6	-50	-25
142	5.23	8.6e-08	7.07	-37.5	-50	-40
142	5.16	1.23e-07	6.91	-31.2	-59.4	-35
142	4.9	4.8e-07	6.32	-59.4	-46.9	-30
142	4.52	3.03e-06	5.52	-43.8	-31.2	-35
141	4.93	4.05e-07	6.39	-34.4	-59.4	0
141	4.55	2.72e-06	5.56	-34.4	-53.1	5
141	4.44	4.41e-06	5.36	-15.6	-62.5	30
141	4.18	1.45e-05	4.84	-31.2	-46.9	30
141	4.12	1.9e-05	4.72	-40.6	-40.6	30
141	4.09	2.19e-05	4.66	-18.8	-50	10
140	4.77	8.99e-07	6.05	37.5	21.9	15
140	3.97	3.61e-05	4.44	28.1	15.6	20
140	3.88	5.29e-05	4.28	28.1	9.38	30
140	3.65	0.000133	3.88	50	37.5	20
140	3.6	0.00016	3.8	28.1	6.25	45
139	4.42	4.93e-06	5.31	-28.1	-53.1	-15
139	4.1	2.07e-05	4.68	-18.8	-65.6	-10
139	3.86	5.65e-05	4.25	-18.8	-46.9	-20
139	3.85	5.95e-05	4.23	-21.9	-46.9	-10
139	3.79	7.58e-05	4.12	-25	-37.5	-20
139	3.69	0.000111	3.95	-34.4	-40.6	-15
138	4.94	3.93e-07	6.41	25	46.9	0
138	4.05	2.62e-05	4.58	40.6	46.9	10
138	3.89	4.91e-05	4.31	21.9	43.8	15
138	3.59	0.000167	3.78	28.1	40.6	15
137	5.07	2.02e-07	6.7	-37.5	3.12	35
137	4.32	7.85e-06	5.1	-34.4	9.38	35
136	5.01	2.7e-07	6.57	-46.9	9.38	20
136	4.11	2e-05	4.7	-59.4	9.38	30
136	3.43	0.000305	3.52	-56.2	-3.12	30
135	4.5	3.36e-06	5.47	15.6	78.1	0
135	4.23	1.17e-05	4.93	18.8	71.9	0
135	3.97	3.62e-05	4.44	28.1	75	0
135	3.55	0.000191	3.72	6.25	68.8	0
134	5.42	3.01e-08	7.52	-53.1	-25	25
133	4.1	2.02e-05	4.69	-12.5	6.25	40
133	4.03	2.77e-05	4.56	-9.38	15.6	40
133	3.5	0.000228	3.64	-12.5	25	30
133	3.38	0.000365	3.44	-21.9	21.9	30
132	4.2	1.34e-05	4.87	43.8	-21.9	-15
132	3.94	4.13e-05	4.38	50	-9.38	-15
131	4.59	2.17e-06	5.66	-6.25	50	-30
131	4.15	1.69e-05	4.77	6.25	25	-30
131	3.91	4.53e-05	4.34	-6.25	31.2	-30
131	3.46	0.000268	3.57	-3.12	43.8	-30
130	4.32	7.98e-06	5.1	6.25	-71.9	-60
130	3.72	9.81e-05	4.01	-9.38	-75	-60
130	3.46	0.000268	3.57	-21.9	-75	-60
129	4.44	4.4e-06	5.36	-40.6	62.5	-20
129	3.95	3.93e-05	4.41	-31.2	62.5	-20
128	4.59	2.2e-06	5.66	31.2	62.5	5
128	3.47	0.000265	3.58	34.4	59.4	15
127	4.04	2.65e-05	4.58	-3.12	78.1	-20
127	4	3.18e-05	4.5	3.12	68.8	-20
126	3.84	6.13e-05	4.21	15.6	40.6	-30
126	3.73	9.55e-05	4.02	25	40.6	-30
126	3.47	0.000263	3.58	25	31.2	-30
125	4.23	1.19e-05	4.92	-50	-28.1	-10
125	4.12	1.88e-05	4.73	-46.9	-34.4	0
124	4.75	1.04e-06	5.98	46.9	-21.9	25
124	3.53	0.000209	3.68	46.9	-28.1	30
123	4.42	4.98e-06	5.3	-59.4	-12.5	40
122	4.19	1.39e-05	4.86	-21.9	-56.2	-75
122	4.15	1.67e-05	4.78	-15.6	-56.2	-75
121	4.76	9.53e-07	6.02	-43.8	-68.8	-10
121	3.57	0.00018	3.74	-40.6	-59.4	-15
120	3.76	8.37e-05	4.08	6.25	59.4	-10
119	4.39	5.66e-06	5.25	-50	-12.5	50
118	3.64	0.000137	3.86	-53.1	37.5	-20
118	3.55	0.000195	3.71	-56.2	25	-20
117	3.88	5.27e-05	4.28	-53.1	-28.1	10
116	3.54	0.000203	3.69	-37.5	-65.6	30
116	3.52	0.000215	3.67	-34.4	-59.4	30
115	3.83	6.44e-05	4.19	50	-31.2	0
115	3.66	0.000126	3.9	40.6	-31.2	0
114	3.65	0.00013	3.89	18.8	-59.4	-75
113	3.79	7.41e-05	4.13	-65.6	-25	30
112	3.51	0.000225	3.65	25	-15.6	25
111	3.94	4.03e-05	4.39	-50	-21.9	-50
110	4.8	7.97e-07	6.1	53.1	37.5	-10
109	3.58	0.00017	3.77	43.8	18.8	40
108	3.95	3.95e-05	4.4	-43.8	-53.1	40
107	3.58	0.000171	3.77	12.5	75	10
106	3.58	0.000174	3.76	25	21.9	35
106	3.51	0.000221	3.66	34.4	28.1	40
105	3.84	6.15e-05	4.21	-12.5	-68.8	35
104	3.54	0.000201	3.7	43.8	3.12	-35
103	3.53	0.000209	3.68	-59.4	31.2	10
102	4.28	9.4e-06	5.03	-56.2	-15.6	-35
101	3.89	5.11e-05	4.29	-15.6	78.1	-10
100	3.48	0.000255	3.59	0	12.5	20
99	3.41	0.000329	3.48	-15.6	-62.5	10
99	3.36	0.000394	3.4	-9.38	-62.5	10
98	3.83	6.42e-05	4.19	-53.1	-53.1	30
97	3.91	4.6e-05	4.34	28.1	37.5	-40
96	3.8	7.33e-05	4.13	-12.5	71.9	-20
95	3.44	0.000291	3.54	-56.2	-34.4	40
94	3.74	9.35e-05	4.03	21.9	-12.5	-10
93	3.92	4.4e-05	4.36	-21.9	-37.5	0
92	3.75	9.02e-05	4.04	-56.2	-28.1	-35
91	3.4	0.000334	3.48	-6.25	3.12	-30
90	4.13	1.85e-05	4.73	65.6	-34.4	15
90	3.25	0.000567	3.25	59.4	-31.2	15
89	3.39	0.000355	3.45	-34.4	40.6	-30
88	3.43	0.000301	3.52	25	-75	-55
87	3.79	7.59e-05	4.12	-34.4	-15.6	30
86	3.86	5.58e-05	4.25	59.4	-31.2	5
85	3.56	0.000184	3.74	-3.12	78.1	-10
84	4.02	2.93e-05	4.53	12.5	-46.9	-75
83	3.53	0.000205	3.69	-18.8	-75	-20
82	3.28	0.000526	3.28	-46.9	-31.2	50
81	3.42	0.000309	3.51	-18.8	6.25	30
80	3.55	0.00019	3.72	3.12	9.38	-25
79	3.49	0.000241	3.62	-50	-56.2	-20
78	3.51	0.000227	3.64	-59.4	-56.2	-20
77	3.96	3.72e-05	4.43	34.4	-21.9	-35
76	3.49	0.000241	3.62	-68.8	-21.9	-20
75	3.72	0.000101	4	-31.2	34.4	-40
74	4.1	2.07e-05	4.68	0	-62.5	15
73	3.82	6.6e-05	4.18	-12.5	-3.12	50
72	3.82	6.59e-05	4.18	28.1	-18.8	50
71	3.5	0.000237	3.63	-12.5	-78.1	-50
70	3.53	0.000207	3.68	43.8	15.6	-50
69	3.52	0.000213	3.67	-40.6	25	5
68	3.39	0.000352	3.45	-34.4	-53.1	-55
67	3.23	0.000621	3.21	-25	-84.4	0
66	3.71	0.000103	3.99	-53.1	-15.6	30
65	3.18	0.000747	3.13	46.9	25	-50
64	3.42	0.000318	3.5	50	59.4	-10
63	3.32	0.000447	3.35	0	37.5	10
62	3.13	0.000867	3.06	3.12	-53.1	50
61	3.48	0.000247	3.61	-12.5	-62.5	-30
60	3.2	0.000699	3.16	6.25	-6.25	-25
59	3.37	0.000381	3.42	-25	-21.9	-30
58	3.16	0.00078	3.11	9.38	0	20
57	3.68	0.000116	3.93	15.6	40.6	50
56	3.52	0.000215	3.67	28.1	62.5	20
55	3.19	0.00071	3.15	-18.8	-37.5	20
54	3.59	0.000166	3.78	12.5	62.5	25
53	3.16	0.000777	3.11	21.9	75	25
52	3.16	0.000779	3.11	-9.38	-56.2	30
51	3.19	0.000706	3.15	50	-37.5	30
50	3.71	0.000104	3.98	62.5	-25	30
49	3.1	0.000962	3.02	-28.1	-21.9	50
48	3.18	0.000745	3.13	12.5	6.25	30
47	3.17	0.000768	3.11	-43.8	-37.5	50
46	3.2	0.000699	3.16	9.38	-40.6	50
45	3.22	0.000639	3.19	37.5	-43.8	50
44	3.3	0.000483	3.32	-40.6	-28.1	40
43	3.14	0.000847	3.07	-43.8	-21.9	40
42	3.19	0.000708	3.15	34.4	37.5	45
41	3.17	0.000771	3.11	18.8	-12.5	45
40	3.25	0.00058	3.24	37.5	12.5	-15
39	3.13	0.000886	3.05	53.1	12.5	-15
38	3.29	0.000495	3.31	6.25	78.1	-20
37	3.22	0.000643	3.19	46.9	37.5	-20
36	3.46	0.000266	3.57	0	25	-20
35	3.24	0.000597	3.22	25	25	-20
34	3.57	0.000181	3.74	-6.25	56.2	-30
33	3.26	0.000565	3.25	34.4	31.2	-30
32	3.13	0.000883	3.05	21.9	-31.2	-30
31	3.35	0.000406	3.39	-28.1	-46.9	-30
30	3.35	0.00041	3.39	-31.2	28.1	-35
29	3.2	0.000683	3.17	-43.8	43.8	-40
28	3.22	0.00064	3.19	50	21.9	-40
27	3.13	0.000862	3.06	34.4	6.25	-40
26	3.27	0.000529	3.28	56.2	-18.8	-40
25	3.19	0.000708	3.15	21.9	-46.9	-45
24	3.52	0.000217	3.66	53.1	21.9	-50
23	3.14	0.000855	3.07	37.5	9.38	-50
22	3.17	0.000775	3.11	25	6.25	-50
21	3.36	0.000385	3.41	3.12	-56.2	-70
20	3.1	0.000971	3.01	-28.1	56.2	15
19	3.15	0.000821	3.09	-59.4	-6.25	10
18	3.25	0.000568	3.25	12.5	-71.9	10
17	3.18	0.000725	3.14	-12.5	-81.2	10
16	3.24	0.000608	3.22	18.8	56.2	5
15	3.14	0.000835	3.08	-18.8	12.5	5
14	3.1	0.000975	3.01	68.8	-15.6	5
13	3.18	0.000727	3.14	-28.1	75	0
12	3.53	0.000208	3.68	-3.12	21.9	0
11	3.78	7.9e-05	4.1	65.6	-9.38	0
10	3.14	0.000838	3.08	-68.8	-28.1	0
9	3.18	0.000736	3.13	53.1	-46.9	0
8	3.13	0.000888	3.05	-28.1	-68.8	0
7	3.32	0.000455	3.34	-21.9	-71.9	0
6	3.18	0.000734	3.13	-46.9	62.5	-5
5	3.36	0.000392	3.41	62.5	15.6	-5
4	3.39	0.000354	3.45	65.6	21.9	-10
3	3.17	0.000754	3.12	-3.12	15.6	-10
2	3.54	0.000198	3.7	-25	-15.6	-10
1	3.1	0.000972	3.01	59.4	28.1	-15
