0.5 8.806523e+03 8.771327e+03 8.750980e+03 8.786176e+03
1.5 8.786027e+03 8.823245e+03 8.774375e+03 8.737157e+03
2.5 8.790544e+03 8.860612e+03 8.811695e+03 8.741627e+03
3.5 8.810442e+03 8.868958e+03 8.847933e+03 8.789417e+03
4.5 8.810850e+03 8.863258e+03 8.869564e+03 8.817156e+03
5.5 8.835253e+03 8.855642e+03 8.874421e+03 8.854031e+03
6.5 8.819444e+03 8.855109e+03 8.876981e+03 8.841316e+03
7.5 8.779589e+03 8.852946e+03 8.875233e+03 8.801877e+03
8.5 8.811703e+03 8.853894e+03 8.876220e+03 8.834028e+03
9.5 8.895208e+03 8.853074e+03 8.875444e+03 8.917578e+03
10.5 8.880055e+03 8.853644e+03 8.876090e+03 8.902502e+03
0.2 8.790544e+03 8.860612e+03 8.811695e+03 8.741627e+03
1.2 8.810442e+03 8.868958e+03 8.847933e+03 8.789417e+03
2.2 8.810850e+03 8.863258e+03 8.869564e+03 8.817156e+03
3.2 8.835253e+03 8.855642e+03 8.874421e+03 8.854031e+03
4.2 8.819444e+03 8.855109e+03 8.876981e+03 8.841316e+03
5.2 8.779589e+03 8.852946e+03 8.875233e+03 8.801877e+03
6.2 8.811703e+03 8.853894e+03 8.876220e+03 8.834028e+03
7.2 8.895208e+03 8.853074e+03 8.875444e+03 8.917578e+03
8.2 8.880055e+03 8.853644e+03 8.876090e+03 8.902502e+03
9.2 8.890330e+03 8.854658e+03 8.877203e+03 8.912874e+03
10.2 8.872249e+03 8.853892e+03 8.876557e+03 8.894914e+03
0.9 8.835253e+03 8.855642e+03 8.874421e+03 8.854031e+03
1.9 8.819444e+03 8.855109e+03 8.876981e+03 8.841316e+03
2.9 8.779589e+03 8.852946e+03 8.875233e+03 8.801877e+03
3.9 8.811703e+03 8.853894e+03 8.876220e+03 8.834028e+03
4.9 8.895208e+03 8.853074e+03 8.875444e+03 8.917578e+03
5.9 8.880055e+03 8.853644e+03 8.876090e+03 8.902502e+03
6.9 8.890330e+03 8.854658e+03 8.877203e+03 8.912874e+03
7.9 8.872249e+03 8.853892e+03 8.876557e+03 8.894914e+03
8.9 8.843125e+03 8.855974e+03 8.878782e+03 8.865932e+03
9.9 8.851615e+03 8.854444e+03 8.877412e+03 8.874583e+03
10.9 8.875104e+03 8.856030e+03 8.879169e+03 8.898243e+03
0.6 8.779589e+03 8.852946e+03 8.875233e+03 8.801877e+03
1.6 8.811703e+03 8.853894e+03 8.876220e+03 8.834028e+03
2.6 8.895208e+03 8.853074e+03 8.875444e+03 8.917578e+03
3.6 8.880055e+03 8.853644e+03 8.876090e+03 8.902502e+03
4.6 8.890330e+03 8.854658e+03 8.877203e+03 8.912874e+03
5.6 8.872249e+03 8.853892e+03 8.876557e+03 8.894914e+03
6.6 8.843125e+03 8.855974e+03 8.878782e+03 8.865932e+03
7.6 8.851615e+03 8.854444e+03 8.877412e+03 8.874583e+03
8.6 8.875104e+03 8.856030e+03 8.879169e+03 8.898243e+03
9.6 8.879946e+03 8.855242e+03 8.878553e+03 8.903256e+03
10.6 8.842463e+03 8.856346e+03 8.879825e+03 8.865941e+03
0.3 8.895208e+03 8.853074e+03 8.875444e+03 8.917578e+03
1.3 8.880055e+03 8.853644e+03 8.876090e+03 8.902502e+03
2.3 8.890330e+03 8.854658e+03 8.877203e+03 8.912874e+03
3.3 8.872249e+03 8.853892e+03 8.876557e+03 8.894914e+03
4.3 8.843125e+03 8.855974e+03 8.878782e+03 8.865932e+03
5.3 8.851615e+03 8.854444e+03 8.877412e+03 8.874583e+03
6.3 8.875104e+03 8.856030e+03 8.879169e+03 8.898243e+03
7.3 8.879946e+03 8.855242e+03 8.878553e+03 8.903256e+03
8.3 8.842463e+03 8.856346e+03 8.879825e+03 8.865941e+03
9.3 8.821130e+03 8.857404e+03 8.880279e+03 8.844005e+03
10.3 8.859696e+03 8.870964e+03 8.863654e+03 8.852387e+03
1.0 8.872249e+03 8.853892e+03 8.876557e+03 8.894914e+03
2.0 8.843125e+03 8.855974e+03 8.878782e+03 8.865932e+03
3.0 8.851615e+03 8.854444e+03 8.877412e+03 8.874583e+03
4.0 8.875104e+03 8.856030e+03 8.879169e+03 8.898243e+03
5.0 8.879946e+03 8.855242e+03 8.878553e+03 8.903256e+03
6.0 8.842463e+03 8.856346e+03 8.879825e+03 8.865941e+03
7.0 8.821130e+03 8.857404e+03 8.880279e+03 8.844005e+03
8.0 8.859696e+03 8.870964e+03 8.863654e+03 8.852387e+03
9.0 8.955994e+03 8.888569e+03 8.829779e+03 8.897204e+03
10.0 8.928445e+03 8.878128e+03 8.789727e+03 8.840044e+03
11.0 8.910340e+03 8.833958e+03 8.761943e+03 8.838325e+03
0.7 8.851615e+03 8.854444e+03 8.877412e+03 8.874583e+03
1.7 8.875104e+03 8.856030e+03 8.879169e+03 8.898243e+03
2.7 8.879946e+03 8.855242e+03 8.878553e+03 8.903256e+03
3.7 8.842463e+03 8.856346e+03 8.879825e+03 8.865941e+03
4.7 8.821130e+03 8.857404e+03 8.880279e+03 8.844005e+03
5.7 8.859696e+03 8.870964e+03 8.863654e+03 8.852387e+03
6.7 8.955994e+03 8.888569e+03 8.829779e+03 8.897204e+03
7.7 8.928445e+03 8.878128e+03 8.789727e+03 8.840044e+03
8.7 8.910340e+03 8.833958e+03 8.761943e+03 8.838325e+03
9.7 8.853260e+03 8.778023e+03 8.750569e+03 8.825806e+03
10.7 8.824420e+03 8.741038e+03 8.747938e+03 8.831320e+03
0.4 8.879946e+03 8.855242e+03 8.878553e+03 8.903256e+03
1.4 8.842463e+03 8.856346e+03 8.879825e+03 8.865941e+03
2.4 8.821130e+03 8.857404e+03 8.880279e+03 8.844005e+03
3.4 8.859696e+03 8.870964e+03 8.863654e+03 8.852387e+03
4.4 8.955994e+03 8.888569e+03 8.829779e+03 8.897204e+03
5.4 8.928445e+03 8.878128e+03 8.789727e+03 8.840044e+03
6.4 8.910340e+03 8.833958e+03 8.761943e+03 8.838325e+03
7.4 8.853260e+03 8.778023e+03 8.750569e+03 8.825806e+03
8.4 8.824420e+03 8.741038e+03 8.747938e+03 8.831320e+03
9.4 8.803238e+03 8.727055e+03 8.747766e+03 8.823949e+03
10.4 8.811037e+03 8.724024e+03 8.747958e+03 8.834970e+03
0.5 8.822567e+03 8.773546e+03 8.752933e+03 8.801953e+03
1.5 8.819768e+03 8.827172e+03 8.778590e+03 8.771187e+03
2.5 8.846529e+03 8.865591e+03 8.817452e+03 8.798390e+03
3.5 8.851522e+03 8.874464e+03 8.854673e+03 8.831731e+03
4.5 8.852250e+03 8.868737e+03 8.876671e+03 8.860183e+03
5.5 8.864734e+03 8.860841e+03 8.881530e+03 8.885423e+03
6.5 8.920970e+03 8.860138e+03 8.884079e+03 8.944910e+03
7.5 8.934361e+03 8.858171e+03 8.882588e+03 8.958778e+03
8.5 8.914755e+03 8.859621e+03 8.884071e+03 8.939205e+03
9.5 8.910029e+03 8.859428e+03 8.883871e+03 8.934473e+03
10.5 8.910974e+03 8.860556e+03 8.884996e+03 8.935413e+03
0.2 8.846529e+03 8.865591e+03 8.817452e+03 8.798390e+03
1.2 8.851522e+03 8.874464e+03 8.854673e+03 8.831731e+03
2.2 8.852250e+03 8.868737e+03 8.876671e+03 8.860183e+03
3.2 8.864734e+03 8.860841e+03 8.881530e+03 8.885423e+03
4.2 8.920970e+03 8.860138e+03 8.884079e+03 8.944910e+03
5.2 8.934361e+03 8.858171e+03 8.882588e+03 8.958778e+03
6.2 8.914755e+03 8.859621e+03 8.884071e+03 8.939205e+03
7.2 8.910029e+03 8.859428e+03 8.883871e+03 8.934473e+03
8.2 8.910974e+03 8.860556e+03 8.884996e+03 8.935413e+03
9.2 8.886054e+03 8.861501e+03 8.885949e+03 8.910503e+03
10.2 8.888590e+03 8.859192e+03 8.883663e+03 8.913060e+03
0.9 8.864734e+03 8.860841e+03 8.881530e+03 8.885423e+03
1.9 8.920970e+03 8.860138e+03 8.884079e+03 8.944910e+03
2.9 8.934361e+03 8.858171e+03 8.882588e+03 8.958778e+03
3.9 8.914755e+03 8.859621e+03 8.884071e+03 8.939205e+03
4.9 8.910029e+03 8.859428e+03 8.883871e+03 8.934473e+03
5.9 8.910974e+03 8.860556e+03 8.884996e+03 8.935413e+03
6.9 8.886054e+03 8.861501e+03 8.885949e+03 8.910503e+03
7.9 8.888590e+03 8.859192e+03 8.883663e+03 8.913060e+03
8.9 8.895880e+03 8.859652e+03 8.884150e+03 8.920379e+03
9.9 8.891413e+03 8.857636e+03 8.882161e+03 8.915939e+03
10.9 8.884919e+03 8.859574e+03 8.884124e+03 8.909468e+03
0.6 8.934361e+03 8.858171e+03 8.882588e+03 8.958778e+03
1.6 8.914755e+03 8.859621e+03 8.884071e+03 8.939205e+03
2.6 8.910029e+03 8.859428e+03 8.883871e+03 8.934473e+03
3.6 8.910974e+03 8.860556e+03 8.884996e+03 8.935413e+03
4.6 8.886054e+03 8.861501e+03 8.885949e+03 8.910503e+03
5.6 8.888590e+03 8.859192e+03 8.883663e+03 8.913060e+03
6.6 8.895880e+03 8.859652e+03 8.884150e+03 8.920379e+03
7.6 8.891413e+03 8.857636e+03 8.882161e+03 8.915939e+03
8.6 8.884919e+03 8.859574e+03 8.884124e+03 8.909468e+03
9.6 8.893238e+03 8.859177e+03 8.883749e+03 8.917810e+03
10.6 8.919399e+03 8.860098e+03 8.884695e+03 8.943997e+03
0.3 8.910029e+03 8.859428e+03 8.883871e+03 8.934473e+03
1.3 8.910974e+03 8.860556e+03 8.884996e+03 8.935413e+03
2.3 8.886054e+03 8.861501e+03 8.885949e+03 8.910503e+03
3.3 8.888590e+03 8.859192e+03 8.883663e+03 8.913060e+03
4.3 8.895880e+03 8.859652e+03 8.884150e+03 8.920379e+03
5.3 8.891413e+03 8.857636e+03 8.882161e+03 8.915939e+03
6.3 8.884919e+03 8.859574e+03 8.884124e+03 8.909468e+03
7.3 8.893238e+03 8.859177e+03 8.883749e+03 8.917810e+03
8.3 8.919399e+03 8.860098e+03 8.884695e+03 8.943997e+03
9.3 8.898748e+03 8.860848e+03 8.884934e+03 8.922834e+03
10.3 8.909781e+03 8.873565e+03 8.868267e+03 8.904483e+03
0.9 8.888590e+03 8.859192e+03 8.883663e+03 8.913060e+03
1.9 8.895880e+03 8.859652e+03 8.884150e+03 8.920379e+03
2.9 8.891413e+03 8.857636e+03 8.882161e+03 8.915939e+03
3.9 8.884919e+03 8.859574e+03 8.884124e+03 8.909468e+03
4.9 8.893238e+03 8.859177e+03 8.883749e+03 8.917810e+03
5.9 8.919399e+03 8.860098e+03 8.884695e+03 8.943997e+03
6.9 8.898748e+03 8.860848e+03 8.884934e+03 8.922834e+03
7.9 8.909781e+03 8.873565e+03 8.868267e+03 8.904483e+03
8.9 8.940518e+03 8.891284e+03 8.834321e+03 8.883554e+03
9.9 8.972220e+03 8.881344e+03 8.793769e+03 8.884645e+03
10.9 8.808538e+03 8.837612e+03 8.765182e+03 8.736109e+03
0.7 8.891413e+03 8.857636e+03 8.882161e+03 8.915939e+03
1.7 8.884919e+03 8.859574e+03 8.884124e+03 8.909468e+03
2.7 8.893238e+03 8.859177e+03 8.883749e+03 8.917810e+03
3.7 8.919399e+03 8.860098e+03 8.884695e+03 8.943997e+03
4.7 8.898748e+03 8.860848e+03 8.884934e+03 8.922834e+03
5.7 8.909781e+03 8.873565e+03 8.868267e+03 8.904483e+03
6.7 8.940518e+03 8.891284e+03 8.834321e+03 8.883554e+03
7.7 8.972220e+03 8.881344e+03 8.793769e+03 8.884645e+03
8.7 8.808538e+03 8.837612e+03 8.765182e+03 8.736109e+03
9.7 8.779085e+03 8.781270e+03 8.753142e+03 8.750957e+03
10.7 8.645710e+03 8.743405e+03 8.750090e+03 8.652395e+03
0.3 8.893238e+03 8.859177e+03 8.883749e+03 8.917810e+03
1.3 8.919399e+03 8.860098e+03 8.884695e+03 8.943997e+03
2.3 8.898748e+03 8.860848e+03 8.884934e+03 8.922834e+03
3.3 8.909781e+03 8.873565e+03 8.868267e+03 8.904483e+03
4.3 8.940518e+03 8.891284e+03 8.834321e+03 8.883554e+03
5.3 8.972220e+03 8.881344e+03 8.793769e+03 8.884645e+03
6.3 8.808538e+03 8.837612e+03 8.765182e+03 8.736109e+03
7.3 8.779085e+03 8.781270e+03 8.753142e+03 8.750957e+03
8.3 8.645710e+03 8.743405e+03 8.750090e+03 8.652395e+03
9.3 8.629360e+03 8.728771e+03 8.749625e+03 8.650215e+03
10.3 8.611114e+03 8.725408e+03 8.749576e+03 8.635282e+03
0.5 8.681706e+03 8.774981e+03 8.754555e+03 8.661279e+03
1.5 8.764908e+03 8.828964e+03 8.780540e+03 8.716484e+03
2.5 8.782066e+03 8.867146e+03 8.819140e+03 8.734059e+03
3.5 8.768718e+03 8.875190e+03 8.855497e+03 8.749025e+03
4.5 8.751079e+03 8.868631e+03 8.876618e+03 8.759066e+03
5.5 8.767913e+03 8.859478e+03 8.880175e+03 8.788610e+03
6.5 8.785428e+03 8.858140e+03 8.882051e+03 8.809339e+03
7.5 8.805454e+03 8.856046e+03 8.880402e+03 8.829810e+03
8.5 8.811881e+03 8.857761e+03 8.882119e+03 8.836240e+03
9.5 8.835290e+03 8.858111e+03 8.882425e+03 8.859603e+03
10.5 8.840939e+03 8.858996e+03 8.883251e+03 8.865194e+03
0.2 8.782066e+03 8.867146e+03 8.819140e+03 8.734059e+03
1.2 8.768718e+03 8.875190e+03 8.855497e+03 8.749025e+03
2.2 8.751079e+03 8.868631e+03 8.876618e+03 8.759066e+03
3.2 8.767913e+03 8.859478e+03 8.880175e+03 8.788610e+03
4.2 8.785428e+03 8.858140e+03 8.882051e+03 8.809339e+03
5.2 8.805454e+03 8.856046e+03 8.880402e+03 8.829810e+03
6.2 8.811881e+03 8.857761e+03 8.882119e+03 8.836240e+03
7.2 8.835290e+03 8.858111e+03 8.882425e+03 8.859603e+03
8.2 8.840939e+03 8.858996e+03 8.883251e+03 8.865194e+03
9.2 8.866646e+03 8.860765e+03 8.884957e+03 8.890838e+03
10.2 8.864420e+03 8.859417e+03 8.883552e+03 8.888555e+03
0.8 8.767913e+03 8.859478e+03 8.880175e+03 8.788610e+03
1.8 8.785428e+03 8.858140e+03 8.882051e+03 8.809339e+03
2.8 8.805454e+03 8.856046e+03 8.880402e+03 8.829810e+03
3.8 8.811881e+03 8.857761e+03 8.882119e+03 8.836240e+03
4.8 8.835290e+03 8.858111e+03 8.882425e+03 8.859603e+03
5.8 8.840939e+03 8.858996e+03 8.883251e+03 8.865194e+03
6.8 8.866646e+03 8.860765e+03 8.884957e+03 8.890838e+03
7.8 8.864420e+03 8.859417e+03 8.883552e+03 8.888555e+03
8.8 8.863723e+03 8.860998e+03 8.885085e+03 8.887810e+03
9.8 8.874666e+03 8.859206e+03 8.883247e+03 8.898707e+03
10.8 8.883953e+03 8.860224e+03 8.884212e+03 8.907941e+03
0.5 8.805454e+03 8.856046e+03 8.880402e+03 8.829810e+03
1.5 8.811881e+03 8.857761e+03 8.882119e+03 8.836240e+03
2.5 8.835290e+03 8.858111e+03 8.882425e+03 8.859603e+03
3.5 8.840939e+03 8.858996e+03 8.883251e+03 8.865194e+03
4.5 8.866646e+03 8.860765e+03 8.884957e+03 8.890838e+03
5.5 8.864420e+03 8.859417e+03 8.883552e+03 8.888555e+03
6.5 8.863723e+03 8.860998e+03 8.885085e+03 8.887810e+03
7.5 8.874666e+03 8.859206e+03 8.883247e+03 8.898707e+03
8.5 8.883953e+03 8.860224e+03 8.884212e+03 8.907941e+03
9.5 8.897637e+03 8.859213e+03 8.883137e+03 8.921561e+03
10.5 8.900109e+03 8.859665e+03 8.883506e+03 8.923951e+03
0.2 8.835290e+03 8.858111e+03 8.882425e+03 8.859603e+03
1.2 8.840939e+03 8.858996e+03 8.883251e+03 8.865194e+03
2.2 8.866646e+03 8.860765e+03 8.884957e+03 8.890838e+03
3.2 8.864420e+03 8.859417e+03 8.883552e+03 8.888555e+03
4.2 8.863723e+03 8.860998e+03 8.885085e+03 8.887810e+03
5.2 8.874666e+03 8.859206e+03 8.883247e+03 8.898707e+03
6.2 8.883953e+03 8.860224e+03 8.884212e+03 8.907941e+03
7.2 8.897637e+03 8.859213e+03 8.883137e+03 8.921561e+03
8.2 8.900109e+03 8.859665e+03 8.883506e+03 8.923951e+03
9.2 8.886069e+03 8.860346e+03 8.883933e+03 8.909656e+03
10.2 8.988562e+03 8.871931e+03 8.867902e+03 8.984533e+03
0.9 8.864420e+03 8.859417e+03 8.883552e+03 8.888555e+03
1.9 8.863723e+03 8.860998e+03 8.885085e+03 8.887810e+03
2.9 8.874666e+03 8.859206e+03 8.883247e+03 8.898707e+03
3.9 8.883953e+03 8.860224e+03 8.884212e+03 8.907941e+03
4.9 8.897637e+03 8.859213e+03 8.883137e+03 8.921561e+03
5.9 8.900109e+03 8.859665e+03 8.883506e+03 8.923951e+03
6.9 8.886069e+03 8.860346e+03 8.883933e+03 8.909656e+03
7.9 8.988562e+03 8.871931e+03 8.867902e+03 8.984533e+03
8.9 8.987052e+03 8.890337e+03 8.834449e+03 8.931164e+03
9.9 9.005769e+03 8.881827e+03 8.793422e+03 8.917364e+03
10.9 8.847403e+03 8.839417e+03 8.763590e+03 8.771576e+03
0.6 8.874666e+03 8.859206e+03 8.883247e+03 8.898707e+03
1.6 8.883953e+03 8.860224e+03 8.884212e+03 8.907941e+03
2.6 8.897637e+03 8.859213e+03 8.883137e+03 8.921561e+03
3.6 8.900109e+03 8.859665e+03 8.883506e+03 8.923951e+03
4.6 8.886069e+03 8.860346e+03 8.883933e+03 8.909656e+03
5.6 8.988562e+03 8.871931e+03 8.867902e+03 8.984533e+03
6.6 8.987052e+03 8.890337e+03 8.834449e+03 8.931164e+03
7.6 9.005769e+03 8.881827e+03 8.793422e+03 8.917364e+03
8.6 8.847403e+03 8.839417e+03 8.763590e+03 8.771576e+03
9.6 8.695631e+03 8.782660e+03 8.750420e+03 8.663392e+03
10.6 8.677867e+03 8.743293e+03 8.746592e+03 8.681167e+03
0.3 8.897637e+03 8.859213e+03 8.883137e+03 8.921561e+03
1.3 8.900109e+03 8.859665e+03 8.883506e+03 8.923951e+03
2.3 8.886069e+03 8.860346e+03 8.883933e+03 8.909656e+03
3.3 8.988562e+03 8.871931e+03 8.867902e+03 8.984533e+03
4.3 8.987052e+03 8.890337e+03 8.834449e+03 8.931164e+03
5.3 9.005769e+03 8.881827e+03 8.793422e+03 8.917364e+03
6.3 8.847403e+03 8.839417e+03 8.763590e+03 8.771576e+03
7.3 8.695631e+03 8.782660e+03 8.750420e+03 8.663392e+03
8.3 8.677867e+03 8.743293e+03 8.746592e+03 8.681167e+03
9.3 8.735483e+03 8.727498e+03 8.745473e+03 8.753457e+03
10.3 8.700745e+03 8.723535e+03 8.744721e+03 8.721931e+03
0.5 8.701861e+03 8.772288e+03 8.747980e+03 8.677552e+03
1.5 8.721129e+03 8.825794e+03 8.772917e+03 8.668252e+03
2.5 8.747598e+03 8.863637e+03 8.810533e+03 8.694494e+03
3.5 8.779607e+03 8.871577e+03 8.846070e+03 8.754101e+03
4.5 8.802487e+03 8.864476e+03 8.865857e+03 8.803868e+03
5.5 8.832653e+03 8.855592e+03 8.868813e+03 8.845874e+03
6.5 8.850664e+03 8.853893e+03 8.869376e+03 8.866147e+03
7.5 8.845250e+03 8.850341e+03 8.865235e+03 8.860144e+03
8.5 8.801036e+03 8.850149e+03 8.863930e+03 8.814817e+03
9.5 8.800017e+03 8.848214e+03 8.860770e+03 8.812574e+03
10.5 8.838598e+03 8.847729e+03 8.859004e+03 8.849873e+03
0.2 8.747598e+03 8.863637e+03 8.810533e+03 8.694494e+03
1.2 8.779607e+03 8.871577e+03 8.846070e+03 8.754101e+03
2.2 8.802487e+03 8.864476e+03 8.865857e+03 8.803868e+03
3.2 8.832653e+03 8.855592e+03 8.868813e+03 8.845874e+03
4.2 8.850664e+03 8.853893e+03 8.869376e+03 8.866147e+03
5.2 8.845250e+03 8.850341e+03 8.865235e+03 8.860144e+03
6.2 8.801036e+03 8.850149e+03 8.863930e+03 8.814817e+03
7.2 8.800017e+03 8.848214e+03 8.860770e+03 8.812574e+03
8.2 8.838598e+03 8.847729e+03 8.859004e+03 8.849873e+03
9.2 8.881778e+03 8.847476e+03 8.857416e+03 8.891718e+03
10.2 8.882605e+03 8.844446e+03 8.852974e+03 8.891133e+03
0.9 8.832653e+03 8.855592e+03 8.868813e+03 8.845874e+03
1.9 8.850664e+03 8.853893e+03 8.869376e+03 8.866147e+03
2.9 8.845250e+03 8.850341e+03 8.865235e+03 8.860144e+03
3.9 8.801036e+03 8.850149e+03 8.863930e+03 8.814817e+03
4.9 8.800017e+03 8.848214e+03 8.860770e+03 8.812574e+03
5.9 8.838598e+03 8.847729e+03 8.859004e+03 8.849873e+03
6.9 8.881778e+03 8.847476e+03 8.857416e+03 8.891718e+03
7.9 8.882605e+03 8.844446e+03 8.852974e+03 8.891133e+03
8.9 8.888544e+03 8.844177e+03 8.851189e+03 8.895556e+03
9.9 8.874423e+03 8.840729e+03 8.846122e+03 8.879816e+03
10.9 8.857607e+03 8.840607e+03 8.844294e+03 8.861294e+03
0.6 8.845250e+03 8.850341e+03 8.865235e+03 8.860144e+03
1.6 8.801036e+03 8.850149e+03 8.863930e+03 8.814817e+03
2.6 8.800017e+03 8.848214e+03 8.860770e+03 8.812574e+03
3.6 8.838598e+03 8.847729e+03 8.859004e+03 8.849873e+03
4.6 8.881778e+03 8.847476e+03 8.857416e+03 8.891718e+03
5.6 8.882605e+03 8.844446e+03 8.852974e+03 8.891133e+03
6.6 8.888544e+03 8.844177e+03 8.851189e+03 8.895556e+03
7.6 8.874423e+03 8.840729e+03 8.846122e+03 8.879816e+03
8.6 8.857607e+03 8.840607e+03 8.844294e+03 8.861294e+03
9.6 8.841572e+03 8.837508e+03 8.839416e+03 8.843481e+03
10.6 8.844220e+03 8.835458e+03 8.835539e+03 8.844300e+03
0.3 8.800017e+03 8.848214e+03 8.860770e+03 8.812574e+03
1.3 8.838598e+03 8.847729e+03 8.859004e+03 8.849873e+03
2.3 8.881778e+03 8.847476e+03 8.857416e+03 8.891718e+03
3.3 8.882605e+03 8.844446e+03 8.852974e+03 8.891133e+03
4.3 8.888544e+03 8.844177e+03 8.851189e+03 8.895556e+03
5.3 8.874423e+03 8.840729e+03 8.846122e+03 8.879816e+03
6.3 8.857607e+03 8.840607e+03 8.844294e+03 8.861294e+03
7.3 8.841572e+03 8.837508e+03 8.839416e+03 8.843481e+03
8.3 8.844220e+03 8.835458e+03 8.835539e+03 8.844300e+03
1.0 8.882605e+03 8.844446e+03 8.852974e+03 8.891133e+03
2.0 8.888544e+03 8.844177e+03 8.851189e+03 8.895556e+03
3.0 8.874423e+03 8.840729e+03 8.846122e+03 8.879816e+03
4.0 8.857607e+03 8.840607e+03 8.844294e+03 8.861294e+03
5.0 8.841572e+03 8.837508e+03 8.839416e+03 8.843481e+03
6.0 8.844220e+03 8.835458e+03 8.835539e+03 8.844300e+03
0.6 8.874423e+03 8.840729e+03 8.846122e+03 8.879816e+03
1.6 8.857607e+03 8.840607e+03 8.844294e+03 8.861294e+03
2.6 8.841572e+03 8.837508e+03 8.839416e+03 8.843481e+03
3.6 8.844220e+03 8.835458e+03 8.835539e+03 8.844300e+03
0.3 8.841572e+03 8.837508e+03 8.839416e+03 8.843481e+03
1.3 8.844220e+03 8.835458e+03 8.835539e+03 8.844300e+03
