0.5 9.800504e+03 9.747435e+03 9.816160e+03 9.869229e+03
1.5 9.862096e+03 9.803451e+03 9.870410e+03 9.929055e+03
2.5 9.854921e+03 9.864284e+03 9.912872e+03 9.903509e+03
3.5 9.868224e+03 9.893662e+03 9.912941e+03 9.887503e+03
4.5 9.889612e+03 9.880599e+03 9.871420e+03 9.880433e+03
5.5 9.785098e+03 9.856901e+03 9.830735e+03 9.758931e+03
6.5 9.819583e+03 9.842148e+03 9.812168e+03 9.789603e+03
7.5 9.801660e+03 9.839553e+03 9.807563e+03 9.769670e+03
8.5 9.714819e+03 9.837562e+03 9.806944e+03 9.684201e+03
9.5 9.810618e+03 9.838281e+03 9.806888e+03 9.779225e+03
0.1 9.756399e+03 9.840650e+03 9.806070e+03 9.721819e+03
1.1 9.824103e+03 9.872528e+03 9.851003e+03 9.802577e+03
2.1 9.960570e+03 9.922561e+03 9.927638e+03 9.965648e+03
3.1 9.990409e+03 9.935187e+03 9.971719e+03 1.002694e+04
4.1 1.007900e+04 9.888975e+03 9.947326e+03 1.013736e+04
5.1 9.901269e+03 9.813709e+03 9.880991e+03 9.968551e+03
6.1 9.805143e+03 9.760502e+03 9.829850e+03 9.874491e+03
7.1 9.842397e+03 9.739807e+03 9.809291e+03 9.911881e+03
8.1 9.784346e+03 9.735161e+03 9.804494e+03 9.853679e+03
9.1 9.861127e+03 9.748431e+03 9.817618e+03 9.930314e+03
0.5 9.861127e+03 9.748431e+03 9.817618e+03 9.930314e+03
1.5 9.823245e+03 9.805381e+03 9.870807e+03 9.888671e+03
2.5 9.868812e+03 9.867165e+03 9.912442e+03 9.914089e+03
3.5 9.885732e+03 9.897025e+03 9.911784e+03 9.900491e+03
4.5 9.879414e+03 9.884055e+03 9.869584e+03 9.864943e+03
5.5 9.873049e+03 9.860060e+03 9.828313e+03 9.841302e+03
6.5 9.885130e+03 9.844887e+03 9.809325e+03 9.849567e+03
7.5 9.863571e+03 9.842048e+03 9.804484e+03 9.826007e+03
8.5 9.832527e+03 9.840168e+03 9.803775e+03 9.796134e+03
9.5 9.863685e+03 9.841284e+03 9.803725e+03 9.826126e+03
0.1 9.898738e+03 9.842504e+03 9.804268e+03 9.860502e+03
1.1 9.953827e+03 9.873156e+03 9.848009e+03 9.928680e+03
2.1 9.992475e+03 9.923409e+03 9.924920e+03 9.993986e+03
3.1 9.944182e+03 9.937131e+03 9.970488e+03 9.977539e+03
4.1 9.812926e+03 9.892136e+03 9.947942e+03 9.868732e+03
5.1 9.859799e+03 9.816732e+03 9.881994e+03 9.925060e+03
6.1 9.726912e+03 9.762512e+03 9.830171e+03 9.794571e+03
7.1 9.703984e+03 9.741054e+03 9.809077e+03 9.772008e+03
8.1 9.644896e+03 9.736082e+03 9.804145e+03 9.712959e+03
9.1 9.623506e+03 9.749210e+03 9.817293e+03 9.691588e+03
0.5 9.623506e+03 9.749210e+03 9.817293e+03 9.691588e+03
1.5 9.721767e+03 9.806377e+03 9.870530e+03 9.785919e+03
2.5 9.748342e+03 9.868461e+03 9.912207e+03 9.792088e+03
3.5 9.803758e+03 9.898153e+03 9.911586e+03 9.817191e+03
4.5 9.801401e+03 9.884556e+03 9.869438e+03 9.786282e+03
5.5 9.775742e+03 9.859939e+03 9.828233e+03 9.744037e+03
6.5 9.739760e+03 9.843811e+03 9.809312e+03 9.705261e+03
7.5 9.847072e+03 9.840500e+03 9.804528e+03 9.811100e+03
8.5 9.811534e+03 9.838543e+03 9.803866e+03 9.776857e+03
9.5 9.773462e+03 9.839888e+03 9.803862e+03 9.737436e+03
0.0 9.860037e+03 9.842460e+03 9.805010e+03 9.822587e+03
1.0 9.874349e+03 9.870981e+03 9.846120e+03 9.849488e+03
2.0 9.888778e+03 9.921908e+03 9.923319e+03 9.890189e+03
3.0 9.937895e+03 9.938095e+03 9.971724e+03 9.971524e+03
4.0 9.941488e+03 9.895943e+03 9.953000e+03 9.998545e+03
5.0 9.757235e+03 9.820715e+03 9.888115e+03 9.824635e+03
6.0 9.638111e+03 9.764804e+03 9.835210e+03 9.708517e+03
7.0 9.766768e+03 9.742080e+03 9.813365e+03 9.838052e+03
8.0 9.668902e+03 9.736709e+03 9.808584e+03 9.740777e+03
9.0 9.741385e+03 9.749798e+03 9.822322e+03 9.813909e+03
0.5 9.741385e+03 9.749798e+03 9.822322e+03 9.813909e+03
1.5 9.775881e+03 9.806992e+03 9.876308e+03 9.845197e+03
2.5 9.830155e+03 9.869104e+03 9.918836e+03 9.879887e+03
3.5 9.889639e+03 9.898982e+03 9.919174e+03 9.909830e+03
4.5 9.811946e+03 9.885808e+03 9.878092e+03 9.804230e+03
5.5 9.824661e+03 9.861321e+03 9.838066e+03 9.801407e+03
6.5 9.801225e+03 9.846017e+03 9.820441e+03 9.775649e+03
7.5 9.837743e+03 9.843092e+03 9.817073e+03 9.811725e+03
8.5 9.828573e+03 9.840717e+03 9.817950e+03 9.805806e+03
9.5 9.853729e+03 9.841349e+03 9.819607e+03 9.831987e+03
