0.5 8.829177e+03 8.792150e+03 8.760677e+03 8.797704e+03
1.5 8.796865e+03 8.852702e+03 8.777106e+03 8.721269e+03
2.5 8.789137e+03 8.878981e+03 8.803314e+03 8.713469e+03
3.5 8.784658e+03 8.861285e+03 8.828762e+03 8.752135e+03
4.5 8.764063e+03 8.834198e+03 8.843952e+03 8.773817e+03
5.5 8.780248e+03 8.818315e+03 8.847363e+03 8.809296e+03
6.5 8.773161e+03 8.815328e+03 8.849161e+03 8.806995e+03
7.5 8.727714e+03 8.813458e+03 8.847934e+03 8.762190e+03
8.5 8.745106e+03 8.814092e+03 8.848626e+03 8.779640e+03
9.5 8.856605e+03 8.813479e+03 8.848082e+03 8.891208e+03
10.5 8.815866e+03 8.813814e+03 8.848535e+03 8.850588e+03
0.2 8.789137e+03 8.878981e+03 8.803314e+03 8.713469e+03
1.2 8.784658e+03 8.861285e+03 8.828762e+03 8.752135e+03
2.2 8.764063e+03 8.834198e+03 8.843952e+03 8.773817e+03
3.2 8.780248e+03 8.818315e+03 8.847363e+03 8.809296e+03
4.2 8.773161e+03 8.815328e+03 8.849161e+03 8.806995e+03
5.2 8.727714e+03 8.813458e+03 8.847934e+03 8.762190e+03
6.2 8.745106e+03 8.814092e+03 8.848626e+03 8.779640e+03
7.2 8.856605e+03 8.813479e+03 8.848082e+03 8.891208e+03
8.2 8.815866e+03 8.813814e+03 8.848535e+03 8.850588e+03
9.2 8.882382e+03 8.814443e+03 8.849317e+03 8.917256e+03
10.2 8.858615e+03 8.813804e+03 8.848863e+03 8.893674e+03
0.9 8.780248e+03 8.818315e+03 8.847363e+03 8.809296e+03
1.9 8.773161e+03 8.815328e+03 8.849161e+03 8.806995e+03
2.9 8.727714e+03 8.813458e+03 8.847934e+03 8.762190e+03
3.9 8.745106e+03 8.814092e+03 8.848626e+03 8.779640e+03
4.9 8.856605e+03 8.813479e+03 8.848082e+03 8.891208e+03
5.9 8.815866e+03 8.813814e+03 8.848535e+03 8.850588e+03
6.9 8.882382e+03 8.814443e+03 8.849317e+03 8.917256e+03
7.9 8.858615e+03 8.813804e+03 8.848863e+03 8.893674e+03
8.9 8.847087e+03 8.815146e+03 8.850425e+03 8.882367e+03
9.9 8.827238e+03 8.813935e+03 8.849464e+03 8.862767e+03
10.9 8.862852e+03 8.814905e+03 8.850697e+03 8.898644e+03
0.6 8.727714e+03 8.813458e+03 8.847934e+03 8.762190e+03
1.6 8.745106e+03 8.814092e+03 8.848626e+03 8.779640e+03
2.6 8.856605e+03 8.813479e+03 8.848082e+03 8.891208e+03
3.6 8.815866e+03 8.813814e+03 8.848535e+03 8.850588e+03
4.6 8.882382e+03 8.814443e+03 8.849317e+03 8.917256e+03
5.6 8.858615e+03 8.813804e+03 8.848863e+03 8.893674e+03
6.6 8.847087e+03 8.815146e+03 8.850425e+03 8.882367e+03
7.6 8.827238e+03 8.813935e+03 8.849464e+03 8.862767e+03
8.6 8.862852e+03 8.814905e+03 8.850697e+03 8.898644e+03
9.6 8.856418e+03 8.814206e+03 8.850264e+03 8.892476e+03
10.6 8.837096e+03 8.814840e+03 8.851158e+03 8.873413e+03
0.3 8.856605e+03 8.813479e+03 8.848082e+03 8.891208e+03
1.3 8.815866e+03 8.813814e+03 8.848535e+03 8.850588e+03
2.3 8.882382e+03 8.814443e+03 8.849317e+03 8.917256e+03
3.3 8.858615e+03 8.813804e+03 8.848863e+03 8.893674e+03
4.3 8.847087e+03 8.815146e+03 8.850425e+03 8.882367e+03
5.3 8.827238e+03 8.813935e+03 8.849464e+03 8.862767e+03
6.3 8.862852e+03 8.814905e+03 8.850697e+03 8.898644e+03
7.3 8.856418e+03 8.814206e+03 8.850264e+03 8.892476e+03
8.3 8.837096e+03 8.814840e+03 8.851158e+03 8.873413e+03
9.3 8.794238e+03 8.816092e+03 8.851477e+03 8.829623e+03
10.3 8.829218e+03 8.851109e+03 8.839802e+03 8.817911e+03
1.0 8.858615e+03 8.813804e+03 8.848863e+03 8.893674e+03
2.0 8.847087e+03 8.815146e+03 8.850425e+03 8.882367e+03
3.0 8.827238e+03 8.813935e+03 8.849464e+03 8.862767e+03
4.0 8.862852e+03 8.814905e+03 8.850697e+03 8.898644e+03
5.0 8.856418e+03 8.814206e+03 8.850264e+03 8.892476e+03
6.0 8.837096e+03 8.814840e+03 8.851158e+03 8.873413e+03
7.0 8.794238e+03 8.816092e+03 8.851477e+03 8.829623e+03
8.0 8.829218e+03 8.851109e+03 8.839802e+03 8.817911e+03
9.0 8.975731e+03 8.906953e+03 8.816014e+03 8.884792e+03
10.0 8.971865e+03 8.924631e+03 8.787887e+03 8.835121e+03
11.0 9.037207e+03 8.879773e+03 8.768376e+03 8.925810e+03
0.7 8.827238e+03 8.813935e+03 8.849464e+03 8.862767e+03
1.7 8.862852e+03 8.814905e+03 8.850697e+03 8.898644e+03
2.7 8.856418e+03 8.814206e+03 8.850264e+03 8.892476e+03
3.7 8.837096e+03 8.814840e+03 8.851158e+03 8.873413e+03
4.7 8.794238e+03 8.816092e+03 8.851477e+03 8.829623e+03
5.7 8.829218e+03 8.851109e+03 8.839802e+03 8.817911e+03
6.7 8.975731e+03 8.906953e+03 8.816014e+03 8.884792e+03
7.7 8.971865e+03 8.924631e+03 8.787887e+03 8.835121e+03
8.7 9.037207e+03 8.879773e+03 8.768376e+03 8.925810e+03
9.7 8.874388e+03 8.802856e+03 8.760388e+03 8.831921e+03
10.7 8.852356e+03 8.747867e+03 8.758541e+03 8.863029e+03
0.4 8.856418e+03 8.814206e+03 8.850264e+03 8.892476e+03
1.4 8.837096e+03 8.814840e+03 8.851158e+03 8.873413e+03
2.4 8.794238e+03 8.816092e+03 8.851477e+03 8.829623e+03
3.4 8.829218e+03 8.851109e+03 8.839802e+03 8.817911e+03
4.4 8.975731e+03 8.906953e+03 8.816014e+03 8.884792e+03
5.4 8.971865e+03 8.924631e+03 8.787887e+03 8.835121e+03
6.4 9.037207e+03 8.879773e+03 8.768376e+03 8.925810e+03
7.4 8.874388e+03 8.802856e+03 8.760388e+03 8.831921e+03
8.4 8.852356e+03 8.747867e+03 8.758541e+03 8.863029e+03
9.4 8.827721e+03 8.726383e+03 8.758420e+03 8.859758e+03
10.4 8.821333e+03 8.721533e+03 8.758555e+03 8.858355e+03
0.5 8.840933e+03 8.793934e+03 8.762048e+03 8.809047e+03
1.5 8.851718e+03 8.855215e+03 8.780066e+03 8.776569e+03
2.5 8.851183e+03 8.881822e+03 8.807357e+03 8.776718e+03
3.5 8.854619e+03 8.864109e+03 8.833495e+03 8.824005e+03
4.5 8.840067e+03 8.836671e+03 8.848943e+03 8.852338e+03
5.5 8.829045e+03 8.820353e+03 8.852355e+03 8.861047e+03
6.5 8.871794e+03 8.817113e+03 8.854145e+03 8.908827e+03
7.5 8.908262e+03 8.815329e+03 8.853098e+03 8.946031e+03
8.5 8.884462e+03 8.816319e+03 8.854140e+03 8.922283e+03
9.5 8.892226e+03 8.816189e+03 8.854000e+03 8.930037e+03
10.5 8.892550e+03 8.816985e+03 8.854789e+03 8.930355e+03
0.2 8.851183e+03 8.881822e+03 8.807357e+03 8.776718e+03
1.2 8.854619e+03 8.864109e+03 8.833495e+03 8.824005e+03
2.2 8.840067e+03 8.836671e+03 8.848943e+03 8.852338e+03
3.2 8.829045e+03 8.820353e+03 8.852355e+03 8.861047e+03
4.2 8.871794e+03 8.817113e+03 8.854145e+03 8.908827e+03
5.2 8.908262e+03 8.815329e+03 8.853098e+03 8.946031e+03
6.2 8.884462e+03 8.816319e+03 8.854140e+03 8.922283e+03
7.2 8.892226e+03 8.816189e+03 8.854000e+03 8.930037e+03
8.2 8.892550e+03 8.816985e+03 8.854789e+03 8.930355e+03
9.2 8.876160e+03 8.817641e+03 8.855459e+03 8.913978e+03
10.2 8.881913e+03 8.816001e+03 8.853853e+03 8.919765e+03
0.9 8.829045e+03 8.820353e+03 8.852355e+03 8.861047e+03
1.9 8.871794e+03 8.817113e+03 8.854145e+03 8.908827e+03
2.9 8.908262e+03 8.815329e+03 8.853098e+03 8.946031e+03
3.9 8.884462e+03 8.816319e+03 8.854140e+03 8.922283e+03
4.9 8.892226e+03 8.816189e+03 8.854000e+03 8.930037e+03
5.9 8.892550e+03 8.816985e+03 8.854789e+03 8.930355e+03
6.9 8.876160e+03 8.817641e+03 8.855459e+03 8.913978e+03
7.9 8.881913e+03 8.816001e+03 8.853853e+03 8.919765e+03
8.9 8.880699e+03 8.816299e+03 8.854196e+03 8.918596e+03
9.9 8.889874e+03 8.814861e+03 8.852799e+03 8.927812e+03
10.9 8.888512e+03 8.816202e+03 8.854177e+03 8.926487e+03
0.6 8.908262e+03 8.815329e+03 8.853098e+03 8.946031e+03
1.6 8.884462e+03 8.816319e+03 8.854140e+03 8.922283e+03
2.6 8.892226e+03 8.816189e+03 8.854000e+03 8.930037e+03
3.6 8.892550e+03 8.816985e+03 8.854789e+03 8.930355e+03
4.6 8.876160e+03 8.817641e+03 8.855459e+03 8.913978e+03
5.6 8.881913e+03 8.816001e+03 8.853853e+03 8.919765e+03
6.6 8.880699e+03 8.816299e+03 8.854196e+03 8.918596e+03
7.6 8.889874e+03 8.814861e+03 8.852799e+03 8.927812e+03
8.6 8.888512e+03 8.816202e+03 8.854177e+03 8.926487e+03
9.6 8.893109e+03 8.815904e+03 8.853914e+03 8.931118e+03
10.6 8.921690e+03 8.816529e+03 8.854578e+03 8.959739e+03
0.3 8.892226e+03 8.816189e+03 8.854000e+03 8.930037e+03
1.3 8.892550e+03 8.816985e+03 8.854789e+03 8.930355e+03
2.3 8.876160e+03 8.817641e+03 8.855459e+03 8.913978e+03
3.3 8.881913e+03 8.816001e+03 8.853853e+03 8.919765e+03
4.3 8.880699e+03 8.816299e+03 8.854196e+03 8.918596e+03
5.3 8.889874e+03 8.814861e+03 8.852799e+03 8.927812e+03
6.3 8.888512e+03 8.816202e+03 8.854177e+03 8.926487e+03
7.3 8.893109e+03 8.815904e+03 8.853914e+03 8.931118e+03
8.3 8.921690e+03 8.816529e+03 8.854578e+03 8.959739e+03
9.3 8.902446e+03 8.817489e+03 8.854746e+03 8.939703e+03
10.3 8.923208e+03 8.851236e+03 8.843041e+03 8.915013e+03
0.9 8.881913e+03 8.816001e+03 8.853853e+03 8.919765e+03
1.9 8.880699e+03 8.816299e+03 8.854196e+03 8.918596e+03
2.9 8.889874e+03 8.814861e+03 8.852799e+03 8.927812e+03
3.9 8.888512e+03 8.816202e+03 8.854177e+03 8.926487e+03
4.9 8.893109e+03 8.815904e+03 8.853914e+03 8.931118e+03
5.9 8.921690e+03 8.816529e+03 8.854578e+03 8.959739e+03
6.9 8.902446e+03 8.817489e+03 8.854746e+03 8.939703e+03
7.9 8.923208e+03 8.851236e+03 8.843041e+03 8.915013e+03
8.9 8.949430e+03 8.907317e+03 8.819203e+03 8.861316e+03
9.9 9.006367e+03 8.926191e+03 8.790726e+03 8.870901e+03
10.9 8.966195e+03 8.882689e+03 8.770651e+03 8.854157e+03
0.7 8.889874e+03 8.814861e+03 8.852799e+03 8.927812e+03
1.7 8.888512e+03 8.816202e+03 8.854177e+03 8.926487e+03
2.7 8.893109e+03 8.815904e+03 8.853914e+03 8.931118e+03
3.7 8.921690e+03 8.816529e+03 8.854578e+03 8.959739e+03
4.7 8.902446e+03 8.817489e+03 8.854746e+03 8.939703e+03
5.7 8.923208e+03 8.851236e+03 8.843041e+03 8.915013e+03
6.7 8.949430e+03 8.907317e+03 8.819203e+03 8.861316e+03
7.7 9.006367e+03 8.926191e+03 8.790726e+03 8.870901e+03
8.7 8.966195e+03 8.882689e+03 8.770651e+03 8.854157e+03
9.7 8.771513e+03 8.805706e+03 8.762196e+03 8.728004e+03
10.7 8.630502e+03 8.749711e+03 8.760052e+03 8.640843e+03
0.3 8.893109e+03 8.815904e+03 8.853914e+03 8.931118e+03
1.3 8.921690e+03 8.816529e+03 8.854578e+03 8.959739e+03
2.3 8.902446e+03 8.817489e+03 8.854746e+03 8.939703e+03
3.3 8.923208e+03 8.851236e+03 8.843041e+03 8.915013e+03
4.3 8.949430e+03 8.907317e+03 8.819203e+03 8.861316e+03
5.3 9.006367e+03 8.926191e+03 8.790726e+03 8.870901e+03
6.3 8.966195e+03 8.882689e+03 8.770651e+03 8.854157e+03
7.3 8.771513e+03 8.805706e+03 8.762196e+03 8.728004e+03
8.3 8.630502e+03 8.749711e+03 8.760052e+03 8.640843e+03
9.3 8.589709e+03 8.727467e+03 8.759726e+03 8.621968e+03
10.3 8.569821e+03 8.722306e+03 8.759691e+03 8.607206e+03
0.5 8.643368e+03 8.794784e+03 8.763187e+03 8.611771e+03
1.5 8.720292e+03 8.856340e+03 8.781435e+03 8.645387e+03
2.5 8.730256e+03 8.882801e+03 8.808542e+03 8.655997e+03
3.5 8.725153e+03 8.864536e+03 8.834074e+03 8.694691e+03
4.5 8.686543e+03 8.836552e+03 8.848906e+03 8.698897e+03
5.5 8.711411e+03 8.819388e+03 8.851404e+03 8.743427e+03
6.5 8.724429e+03 8.815735e+03 8.852721e+03 8.761415e+03
7.5 8.740560e+03 8.813889e+03 8.851563e+03 8.778234e+03
8.5 8.753396e+03 8.815090e+03 8.852769e+03 8.791075e+03
9.5 8.774212e+03 8.815374e+03 8.852984e+03 8.811821e+03
10.5 8.787866e+03 8.816045e+03 8.853564e+03 8.825385e+03
0.2 8.730256e+03 8.882801e+03 8.808542e+03 8.655997e+03
1.2 8.725153e+03 8.864536e+03 8.834074e+03 8.694691e+03
2.2 8.686543e+03 8.836552e+03 8.848906e+03 8.698897e+03
3.2 8.711411e+03 8.819388e+03 8.851404e+03 8.743427e+03
4.2 8.724429e+03 8.815735e+03 8.852721e+03 8.761415e+03
5.2 8.740560e+03 8.813889e+03 8.851563e+03 8.778234e+03
6.2 8.753396e+03 8.815090e+03 8.852769e+03 8.791075e+03
7.2 8.774212e+03 8.815374e+03 8.852984e+03 8.811821e+03
8.2 8.787866e+03 8.816045e+03 8.853564e+03 8.825385e+03
9.2 8.799515e+03 8.817340e+03 8.854762e+03 8.836936e+03
10.2 8.816329e+03 8.816442e+03 8.853776e+03 8.853663e+03
0.8 8.711411e+03 8.819388e+03 8.851404e+03 8.743427e+03
1.8 8.724429e+03 8.815735e+03 8.852721e+03 8.761415e+03
2.8 8.740560e+03 8.813889e+03 8.851563e+03 8.778234e+03
3.8 8.753396e+03 8.815090e+03 8.852769e+03 8.791075e+03
4.8 8.774212e+03 8.815374e+03 8.852984e+03 8.811821e+03
5.8 8.787866e+03 8.816045e+03 8.853564e+03 8.825385e+03
6.8 8.799515e+03 8.817340e+03 8.854762e+03 8.836936e+03
7.8 8.816329e+03 8.816442e+03 8.853776e+03 8.853663e+03
8.8 8.803664e+03 8.817593e+03 8.854852e+03 8.840923e+03
9.8 8.821557e+03 8.816373e+03 8.853561e+03 8.858745e+03
10.8 8.845393e+03 8.817132e+03 8.854239e+03 8.882500e+03
0.5 8.740560e+03 8.813889e+03 8.851563e+03 8.778234e+03
1.5 8.753396e+03 8.815090e+03 8.852769e+03 8.791075e+03
2.5 8.774212e+03 8.815374e+03 8.852984e+03 8.811821e+03
3.5 8.787866e+03 8.816045e+03 8.853564e+03 8.825385e+03
4.5 8.799515e+03 8.817340e+03 8.854762e+03 8.836936e+03
5.5 8.816329e+03 8.816442e+03 8.853776e+03 8.853663e+03
6.5 8.803664e+03 8.817593e+03 8.854852e+03 8.840923e+03
7.5 8.821557e+03 8.816373e+03 8.853561e+03 8.858745e+03
8.5 8.845393e+03 8.817132e+03 8.854239e+03 8.882500e+03
9.5 8.845538e+03 8.816477e+03 8.853484e+03 8.882545e+03
10.5 8.859717e+03 8.816863e+03 8.853743e+03 8.896597e+03
0.2 8.774212e+03 8.815374e+03 8.852984e+03 8.811821e+03
1.2 8.787866e+03 8.816045e+03 8.853564e+03 8.825385e+03
2.2 8.799515e+03 8.817340e+03 8.854762e+03 8.836936e+03
3.2 8.816329e+03 8.816442e+03 8.853776e+03 8.853663e+03
4.2 8.803664e+03 8.817593e+03 8.854852e+03 8.840923e+03
5.2 8.821557e+03 8.816373e+03 8.853561e+03 8.858745e+03
6.2 8.845393e+03 8.817132e+03 8.854239e+03 8.882500e+03
7.2 8.845538e+03 8.816477e+03 8.853484e+03 8.882545e+03
8.2 8.859717e+03 8.816863e+03 8.853743e+03 8.896597e+03
9.2 8.832019e+03 8.817557e+03 8.854043e+03 8.868504e+03
10.2 8.888458e+03 8.849018e+03 8.842785e+03 8.882225e+03
0.9 8.816329e+03 8.816442e+03 8.853776e+03 8.853663e+03
1.9 8.803664e+03 8.817593e+03 8.854852e+03 8.840923e+03
2.9 8.821557e+03 8.816373e+03 8.853561e+03 8.858745e+03
3.9 8.845393e+03 8.817132e+03 8.854239e+03 8.882500e+03
4.9 8.845538e+03 8.816477e+03 8.853484e+03 8.882545e+03
5.9 8.859717e+03 8.816863e+03 8.853743e+03 8.896597e+03
6.9 8.832019e+03 8.817557e+03 8.854043e+03 8.868504e+03
7.9 8.888458e+03 8.849018e+03 8.842785e+03 8.882225e+03
8.9 8.989409e+03 8.905744e+03 8.819293e+03 8.902959e+03
9.9 9.026739e+03 8.927232e+03 8.790482e+03 8.889989e+03
10.9 9.005828e+03 8.886826e+03 8.769532e+03 8.888535e+03
0.6 8.821557e+03 8.816373e+03 8.853561e+03 8.858745e+03
1.6 8.845393e+03 8.817132e+03 8.854239e+03 8.882500e+03
2.6 8.845538e+03 8.816477e+03 8.853484e+03 8.882545e+03
3.6 8.859717e+03 8.816863e+03 8.853743e+03 8.896597e+03
4.6 8.832019e+03 8.817557e+03 8.854043e+03 8.868504e+03
5.6 8.888458e+03 8.849018e+03 8.842785e+03 8.882225e+03
6.6 8.989409e+03 8.905744e+03 8.819293e+03 8.902959e+03
7.6 9.026739e+03 8.927232e+03 8.790482e+03 8.889989e+03
8.6 9.005828e+03 8.886826e+03 8.769532e+03 8.888535e+03
9.6 8.718365e+03 8.810154e+03 8.760284e+03 8.668495e+03
10.6 8.669548e+03 8.752492e+03 8.757596e+03 8.674652e+03
0.3 8.845538e+03 8.816477e+03 8.853484e+03 8.882545e+03
1.3 8.859717e+03 8.816863e+03 8.853743e+03 8.896597e+03
2.3 8.832019e+03 8.817557e+03 8.854043e+03 8.868504e+03
3.3 8.888458e+03 8.849018e+03 8.842785e+03 8.882225e+03
4.3 8.989409e+03 8.905744e+03 8.819293e+03 8.902959e+03
5.3 9.026739e+03 8.927232e+03 8.790482e+03 8.889989e+03
6.3 9.005828e+03 8.886826e+03 8.769532e+03 8.888535e+03
7.3 8.718365e+03 8.810154e+03 8.760284e+03 8.668495e+03
8.3 8.669548e+03 8.752492e+03 8.757596e+03 8.674652e+03
9.3 8.736887e+03 8.729006e+03 8.756810e+03 8.764691e+03
10.3 8.709203e+03 8.723511e+03 8.756282e+03 8.741974e+03
0.5 8.720583e+03 8.796172e+03 8.758570e+03 8.682982e+03
1.5 8.732729e+03 8.857875e+03 8.776083e+03 8.650936e+03
2.5 8.728333e+03 8.884642e+03 8.802498e+03 8.646189e+03
3.5 8.751373e+03 8.866909e+03 8.827454e+03 8.711918e+03
4.5 8.763234e+03 8.839213e+03 8.841349e+03 8.765370e+03
5.5 8.785963e+03 8.822974e+03 8.843425e+03 8.806414e+03
6.5 8.803363e+03 8.819870e+03 8.843820e+03 8.827314e+03
7.5 8.807093e+03 8.817873e+03 8.840913e+03 8.830132e+03
8.5 8.790529e+03 8.818678e+03 8.839996e+03 8.811847e+03
9.5 8.770804e+03 8.818355e+03 8.837777e+03 8.790226e+03
10.5 8.809688e+03 8.819095e+03 8.836536e+03 8.827129e+03
0.2 8.728333e+03 8.884642e+03 8.802498e+03 8.646189e+03
1.2 8.751373e+03 8.866909e+03 8.827454e+03 8.711918e+03
2.2 8.763234e+03 8.839213e+03 8.841349e+03 8.765370e+03
3.2 8.785963e+03 8.822974e+03 8.843425e+03 8.806414e+03
4.2 8.803363e+03 8.819870e+03 8.843820e+03 8.827314e+03
5.2 8.807093e+03 8.817873e+03 8.840913e+03 8.830132e+03
6.2 8.790529e+03 8.818678e+03 8.839996e+03 8.811847e+03
7.2 8.770804e+03 8.818355e+03 8.837777e+03 8.790226e+03
8.2 8.809688e+03 8.819095e+03 8.836536e+03 8.827129e+03
9.2 8.846472e+03 8.820045e+03 8.835421e+03 8.861848e+03
10.2 8.857142e+03 8.819110e+03 8.832302e+03 8.870334e+03
0.9 8.785963e+03 8.822974e+03 8.843425e+03 8.806414e+03
1.9 8.803363e+03 8.819870e+03 8.843820e+03 8.827314e+03
2.9 8.807093e+03 8.817873e+03 8.840913e+03 8.830132e+03
3.9 8.790529e+03 8.818678e+03 8.839996e+03 8.811847e+03
4.9 8.770804e+03 8.818355e+03 8.837777e+03 8.790226e+03
5.9 8.809688e+03 8.819095e+03 8.836536e+03 8.827129e+03
6.9 8.846472e+03 8.820045e+03 8.835421e+03 8.861848e+03
7.9 8.857142e+03 8.819110e+03 8.832302e+03 8.870334e+03
8.9 8.867395e+03 8.820202e+03 8.831049e+03 8.878242e+03
9.9 8.860366e+03 8.819148e+03 8.827490e+03 8.868708e+03
10.9 8.839060e+03 8.820503e+03 8.826207e+03 8.844763e+03
0.6 8.807093e+03 8.817873e+03 8.840913e+03 8.830132e+03
1.6 8.790529e+03 8.818678e+03 8.839996e+03 8.811847e+03
2.6 8.770804e+03 8.818355e+03 8.837777e+03 8.790226e+03
3.6 8.809688e+03 8.819095e+03 8.836536e+03 8.827129e+03
4.6 8.846472e+03 8.820045e+03 8.835421e+03 8.861848e+03
5.6 8.857142e+03 8.819110e+03 8.832302e+03 8.870334e+03
6.6 8.867395e+03 8.820202e+03 8.831049e+03 8.878242e+03
7.6 8.860366e+03 8.819148e+03 8.827490e+03 8.868708e+03
8.6 8.839060e+03 8.820503e+03 8.826207e+03 8.844763e+03
9.6 8.827103e+03 8.819829e+03 8.822781e+03 8.830056e+03
10.6 8.824954e+03 8.819933e+03 8.820058e+03 8.825078e+03
0.3 8.770804e+03 8.818355e+03 8.837777e+03 8.790226e+03
1.3 8.809688e+03 8.819095e+03 8.836536e+03 8.827129e+03
2.3 8.846472e+03 8.820045e+03 8.835421e+03 8.861848e+03
3.3 8.857142e+03 8.819110e+03 8.832302e+03 8.870334e+03
4.3 8.867395e+03 8.820202e+03 8.831049e+03 8.878242e+03
5.3 8.860366e+03 8.819148e+03 8.827490e+03 8.868708e+03
6.3 8.839060e+03 8.820503e+03 8.826207e+03 8.844763e+03
7.3 8.827103e+03 8.819829e+03 8.822781e+03 8.830056e+03
8.3 8.824954e+03 8.819933e+03 8.820058e+03 8.825078e+03
1.0 8.857142e+03 8.819110e+03 8.832302e+03 8.870334e+03
2.0 8.867395e+03 8.820202e+03 8.831049e+03 8.878242e+03
3.0 8.860366e+03 8.819148e+03 8.827490e+03 8.868708e+03
4.0 8.839060e+03 8.820503e+03 8.826207e+03 8.844763e+03
5.0 8.827103e+03 8.819829e+03 8.822781e+03 8.830056e+03
6.0 8.824954e+03 8.819933e+03 8.820058e+03 8.825078e+03
0.6 8.860366e+03 8.819148e+03 8.827490e+03 8.868708e+03
1.6 8.839060e+03 8.820503e+03 8.826207e+03 8.844763e+03
2.6 8.827103e+03 8.819829e+03 8.822781e+03 8.830056e+03
3.6 8.824954e+03 8.819933e+03 8.820058e+03 8.825078e+03
0.3 8.827103e+03 8.819829e+03 8.822781e+03 8.830056e+03
1.3 8.824954e+03 8.819933e+03 8.820058e+03 8.825078e+03
