0.5 1.020060e+04 1.002631e+04 1.014398e+04 1.031827e+04
1.5 1.003792e+04 1.006186e+04 1.017650e+04 1.015256e+04
2.5 1.012060e+04 1.011877e+04 1.020196e+04 1.020379e+04
3.5 1.009292e+04 1.016899e+04 1.020200e+04 1.012593e+04
4.5 1.015784e+04 1.019282e+04 1.017711e+04 1.014213e+04
5.5 1.014705e+04 1.019752e+04 1.015272e+04 1.010225e+04
6.5 1.027295e+04 1.019292e+04 1.014159e+04 1.022162e+04
7.5 1.013198e+04 1.019360e+04 1.013883e+04 1.007720e+04
8.5 1.013789e+04 1.019088e+04 1.013846e+04 1.008547e+04
9.5 1.019627e+04 1.019217e+04 1.013842e+04 1.014252e+04
0.1 1.008260e+04 1.019714e+04 1.013793e+04 1.002339e+04
1.1 1.018102e+04 1.020172e+04 1.016487e+04 1.014417e+04
2.1 1.021221e+04 1.020212e+04 1.021081e+04 1.022090e+04
3.1 1.026248e+04 1.017469e+04 1.023723e+04 1.032503e+04
4.1 1.016072e+04 1.012270e+04 1.022261e+04 1.026063e+04
5.1 1.014196e+04 1.006765e+04 1.018285e+04 1.025716e+04
6.1 1.014845e+04 1.003345e+04 1.015219e+04 1.026719e+04
7.1 1.008321e+04 1.002089e+04 1.013986e+04 1.020218e+04
8.1 1.006050e+04 1.001828e+04 1.013699e+04 1.017921e+04
9.1 1.015689e+04 1.002639e+04 1.014486e+04 1.027536e+04
0.5 1.015689e+04 1.002639e+04 1.014486e+04 1.027536e+04
1.5 1.014195e+04 1.006472e+04 1.017674e+04 1.025398e+04
2.5 1.011992e+04 1.012418e+04 1.020170e+04 1.019744e+04
3.5 1.010821e+04 1.017604e+04 1.020131e+04 1.013348e+04
4.5 1.019686e+04 1.020079e+04 1.017601e+04 1.017208e+04
5.5 1.021007e+04 1.020562e+04 1.015127e+04 1.015572e+04
6.5 1.015638e+04 1.020077e+04 1.013988e+04 1.009549e+04
7.5 1.021366e+04 1.020130e+04 1.013698e+04 1.014934e+04
8.5 1.033910e+04 1.019887e+04 1.013656e+04 1.027678e+04
9.5 1.030013e+04 1.020083e+04 1.013653e+04 1.023582e+04
0.1 1.028763e+04 1.020232e+04 1.013685e+04 1.022217e+04
1.1 1.012694e+04 1.020613e+04 1.016307e+04 1.008388e+04
2.1 1.028436e+04 1.020659e+04 1.020918e+04 1.028695e+04
3.1 1.022793e+04 1.017938e+04 1.023650e+04 1.028504e+04
4.1 1.008493e+04 1.012743e+04 1.022298e+04 1.018049e+04
5.1 1.007886e+04 1.007171e+04 1.018345e+04 1.019060e+04
6.1 1.005434e+04 1.003654e+04 1.015238e+04 1.017019e+04
7.1 9.968915e+03 1.002327e+04 1.013974e+04 1.008538e+04
8.1 9.974364e+03 1.002024e+04 1.013678e+04 1.009090e+04
9.1 9.906769e+03 1.002809e+04 1.014466e+04 1.002334e+04
0.5 9.906769e+03 1.002809e+04 1.014466e+04 1.002334e+04
1.5 1.000744e+04 1.006673e+04 1.017657e+04 1.011728e+04
2.5 1.013924e+04 1.012666e+04 1.020156e+04 1.021414e+04
3.5 1.018118e+04 1.017819e+04 1.020119e+04 1.020418e+04
4.5 1.014229e+04 1.020181e+04 1.017592e+04 1.011640e+04
5.5 1.016000e+04 1.020550e+04 1.015122e+04 1.010571e+04
6.5 1.013850e+04 1.019894e+04 1.013988e+04 1.007944e+04
7.5 1.019620e+04 1.019860e+04 1.013701e+04 1.013461e+04
8.5 1.021170e+04 1.019598e+04 1.013661e+04 1.015232e+04
9.5 1.019864e+04 1.019829e+04 1.013661e+04 1.013695e+04
0.0 1.026654e+04 1.020142e+04 1.013730e+04 1.020242e+04
1.0 1.029665e+04 1.020451e+04 1.016194e+04 1.025409e+04
2.0 1.026070e+04 1.020580e+04 1.020822e+04 1.026311e+04
3.0 1.030134e+04 1.017966e+04 1.023724e+04 1.035892e+04
4.0 1.003117e+04 1.012832e+04 1.022601e+04 1.012886e+04
5.0 9.949415e+03 1.007172e+04 1.018712e+04 1.006482e+04
6.0 1.002238e+04 1.003485e+04 1.015540e+04 1.014293e+04
7.0 9.997613e+03 1.002025e+04 1.014231e+04 1.011967e+04
8.0 9.945854e+03 1.001638e+04 1.013944e+04 1.006892e+04
9.0 9.932507e+03 1.002350e+04 1.014768e+04 1.005668e+04
0.5 9.932507e+03 1.002350e+04 1.014768e+04 1.005668e+04
1.5 9.937537e+03 1.006136e+04 1.018004e+04 1.005622e+04
2.5 1.007814e+04 1.012038e+04 1.020553e+04 1.016329e+04
3.5 1.014407e+04 1.017116e+04 1.020574e+04 1.017864e+04
4.5 1.011351e+04 1.019432e+04 1.018111e+04 1.010030e+04
5.5 1.024523e+04 1.019693e+04 1.015711e+04 1.020541e+04
6.5 1.020402e+04 1.019034e+04 1.014655e+04 1.016023e+04
7.5 1.022153e+04 1.018908e+04 1.014453e+04 1.017698e+04
8.5 1.018183e+04 1.018404e+04 1.014505e+04 1.014285e+04
9.5 1.010727e+04 1.018327e+04 1.014605e+04 1.007005e+04
