0.5 9.861604e+03 9.802966e+03 9.772696e+03 9.831334e+03
1.5 9.854426e+03 9.863766e+03 9.791061e+03 9.781720e+03
2.5 9.867731e+03 9.893131e+03 9.820357e+03 9.794957e+03
3.5 9.889120e+03 9.880082e+03 9.848803e+03 9.857841e+03
4.5 9.784608e+03 9.856402e+03 9.865783e+03 9.793990e+03
5.5 9.819093e+03 9.841659e+03 9.869596e+03 9.847030e+03
6.5 9.801171e+03 9.839066e+03 9.871605e+03 9.833710e+03
7.5 9.714331e+03 9.837076e+03 9.870233e+03 9.747489e+03
8.5 9.810126e+03 9.837794e+03 9.871008e+03 9.843340e+03
9.5 9.836881e+03 9.837119e+03 9.870399e+03 9.870161e+03
10.5 9.817558e+03 9.837512e+03 9.870906e+03 9.850951e+03
0.2 9.867731e+03 9.893131e+03 9.820357e+03 9.794957e+03
1.2 9.889120e+03 9.880082e+03 9.848803e+03 9.857841e+03
2.2 9.784608e+03 9.856402e+03 9.865783e+03 9.793990e+03
3.2 9.819093e+03 9.841659e+03 9.869596e+03 9.847030e+03
4.2 9.801171e+03 9.839066e+03 9.871605e+03 9.833710e+03
5.2 9.714331e+03 9.837076e+03 9.870233e+03 9.747489e+03
6.2 9.810126e+03 9.837794e+03 9.871008e+03 9.843340e+03
7.2 9.836881e+03 9.837119e+03 9.870399e+03 9.870161e+03
8.2 9.817558e+03 9.837512e+03 9.870906e+03 9.850951e+03
9.2 9.890116e+03 9.838239e+03 9.871779e+03 9.923656e+03
10.2 9.868330e+03 9.837554e+03 9.871272e+03 9.902049e+03
0.9 9.819093e+03 9.841659e+03 9.869596e+03 9.847030e+03
1.9 9.801171e+03 9.839066e+03 9.871605e+03 9.833710e+03
2.9 9.714331e+03 9.837076e+03 9.870233e+03 9.747489e+03
3.9 9.810126e+03 9.837794e+03 9.871008e+03 9.843340e+03
4.9 9.836881e+03 9.837119e+03 9.870399e+03 9.870161e+03
5.9 9.817558e+03 9.837512e+03 9.870906e+03 9.850951e+03
6.9 9.890116e+03 9.838239e+03 9.871779e+03 9.923656e+03
7.9 9.868330e+03 9.837554e+03 9.871272e+03 9.902049e+03
8.9 9.851905e+03 9.839088e+03 9.873019e+03 9.885836e+03
9.9 9.795962e+03 9.837773e+03 9.871944e+03 9.830132e+03
10.9 9.861903e+03 9.838899e+03 9.873322e+03 9.896327e+03
0.6 9.714331e+03 9.837076e+03 9.870233e+03 9.747489e+03
1.6 9.810126e+03 9.837794e+03 9.871008e+03 9.843340e+03
2.6 9.836881e+03 9.837119e+03 9.870399e+03 9.870161e+03
3.6 9.817558e+03 9.837512e+03 9.870906e+03 9.850951e+03
4.6 9.890116e+03 9.838239e+03 9.871779e+03 9.923656e+03
5.6 9.868330e+03 9.837554e+03 9.871272e+03 9.902049e+03
6.6 9.851905e+03 9.839088e+03 9.873019e+03 9.885836e+03
7.6 9.795962e+03 9.837773e+03 9.871944e+03 9.830132e+03
8.6 9.861903e+03 9.838899e+03 9.873322e+03 9.896327e+03
9.6 9.893743e+03 9.838159e+03 9.872839e+03 9.928423e+03
10.6 9.866172e+03 9.838908e+03 9.873837e+03 9.901101e+03
0.3 9.836881e+03 9.837119e+03 9.870399e+03 9.870161e+03
1.3 9.817558e+03 9.837512e+03 9.870906e+03 9.850951e+03
2.3 9.890116e+03 9.838239e+03 9.871779e+03 9.923656e+03
3.3 9.868330e+03 9.837554e+03 9.871272e+03 9.902049e+03
4.3 9.851905e+03 9.839088e+03 9.873019e+03 9.885836e+03
5.3 9.795962e+03 9.837773e+03 9.871944e+03 9.830132e+03
6.3 9.861903e+03 9.838899e+03 9.873322e+03 9.896327e+03
7.3 9.893743e+03 9.838159e+03 9.872839e+03 9.928423e+03
8.3 9.866172e+03 9.838908e+03 9.873837e+03 9.901101e+03
9.3 9.755910e+03 9.840163e+03 9.874194e+03 9.789941e+03
10.3 9.823612e+03 9.872019e+03 9.861144e+03 9.812738e+03
1.0 9.868330e+03 9.837554e+03 9.871272e+03 9.902049e+03
2.0 9.851905e+03 9.839088e+03 9.873019e+03 9.885836e+03
3.0 9.795962e+03 9.837773e+03 9.871944e+03 9.830132e+03
4.0 9.861903e+03 9.838899e+03 9.873322e+03 9.896327e+03
5.0 9.893743e+03 9.838159e+03 9.872839e+03 9.928423e+03
6.0 9.866172e+03 9.838908e+03 9.873837e+03 9.901101e+03
7.0 9.755910e+03 9.840163e+03 9.874194e+03 9.789941e+03
8.0 9.823612e+03 9.872019e+03 9.861144e+03 9.812738e+03
9.0 9.960073e+03 9.922015e+03 9.834553e+03 9.872611e+03
10.0 9.989909e+03 9.934628e+03 9.803112e+03 9.858393e+03
11.0 1.007850e+04 9.888440e+03 9.781302e+03 9.971364e+03
0.7 9.795962e+03 9.837773e+03 9.871944e+03 9.830132e+03
1.7 9.861903e+03 9.838899e+03 9.873322e+03 9.896327e+03
2.7 9.893743e+03 9.838159e+03 9.872839e+03 9.928423e+03
3.7 9.866172e+03 9.838908e+03 9.873837e+03 9.901101e+03
4.7 9.755910e+03 9.840163e+03 9.874194e+03 9.789941e+03
5.7 9.823612e+03 9.872019e+03 9.861144e+03 9.812738e+03
6.7 9.960073e+03 9.922015e+03 9.834553e+03 9.872611e+03
7.7 9.989909e+03 9.934628e+03 9.803112e+03 9.858393e+03
8.7 1.007850e+04 9.888440e+03 9.781302e+03 9.971364e+03
9.7 9.900773e+03 9.813218e+03 9.772374e+03 9.859930e+03
10.7 9.804651e+03 9.760043e+03 9.770308e+03 9.814917e+03
0.4 9.893743e+03 9.838159e+03 9.872839e+03 9.928423e+03
1.4 9.866172e+03 9.838908e+03 9.873837e+03 9.901101e+03
2.4 9.755910e+03 9.840163e+03 9.874194e+03 9.789941e+03
3.4 9.823612e+03 9.872019e+03 9.861144e+03 9.812738e+03
4.4 9.960073e+03 9.922015e+03 9.834553e+03 9.872611e+03
5.4 9.989909e+03 9.934628e+03 9.803112e+03 9.858393e+03
6.4 1.007850e+04 9.888440e+03 9.781302e+03 9.971364e+03
7.4 9.900773e+03 9.813218e+03 9.772374e+03 9.859930e+03
8.4 9.804651e+03 9.760043e+03 9.770308e+03 9.814917e+03
9.4 9.841906e+03 9.739361e+03 9.770173e+03 9.872718e+03
10.4 9.783855e+03 9.734718e+03 9.770324e+03 9.819461e+03
0.5 9.822752e+03 9.804895e+03 9.774229e+03 9.792086e+03
1.5 9.868315e+03 9.866645e+03 9.794370e+03 9.796040e+03
2.5 9.885237e+03 9.896493e+03 9.824876e+03 9.813619e+03
3.5 9.878919e+03 9.883537e+03 9.854093e+03 9.849476e+03
4.5 9.872554e+03 9.859559e+03 9.871362e+03 9.884356e+03
5.5 9.884638e+03 9.844397e+03 9.875176e+03 9.915416e+03
6.5 9.863079e+03 9.841560e+03 9.877177e+03 9.898696e+03
7.5 9.832036e+03 9.839681e+03 9.876006e+03 9.868361e+03
8.5 9.863191e+03 9.840796e+03 9.877171e+03 9.899566e+03
9.5 9.849896e+03 9.840649e+03 9.877014e+03 9.886262e+03
10.5 9.900260e+03 9.841538e+03 9.877897e+03 9.936619e+03
0.2 9.885237e+03 9.896493e+03 9.824876e+03 9.813619e+03
1.2 9.878919e+03 9.883537e+03 9.854093e+03 9.849476e+03
2.2 9.872554e+03 9.859559e+03 9.871362e+03 9.884356e+03
3.2 9.884638e+03 9.844397e+03 9.875176e+03 9.915416e+03
4.2 9.863079e+03 9.841560e+03 9.877177e+03 9.898696e+03
5.2 9.832036e+03 9.839681e+03 9.876006e+03 9.868361e+03
6.2 9.863191e+03 9.840796e+03 9.877171e+03 9.899566e+03
7.2 9.849896e+03 9.840649e+03 9.877014e+03 9.886262e+03
8.2 9.900260e+03 9.841538e+03 9.877897e+03 9.936619e+03
9.2 9.867117e+03 9.842273e+03 9.878645e+03 9.903489e+03
10.2 9.866645e+03 9.840446e+03 9.876850e+03 9.903049e+03
0.9 9.884638e+03 9.844397e+03 9.875176e+03 9.915416e+03
1.9 9.863079e+03 9.841560e+03 9.877177e+03 9.898696e+03
2.9 9.832036e+03 9.839681e+03 9.876006e+03 9.868361e+03
3.9 9.863191e+03 9.840796e+03 9.877171e+03 9.899566e+03
4.9 9.849896e+03 9.840649e+03 9.877014e+03 9.886262e+03
5.9 9.900260e+03 9.841538e+03 9.877897e+03 9.936619e+03
6.9 9.867117e+03 9.842273e+03 9.878645e+03 9.903489e+03
7.9 9.866645e+03 9.840446e+03 9.876850e+03 9.903049e+03
8.9 9.884801e+03 9.840786e+03 9.877233e+03 9.921248e+03
9.9 9.909240e+03 9.839184e+03 9.875672e+03 9.945728e+03
10.9 9.891306e+03 9.840689e+03 9.877212e+03 9.927828e+03
0.6 9.832036e+03 9.839681e+03 9.876006e+03 9.868361e+03
1.6 9.863191e+03 9.840796e+03 9.877171e+03 9.899566e+03
2.6 9.849896e+03 9.840649e+03 9.877014e+03 9.886262e+03
3.6 9.900260e+03 9.841538e+03 9.877897e+03 9.936619e+03
4.6 9.867117e+03 9.842273e+03 9.878645e+03 9.903489e+03
5.6 9.866645e+03 9.840446e+03 9.876850e+03 9.903049e+03
6.6 9.884801e+03 9.840786e+03 9.877233e+03 9.921248e+03
7.6 9.909240e+03 9.839184e+03 9.875672e+03 9.945728e+03
8.6 9.891306e+03 9.840689e+03 9.877212e+03 9.927828e+03
9.6 9.918957e+03 9.840362e+03 9.876918e+03 9.955513e+03
10.6 9.882240e+03 9.841067e+03 9.877661e+03 9.918834e+03
0.3 9.849896e+03 9.840649e+03 9.877014e+03 9.886262e+03
1.3 9.900260e+03 9.841538e+03 9.877897e+03 9.936619e+03
2.3 9.867117e+03 9.842273e+03 9.878645e+03 9.903489e+03
3.3 9.866645e+03 9.840446e+03 9.876850e+03 9.903049e+03
4.3 9.884801e+03 9.840786e+03 9.877233e+03 9.921248e+03
5.3 9.909240e+03 9.839184e+03 9.875672e+03 9.945728e+03
6.3 9.891306e+03 9.840689e+03 9.877212e+03 9.927828e+03
7.3 9.918957e+03 9.840362e+03 9.876918e+03 9.955513e+03
8.3 9.882240e+03 9.841067e+03 9.877661e+03 9.918834e+03
9.3 9.898249e+03 9.842016e+03 9.877848e+03 9.934082e+03
10.3 9.953336e+03 9.872646e+03 9.864765e+03 9.945454e+03
0.9 9.866645e+03 9.840446e+03 9.876850e+03 9.903049e+03
1.9 9.884801e+03 9.840786e+03 9.877233e+03 9.921248e+03
2.9 9.909240e+03 9.839184e+03 9.875672e+03 9.945728e+03
3.9 9.891306e+03 9.840689e+03 9.877212e+03 9.927828e+03
4.9 9.918957e+03 9.840362e+03 9.876918e+03 9.955513e+03
5.9 9.882240e+03 9.841067e+03 9.877661e+03 9.918834e+03
6.9 9.898249e+03 9.842016e+03 9.877848e+03 9.934082e+03
7.9 9.953336e+03 9.872646e+03 9.864765e+03 9.945454e+03
8.9 9.991980e+03 9.922863e+03 9.838118e+03 9.907235e+03
9.9 9.943690e+03 9.936571e+03 9.806285e+03 9.813405e+03
10.9 9.812441e+03 9.891599e+03 9.783845e+03 9.704687e+03
0.7 9.909240e+03 9.839184e+03 9.875672e+03 9.945728e+03
1.7 9.891306e+03 9.840689e+03 9.877212e+03 9.927828e+03
2.7 9.918957e+03 9.840362e+03 9.876918e+03 9.955513e+03
3.7 9.882240e+03 9.841067e+03 9.877661e+03 9.918834e+03
4.7 9.898249e+03 9.842016e+03 9.877848e+03 9.934082e+03
5.7 9.953336e+03 9.872646e+03 9.864765e+03 9.945454e+03
6.7 9.991980e+03 9.922863e+03 9.838118e+03 9.907235e+03
7.7 9.943690e+03 9.936571e+03 9.806285e+03 9.813405e+03
8.7 9.812441e+03 9.891599e+03 9.783845e+03 9.704687e+03
9.7 9.859312e+03 9.816240e+03 9.774394e+03 9.817466e+03
10.7 9.726434e+03 9.762052e+03 9.771998e+03 9.736379e+03
0.3 9.918957e+03 9.840362e+03 9.876918e+03 9.955513e+03
1.3 9.882240e+03 9.841067e+03 9.877661e+03 9.918834e+03
2.3 9.898249e+03 9.842016e+03 9.877848e+03 9.934082e+03
3.3 9.953336e+03 9.872646e+03 9.864765e+03 9.945454e+03
4.3 9.991980e+03 9.922863e+03 9.838118e+03 9.907235e+03
5.3 9.943690e+03 9.936571e+03 9.806285e+03 9.813405e+03
6.3 9.812441e+03 9.891599e+03 9.783845e+03 9.704687e+03
7.3 9.859312e+03 9.816240e+03 9.774394e+03 9.817466e+03
8.3 9.726434e+03 9.762052e+03 9.771998e+03 9.736379e+03
9.3 9.703510e+03 9.740607e+03 9.771633e+03 9.734536e+03
10.3 9.644427e+03 9.735639e+03 9.771594e+03 9.680382e+03
0.5 9.721295e+03 9.805891e+03 9.775502e+03 9.690906e+03
1.5 9.747868e+03 9.867941e+03 9.795900e+03 9.675827e+03
2.5 9.803284e+03 9.897621e+03 9.826201e+03 9.731864e+03
3.5 9.800933e+03 9.884038e+03 9.854741e+03 9.771635e+03
4.5 9.775275e+03 9.859438e+03 9.871320e+03 9.787157e+03
5.5 9.739293e+03 9.843321e+03 9.874112e+03 9.770084e+03
6.5 9.846602e+03 9.840013e+03 9.875585e+03 9.882174e+03
7.5 9.811067e+03 9.838057e+03 9.874290e+03 9.847301e+03
8.5 9.772997e+03 9.839401e+03 9.875639e+03 9.809235e+03
9.5 9.800143e+03 9.839707e+03 9.875878e+03 9.836314e+03
10.5 9.883185e+03 9.840443e+03 9.876527e+03 9.919269e+03
0.2 9.803284e+03 9.897621e+03 9.826201e+03 9.731864e+03
1.2 9.800933e+03 9.884038e+03 9.854741e+03 9.771635e+03
2.2 9.775275e+03 9.859438e+03 9.871320e+03 9.787157e+03
3.2 9.739293e+03 9.843321e+03 9.874112e+03 9.770084e+03
4.2 9.846602e+03 9.840013e+03 9.875585e+03 9.882174e+03
5.2 9.811067e+03 9.838057e+03 9.874290e+03 9.847301e+03
6.2 9.772997e+03 9.839401e+03 9.875639e+03 9.809235e+03
7.2 9.800143e+03 9.839707e+03 9.875878e+03 9.836314e+03
8.2 9.883185e+03 9.840443e+03 9.876527e+03 9.919269e+03
9.2 9.897979e+03 9.841876e+03 9.877866e+03 9.933969e+03
10.2 9.788651e+03 9.840858e+03 9.876764e+03 9.824557e+03
0.8 9.739293e+03 9.843321e+03 9.874112e+03 9.770084e+03
1.8 9.846602e+03 9.840013e+03 9.875585e+03 9.882174e+03
2.8 9.811067e+03 9.838057e+03 9.874290e+03 9.847301e+03
3.8 9.772997e+03 9.839401e+03 9.875639e+03 9.809235e+03
4.8 9.800143e+03 9.839707e+03 9.875878e+03 9.836314e+03
5.8 9.883185e+03 9.840443e+03 9.876527e+03 9.919269e+03
6.8 9.897979e+03 9.841876e+03 9.877866e+03 9.933969e+03
7.8 9.788651e+03 9.840858e+03 9.876764e+03 9.824557e+03
8.8 9.831285e+03 9.842132e+03 9.877967e+03 9.867119e+03
9.8 9.788020e+03 9.840758e+03 9.876524e+03 9.823786e+03
10.8 9.930720e+03 9.841594e+03 9.877282e+03 9.966408e+03
0.5 9.811067e+03 9.838057e+03 9.874290e+03 9.847301e+03
1.5 9.772997e+03 9.839401e+03 9.875639e+03 9.809235e+03
2.5 9.800143e+03 9.839707e+03 9.875878e+03 9.836314e+03
3.5 9.883185e+03 9.840443e+03 9.876527e+03 9.919269e+03
4.5 9.897979e+03 9.841876e+03 9.877866e+03 9.933969e+03
5.5 9.788651e+03 9.840858e+03 9.876764e+03 9.824557e+03
6.5 9.831285e+03 9.842132e+03 9.877967e+03 9.867119e+03
7.5 9.788020e+03 9.840758e+03 9.876524e+03 9.823786e+03
8.5 9.930720e+03 9.841594e+03 9.877282e+03 9.966408e+03
9.5 9.900920e+03 9.840846e+03 9.876438e+03 9.936512e+03
10.5 9.897435e+03 9.841258e+03 9.876728e+03 9.932904e+03
0.2 9.800143e+03 9.839707e+03 9.875878e+03 9.836314e+03
1.2 9.883185e+03 9.840443e+03 9.876527e+03 9.919269e+03
2.2 9.897979e+03 9.841876e+03 9.877866e+03 9.933969e+03
3.2 9.788651e+03 9.840858e+03 9.876764e+03 9.824557e+03
4.2 9.831285e+03 9.842132e+03 9.877967e+03 9.867119e+03
5.2 9.788020e+03 9.840758e+03 9.876524e+03 9.823786e+03
6.2 9.930720e+03 9.841594e+03 9.877282e+03 9.966408e+03
7.2 9.900920e+03 9.840846e+03 9.876438e+03 9.936512e+03
8.2 9.897435e+03 9.841258e+03 9.876728e+03 9.932904e+03
9.2 9.859580e+03 9.841972e+03 9.877062e+03 9.894670e+03
10.2 9.873892e+03 9.870473e+03 9.864479e+03 9.867897e+03
0.9 9.788651e+03 9.840858e+03 9.876764e+03 9.824557e+03
1.9 9.831285e+03 9.842132e+03 9.877967e+03 9.867119e+03
2.9 9.788020e+03 9.840758e+03 9.876524e+03 9.823786e+03
3.9 9.930720e+03 9.841594e+03 9.877282e+03 9.966408e+03
4.9 9.900920e+03 9.840846e+03 9.876438e+03 9.936512e+03
5.9 9.897435e+03 9.841258e+03 9.876728e+03 9.932904e+03
6.9 9.859580e+03 9.841972e+03 9.877062e+03 9.894670e+03
7.9 9.873892e+03 9.870473e+03 9.864479e+03 9.867897e+03
8.9 9.887016e+03 9.921363e+03 9.838218e+03 9.803870e+03
9.9 9.937434e+03 9.937534e+03 9.806013e+03 9.805912e+03
10.9 9.941027e+03 9.895403e+03 9.782595e+03 9.828219e+03
0.6 9.788020e+03 9.840758e+03 9.876524e+03 9.823786e+03
1.6 9.930720e+03 9.841594e+03 9.877282e+03 9.966408e+03
2.6 9.900920e+03 9.840846e+03 9.876438e+03 9.936512e+03
3.6 9.897435e+03 9.841258e+03 9.876728e+03 9.932904e+03
4.6 9.859580e+03 9.841972e+03 9.877062e+03 9.894670e+03
5.6 9.873892e+03 9.870473e+03 9.864479e+03 9.867897e+03
6.6 9.887016e+03 9.921363e+03 9.838218e+03 9.803870e+03
7.6 9.937434e+03 9.937534e+03 9.806013e+03 9.805912e+03
8.6 9.941027e+03 9.895403e+03 9.782595e+03 9.828219e+03
9.6 9.756788e+03 9.820220e+03 9.772257e+03 9.708825e+03
10.6 9.637665e+03 9.764343e+03 9.769252e+03 9.642574e+03
0.3 9.900920e+03 9.840846e+03 9.876438e+03 9.936512e+03
1.3 9.897435e+03 9.841258e+03 9.876728e+03 9.932904e+03
2.3 9.859580e+03 9.841972e+03 9.877062e+03 9.894670e+03
3.3 9.873892e+03 9.870473e+03 9.864479e+03 9.867897e+03
4.3 9.887016e+03 9.921363e+03 9.838218e+03 9.803870e+03
5.3 9.937434e+03 9.937534e+03 9.806013e+03 9.805912e+03
6.3 9.941027e+03 9.895403e+03 9.782595e+03 9.828219e+03
7.3 9.756788e+03 9.820220e+03 9.772257e+03 9.708825e+03
8.3 9.637665e+03 9.764343e+03 9.769252e+03 9.642574e+03
9.3 9.766312e+03 9.741632e+03 9.768373e+03 9.793054e+03
10.3 9.668451e+03 9.736265e+03 9.767783e+03 9.699969e+03
0.5 9.775421e+03 9.806505e+03 9.770341e+03 9.739257e+03
1.5 9.829691e+03 9.868582e+03 9.789917e+03 9.751026e+03
2.5 9.889171e+03 9.898448e+03 9.819445e+03 9.810168e+03
3.5 9.811480e+03 9.885287e+03 9.847341e+03 9.773534e+03
4.5 9.824191e+03 9.860818e+03 9.862873e+03 9.826246e+03
5.5 9.800755e+03 9.845524e+03 9.865193e+03 9.820424e+03
6.5 9.837271e+03 9.842601e+03 9.865635e+03 9.860305e+03
7.5 9.828096e+03 9.840227e+03 9.862385e+03 9.850254e+03
8.5 9.853250e+03 9.840858e+03 9.861360e+03 9.873752e+03
9.5 9.772887e+03 9.840200e+03 9.858880e+03 9.791567e+03
10.5 9.873870e+03 9.840719e+03 9.857493e+03 9.890644e+03
0.2 9.889171e+03 9.898448e+03 9.819445e+03 9.810168e+03
1.2 9.811480e+03 9.885287e+03 9.847341e+03 9.773534e+03
2.2 9.824191e+03 9.860818e+03 9.862873e+03 9.826246e+03
3.2 9.800755e+03 9.845524e+03 9.865193e+03 9.820424e+03
4.2 9.837271e+03 9.842601e+03 9.865635e+03 9.860305e+03
5.2 9.828096e+03 9.840227e+03 9.862385e+03 9.850254e+03
6.2 9.853250e+03 9.840858e+03 9.861360e+03 9.873752e+03
7.2 9.772887e+03 9.840200e+03 9.858880e+03 9.791567e+03
8.2 9.873870e+03 9.840719e+03 9.857493e+03 9.890644e+03
9.2 9.818592e+03 9.841459e+03 9.856247e+03 9.833380e+03
10.2 9.918753e+03 9.840073e+03 9.852760e+03 9.931440e+03
0.9 9.800755e+03 9.845524e+03 9.865193e+03 9.820424e+03
1.9 9.837271e+03 9.842601e+03 9.865635e+03 9.860305e+03
2.9 9.828096e+03 9.840227e+03 9.862385e+03 9.850254e+03
3.9 9.853250e+03 9.840858e+03 9.861360e+03 9.873752e+03
4.9 9.772887e+03 9.840200e+03 9.858880e+03 9.791567e+03
5.9 9.873870e+03 9.840719e+03 9.857493e+03 9.890644e+03
6.9 9.818592e+03 9.841459e+03 9.856247e+03 9.833380e+03
7.9 9.918753e+03 9.840073e+03 9.852760e+03 9.931440e+03
8.9 9.870230e+03 9.840927e+03 9.851359e+03 9.880663e+03
9.9 9.862679e+03 9.839358e+03 9.847381e+03 9.870702e+03
10.9 9.817036e+03 9.840461e+03 9.845946e+03 9.822521e+03
0.6 9.828096e+03 9.840227e+03 9.862385e+03 9.850254e+03
1.6 9.853250e+03 9.840858e+03 9.861360e+03 9.873752e+03
2.6 9.772887e+03 9.840200e+03 9.858880e+03 9.791567e+03
3.6 9.873870e+03 9.840719e+03 9.857493e+03 9.890644e+03
4.6 9.818592e+03 9.841459e+03 9.856247e+03 9.833380e+03
5.6 9.918753e+03 9.840073e+03 9.852760e+03 9.931440e+03
6.6 9.870230e+03 9.840927e+03 9.851359e+03 9.880663e+03
7.6 9.862679e+03 9.839358e+03 9.847381e+03 9.870702e+03
8.6 9.817036e+03 9.840461e+03 9.845946e+03 9.822521e+03
9.6 9.781633e+03 9.839278e+03 9.842118e+03 9.784472e+03
10.6 9.878335e+03 9.838954e+03 9.839074e+03 9.878455e+03
0.3 9.772887e+03 9.840200e+03 9.858880e+03 9.791567e+03
1.3 9.873870e+03 9.840719e+03 9.857493e+03 9.890644e+03
2.3 9.818592e+03 9.841459e+03 9.856247e+03 9.833380e+03
3.3 9.918753e+03 9.840073e+03 9.852760e+03 9.931440e+03
4.3 9.870230e+03 9.840927e+03 9.851359e+03 9.880663e+03
5.3 9.862679e+03 9.839358e+03 9.847381e+03 9.870702e+03
6.3 9.817036e+03 9.840461e+03 9.845946e+03 9.822521e+03
7.3 9.781633e+03 9.839278e+03 9.842118e+03 9.784472e+03
8.3 9.878335e+03 9.838954e+03 9.839074e+03 9.878455e+03
1.0 9.918753e+03 9.840073e+03 9.852760e+03 9.931440e+03
2.0 9.870230e+03 9.840927e+03 9.851359e+03 9.880663e+03
3.0 9.862679e+03 9.839358e+03 9.847381e+03 9.870702e+03
4.0 9.817036e+03 9.840461e+03 9.845946e+03 9.822521e+03
5.0 9.781633e+03 9.839278e+03 9.842118e+03 9.784472e+03
6.0 9.878335e+03 9.838954e+03 9.839074e+03 9.878455e+03
0.6 9.862679e+03 9.839358e+03 9.847381e+03 9.870702e+03
1.6 9.817036e+03 9.840461e+03 9.845946e+03 9.822521e+03
2.6 9.781633e+03 9.839278e+03 9.842118e+03 9.784472e+03
3.6 9.878335e+03 9.838954e+03 9.839074e+03 9.878455e+03
0.3 9.781633e+03 9.839278e+03 9.842118e+03 9.784472e+03
1.3 9.878335e+03 9.838954e+03 9.839074e+03 9.878455e+03
