0.5 8.859142e+03 8.732635e+03 8.820148e+03 8.946655e+03
1.5 8.806523e+03 8.771327e+03 8.856591e+03 8.891788e+03
2.5 8.786027e+03 8.823245e+03 8.885115e+03 8.847897e+03
3.5 8.790544e+03 8.860612e+03 8.885162e+03 8.815094e+03
4.5 8.810442e+03 8.868958e+03 8.857270e+03 8.798753e+03
5.5 8.810850e+03 8.863258e+03 8.829939e+03 8.777531e+03
6.5 8.835253e+03 8.855642e+03 8.817466e+03 8.797077e+03
7.5 8.819444e+03 8.855109e+03 8.814373e+03 8.778708e+03
8.5 8.779589e+03 8.852946e+03 8.813957e+03 8.740600e+03
9.5 8.811703e+03 8.853894e+03 8.813919e+03 8.771728e+03
0.1 8.821130e+03 8.857404e+03 8.813370e+03 8.777096e+03
1.1 8.859696e+03 8.870964e+03 8.843554e+03 8.832287e+03
2.1 8.955994e+03 8.888569e+03 8.895035e+03 8.962459e+03
3.1 8.928445e+03 8.878128e+03 8.924646e+03 8.974963e+03
4.1 8.910340e+03 8.833958e+03 8.908260e+03 8.984642e+03
5.1 8.853260e+03 8.778023e+03 8.863699e+03 8.938936e+03
6.1 8.824420e+03 8.741038e+03 8.829345e+03 8.912727e+03
7.1 8.803238e+03 8.727055e+03 8.815534e+03 8.891716e+03
8.1 8.811037e+03 8.724024e+03 8.812311e+03 8.899324e+03
9.1 8.825028e+03 8.733026e+03 8.821128e+03 8.913129e+03
0.5 8.825028e+03 8.733026e+03 8.821128e+03 8.913129e+03
1.5 8.822567e+03 8.773546e+03 8.856858e+03 8.905879e+03
2.5 8.819768e+03 8.827172e+03 8.884827e+03 8.877423e+03
3.5 8.846529e+03 8.865591e+03 8.884385e+03 8.865323e+03
4.5 8.851522e+03 8.874464e+03 8.856036e+03 8.833094e+03
5.5 8.852250e+03 8.868737e+03 8.828312e+03 8.811825e+03
6.5 8.864734e+03 8.860841e+03 8.815556e+03 8.819450e+03
7.5 8.920970e+03 8.860138e+03 8.812304e+03 8.873136e+03
8.5 8.934361e+03 8.858171e+03 8.811828e+03 8.888018e+03
9.5 8.914755e+03 8.859621e+03 8.811795e+03 8.866928e+03
0.1 8.898748e+03 8.860848e+03 8.812159e+03 8.850059e+03
1.1 8.909781e+03 8.873565e+03 8.841543e+03 8.877759e+03
2.1 8.940518e+03 8.891284e+03 8.893209e+03 8.942442e+03
3.1 8.972220e+03 8.881344e+03 8.923820e+03 9.014696e+03
4.1 8.808538e+03 8.837612e+03 8.908674e+03 8.879601e+03
5.1 8.779085e+03 8.781270e+03 8.864373e+03 8.862188e+03
6.1 8.645710e+03 8.743405e+03 8.829560e+03 8.731865e+03
7.1 8.629360e+03 8.728771e+03 8.815390e+03 8.715980e+03
8.1 8.611114e+03 8.725408e+03 8.812077e+03 8.697783e+03
9.1 8.675355e+03 8.734215e+03 8.820909e+03 8.762049e+03
0.5 8.675355e+03 8.734215e+03 8.820909e+03 8.762049e+03
1.5 8.681706e+03 8.774981e+03 8.856671e+03 8.763396e+03
2.5 8.764908e+03 8.828964e+03 8.884669e+03 8.820613e+03
3.5 8.782066e+03 8.867146e+03 8.884251e+03 8.799171e+03
4.5 8.768718e+03 8.875190e+03 8.855938e+03 8.749466e+03
5.5 8.751079e+03 8.868631e+03 8.828258e+03 8.710706e+03
6.5 8.767913e+03 8.859478e+03 8.815548e+03 8.723983e+03
7.5 8.785428e+03 8.858140e+03 8.812334e+03 8.739622e+03
8.5 8.805454e+03 8.856046e+03 8.811890e+03 8.761298e+03
9.5 8.811881e+03 8.857761e+03 8.811887e+03 8.766007e+03
0.0 8.886069e+03 8.860346e+03 8.812658e+03 8.838381e+03
1.0 8.988562e+03 8.871931e+03 8.840274e+03 8.956905e+03
2.0 8.987052e+03 8.890337e+03 8.892133e+03 8.988849e+03
3.0 9.005769e+03 8.881827e+03 8.924650e+03 9.048592e+03
4.0 8.847403e+03 8.839417e+03 8.912072e+03 8.920058e+03
5.0 8.695631e+03 8.782660e+03 8.868484e+03 8.781456e+03
6.0 8.677867e+03 8.743293e+03 8.832945e+03 8.767520e+03
7.0 8.735483e+03 8.727498e+03 8.818270e+03 8.826255e+03
8.0 8.700745e+03 8.723535e+03 8.815059e+03 8.792269e+03
9.0 8.713897e+03 8.731937e+03 8.824288e+03 8.806247e+03
0.5 8.713897e+03 8.731937e+03 8.824288e+03 8.806247e+03
1.5 8.701861e+03 8.772288e+03 8.860553e+03 8.790126e+03
2.5 8.721129e+03 8.825794e+03 8.889122e+03 8.784456e+03
3.5 8.747598e+03 8.863637e+03 8.889349e+03 8.773309e+03
4.5 8.779607e+03 8.871577e+03 8.861752e+03 8.769782e+03
5.5 8.802487e+03 8.864476e+03 8.834864e+03 8.772876e+03
6.5 8.832653e+03 8.855592e+03 8.823024e+03 8.800085e+03
7.5 8.850664e+03 8.853893e+03 8.820762e+03 8.817533e+03
8.5 8.845250e+03 8.850341e+03 8.821351e+03 8.816260e+03
9.5 8.801036e+03 8.850149e+03 8.822464e+03 8.773351e+03
