0.5 8.824922e+03 8.706509e+03 8.767893e+03 8.886306e+03
1.5 8.801310e+03 8.764371e+03 8.824177e+03 8.861116e+03
2.5 8.769177e+03 8.824834e+03 8.868231e+03 8.812574e+03
3.5 8.761409e+03 8.851083e+03 8.868303e+03 8.778629e+03
4.5 8.756871e+03 8.833424e+03 8.825225e+03 8.748673e+03
5.5 8.736315e+03 8.806385e+03 8.783014e+03 8.712944e+03
6.5 8.752407e+03 8.790528e+03 8.763751e+03 8.725629e+03
7.5 8.745477e+03 8.787546e+03 8.758973e+03 8.716904e+03
8.5 8.700053e+03 8.785679e+03 8.758331e+03 8.672705e+03
9.5 8.717462e+03 8.786312e+03 8.758273e+03 8.689423e+03
0.1 8.766541e+03 8.788311e+03 8.757424e+03 8.735655e+03
1.1 8.801498e+03 8.823268e+03 8.804043e+03 8.782272e+03
2.1 8.947489e+03 8.879016e+03 8.883551e+03 8.952024e+03
3.1 8.943694e+03 8.896656e+03 8.929285e+03 8.976323e+03
4.1 9.008936e+03 8.851860e+03 8.903977e+03 9.061053e+03
5.1 8.846290e+03 8.775060e+03 8.835155e+03 8.906385e+03
6.1 8.824449e+03 8.720156e+03 8.782096e+03 8.886390e+03
7.1 8.799995e+03 8.698705e+03 8.760766e+03 8.862056e+03
8.1 8.793439e+03 8.693863e+03 8.755789e+03 8.855366e+03
9.1 8.814404e+03 8.707609e+03 8.769405e+03 8.876200e+03
0.5 8.814404e+03 8.707609e+03 8.769405e+03 8.876200e+03
1.5 8.813033e+03 8.766152e+03 8.824589e+03 8.871470e+03
2.5 8.823946e+03 8.827345e+03 8.867785e+03 8.864386e+03
3.5 8.823335e+03 8.853920e+03 8.867102e+03 8.836517e+03
4.5 8.826685e+03 8.836245e+03 8.823320e+03 8.813760e+03
5.5 8.812287e+03 8.808857e+03 8.780501e+03 8.783932e+03
6.5 8.801311e+03 8.792565e+03 8.760801e+03 8.769547e+03
7.5 8.843929e+03 8.789330e+03 8.755779e+03 8.810377e+03
8.5 8.880195e+03 8.787549e+03 8.755043e+03 8.847690e+03
9.5 8.856530e+03 8.788538e+03 8.754991e+03 8.822983e+03
0.1 8.874553e+03 8.789706e+03 8.755554e+03 8.840402e+03
1.1 8.895179e+03 8.823397e+03 8.800936e+03 8.872718e+03
2.1 8.921375e+03 8.879381e+03 8.880731e+03 8.922724e+03
3.1 8.978102e+03 8.898214e+03 8.928008e+03 9.007896e+03
4.1 8.938319e+03 8.854772e+03 8.904617e+03 8.988163e+03
5.1 8.743727e+03 8.777906e+03 8.836195e+03 8.802017e+03
6.1 8.603108e+03 8.721997e+03 8.782429e+03 8.663539e+03
7.1 8.562139e+03 8.699787e+03 8.760544e+03 8.622896e+03
8.1 8.542463e+03 8.694635e+03 8.755427e+03 8.603254e+03
9.1 8.599651e+03 8.708259e+03 8.769068e+03 8.660460e+03
0.5 8.599651e+03 8.708259e+03 8.769068e+03 8.660460e+03
1.5 8.615947e+03 8.767002e+03 8.824301e+03 8.673247e+03
2.5 8.692675e+03 8.828469e+03 8.867542e+03 8.731748e+03
3.5 8.702641e+03 8.854899e+03 8.866897e+03 8.714638e+03
4.5 8.697478e+03 8.836672e+03 8.823168e+03 8.683974e+03
5.5 8.659009e+03 8.808737e+03 8.780418e+03 8.630690e+03
6.5 8.684001e+03 8.791601e+03 8.760788e+03 8.653187e+03
7.5 8.696823e+03 8.787954e+03 8.755825e+03 8.664694e+03
8.5 8.712857e+03 8.786110e+03 8.755138e+03 8.681885e+03
9.5 8.725729e+03 8.787311e+03 8.755133e+03 8.693551e+03
0.0 8.804122e+03 8.789774e+03 8.756325e+03 8.770673e+03
1.0 8.860437e+03 8.821181e+03 8.798976e+03 8.838231e+03
2.0 8.961458e+03 8.877810e+03 8.879070e+03 8.962718e+03
3.0 8.998588e+03 8.899254e+03 8.929290e+03 9.028624e+03
4.0 8.977691e+03 8.858902e+03 8.909864e+03 9.028653e+03
5.0 8.690785e+03 8.782346e+03 8.842546e+03 8.750985e+03
6.0 8.641855e+03 8.724773e+03 8.787657e+03 8.704740e+03
7.0 8.709049e+03 8.701323e+03 8.764992e+03 8.772718e+03
8.0 8.681430e+03 8.695836e+03 8.760033e+03 8.745627e+03
9.0 8.693727e+03 8.709509e+03 8.774286e+03 8.758504e+03
0.5 8.693727e+03 8.709509e+03 8.774286e+03 8.758504e+03
1.5 8.693035e+03 8.768385e+03 8.830296e+03 8.754947e+03
2.5 8.705160e+03 8.829999e+03 8.874419e+03 8.749580e+03
3.5 8.700659e+03 8.856735e+03 8.874769e+03 8.718694e+03
4.5 8.723804e+03 8.839039e+03 8.832147e+03 8.716912e+03
5.5 8.735641e+03 8.811391e+03 8.790620e+03 8.714870e+03
6.5 8.758394e+03 8.795178e+03 8.772334e+03 8.735550e+03
7.5 8.775535e+03 8.792079e+03 8.768840e+03 8.752296e+03
8.5 8.779316e+03 8.790084e+03 8.769750e+03 8.758981e+03
9.5 8.762871e+03 8.790888e+03 8.771469e+03 8.743452e+03
