1.0 1.031742e+04 1.030002e+04 1.029633e+04 1.031373e+04
2.0 1.029525e+04 1.031879e+04 1.032265e+04 1.029911e+04
3.0 1.031780e+04 1.032913e+04 1.033660e+04 1.032527e+04
4.0 1.021080e+04 1.031647e+04 1.032491e+04 1.021924e+04
5.0 1.031992e+04 1.030443e+04 1.031305e+04 1.032854e+04
6.0 1.028410e+04 1.031599e+04 1.032466e+04 1.029277e+04
7.0 1.026527e+04 1.032912e+04 1.033783e+04 1.027398e+04
8.0 1.035680e+04 1.032463e+04 1.033129e+04 1.036345e+04
9.0 1.024087e+04 1.031080e+04 1.030808e+04 1.023816e+04
10.0 1.037809e+04 1.029955e+04 1.028926e+04 1.036780e+04
0.8 1.031992e+04 1.030443e+04 1.031305e+04 1.032854e+04
1.7 1.028410e+04 1.031599e+04 1.032466e+04 1.029277e+04
2.7 1.026527e+04 1.032912e+04 1.033783e+04 1.027398e+04
3.7 1.035680e+04 1.032463e+04 1.033129e+04 1.036345e+04
4.7 1.024087e+04 1.031080e+04 1.030808e+04 1.023816e+04
5.7 1.037809e+04 1.029955e+04 1.028926e+04 1.036780e+04
6.7 1.028547e+04 1.029240e+04 1.028178e+04 1.027484e+04
7.7 1.029112e+04 1.029554e+04 1.029223e+04 1.028781e+04
8.7 1.037151e+04 1.031553e+04 1.031972e+04 1.037571e+04
9.7 1.034774e+04 1.033071e+04 1.033847e+04 1.035550e+04
0.7 1.029112e+04 1.029554e+04 1.029223e+04 1.028781e+04
1.7 1.037151e+04 1.031553e+04 1.031972e+04 1.037571e+04
2.7 1.034774e+04 1.033071e+04 1.033847e+04 1.035550e+04
3.7 1.025202e+04 1.032638e+04 1.033298e+04 1.025862e+04
4.7 1.027958e+04 1.031250e+04 1.030984e+04 1.027692e+04
5.7 1.040563e+04 1.030121e+04 1.029096e+04 1.039538e+04
6.7 1.028933e+04 1.029402e+04 1.028341e+04 1.027872e+04
7.7 1.036781e+04 1.028516e+04 1.028183e+04 1.036448e+04
8.7 1.037710e+04 1.027763e+04 1.028178e+04 1.038125e+04
9.7 1.032151e+04 1.027425e+04 1.028193e+04 1.032920e+04
1.0 1.027771e+04 1.029293e+04 1.030153e+04 1.028630e+04
2.0 1.033792e+04 1.031901e+04 1.032772e+04 1.034663e+04
3.0 1.032349e+04 1.033283e+04 1.034152e+04 1.033218e+04
4.0 1.037027e+04 1.032103e+04 1.032968e+04 1.037892e+04
5.0 1.035054e+04 1.030382e+04 1.030569e+04 1.035241e+04
6.0 1.024744e+04 1.029682e+04 1.028963e+04 1.024025e+04
7.0 1.019966e+04 1.029605e+04 1.028407e+04 1.018768e+04
8.0 1.020451e+04 1.029155e+04 1.028302e+04 1.019599e+04
9.0 1.023394e+04 1.029178e+04 1.028295e+04 1.022511e+04
10.0 1.035764e+04 1.029465e+04 1.028299e+04 1.034597e+04
0.3 1.030077e+04 1.027947e+04 1.028450e+04 1.030580e+04
1.3 1.033611e+04 1.030231e+04 1.030922e+04 1.034302e+04
2.3 1.035392e+04 1.032607e+04 1.033330e+04 1.036116e+04
3.3 1.040525e+04 1.033367e+04 1.034088e+04 1.041246e+04
4.3 1.031989e+04 1.031642e+04 1.032357e+04 1.032703e+04
5.3 1.034920e+04 1.029296e+04 1.030004e+04 1.035628e+04
6.3 1.026183e+04 1.028164e+04 1.028865e+04 1.026884e+04
7.3 1.024738e+04 1.030243e+04 1.030939e+04 1.025434e+04
8.3 1.033963e+04 1.032586e+04 1.033275e+04 1.034653e+04
9.3 1.031699e+04 1.033340e+04 1.034024e+04 1.032383e+04
0.3 1.026183e+04 1.028164e+04 1.028865e+04 1.026884e+04
1.3 1.024738e+04 1.030243e+04 1.030939e+04 1.025434e+04
2.3 1.033963e+04 1.032586e+04 1.033275e+04 1.034653e+04
3.3 1.031699e+04 1.033340e+04 1.034024e+04 1.032383e+04
4.3 1.029302e+04 1.031612e+04 1.032290e+04 1.029980e+04
5.3 1.034872e+04 1.030459e+04 1.031131e+04 1.035545e+04
6.3 1.024264e+04 1.031886e+04 1.032553e+04 1.024931e+04
7.3 1.023825e+04 1.033334e+04 1.033996e+04 1.024487e+04
8.3 1.032171e+04 1.032685e+04 1.033343e+04 1.032828e+04
9.3 1.011392e+04 1.030333e+04 1.030986e+04 1.012045e+04
0.8 1.034872e+04 1.030459e+04 1.031131e+04 1.035545e+04
1.8 1.024264e+04 1.031886e+04 1.032553e+04 1.024931e+04
2.8 1.023825e+04 1.033334e+04 1.033996e+04 1.024487e+04
3.8 1.032171e+04 1.032685e+04 1.033343e+04 1.032828e+04
4.8 1.011392e+04 1.030333e+04 1.030986e+04 1.012045e+04
5.8 1.041641e+04 1.028414e+04 1.029063e+04 1.042290e+04
6.8 1.024419e+04 1.027631e+04 1.028276e+04 1.025065e+04
7.8 1.016420e+04 1.027445e+04 1.028087e+04 1.017062e+04
8.8 1.031855e+04 1.027826e+04 1.028051e+04 1.032079e+04
9.8 1.028849e+04 1.028767e+04 1.028037e+04 1.028119e+04
0.5 1.029907e+04 1.028025e+04 1.028583e+04 1.030464e+04
1.5 1.033521e+04 1.030669e+04 1.031287e+04 1.034138e+04
2.5 1.031965e+04 1.032846e+04 1.033471e+04 1.032590e+04
3.5 1.034274e+04 1.032937e+04 1.033562e+04 1.034899e+04
4.5 1.026133e+04 1.032763e+04 1.033388e+04 1.026757e+04
5.5 1.038706e+04 1.033193e+04 1.033818e+04 1.039330e+04
6.5 1.030110e+04 1.033522e+04 1.034147e+04 1.030735e+04
7.5 1.032380e+04 1.032047e+04 1.032672e+04 1.033005e+04
8.5 1.032834e+04 1.030001e+04 1.030213e+04 1.033045e+04
9.5 1.040012e+04 1.029325e+04 1.028586e+04 1.039272e+04
1.0 1.026133e+04 1.032763e+04 1.033388e+04 1.026757e+04
2.0 1.038706e+04 1.033193e+04 1.033818e+04 1.039330e+04
3.0 1.030110e+04 1.033522e+04 1.034147e+04 1.030735e+04
4.0 1.032380e+04 1.032047e+04 1.032672e+04 1.033005e+04
5.0 1.032834e+04 1.030001e+04 1.030213e+04 1.033045e+04
6.0 1.040012e+04 1.029325e+04 1.028586e+04 1.039272e+04
7.0 1.029209e+04 1.029394e+04 1.028015e+04 1.027829e+04
8.0 1.020292e+04 1.029075e+04 1.027895e+04 1.019112e+04
9.0 1.024642e+04 1.028429e+04 1.028061e+04 1.024273e+04
10.0 1.034423e+04 1.030240e+04 1.030535e+04 1.034718e+04
0.3 1.024642e+04 1.028429e+04 1.028061e+04 1.024273e+04
1.3 1.034423e+04 1.030240e+04 1.030535e+04 1.034718e+04
2.3 1.032696e+04 1.032381e+04 1.032947e+04 1.033262e+04
3.3 1.039754e+04 1.033080e+04 1.033709e+04 1.040384e+04
4.3 1.037212e+04 1.031551e+04 1.031982e+04 1.037643e+04
5.3 1.029918e+04 1.030141e+04 1.029634e+04 1.029411e+04
6.3 1.040217e+04 1.029581e+04 1.028317e+04 1.038953e+04
7.3 1.021293e+04 1.029277e+04 1.027917e+04 1.019932e+04
8.3 1.021153e+04 1.029332e+04 1.027846e+04 1.019666e+04
9.3 1.030498e+04 1.029408e+04 1.027837e+04 1.028927e+04
1.0 1.023540e+04 1.029108e+04 1.029787e+04 1.024219e+04
2.0 1.039810e+04 1.031708e+04 1.032395e+04 1.040496e+04
3.0 1.035539e+04 1.033075e+04 1.033767e+04 1.036231e+04
4.0 1.028930e+04 1.032482e+04 1.033180e+04 1.029628e+04
5.0 1.036068e+04 1.032789e+04 1.033493e+04 1.036772e+04
6.0 1.031620e+04 1.033371e+04 1.034080e+04 1.032330e+04
7.0 1.029295e+04 1.032912e+04 1.033628e+04 1.030011e+04
8.0 1.032526e+04 1.030696e+04 1.031418e+04 1.033248e+04
9.0 1.023174e+04 1.028523e+04 1.029252e+04 1.023903e+04
10.0 1.027916e+04 1.028102e+04 1.028838e+04 1.028651e+04
0.5 1.028930e+04 1.032482e+04 1.033180e+04 1.029628e+04
1.5 1.036068e+04 1.032789e+04 1.033493e+04 1.036772e+04
2.5 1.031620e+04 1.033371e+04 1.034080e+04 1.032330e+04
3.5 1.029295e+04 1.032912e+04 1.033628e+04 1.030011e+04
4.5 1.032526e+04 1.030696e+04 1.031418e+04 1.033248e+04
5.5 1.023174e+04 1.028523e+04 1.029252e+04 1.023903e+04
6.5 1.027916e+04 1.028102e+04 1.028838e+04 1.028651e+04
7.5 1.033561e+04 1.030553e+04 1.031296e+04 1.034303e+04
8.5 1.028999e+04 1.032714e+04 1.033463e+04 1.029748e+04
9.5 1.034037e+04 1.032820e+04 1.033577e+04 1.034794e+04
0.5 1.027916e+04 1.028102e+04 1.028838e+04 1.028651e+04
1.5 1.033561e+04 1.030553e+04 1.031296e+04 1.034303e+04
2.5 1.028999e+04 1.032714e+04 1.033463e+04 1.029748e+04
3.5 1.034037e+04 1.032820e+04 1.033577e+04 1.034794e+04
4.5 1.029979e+04 1.030786e+04 1.031486e+04 1.030679e+04
5.5 1.029713e+04 1.029491e+04 1.029341e+04 1.029562e+04
6.5 1.034074e+04 1.029312e+04 1.028332e+04 1.033094e+04
7.5 1.024395e+04 1.029320e+04 1.028083e+04 1.023158e+04
8.5 1.042233e+04 1.029298e+04 1.028666e+04 1.041602e+04
9.5 1.039434e+04 1.031212e+04 1.031400e+04 1.039623e+04
0.5 1.042233e+04 1.029298e+04 1.028666e+04 1.041602e+04
1.5 1.039434e+04 1.031212e+04 1.031400e+04 1.039623e+04
2.5 1.038239e+04 1.032965e+04 1.033618e+04 1.038891e+04
3.5 1.034792e+04 1.032946e+04 1.033745e+04 1.035591e+04
4.5 1.036536e+04 1.031015e+04 1.031848e+04 1.037368e+04
5.5 1.029057e+04 1.031347e+04 1.032191e+04 1.029902e+04
6.5 1.031188e+04 1.032754e+04 1.033608e+04 1.032042e+04
7.5 1.033778e+04 1.033270e+04 1.034134e+04 1.034642e+04
8.5 1.032142e+04 1.032200e+04 1.032401e+04 1.032343e+04
9.5 1.032789e+04 1.030777e+04 1.030085e+04 1.032097e+04
0.3 1.036536e+04 1.031015e+04 1.031848e+04 1.037368e+04
1.3 1.029057e+04 1.031347e+04 1.032191e+04 1.029902e+04
2.3 1.031188e+04 1.032754e+04 1.033608e+04 1.032042e+04
3.3 1.033778e+04 1.033270e+04 1.034134e+04 1.034642e+04
4.3 1.032142e+04 1.032200e+04 1.032401e+04 1.032343e+04
5.3 1.032789e+04 1.030777e+04 1.030085e+04 1.032097e+04
6.3 1.021642e+04 1.029958e+04 1.028803e+04 1.020487e+04
7.3 1.026171e+04 1.029168e+04 1.028437e+04 1.025441e+04
8.3 1.027341e+04 1.028958e+04 1.028400e+04 1.026783e+04
9.3 1.036184e+04 1.029315e+04 1.028424e+04 1.035294e+04
0.7 1.038306e+04 1.030381e+04 1.029685e+04 1.037611e+04
1.7 1.034621e+04 1.032313e+04 1.032466e+04 1.034775e+04
2.7 1.032923e+04 1.033629e+04 1.034352e+04 1.033646e+04
3.7 1.035138e+04 1.032885e+04 1.033813e+04 1.036066e+04
4.7 1.029455e+04 1.030533e+04 1.031509e+04 1.030431e+04
5.7 1.025694e+04 1.028643e+04 1.029632e+04 1.026682e+04
6.7 1.022634e+04 1.027955e+04 1.028888e+04 1.023567e+04
7.7 1.038820e+04 1.028660e+04 1.028742e+04 1.038903e+04
8.7 1.043339e+04 1.029496e+04 1.028749e+04 1.042592e+04
9.7 1.033254e+04 1.029782e+04 1.028778e+04 1.032249e+04
0.7 1.025512e+04 1.029510e+04 1.030472e+04 1.026473e+04
1.7 1.031929e+04 1.032133e+04 1.033235e+04 1.033031e+04
2.7 1.032142e+04 1.033975e+04 1.035102e+04 1.033269e+04
3.7 1.032759e+04 1.033412e+04 1.034543e+04 1.033891e+04
4.7 1.029439e+04 1.031085e+04 1.032219e+04 1.030573e+04
5.7 1.021566e+04 1.029250e+04 1.030320e+04 1.022637e+04
6.7 1.028416e+04 1.029344e+04 1.029556e+04 1.028628e+04
7.7 1.032156e+04 1.030013e+04 1.029389e+04 1.031532e+04
8.7 1.030225e+04 1.030264e+04 1.029375e+04 1.029337e+04
9.7 1.038057e+04 1.030088e+04 1.029382e+04 1.037351e+04
0.5 1.029656e+04 1.028932e+04 1.030061e+04 1.030785e+04
1.5 1.029444e+04 1.031637e+04 1.032780e+04 1.030587e+04
2.5 1.036503e+04 1.033835e+04 1.034979e+04 1.037647e+04
3.5 1.036984e+04 1.033941e+04 1.035085e+04 1.038128e+04
4.5 1.031924e+04 1.031837e+04 1.032981e+04 1.033068e+04
5.5 1.029435e+04 1.030092e+04 1.030821e+04 1.030164e+04
6.5 1.025281e+04 1.030021e+04 1.029797e+04 1.025057e+04
7.5 1.033023e+04 1.030397e+04 1.029531e+04 1.032157e+04
8.5 1.027067e+04 1.030161e+04 1.029493e+04 1.026399e+04
9.5 1.024561e+04 1.029766e+04 1.029492e+04 1.024287e+04
0.2 1.029654e+04 1.028624e+04 1.029701e+04 1.030730e+04
1.2 1.033335e+04 1.031096e+04 1.032181e+04 1.034421e+04
2.2 1.033878e+04 1.033517e+04 1.034598e+04 1.034960e+04
3.2 1.032534e+04 1.034289e+04 1.035365e+04 1.033610e+04
4.2 1.031155e+04 1.033247e+04 1.033645e+04 1.031553e+04
5.2 1.037262e+04 1.031812e+04 1.031302e+04 1.036753e+04
6.2 1.035790e+04 1.030977e+04 1.029989e+04 1.034802e+04
7.2 1.043730e+04 1.030172e+04 1.029593e+04 1.043151e+04
8.2 1.031072e+04 1.029274e+04 1.029524e+04 1.031323e+04
9.2 1.029336e+04 1.028713e+04 1.029517e+04 1.030141e+04
