8.824922e+03 8.767893e+03 8.706509e+03 8.886306e+03
8.801310e+03 8.824177e+03 8.764371e+03 8.861116e+03
8.769177e+03 8.868231e+03 8.824834e+03 8.812574e+03
8.761409e+03 8.868303e+03 8.851083e+03 8.778629e+03
8.756871e+03 8.825225e+03 8.833424e+03 8.748673e+03
8.736315e+03 8.783014e+03 8.806385e+03 8.712944e+03
8.752407e+03 8.763751e+03 8.790528e+03 8.725629e+03
8.745477e+03 8.758973e+03 8.787546e+03 8.716904e+03
8.700053e+03 8.758331e+03 8.785679e+03 8.672705e+03
8.717462e+03 8.758273e+03 8.786312e+03 8.689423e+03
8.828693e+03 8.758204e+03 8.785700e+03 8.801198e+03
8.788075e+03 8.758086e+03 8.786034e+03 8.760126e+03
8.854564e+03 8.757934e+03 8.786663e+03 8.825835e+03
8.830820e+03 8.757749e+03 8.786025e+03 8.802544e+03
8.819279e+03 8.757528e+03 8.787365e+03 8.789443e+03
8.799556e+03 8.757280e+03 8.786155e+03 8.770680e+03
8.834913e+03 8.757017e+03 8.787124e+03 8.804805e+03
8.828604e+03 8.756751e+03 8.786427e+03 8.798928e+03
8.809409e+03 8.756492e+03 8.787060e+03 8.778841e+03
8.766541e+03 8.757424e+03 8.788311e+03 8.735655e+03
8.801498e+03 8.804043e+03 8.823268e+03 8.782272e+03
8.947489e+03 8.883551e+03 8.879016e+03 8.952024e+03
8.943694e+03 8.929285e+03 8.896656e+03 8.976323e+03
9.008936e+03 8.903977e+03 8.851860e+03 9.061053e+03
8.846290e+03 8.835155e+03 8.775060e+03 8.906385e+03
8.824449e+03 8.782096e+03 8.720156e+03 8.886390e+03
8.799995e+03 8.760766e+03 8.698705e+03 8.862056e+03
8.793439e+03 8.755789e+03 8.693863e+03 8.855366e+03
8.814404e+03 8.769405e+03 8.707609e+03 8.876200e+03
8.813033e+03 8.824589e+03 8.766152e+03 8.871470e+03
8.823946e+03 8.867785e+03 8.827345e+03 8.864386e+03
8.823335e+03 8.867102e+03 8.853920e+03 8.836517e+03
8.826685e+03 8.823320e+03 8.836245e+03 8.813760e+03
8.812287e+03 8.780501e+03 8.808857e+03 8.783932e+03
8.801311e+03 8.760801e+03 8.792565e+03 8.769547e+03
8.843929e+03 8.755779e+03 8.789330e+03 8.810377e+03
8.880195e+03 8.755043e+03 8.787549e+03 8.847690e+03
8.856530e+03 8.754991e+03 8.788538e+03 8.822983e+03
8.864335e+03 8.755001e+03 8.788407e+03 8.830929e+03
8.864686e+03 8.755008e+03 8.789203e+03 8.830491e+03
8.848319e+03 8.754994e+03 8.789858e+03 8.813455e+03
8.854014e+03 8.754960e+03 8.788220e+03 8.820754e+03
8.852766e+03 8.754916e+03 8.788518e+03 8.819164e+03
8.862013e+03 8.754874e+03 8.787081e+03 8.829806e+03
8.860662e+03 8.754838e+03 8.788421e+03 8.827079e+03
8.865218e+03 8.754803e+03 8.788124e+03 8.831897e+03
8.893825e+03 8.754764e+03 8.788748e+03 8.859841e+03
8.874553e+03 8.755554e+03 8.789706e+03 8.840402e+03
8.895179e+03 8.800936e+03 8.823397e+03 8.872718e+03
8.921375e+03 8.880731e+03 8.879381e+03 8.922724e+03
8.978102e+03 8.928008e+03 8.898214e+03 9.007896e+03
8.938319e+03 8.904617e+03 8.854772e+03 8.988163e+03
8.743727e+03 8.836195e+03 8.777906e+03 8.802017e+03
8.603108e+03 8.782429e+03 8.721997e+03 8.663539e+03
8.562139e+03 8.760544e+03 8.699787e+03 8.622896e+03
8.542463e+03 8.755427e+03 8.694635e+03 8.603254e+03
8.599651e+03 8.769068e+03 8.708259e+03 8.660460e+03
8.615947e+03 8.824301e+03 8.767002e+03 8.673247e+03
8.692675e+03 8.867542e+03 8.828469e+03 8.731748e+03
8.702641e+03 8.866897e+03 8.854899e+03 8.714638e+03
8.697478e+03 8.823168e+03 8.836672e+03 8.683974e+03
8.659009e+03 8.780418e+03 8.808737e+03 8.630690e+03
8.684001e+03 8.760788e+03 8.791601e+03 8.653187e+03
8.696823e+03 8.755825e+03 8.787954e+03 8.664694e+03
8.712857e+03 8.755138e+03 8.786110e+03 8.681885e+03
8.725729e+03 8.755133e+03 8.787311e+03 8.693551e+03
8.746452e+03 8.755203e+03 8.787594e+03 8.714060e+03
8.760158e+03 8.755293e+03 8.788264e+03 8.727187e+03
8.771699e+03 8.755390e+03 8.789558e+03 8.737531e+03
8.788495e+03 8.755478e+03 8.788661e+03 8.755312e+03
8.775850e+03 8.755552e+03 8.789810e+03 8.741593e+03
8.793681e+03 8.755623e+03 8.788591e+03 8.760713e+03
8.817592e+03 8.755704e+03 8.789350e+03 8.783946e+03
8.817638e+03 8.755804e+03 8.788695e+03 8.784747e+03
8.831793e+03 8.755931e+03 8.789081e+03 8.798643e+03
8.804122e+03 8.756325e+03 8.789774e+03 8.770673e+03
8.860437e+03 8.798976e+03 8.821181e+03 8.838231e+03
8.961458e+03 8.879070e+03 8.877810e+03 8.962718e+03
8.998588e+03 8.929290e+03 8.899254e+03 9.028624e+03
8.977691e+03 8.909864e+03 8.858902e+03 9.028653e+03
8.690785e+03 8.842546e+03 8.782346e+03 8.750985e+03
8.641855e+03 8.787657e+03 8.724773e+03 8.704740e+03
8.709049e+03 8.764992e+03 8.701323e+03 8.772718e+03
8.681430e+03 8.760033e+03 8.695836e+03 8.745627e+03
8.693727e+03 8.774286e+03 8.709509e+03 8.758504e+03
8.693035e+03 8.830296e+03 8.768385e+03 8.754947e+03
8.705160e+03 8.874419e+03 8.829999e+03 8.749580e+03
8.700659e+03 8.874769e+03 8.856735e+03 8.718694e+03
8.723804e+03 8.832147e+03 8.839039e+03 8.716912e+03
8.735641e+03 8.790620e+03 8.811391e+03 8.714870e+03
8.758394e+03 8.772334e+03 8.795178e+03 8.735550e+03
8.775535e+03 8.768840e+03 8.792079e+03 8.752296e+03
8.779316e+03 8.769750e+03 8.790084e+03 8.758981e+03
8.762871e+03 8.771469e+03 8.790888e+03 8.743452e+03
8.743220e+03 8.773361e+03 8.790564e+03 8.726017e+03
8.781873e+03 8.775340e+03 8.791303e+03 8.765910e+03
8.818467e+03 8.777401e+03 8.792251e+03 8.803617e+03
8.829293e+03 8.779582e+03 8.791316e+03 8.817559e+03
8.839446e+03 8.781923e+03 8.792406e+03 8.828963e+03
8.832534e+03 8.784424e+03 8.791352e+03 8.825606e+03
8.811205e+03 8.787059e+03 8.792705e+03 8.805559e+03
8.799319e+03 8.789805e+03 8.792030e+03 8.797095e+03
8.797111e+03 8.792629e+03 8.792133e+03 8.797606e+03
8.838049e+03 8.795665e+03 8.792576e+03 8.841138e+03
