8.863341e+03 8.752939e+03 8.736830e+03 8.879451e+03
8.810737e+03 8.755189e+03 8.775552e+03 8.790374e+03
8.790265e+03 8.778601e+03 8.827511e+03 8.741355e+03
8.794813e+03 8.815948e+03 8.864905e+03 8.745856e+03
8.814682e+03 8.852213e+03 8.873255e+03 8.793641e+03
8.815128e+03 8.873860e+03 8.867549e+03 8.821439e+03
8.839417e+03 8.878721e+03 8.859927e+03 8.858211e+03
8.823710e+03 8.881282e+03 8.859393e+03 8.845600e+03
8.783817e+03 8.879534e+03 8.857228e+03 8.806123e+03
8.816003e+03 8.880521e+03 8.858177e+03 8.838347e+03
8.899528e+03 8.879745e+03 8.857357e+03 8.921916e+03
8.884371e+03 8.880391e+03 8.857927e+03 8.906835e+03
8.894675e+03 8.881505e+03 8.858942e+03 8.917238e+03
8.876561e+03 8.880858e+03 8.858175e+03 8.899244e+03
8.847376e+03 8.883085e+03 8.860259e+03 8.870201e+03
8.856046e+03 8.881714e+03 8.858727e+03 8.879033e+03
8.879454e+03 8.883472e+03 8.860314e+03 8.902612e+03
8.884167e+03 8.882855e+03 8.859526e+03 8.907496e+03
8.846933e+03 8.884128e+03 8.860631e+03 8.870430e+03
8.825451e+03 8.884583e+03 8.861689e+03 8.848344e+03
8.864025e+03 8.867946e+03 8.875262e+03 8.856710e+03
8.960427e+03 8.834046e+03 8.892883e+03 8.901590e+03
8.932667e+03 8.793964e+03 8.882437e+03 8.844194e+03
8.914793e+03 8.766160e+03 8.838233e+03 8.842720e+03
8.857383e+03 8.754778e+03 8.782254e+03 8.829907e+03
8.828648e+03 8.752145e+03 8.745239e+03 8.835554e+03
8.807441e+03 8.751973e+03 8.731245e+03 8.828168e+03
8.815269e+03 8.752164e+03 8.728212e+03 8.839222e+03
8.829386e+03 8.752351e+03 8.737221e+03 8.844515e+03
8.826814e+03 8.757143e+03 8.777773e+03 8.806184e+03
8.824077e+03 8.782820e+03 8.831440e+03 8.775456e+03
8.850868e+03 8.821709e+03 8.869888e+03 8.802689e+03
8.855808e+03 8.858958e+03 8.878765e+03 8.836001e+03
8.856549e+03 8.880972e+03 8.873032e+03 8.864488e+03
8.869010e+03 8.885835e+03 8.865129e+03 8.889715e+03
8.925217e+03 8.888385e+03 8.864426e+03 8.949177e+03
8.938721e+03 8.886893e+03 8.862457e+03 8.963157e+03
8.919161e+03 8.888378e+03 8.863908e+03 8.943630e+03
8.914360e+03 8.888178e+03 8.863715e+03 8.938823e+03
8.915218e+03 8.889303e+03 8.864844e+03 8.939677e+03
8.890364e+03 8.890257e+03 8.865789e+03 8.914832e+03
8.892865e+03 8.887969e+03 8.863479e+03 8.917355e+03
8.900225e+03 8.888457e+03 8.863939e+03 8.924744e+03
8.895816e+03 8.886467e+03 8.861921e+03 8.920361e+03
8.889248e+03 8.888430e+03 8.863861e+03 8.913817e+03
8.897548e+03 8.888056e+03 8.863464e+03 8.922140e+03
8.923743e+03 8.889003e+03 8.864385e+03 8.948360e+03
8.903109e+03 8.889241e+03 8.865136e+03 8.927214e+03
8.914167e+03 8.872562e+03 8.877864e+03 8.908864e+03
8.944904e+03 8.838591e+03 8.895601e+03 8.887895e+03
8.976623e+03 8.798009e+03 8.885655e+03 8.888978e+03
8.812687e+03 8.769402e+03 8.841890e+03 8.740200e+03
8.783339e+03 8.757353e+03 8.785504e+03 8.755188e+03
8.649952e+03 8.754298e+03 8.747608e+03 8.656643e+03
8.633480e+03 8.753833e+03 8.732962e+03 8.654352e+03
8.615152e+03 8.753784e+03 8.729596e+03 8.639340e+03
8.679544e+03 8.753759e+03 8.738411e+03 8.694892e+03
8.685906e+03 8.758766e+03 8.779209e+03 8.665463e+03
8.769159e+03 8.784770e+03 8.833233e+03 8.720696e+03
8.786236e+03 8.823399e+03 8.871444e+03 8.738191e+03
8.772872e+03 8.859783e+03 8.879491e+03 8.753163e+03
8.755352e+03 8.880919e+03 8.872926e+03 8.763345e+03
8.772124e+03 8.884479e+03 8.863765e+03 8.792838e+03
8.789697e+03 8.886356e+03 8.862426e+03 8.813627e+03
8.809754e+03 8.884706e+03 8.860331e+03 8.834129e+03
8.816143e+03 8.886425e+03 8.862047e+03 8.840521e+03
8.839590e+03 8.886730e+03 8.862397e+03 8.863923e+03
8.845194e+03 8.887557e+03 8.863282e+03 8.869468e+03
8.870890e+03 8.889265e+03 8.865053e+03 8.895101e+03
8.868688e+03 8.887859e+03 8.863704e+03 8.892842e+03
8.867992e+03 8.889392e+03 8.865286e+03 8.892098e+03
8.878962e+03 8.887553e+03 8.863492e+03 8.903023e+03
8.888215e+03 8.888519e+03 8.864511e+03 8.912223e+03
8.901948e+03 8.887443e+03 8.863500e+03 8.925891e+03
8.904335e+03 8.887813e+03 8.863952e+03 8.928196e+03
8.890329e+03 8.888239e+03 8.864634e+03 8.913934e+03
8.992825e+03 8.872197e+03 8.876230e+03 8.988792e+03
8.991080e+03 8.838719e+03 8.894652e+03 8.935147e+03
9.010135e+03 8.797662e+03 8.886139e+03 8.921658e+03
8.851896e+03 8.767808e+03 8.843696e+03 8.776008e+03
8.699770e+03 8.754629e+03 8.786894e+03 8.667505e+03
8.682147e+03 8.750798e+03 8.747496e+03 8.685449e+03
8.739658e+03 8.749678e+03 8.731689e+03 8.757648e+03
8.704798e+03 8.748926e+03 8.727723e+03 8.726001e+03
8.717959e+03 8.748098e+03 8.736131e+03 8.729926e+03
8.706022e+03 8.752186e+03 8.776514e+03 8.681694e+03
8.725311e+03 8.777143e+03 8.830062e+03 8.672392e+03
8.751774e+03 8.814786e+03 8.867933e+03 8.698627e+03
8.783892e+03 8.850349e+03 8.875876e+03 8.758365e+03
8.806693e+03 8.870150e+03 8.868768e+03 8.808075e+03
8.836862e+03 8.873108e+03 8.859877e+03 8.850093e+03
8.855027e+03 8.873672e+03 8.858176e+03 8.870523e+03
8.849560e+03 8.869528e+03 8.854622e+03 8.864466e+03
8.805318e+03 8.868222e+03 8.854430e+03 8.819110e+03
8.804299e+03 8.865060e+03 8.852494e+03 8.816865e+03
8.842857e+03 8.863292e+03 8.852008e+03 8.854142e+03
8.886043e+03 8.861703e+03 8.851755e+03 8.895992e+03
8.886955e+03 8.857258e+03 8.848723e+03 8.895490e+03
8.892882e+03 8.855472e+03 8.848454e+03 8.899900e+03
8.878799e+03 8.850401e+03 8.845004e+03 8.884196e+03
8.861891e+03 8.848572e+03 8.844882e+03 8.865581e+03
8.845747e+03 8.843690e+03 8.841780e+03 8.847658e+03
8.848502e+03 8.839810e+03 8.839729e+03 8.848582e+03
8.886546e+03 8.836109e+03 8.837996e+03 8.884660e+03
