9.545107e+03 9.423416e+03 9.423416e+03 9.545107e+03
9.407688e+03 9.425263e+03 9.425263e+03 9.407688e+03
9.473291e+03 9.444478e+03 9.444478e+03 9.473291e+03
9.461942e+03 9.475131e+03 9.475131e+03 9.461942e+03
9.502551e+03 9.504895e+03 9.504895e+03 9.502551e+03
9.444399e+03 9.522662e+03 9.522662e+03 9.444399e+03
9.522110e+03 9.526651e+03 9.526651e+03 9.522110e+03
9.501413e+03 9.528753e+03 9.528753e+03 9.501413e+03
9.436940e+03 9.527318e+03 9.527318e+03 9.436940e+03
9.549877e+03 9.528128e+03 9.528128e+03 9.549877e+03
9.550685e+03 9.527491e+03 9.527491e+03 9.550685e+03
9.580040e+03 9.528022e+03 9.528022e+03 9.580040e+03
9.556115e+03 9.528936e+03 9.528936e+03 9.556115e+03
9.523449e+03 9.528405e+03 9.528405e+03 9.523449e+03
9.435009e+03 9.530232e+03 9.530232e+03 9.435009e+03
9.550372e+03 9.529108e+03 9.529108e+03 9.550372e+03
9.534812e+03 9.530550e+03 9.530550e+03 9.534812e+03
9.562766e+03 9.530044e+03 9.530044e+03 9.562766e+03
9.435354e+03 9.531089e+03 9.531089e+03 9.435354e+03
9.436597e+03 9.531462e+03 9.531462e+03 9.436597e+03
9.506973e+03 9.517808e+03 9.517808e+03 9.506973e+03
9.435555e+03 9.489985e+03 9.489985e+03 9.435555e+03
9.532978e+03 9.457087e+03 9.457087e+03 9.532978e+03
9.485415e+03 9.434267e+03 9.434267e+03 9.485415e+03
9.577718e+03 9.424925e+03 9.424925e+03 9.577718e+03
9.524556e+03 9.422764e+03 9.422764e+03 9.524556e+03
9.439321e+03 9.422623e+03 9.422623e+03 9.439321e+03
9.427288e+03 9.422780e+03 9.422780e+03 9.427288e+03
9.438503e+03 9.422933e+03 9.422933e+03 9.438503e+03
9.488665e+03 9.426867e+03 9.426867e+03 9.488665e+03
9.455562e+03 9.447940e+03 9.447940e+03 9.455562e+03
9.416413e+03 9.479859e+03 9.479859e+03 9.416413e+03
9.515129e+03 9.510430e+03 9.510430e+03 9.515129e+03
9.494995e+03 9.528498e+03 9.528498e+03 9.494995e+03
9.450687e+03 9.532490e+03 9.532490e+03 9.450687e+03
9.558312e+03 9.534583e+03 9.534583e+03 9.558312e+03
9.604031e+03 9.533358e+03 9.533358e+03 9.604031e+03
9.596695e+03 9.534577e+03 9.534577e+03 9.596695e+03
9.571334e+03 9.534413e+03 9.534413e+03 9.571334e+03
9.582384e+03 9.535336e+03 9.535336e+03 9.582384e+03
9.566392e+03 9.536120e+03 9.536120e+03 9.566392e+03
9.617699e+03 9.534241e+03 9.534241e+03 9.617699e+03
9.561702e+03 9.534642e+03 9.534642e+03 9.561702e+03
9.469953e+03 9.533008e+03 9.533008e+03 9.469953e+03
9.435434e+03 9.534620e+03 9.534620e+03 9.435434e+03
9.532402e+03 9.534313e+03 9.534313e+03 9.532402e+03
9.498596e+03 9.535090e+03 9.535090e+03 9.498596e+03
9.606133e+03 9.535286e+03 9.535286e+03 9.606133e+03
9.522807e+03 9.521596e+03 9.521596e+03 9.522807e+03
9.597313e+03 9.493715e+03 9.493715e+03 9.597313e+03
9.549021e+03 9.460408e+03 9.460408e+03 9.549021e+03
9.403651e+03 9.436928e+03 9.436928e+03 9.403651e+03
9.362677e+03 9.427039e+03 9.427039e+03 9.362677e+03
9.408885e+03 9.424532e+03 9.424532e+03 9.408885e+03
9.358316e+03 9.424150e+03 9.424150e+03 9.358316e+03
9.388300e+03 9.424109e+03 9.424109e+03 9.388300e+03
9.358680e+03 9.424089e+03 9.424089e+03 9.358680e+03
9.413603e+03 9.428199e+03 9.428199e+03 9.413603e+03
9.439271e+03 9.449542e+03 9.449542e+03 9.439271e+03
9.495787e+03 9.481246e+03 9.481246e+03 9.495787e+03
9.442266e+03 9.511108e+03 9.511108e+03 9.442266e+03
9.507451e+03 9.528455e+03 9.528455e+03 9.507451e+03
9.452146e+03 9.531377e+03 9.531377e+03 9.452146e+03
9.538190e+03 9.532918e+03 9.532918e+03 9.538190e+03
9.499012e+03 9.531563e+03 9.531563e+03 9.499012e+03
9.546096e+03 9.532974e+03 9.532974e+03 9.546096e+03
9.513703e+03 9.533225e+03 9.533225e+03 9.513703e+03
9.497628e+03 9.533903e+03 9.533903e+03 9.497628e+03
9.532322e+03 9.535305e+03 9.535305e+03 9.532322e+03
9.559667e+03 9.534151e+03 9.534151e+03 9.559667e+03
9.502471e+03 9.535409e+03 9.535409e+03 9.502471e+03
9.528609e+03 9.533900e+03 9.533900e+03 9.528609e+03
9.532855e+03 9.534693e+03 9.534693e+03 9.532855e+03
9.552175e+03 9.533810e+03 9.533810e+03 9.552175e+03
9.576315e+03 9.534113e+03 9.534113e+03 9.576315e+03
9.581559e+03 9.534463e+03 9.534463e+03 9.581559e+03
9.649730e+03 9.521297e+03 9.521297e+03 9.649730e+03
9.552200e+03 9.493820e+03 9.493820e+03 9.552200e+03
9.605725e+03 9.460123e+03 9.460123e+03 9.605725e+03
9.378234e+03 9.435620e+03 9.435620e+03 9.378234e+03
9.346302e+03 9.424803e+03 9.424803e+03 9.346302e+03
9.421222e+03 9.421659e+03 9.421659e+03 9.421222e+03
9.397180e+03 9.420740e+03 9.420740e+03 9.397180e+03
9.305034e+03 9.420122e+03 9.420122e+03 9.305034e+03
9.391616e+03 9.419443e+03 9.419443e+03 9.391616e+03
9.312469e+03 9.422798e+03 9.422798e+03 9.312469e+03
9.393308e+03 9.443281e+03 9.443281e+03 9.393308e+03
9.456537e+03 9.474177e+03 9.474177e+03 9.456537e+03
9.489312e+03 9.503365e+03 9.503365e+03 9.489312e+03
9.509372e+03 9.519616e+03 9.519616e+03 9.509372e+03
9.524184e+03 9.522044e+03 9.522044e+03 9.524184e+03
9.579180e+03 9.522507e+03 9.522507e+03 9.579180e+03
9.565549e+03 9.519106e+03 9.519106e+03 9.565549e+03
9.418851e+03 9.518034e+03 9.518034e+03 9.418851e+03
9.514757e+03 9.515439e+03 9.515439e+03 9.514757e+03
9.555250e+03 9.513988e+03 9.513988e+03 9.555250e+03
9.532675e+03 9.512684e+03 9.512684e+03 9.532675e+03
9.494560e+03 9.509035e+03 9.509035e+03 9.494560e+03
9.516616e+03 9.507569e+03 9.507569e+03 9.516616e+03
9.556658e+03 9.503407e+03 9.503407e+03 9.556658e+03
9.507083e+03 9.501906e+03 9.501906e+03 9.507083e+03
9.503418e+03 9.497900e+03 9.497900e+03 9.503418e+03
9.452684e+03 9.494715e+03 9.494715e+03 9.452684e+03
9.518851e+03 9.491678e+03 9.491678e+03 9.518851e+03
