Cluster Index	Voxels	Z-MAX	Z-MAX X (mm)	Z-MAX Y (mm)	Z-MAX Z (mm)	Z-COG X (mm)	Z-COG Y (mm)	Z-COG Z (mm)	COPE-MAX	COPE-MAX X (mm)	COPE-MAX Y (mm)	COPE-MAX Z (mm)	COPE-MEAN
139	176	6.7	47	16.6	23.7	45	15.9	33.5	313	50.6	23.9	28	135
138	131	7.04	56.6	-31.1	43	54.5	-43	48.5	300	53.2	-48.1	63	112
137	101	5.24	-10.2	12.6	54.3	-0.45	14	52	178	-6.67	33.8	39.2	109
136	91	6.46	-54.5	1.53	40.5	-54.6	5.32	32	184	-64.8	11.5	16.4	91
135	76	5.24	33.3	25.9	-5.81	31.6	22.6	-3.47	252	29.9	37.4	-19	114
134	57	6.29	38.4	-87.3	2.43	33.3	-84.7	4.56	248	25	-87.7	19.8	130
133	34	3.98	-27	47.4	14.8	-22.3	42.4	15.9	219	-33.6	55.8	24.8	142
132	28	4.44	-21.5	-58.4	50	-36.7	-42.3	46.9	139	-38.2	-44.8	48.1	95.1
131	24	4.41	-54.2	38.3	17.1	-51.3	41	20.4	245	-47.3	42.2	21.9	133
130	24	5.66	-37.5	-0.535	51.7	-38.2	1.86	53	143	-37.5	-0.535	51.7	90.3
129	20	4.33	33.7	39.1	14.5	38	41.3	16.3	167	37.1	39	14.4	136
128	18	4.7	62.9	-39.6	10.4	59.8	-39.3	10.5	132	69.8	-32.4	14.6	87
127	18	3.9	5.2	-73.9	40.6	15.2	-66.2	37.1	192	15.4	-70.9	39.8	128
126	17	3.85	-24.7	8.61	-18.1	-16.6	6.46	-8.7	195	-10.9	7.48	-1.35	163
125	17	4.02	6.86	33.4	38.9	5.37	33.7	37.3	259	3.48	33.5	38.9	185
124	16	4.33	33.8	57	0.0605	34.4	55.5	-2.93	289	37.1	52.8	-4.95	162
123	13	4.32	-25.8	-87.9	10	-28.3	-88.7	5.34	164	-22.5	-91.3	10.5	110
122	10	4.22	14	-86.1	-59.3	17.6	-84.2	-59.7	296	24.1	-83.1	-60.1	162
121	9	3.93	16.3	34.5	-18.1	16.5	32.9	-18.4	198	16.4	37.8	-18.7	149
120	8	4.36	-10.8	6.74	15.7	-11.6	6.99	14.3	408	-7.5	2.52	10.7	216
119	7	4.08	-9.62	-78.9	-59.9	-13	-81.8	-59.2	306	-13	-78.8	-59.8	177
118	7	4.11	-26.6	-81.7	-58.9	-28.1	-82.6	-58.7	418	-26.6	-81.7	-58.9	252
117	7	4.17	-68.5	-30.8	46.5	-64.9	-36	47.3	147	-65.2	-37.5	47.6	105
116	7	4.34	19.9	45.1	-14.4	16.7	48.4	-14.9	370	16.6	48.4	-14.9	245
115	7	4.02	-48.7	-45.4	20.2	-51.5	-46.5	18.1	135	-52.3	-52.7	16	104
114	6	3.54	13.1	-16.7	64.3	12.1	-17.3	67.4	94.2	9.72	-19.8	65	71.5
113	6	3.75	17.2	65.8	10.3	15	64.2	9.79	433	17.2	69	9.75	196
112	6	4.22	22.2	-81.7	58.4	16.2	-84.2	55.4	201	15.3	-85.6	53.7	144
111	6	3.59	-23.2	-96.5	-45.1	-22.1	-97.3	-35.8	128	-23.2	-96.5	-45.1	108
110	6	4.06	-42.6	-77.6	8.7	-39.7	-80	9.03	137	-39.3	-81	9.19	107
109	6	5.31	66.5	-39.6	32.9	65.5	-41.1	33.2	131	66.5	-42.9	33.5	92
108	5	4.5	-65.1	-17.1	27.1	-64.4	-15.8	26.8	135	-65.1	-17.1	27.1	107
107	5	3.5	37.3	38.2	31.5	38.6	39.6	32.3	111	37.2	35	32.1	95.3
106	5	4.5	-68.3	-25.9	57	-66.4	-25.3	56.8	155	-64.9	-26	56.9	113
105	5	3.97	53.7	44.1	-15.2	53.1	43.8	-14.1	186	53.7	44.1	-15.2	144
104	5	4.16	-61.8	-45.7	60.2	-60.4	-43.3	59.8	172	-58.4	-42.5	59.6	142
103	5	4.01	-30.9	25.3	1.77	-29.6	27.7	1.31	193	-30.9	25.3	1.77	169
102	4	3.79	-62.5	-31.3	-21.4	-60.1	-29	-21.9	145	-59.1	-28.1	-22.1	109
101	4	4.31	46	-69.3	55.6	51	-68.4	51.2	123	52.8	-67	49.4	105
100	4	4.27	56.3	7.06	-37.1	57.9	5.5	-36.9	128	56.3	7.06	-37.1	104
99	4	3.82	-49.3	-66	-4.43	-50.2	-66	-4.41	127	-49.4	-69.3	-3.86	104
98	3	3.63	-55.2	-39.4	36.3	-55.2	-39.7	34.5	117	-58.6	-39.4	36.4	99
97	3	4.56	-18	-68.2	74.2	-14.9	-68.3	74.1	95.2	-18	-68.2	74.2	82.6
96	3	4.26	13	6.91	20.7	14	4.57	19.4	238	13	6.91	20.7	178
95	3	3.54	-50.9	48.8	-1.75	-52	45.9	0.517	173	-50.9	45.5	-1.18	128
94	3	3.57	76.6	-7.36	-18.2	75.5	-6.02	-16.5	89.4	73.3	-6.42	-12.6	61.2
93	3	3.46	43.6	-25.7	76.4	42.5	-24.5	76.2	212	40.2	-25.6	76.4	146
92	3	3.53	-14.2	34.5	-22.9	-14.2	34.5	-22.9	166	-14.1	37.8	-23.5	123
91	3	3.5	-20.5	59.3	-15.8	-19.4	60.4	-16	302	-17.1	59.2	-15.8	199
90	3	3.26	-44.5	38.7	-22.8	-43.5	37.5	-22.6	238	-41.2	38.6	-22.9	230
89	3	3.53	66.9	-11	22.3	68	-8.92	21.9	75.2	70.3	-7.82	21.6	63.7
88	3	3.55	-40.9	-20	77.8	-39.8	-23.2	78.3	193	-37.6	-26.6	78.8	186
87	3	3.64	-36.8	68.1	17.1	-34.7	67	17.2	103	-33.5	64.8	17.6	72.3
86	3	3.64	2.96	5.61	32.5	1.84	4.62	32.7	104	-0.418	5.7	32.6	95.1
85	3	3.62	-12.9	-99.9	-22.2	-11.8	-100	-25.8	132	-13	-101	-27.7	106
84	2	3.22	-17.5	18.3	2.6	-15.8	18.3	2.56	170	-17.5	18.3	2.6	161
83	2	3.36	-72.3	-16.2	-12.4	-72.4	-17.9	-12.2	49.2	-72.3	-16.2	-12.4	49.1
82	2	4.27	-65.4	-50.6	49.9	-65.4	-49.2	49.6	97.3	-65.3	-47.3	49.3	87.8
81	2	3.44	-62.2	-39.4	13.9	-62.3	-41	14.2	97.1	-62.3	-42.6	14.5	95.9
80	2	3.77	11.4	-97.1	21.9	13	-97.2	21.8	84.9	11.4	-97.1	21.9	77.6
79	2	3.2	-22.5	-103	23.8	-24.2	-101	23.6	157	-25.9	-99.3	23.3	114
78	2	3.85	11.3	-104	23	9.62	-104	23	67	11.3	-104	23	61.7
77	2	3.43	-3.51	-7.94	74.6	-5.19	-7.89	74.7	169	-3.51	-7.94	74.6	144
76	2	4.1	13	-18.3	53.3	11.4	-18.3	53.4	84.1	9.61	-18.2	53.4	80.5
75	2	3.46	-61	23.8	31.1	-61.1	22.2	31.4	101	-61.1	20.5	31.7	93.1
74	2	3.52	20.2	64.7	-17.8	20.2	63.2	-17.6	137	20.2	64.7	-17.8	133
73	2	3.49	57.1	-4.06	44	58.7	-4.11	43.9	89.8	60.5	-4.16	43.9	83.5
72	2	4.1	14.1	-73	-61.6	12.6	-73	-61.5	137	14.1	-73	-61.6	115
71	2	3.55	56.2	-24.7	-3.31	56.2	-25.9	-0.349	100	56.2	-24.7	-3.31	97.1
70	2	3.88	79.9	-25.4	-3.86	79.8	-27	-3.58	39.7	79.8	-28.7	-3.29	39
69	2	3.54	34.3	-80.1	-60.9	32.7	-81.6	-60.6	189	34.3	-80.1	-60.9	181
68	2	3.37	62.4	-67.5	3.96	60.7	-67.5	4	57.6	59	-67.4	4.04	51.7
67	2	4.31	-26.6	57.3	35.7	-26.7	55.9	35.9	225	-26.7	54	36.2	212
66	2	4.25	2.33	-1.14	-11.5	0.682	-1.09	-11.5	366	-1.05	-1.04	-11.5	338
65	2	3.89	27.6	-99.5	-34.7	25.9	-99.4	-34.7	118	24.2	-99.4	-34.6	105
64	2	3.46	37.8	62.8	38.5	36.1	62.9	38.6	64	37.8	62.8	38.5	62.6
63	2	3.69	-32.5	-58.4	-17.6	-32.5	-56.8	-17.8	138	-32.5	-58.4	-17.6	132
62	2	3.69	-39.9	-90.2	-28.8	-38.2	-88.7	-29.1	119	-36.4	-87	-29.4	95.1
61	2	3.13	-10	59.1	6.6	-10	60.8	6.31	250	-10	62.4	6.02	210
60	2	3.55	69.4	-30.9	-19.6	67.8	-30.9	-19.5	84.3	66	-30.8	-19.5	78.3
59	2	3.82	-32.4	-90.9	33.3	-32.4	-92.4	33.6	145	-32.4	-90.9	33.3	104
58	2	3.65	-16.6	16.2	76.4	-16.6	17.8	76.2	75.1	-16.6	16.2	76.4	67.3
57	2	3.28	34.1	57.1	22.6	35.7	57.1	22.6	105	34.1	57.1	22.6	100
56	2	3.37	55.8	-46.1	-10.9	54.1	-46	-10.8	75.7	55.8	-46.1	-10.9	75.5
55	2	3.33	67.3	10.3	29.8	68.9	10.3	29.8	64.7	67.3	10.3	29.8	55.9
54	2	3.13	62.6	-39.7	-12.2	62.7	-39.3	-9.45	68.2	62.6	-39.7	-12.2	66.5
53	1	3.31	46.3	22.9	-45.2	46.3	22.9	-45.2	119	46.3	22.9	-45.2	119
52	1	3.2	6.21	40.5	-24.5	6.21	40.5	-24.5	220	6.21	40.5	-24.5	220
51	1	3.53	-52.6	-48	-18.8	-52.6	-48	-18.8	147	-52.6	-48	-18.8	147
50	1	3.17	-33.1	-96.1	-22.3	-33.1	-96.1	-22.3	72.9	-33.1	-96.1	-22.3	72.9
49	1	3.15	-32.4	-63.2	-5.4	-32.4	-63.2	-5.4	124	-32.4	-63.2	-5.4	124
48	1	3.38	55.4	-41.3	-45.6	55.4	-41.3	-45.6	180	55.4	-41.3	-45.6	180
47	1	3.1	-9.65	-96	-39.9	-9.65	-96	-39.9	79.6	-9.65	-96	-39.9	79.6
46	1	3.66	-55.6	4.41	-50.4	-55.6	4.41	-50.4	63.7	-55.6	4.41	-50.4	63.7
45	1	3.09	-59.6	-75.6	-2.48	-59.6	-75.6	-2.48	52.1	-59.6	-75.6	-2.48	52.1
44	1	3.16	9.2	16.6	-26.1	9.2	16.6	-26.1	53.2	9.2	16.6	-26.1	53.2
43	1	3.37	-0.945	16.9	-25.9	-0.945	16.9	-25.9	170	-0.945	16.9	-25.9	170
42	1	3.17	3.91	-98.8	-34.2	3.91	-98.8	-34.2	136	3.91	-98.8	-34.2	136
41	1	3.09	-25.9	-83.1	-2.13	-25.9	-83.1	-2.13	99.6	-25.9	-83.1	-2.13	99.6
40	1	3.1	-13.6	-15.8	87.6	-13.6	-15.8	87.6	102	-13.6	-15.8	87.6	102
39	1	3.23	34.3	50.7	46.4	34.3	50.7	46.4	76.5	34.3	50.7	46.4	76.5
38	1	3.24	10.6	48.1	47.5	10.6	48.1	47.5	156	10.6	48.1	47.5	156
37	1	3.19	30.6	58.8	11.1	30.6	58.8	11.1	100	30.6	58.8	11.1	100
36	1	3.75	37.5	68.5	9.28	37.5	68.5	9.28	133	37.5	68.5	9.28	133
35	1	3.15	20.7	75.5	8.53	20.7	75.5	8.53	116	20.7	75.5	8.53	116
34	1	3.96	18.5	-90.7	43.2	18.5	-90.7	43.2	105	18.5	-90.7	43.2	105
33	1	3.19	9.87	20.9	24	9.87	20.9	24	123	9.87	20.9	24	123
32	1	3.32	67.5	12.9	46.4	67.5	12.9	46.4	36.7	67.5	12.9	46.4	36.7
31	1	3.19	-61.9	-13.2	9.34	-61.9	-13.2	9.34	72.9	-61.9	-13.2	9.34	72.9
30	1	3.35	-11.7	-84.8	54.3	-11.7	-84.8	54.3	71.5	-11.7	-84.8	54.3	71.5
29	1	3.18	19.6	-16.9	41.6	19.6	-16.9	41.6	51.3	19.6	-16.9	41.6	51.3
28	1	3.16	-31.6	-57.2	55.7	-31.6	-57.2	55.7	163	-31.6	-57.2	55.7	163
27	1	3.27	39.6	-46.1	51.8	39.6	-46.1	51.8	94.2	39.6	-46.1	51.8	94.2
26	1	3.13	-68.2	-13.6	49.2	-68.2	-13.6	49.2	50.2	-68.2	-13.6	49.2	50.2
25	1	3.14	-17.3	1.32	45.1	-17.3	1.32	45.1	35.6	-17.3	1.32	45.1	35.6
24	1	3.52	47.5	35.5	37.3	47.5	35.5	37.3	149	47.5	35.5	37.3	149
23	1	4.09	-25	-76.2	64.5	-25	-76.2	64.5	80.7	-25	-76.2	64.5	80.7
22	1	4.22	-35.1	-72.7	64.2	-35.1	-72.7	64.2	62.5	-35.1	-72.7	64.2	62.5
21	1	3.13	9.55	-7.68	34.6	9.55	-7.68	34.6	47.5	9.55	-7.68	34.6	47.5
20	1	3.27	-37.9	26.2	-15.2	-37.9	26.2	-15.2	112	-37.9	26.2	-15.2	112
19	1	3.39	26.7	50.6	-21.2	26.7	50.6	-21.2	143	26.7	50.6	-21.2	143
18	1	3.23	73	-31.8	-2.56	73	-31.8	-2.56	101	73	-31.8	-2.56	101
17	1	3.17	66.2	-31.6	-2.4	66.2	-31.6	-2.4	105	66.2	-31.6	-2.4	105
16	1	3.12	10.7	46.5	59.1	10.7	46.5	59.1	105	10.7	46.5	59.1	105
15	1	3.46	-30.7	47.3	-7.73	-30.7	47.3	-7.73	84.7	-30.7	47.3	-7.73	84.7
14	1	3.32	-40.3	30.7	57.6	-40.3	30.7	57.6	52.1	-40.3	30.7	57.6	52.1
13	1	3.28	76.5	-33.5	8.94	76.5	-33.5	8.94	45	76.5	-33.5	8.94	45
12	1	3.09	6.08	11.1	3.18	6.08	11.1	3.18	177	6.08	11.1	3.18	177
11	1	3.09	-44	47	9.67	-44	47	9.67	161	-44	47	9.67	161
10	1	3.11	-32.2	-72.1	24.4	-32.2	-72.1	24.4	55.6	-32.2	-72.1	24.4	55.6
9	1	3.58	46	-41.6	16.9	46	-41.6	16.9	81	46	-41.6	16.9	81
8	1	3.25	76.5	-39.2	15.6	76.5	-39.2	15.6	34.7	76.5	-39.2	15.6	34.7
7	1	3.75	47.5	25	56.1	47.5	25	56.1	58.6	47.5	25	56.1	58.6
6	1	3.64	-0.602	12.2	8.85	-0.602	12.2	8.85	302	-0.602	12.2	8.85	302
5	1	3.57	-37.2	14.2	60.4	-37.2	14.2	60.4	81	-37.2	14.2	60.4	81
4	1	3.11	30.3	44	2.42	30.3	44	2.42	101	30.3	44	2.42	101
3	1	3.35	44.1	66.6	-1.89	44.1	66.6	-1.89	44.4	44.1	66.6	-1.89	44.4
2	1	3.2	-28.1	-64.6	73.9	-28.1	-64.6	73.9	66.7	-28.1	-64.6	73.9	66.7
1	1	3.38	43.8	49.4	-4.54	43.8	49.4	-4.54	86.2	43.8	49.4	-4.54	86.2
