Cluster Index	Voxels	P	-log10(P)	Z-MAX	Z-MAX X (vox)	Z-MAX Y (vox)	Z-MAX Z (vox)	Z-COG X (vox)	Z-COG Y (vox)	Z-COG Z (vox)	COPE-MAX	COPE-MAX X (vox)	COPE-MAX Y (vox)	COPE-MAX Z (vox)	COPE-MEAN
130	26	7.14e-05	4.15	3.8	27	36	22	26.1	35.2	23.4	774	27	38	25	419
129	17	8.5e-06	5.07	4.3	46	29	22	45	27.4	22.2	537	46	29	22	365
128	17	8.58e-06	5.07	4.3	23	26	26	22.3	27.1	25.5	768	23	26	26	493
127	15	4.13e-06	5.38	4.46	46	12	10	46.4	13.8	10	802	47	13	10	568
126	14	7.68e-05	4.11	3.79	37	36	25	37	34.9	25.1	544	36	34	26	420
125	13	2.39e-05	4.62	4.07	38	43	17	36.3	42.9	17.7	532	34	42	18	447
124	13	6.42e-05	4.19	3.83	45	35	18	47.2	35	18.7	376	46	35	18	321
123	12	0.000292	3.53	3.44	42	16	10	41.8	14.3	10	624	42	16	10	486
122	11	1.48e-06	5.83	4.67	35	44	20	35.2	44.4	20.2	720	35	45	20	548
121	10	3.44e-05	4.46	3.98	23	10	10	21.9	10.7	10	543	23	10	10	444
120	9	6.52e-06	5.19	4.36	43	44	14	43.1	44.5	14	489	43	45	14	410
119	9	0.000117	3.93	3.68	17	39	20	17.8	38.4	19.9	747	17	39	20	577
118	8	5.1e-05	4.29	3.89	23	9	14	24	9.37	14	707	24	9	14	555
117	8	1.45e-05	4.84	4.18	30	35	26	29.5	34.5	25.9	700	31	34	26	553
116	8	0.000263	3.58	3.47	47	49	16	45.5	47.7	16	568	45	48	16	487
115	8	2.81e-05	4.55	4.03	43	39	24	41.9	37.2	23.3	609	43	39	24	440
114	7	2.79e-05	4.55	4.03	37	53	12	37	53	12	1.27e+03	38	53	12	911
113	7	2.07e-05	4.68	4.1	18	23	20	18.7	23.7	20	515	19	23	20	383
112	6	0.000621	3.21	3.23	22	50	16	22.7	50.2	15.3	840	22	52	14	563
111	6	8.81e-05	4.06	3.75	19	40	18	20.8	39.4	18	560	20	40	18	450
110	6	6.47e-05	4.19	3.83	42	48	18	42.2	47.8	17.8	664	42	48	18	509
109	6	0.000115	3.94	3.68	29	46	22	29.1	45.6	21.7	520	28	45	22	415
108	5	3.41e-06	5.47	4.5	30	10	12	29.6	10.2	12	525	30	10	12	407
107	5	0.000207	3.68	3.53	31	35	20	29.8	34.2	20	437	30	34	20	355
106	5	6.21e-06	5.21	4.37	36	36	22	36.2	36.6	22	485	36	36	22	383
105	5	4.05e-06	5.39	4.46	22	36	22	21	36	22	555	20	36	22	458
104	5	1.77e-05	4.75	4.14	43	31	16	43.4	30.2	16	398	44	31	16	364
103	5	2.14e-05	4.67	4.09	51	44	12	51.6	44	12.4	352	52	44	13	329
102	4	0.000168	3.78	3.59	23	45	14	24.2	44	14	354	24	44	14	294
101	4	0.000134	3.87	3.65	32	39	13	32	39.5	13	1.18e+03	32	39	13	863
100	4	7.68e-06	5.11	4.32	50	28	22	50	27.5	21.8	388	50	27	22	331
99	4	0.000155	3.81	3.61	26	31	26	26	31.5	26	694	26	31	26	643
98	4	6.97e-05	4.16	3.81	42	46	22	42.5	45	22	919	42	46	22	789
97	3	0.000279	3.55	3.45	51	43	16	50.3	43.3	16	386	51	43	16	384
96	3	0.000118	3.93	3.68	27	47	17	27	47.9	17.6	449	27	49	18	356
95	3	0.000212	3.67	3.52	41	33	26	40.7	33.3	25.7	512	40	33	26	396
94	3	0.000257	3.59	3.47	28	42	15	28.3	41.4	15	602	29	41	15	546
93	3	0.000354	3.45	3.39	23	17	18	22.7	16.7	18	366	23	17	18	352
92	3	9.92e-05	4	3.72	30	45	24	30.6	45.3	24	976	30	45	24	768
91	3	0.000174	3.76	3.58	25	45	23	25.7	45.3	23	807	26	46	23	780
90	3	2.57e-05	4.59	4.05	17	19	10	17.3	18.7	10	450	17	19	10	393
89	3	0.000358	3.45	3.38	52	31	14	52.7	30.7	14	444	53	31	14	427
88	3	4.85e-05	4.31	3.9	17	50	12	17	50	12	596	17	50	12	512
87	3	8.96e-05	4.05	3.75	48	39	12	48.6	39.3	12	538	48	39	12	485
86	3	0.000106	3.98	3.7	17	29	20	17	29	20	383	17	29	20	337
85	3	9.25e-05	4.03	3.74	34	37	12	34.6	36.7	12	680	35	37	12	577
84	3	0.000156	3.81	3.61	15	37	20	14.7	36.4	20	672	15	37	20	646
83	3	0.000607	3.22	3.24	45	33	22	45.7	33.3	22	320	45	33	22	295
82	3	0.000274	3.56	3.46	19	31	22	18.3	31.3	22	384	19	31	22	341
81	3	0.000307	3.51	3.43	52	38	15	52.6	37.7	14.4	404	52	38	15	325
80	3	8.67e-05	4.06	3.75	41	26	22	40.1	26	22	374	41	26	22	288
79	3	0.000418	3.38	3.34	26	34	13	26.3	34.3	13.3	425	26	35	14	335
78	2	0.000696	3.16	3.2	17	40	5	17	39.5	5	373	17	39	5	358
77	2	0.00021	3.68	3.53	35	44	16	35	43.5	16	426	35	43	16	369
76	2	0.000344	3.46	3.39	42	19	8	42	19.5	8	475	42	20	8	470
75	2	0.000303	3.52	3.43	37	33	13	37	32.5	13	272	37	32	13	272
74	2	0.000266	3.58	3.46	43	25	16	42.5	25	16	399	43	25	16	353
73	2	0.00027	3.57	3.46	11	35	16	11	35	15.5	277	11	35	16	274
72	2	0.000189	3.72	3.56	38	53	14	38.5	53	14	420	39	53	14	391
71	2	5.35e-06	5.27	4.4	48	50	14	48	49.5	14	752	48	49	14	668
70	2	0.00035	3.46	3.39	37	49	10	37	48.5	10	585	37	49	10	537
69	2	0.000488	3.31	3.3	45	11	12	45	11.5	12	351	45	11	12	348
68	2	0.000703	3.15	3.19	34	30	14	33.5	30	14	613	33	30	14	506
67	2	0.000604	3.22	3.24	37	11	14	37.5	11	14	258	38	11	14	252
66	2	0.000629	3.2	3.23	19	28	12	18.5	28	12	349	18	28	12	321
65	2	0.000131	3.88	3.65	46	52	13	45.5	52	13	598	46	52	13	561
64	2	0.000574	3.24	3.25	45	24	8	45	23.5	8	419	45	23	8	400
63	2	7.7e-05	4.11	3.78	30	8	4	30.5	8	4	461	30	8	4	450
62	2	0.000385	3.41	3.36	19	27	22	18.5	27	21.5	310	18	27	21	295
61	2	0.000437	3.36	3.33	22	46	20	22.5	46	20	400	23	46	20	392
60	2	0.00014	3.85	3.63	49	24	20	49	24.5	20	339	49	24	20	308
59	2	0.000261	3.58	3.47	25	23	22	25.5	23	22	410	25	23	22	355
58	2	0.000133	3.88	3.65	23	53	22	22.5	53	22	293	23	53	22	285
57	2	0.000348	3.46	3.39	30	32	23	29.5	32	23	309	29	32	23	301
56	2	0.000166	3.78	3.59	41	50	21	41	49.5	21	759	41	49	21	745
55	2	0.000276	3.56	3.45	12	32	18	12.5	31.5	18	452	13	31	18	436
54	2	0.000179	3.75	3.57	23	47	18	23.5	47	18	389	23	47	18	360
53	1	0.000584	3.23	3.25	50	48	12	50	48	12	407	50	48	12	407
52	1	0.000342	3.47	3.4	44	26	5	44	26	5	396	44	26	5	396
51	1	0.000932	3.03	3.11	21	20	22	21	20	22	340	21	20	22	340
50	1	0.000334	3.48	3.4	43	28	26	43	28	26	488	43	28	26	488
49	1	0.000576	3.24	3.25	36	33	6	36	33	6	1.03e+03	36	33	6	1.03e+03
48	1	0.000702	3.15	3.19	42	12	8	42	12	8	364	42	12	8	364
47	1	0.000591	3.23	3.24	23	18	8	23	18	8	714	23	18	8	714
46	1	0.000945	3.02	3.11	32	39	22	32	39	22	349	32	39	22	349
45	1	0.000163	3.79	3.59	24	36	25	24	36	25	805	24	36	25	805
44	1	0.000828	3.08	3.15	41	15	12	41	15	12	342	41	15	12	342
43	1	0.000537	3.27	3.27	36	45	24	36	45	24	473	36	45	24	473
42	1	0.000988	3.01	3.09	13	41	11	13	41	11	228	13	41	11	228
41	1	0.000852	3.07	3.14	23	32	11	23	32	11	465	23	32	11	465
40	1	0.000422	3.37	3.34	18	34	23	18	34	23	480	18	34	23	480
39	1	0.000259	3.59	3.47	33	35	10	33	35	10	955	33	35	10	955
38	1	0.00029	3.54	3.44	24	45	8	24	45	8	793	24	45	8	793
37	1	0.000673	3.17	3.21	49	24	10	49	24	10	328	49	24	10	328
36	1	0.000443	3.35	3.32	45	39	23	45	39	23	315	45	39	23	315
35	1	0.000732	3.14	3.18	22	40	23	22	40	23	484	22	40	23	484
34	1	0.000282	3.55	3.45	30	48	23	30	48	23	504	30	48	23	504
33	1	0.00086	3.07	3.13	34	50	9	34	50	9	454	34	50	9	454
32	1	0.000972	3.01	3.1	42	9	10	42	9	10	529	42	9	10	529
31	1	0.000755	3.12	3.17	21	36	24	21	36	24	456	21	36	24	456
30	1	0.000859	3.07	3.14	33	33	23	33	33	23	441	33	33	23	441
29	1	0.000338	3.47	3.4	31	56	16	31	56	16	532	31	56	16	532
28	1	0.000634	3.2	3.22	29	37	17	29	37	17	964	29	37	17	964
27	1	0.000711	3.15	3.19	32	42	16	32	42	16	475	32	42	16	475
26	1	0.00064	3.19	3.22	46	29	16	46	29	16	281	46	29	16	281
25	1	0.000223	3.65	3.51	15	48	17	15	48	17	266	15	48	17	266
24	1	0.000908	3.04	3.12	35	11	18	35	11	18	447	35	11	18	447
23	1	0.000665	3.18	3.21	20	21	16	20	21	16	275	20	21	16	275
22	1	0.000749	3.13	3.17	18	11	16	18	11	16	266	18	11	16	266
21	1	0.00011	3.96	3.7	21	9	16	21	9	16	512	21	9	16	512
20	1	0.000682	3.17	3.2	39	15	18	39	15	18	306	39	15	18	306
19	1	0.000145	3.84	3.62	24	41	15	24	41	15	327	24	41	15	327
18	1	0.000676	3.17	3.2	53	31	18	53	31	18	305	53	31	18	305
17	1	0.000528	3.28	3.28	13	41	18	13	41	18	363	13	41	18	363
16	1	0.000692	3.16	3.2	33	36	21	33	36	21	601	33	36	21	601
15	1	0.000585	3.23	3.25	16	43	18	16	43	18	620	16	43	18	620
14	1	0.000989	3	3.09	45	47	18	45	47	18	435	45	47	18	435
13	1	0.000595	3.23	3.24	48	38	14	48	38	14	349	48	38	14	349
12	1	0.000657	3.18	3.21	44	51	18	44	51	18	479	44	51	18	479
11	1	0.000945	3.02	3.11	27	37	14	27	37	14	461	27	37	14	461
10	1	0.000624	3.2	3.23	29	33	14	29	33	14	268	29	33	14	268
9	1	0.000898	3.05	3.12	45	31	14	45	31	14	586	45	31	14	586
8	1	0.000446	3.35	3.32	43	55	18	43	55	18	285	43	55	18	285
7	1	0.000988	3.01	3.09	30	40	19	30	40	19	464	30	40	19	464
6	1	0.000499	3.3	3.29	48	45	19	48	45	19	447	48	45	19	447
5	1	0.000501	3.3	3.29	17	20	20	17	20	20	309	17	20	20	309
4	1	0.000925	3.03	3.11	34	33	13	34	33	13	298	34	33	13	298
3	1	5.66e-05	4.25	3.86	41	39	21	41	39	21	331	41	39	21	331
2	1	0.00098	3.01	3.1	28	51	12	28	51	12	1.3e+03	28	51	12	1.3e+03
1	1	0.000722	3.14	3.19	36	50	14	36	50	14	361	36	50	14	361
