Cluster Index	Voxels	P	-log10(P)	Z-MAX	Z-MAX X (vox)	Z-MAX Y (vox)	Z-MAX Z (vox)	Z-COG X (vox)	Z-COG Y (vox)	Z-COG Z (vox)
217	886	4.61e-08	7.34	5.34	32	55	14	26.2	46.5	18.1
216	862	2.84e-08	7.55	5.43	41	22	11	33.2	17	8.3
215	306	3.45e-08	7.46	5.39	24	11	20	24.2	13.7	19.4
214	209	1.05e-07	6.98	5.19	43	44	14	38	43.3	15.7
213	73	1.05e-07	6.98	5.19	32	6	14	34.7	7.42	16.2
212	65	1.99e-06	5.7	4.61	44	14	22	44.8	15.3	21.4
211	54	3.11e-08	7.51	5.41	45	51	12	44.1	51.2	11.7
210	25	3.37e-07	6.47	4.97	48	35	19	47.3	35.1	19
209	25	2.36e-06	5.63	4.58	34	53	20	35	52.5	20.5
208	21	8.9e-07	6.05	4.78	47	36	6	48.6	36.9	6.36
207	20	2.59e-06	5.59	4.56	18	18	3	18.3	19.8	3.05
206	19	1.28e-06	5.89	4.7	45	10	13	45	9.16	13.1
205	17	3.11e-05	4.51	4	11	33	11	11.4	32.3	11.7
204	17	1.39e-06	5.86	4.69	23	46	9	23.4	44.2	9.16
203	17	1.32e-05	4.88	4.2	41	15	12	38	12.4	11.8
202	15	2.17e-05	4.66	4.09	44	33	22	43.4	32.6	22.2
201	14	6.3e-06	5.2	4.37	17	25	20	17.3	23.6	20.6
200	13	4.5e-07	6.35	4.91	39	45	9	39.4	44.8	8.58
199	12	5.91e-06	5.23	4.38	15	40	13	15.6	42.6	12.8
198	11	1.89e-05	4.72	4.12	41	16	19	40.7	15.4	18.5
197	11	1.87e-05	4.73	4.12	45	12	4	44.6	12.3	3.65
196	11	9.47e-05	4.02	3.73	47	42	15	47.2	42.3	14.6
195	11	2.35e-05	4.63	4.07	34	8	10	32.8	8.33	9.91
194	11	6.94e-05	4.16	3.81	13	19	12	13.1	19.8	11.1
193	11	2.38e-05	4.62	4.07	47	27	8	46.5	27.4	8
192	10	5.64e-05	4.25	3.86	43	13	15	43	14.4	15.4
191	10	1.7e-06	5.77	4.65	23	52	14	23	52.5	14
190	9	8.24e-05	4.08	3.77	17	38	9	14.6	37.9	9.65
189	9	6.18e-05	4.21	3.84	34	29	9	32	29.1	9
188	9	1.24e-05	4.91	4.22	43	25	2	42.3	25	1.9
187	8	0.000181	3.74	3.57	29	23	0	28.9	21.5	0.359
186	8	0.000209	3.68	3.53	46	29	22	45.8	29.5	22.6
185	8	4.51e-05	4.35	3.92	48	43	12	47.6	43.5	11.4
184	8	8.03e-06	5.1	4.31	36	37	22	35.8	36.7	22.4
183	7	2.03e-05	4.69	4.1	40	49	23	40	49.3	22.5
182	7	0.000211	3.68	3.53	44	48	18	44.8	47.2	18.4
181	7	7.93e-06	5.1	4.32	27	29	27	27	28	27
180	6	8.35e-07	6.08	4.79	29	10	12	29	10.8	11.7
179	6	7.08e-05	4.15	3.81	53	24	14	53.2	23.5	14.2
178	6	6.26e-05	4.2	3.84	35	41	12	33.3	41.8	12.7
177	6	0.000226	3.65	3.51	42	33	7	43	32.8	7
176	6	1.21e-05	4.92	4.22	51	44	16	50.3	44.1	16.2
175	6	3.91e-05	4.41	3.95	24	34	24	23.8	33.8	24
174	6	2.17e-06	5.66	4.59	23	18	25	23.1	16.9	24.7
173	5	0.00021	3.68	3.53	13	41	18	13.8	42.8	17.4
172	5	3.99e-05	4.4	3.95	23	26	4	22.6	25.6	3.62
171	5	0.000106	3.98	3.71	45	22	19	44.8	22.6	18.8
170	5	0.000371	3.43	3.37	31	30	7	31	28.8	5.62
169	5	0.000164	3.78	3.59	20	34	16	19.6	34.2	16
168	5	0.000133	3.88	3.65	42	42	5	42	40.1	5
167	5	6e-05	4.22	3.85	17	18	6	16.2	18	6
166	5	2.39e-05	4.62	4.07	18	40	4	18.4	41	4
165	5	8.44e-08	7.07	5.23	49	24	20	49.2	23.4	20
164	5	9.04e-05	4.04	3.74	50	28	22	50.4	27.8	22.2
163	5	0.000469	3.33	3.31	53	20	14	51.8	18.8	14
162	4	9.02e-05	4.04	3.74	42	28	7	41.8	28.2	7
161	4	8.63e-06	5.06	4.3	43	55	18	43.5	54.8	17.8
160	4	0.000278	3.56	3.45	21	44	6	21.7	44.5	6.49
159	4	2.52e-05	4.6	4.05	37	32	13	36.8	32	13
158	4	0.000225	3.65	3.51	39	21	7	39	20.3	6.77
157	4	5.72e-07	6.24	4.87	41	25	24	40.8	24.8	24
156	4	0.000109	3.96	3.7	22	15	2	21.8	15	2
155	4	5.76e-05	4.24	3.86	25	23	1	25	23	1.47
154	4	0.000663	3.18	3.21	40	50	16	41.5	50	16
153	4	4.12e-05	4.39	3.94	41	56	16	40.5	55.8	16.2
152	4	0.000444	3.35	3.32	30	34	26	30.7	34.7	26
151	4	1.27e-05	4.89	4.21	21	31	9	20.8	31	9
150	4	5.23e-05	4.28	3.88	20	15	4	19.5	14.5	4
149	4	6.5e-05	4.19	3.83	22	36	22	22.7	35.5	21.8
148	3	1.66e-05	4.78	4.15	24	47	15	24	47	15
147	3	4.92e-05	4.31	3.89	49	47	12	49.7	47.7	11.7
146	3	0.000237	3.63	3.5	32	31	15	32.7	30.7	15
145	3	0.000231	3.64	3.5	53	35	14	53.3	35.3	13.7
144	3	0.000129	3.89	3.65	52	20	20	51.4	19.7	20
143	3	3.62e-06	5.44	4.49	15	21	6	15.3	21.3	6
142	3	3.69e-05	4.43	3.96	35	48	13	35.3	47.7	13
141	3	0.000117	3.93	3.68	32	15	24	31.7	14.7	24
140	3	1.31e-07	6.88	5.15	48	50	14	48.3	49.2	14.3
139	3	0.000596	3.22	3.24	39	12	3	38.3	12	3.34
138	3	4.8e-05	4.32	3.9	20	37	11	19.7	36.7	11
137	3	1.26e-05	4.9	4.21	34	34	14	33.7	34.3	14
136	3	8.38e-05	4.08	3.76	23	26	25	22.7	26	25.3
135	3	7.99e-06	5.1	4.31	36	36	8	35.1	36.6	8
134	3	0.000222	3.65	3.51	44	22	25	43.3	22.3	25
133	3	0.000448	3.35	3.32	41	10	7	40.7	9.35	7
132	3	0.000287	3.54	3.44	48	18	3	48	18	3
131	3	6.74e-05	4.17	3.82	30	36	7	29.4	36.3	7.63
130	3	0.000144	3.84	3.63	48	25	5	47	24.7	4.69
129	3	0.000293	3.53	3.44	37	25	27	37.7	25.3	27
128	3	0.000118	3.93	3.68	48	12	12	48.6	11.7	12
127	3	7.27e-05	4.14	3.8	17	36	7	17.6	35.7	7
126	3	0.000147	3.83	3.62	47	49	16	46.7	48.7	16
125	3	4.28e-05	4.37	3.93	38	43	5	38.7	42.7	5
124	3	0.00063	3.2	3.22	32	35	10	33	35	10
123	3	0.000549	3.26	3.26	40	40	16	39.3	39.7	16
122	3	0.000143	3.85	3.63	24	38	11	24	38.3	10.7
121	3	0.000272	3.57	3.46	32	41	18	32.3	41.3	18
120	3	0.00045	3.35	3.32	37	35	25	37	36	25.3
119	3	0.000314	3.5	3.42	29	42	18	29.3	41.7	18.3
118	3	1.66e-05	4.78	4.15	25	41	5	24.7	40.7	5
117	3	0.000503	3.3	3.29	25	29	10	25.3	30	10
116	2	2.08e-05	4.68	4.1	20	22	25	20.5	22	25
115	2	0.000595	3.23	3.24	39	8	12	38.5	8	12
114	2	5.93e-05	4.23	3.85	53	28	8	53	28.5	8
113	2	0.000293	3.53	3.44	19	41	11	19.5	41	11
112	2	0.000757	3.12	3.17	44	34	11	44	33.5	11
111	2	0.000343	3.46	3.39	31	39	8	30.5	39.5	8.49
110	2	0.000426	3.37	3.34	23	25	11	22.5	25	11
109	2	0.000442	3.35	3.32	48	28	25	48	28.5	25
108	2	0.000294	3.53	3.44	32	39	21	32.5	39	21
107	2	0.000474	3.32	3.31	26	13	2	26.5	12.5	2
106	2	9.07e-06	5.04	4.29	18	43	8	17.6	43	8
105	2	0.000831	3.08	3.14	38	9	2	38.5	9	2
104	2	0.000279	3.55	3.45	39	6	10	38.5	6.48	10
103	2	7.58e-05	4.12	3.79	31	27	27	30.5	27	27.5
102	2	0.000289	3.54	3.44	35	35	27	35.5	35	27
101	2	0.000603	3.22	3.24	38	35	27	38.5	35	27
100	2	0.000125	3.9	3.66	50	27	8	50	27.5	8
99	2	9.99e-05	4	3.72	47	44	22	46.5	44.5	22
98	2	0.000408	3.39	3.35	55	32	16	55	31.5	16
97	2	0.000272	3.57	3.46	44	29	13	44	29.5	13
96	2	0.000399	3.4	3.35	43	43	21	42.5	43	21
95	2	2.19e-05	4.66	4.09	16	21	15	16	21.4	15
94	2	0.000329	3.48	3.41	52	38	14	52.5	38	14
93	2	2.2e-05	4.66	4.09	36	51	16	35.5	51	16
92	2	0.00035	3.46	3.39	34	49	20	34	48.5	19.5
91	2	0.000233	3.63	3.5	42	18	24	42.5	18	24
90	2	0.000504	3.3	3.29	36	39	21	36	39.5	21
89	2	0.000721	3.14	3.19	29	14	18	28.5	14.5	18
88	2	0.000251	3.6	3.48	52	26	17	52	25.5	17
87	2	0.00014	3.86	3.63	34	40	7	33.5	40	7
86	2	0.00012	3.92	3.67	31	35	20	30.5	35	20
85	2	0.000273	3.56	3.46	38	32	5	38	31.5	5
84	2	0.000134	3.87	3.64	45	11	19	45	10.5	18.5
83	1	0.000638	3.2	3.22	39	9	5	39	9	5
82	1	0.000381	3.42	3.37	25	29	3	25	29	3
81	1	0.000702	3.15	3.19	27	17	4	27	17	4
80	1	0.000446	3.35	3.32	25	37	3	25	37	3
79	1	0.000338	3.47	3.4	27	48	8	27	48	8
78	1	0.000536	3.27	3.27	34	8	2	34	8	2
77	1	0.000876	3.06	3.13	41	44	4	41	44	4
76	1	0.000599	3.22	3.24	47	41	4	47	41	4
75	1	0.000896	3.05	3.12	36	34	9	36	34	9
74	1	4.41e-05	4.36	3.92	26	38	5	26	38	5
73	1	0.000154	3.81	3.61	39	40	4	39	40	4
72	1	0.000543	3.27	3.27	33	36	6	33	36	6
71	1	0.000685	3.16	3.2	12	38	8	12	38	8
70	1	0.000985	3.01	3.09	37	33	3	37	33	3
69	1	0.000577	3.24	3.25	30	20	2	30	20	2
68	1	0.000683	3.17	3.2	41	25	4	41	25	4
67	1	0.000971	3.01	3.1	54	31	8	54	31	8
66	1	0.000744	3.13	3.18	21	34	7	21	34	7
65	1	0.000419	3.38	3.34	25	35	7	25	35	7
64	1	0.000576	3.24	3.25	28	16	2	28	16	2
63	1	0.000109	3.96	3.7	48	44	5	48	44	5
62	1	0.000837	3.08	3.14	43	42	16	43	42	16
61	1	0.000629	3.2	3.23	16	46	16	16	46	16
60	1	0.000867	3.06	3.13	34	49	16	34	49	16
59	1	0.000901	3.05	3.12	40	6	17	40	6	17
58	1	0.000795	3.1	3.16	27	36	18	27	36	18
57	1	0.000377	3.42	3.37	14	38	18	14	38	18
56	1	0.000449	3.35	3.32	43	12	19	43	12	19
55	1	0.000816	3.09	3.15	38	17	19	38	17	19
54	1	2.39e-05	4.62	4.07	46	51	19	46	51	19
53	1	0.000757	3.12	3.17	13	26	20	13	26	20
52	1	0.000445	3.35	3.32	39	53	20	39	53	20
51	1	0.000688	3.16	3.2	53	24	21	53	24	21
50	1	0.000577	3.24	3.25	39	29	21	39	29	21
49	1	0.000966	3.01	3.1	41	39	21	41	39	21
48	1	0.000871	3.06	3.13	20	35	13	20	35	13
47	1	0.000923	3.03	3.11	18	34	22	18	34	22
46	1	0.00069	3.16	3.2	42	46	22	42	46	22
45	1	0.000302	3.52	3.43	39	15	23	39	15	23
44	1	0.000655	3.18	3.21	16	33	23	16	33	23
43	1	0.000622	3.21	3.23	36	34	23	36	34	23
42	1	0.000467	3.33	3.31	20	18	24	20	18	24
41	1	0.00079	3.1	3.16	35	17	25	35	17	25
40	1	0.000975	3.01	3.1	36	31	25	36	31	25
39	1	7.91e-05	4.1	3.78	31	17	26	31	17	26
38	1	5.67e-05	4.25	3.86	30	19	26	30	19	26
37	1	0.000527	3.28	3.28	25	21	26	25	21	26
36	1	0.000628	3.2	3.23	41	21	26	41	21	26
35	1	0.000261	3.58	3.47	35	22	26	35	22	26
34	1	0.000764	3.12	3.17	39	32	27	39	32	27
33	1	0.000948	3.02	3.11	32	24	28	32	24	28
32	1	0.00066	3.18	3.21	40	26	22	40	26	22
31	1	0.000463	3.33	3.31	17	46	9	17	46	9
30	1	0.000551	3.26	3.26	40	49	9	40	49	9
29	1	0.000346	3.46	3.39	29	5	10	29	5	10
28	1	0.000618	3.21	3.23	33	12	10	33	12	10
27	1	0.000286	3.54	3.44	53	24	10	53	24	10
26	1	0.000752	3.12	3.17	52	28	10	52	28	10
25	1	0.000437	3.36	3.33	48	32	11	48	32	11
24	1	0.000582	3.24	3.25	39	36	11	39	36	11
23	1	0.000266	3.57	3.46	47	47	11	47	47	11
22	1	0.000919	3.04	3.12	43	6	12	43	6	12
21	1	0.000407	3.39	3.35	22	13	12	22	13	12
20	1	0.000622	3.21	3.23	52	36	12	52	36	12
19	1	0.000938	3.03	3.11	30	43	12	30	43	12
18	1	0.000298	3.53	3.43	51	44	12	51	44	12
17	1	0.000133	3.88	3.65	11	35	16	11	35	16
16	1	0.000787	3.1	3.16	38	6	13	38	6	13
15	1	0.000158	3.8	3.6	12	21	13	12	21	13
14	1	0.000667	3.18	3.21	48	23	13	48	23	13
13	1	0.000363	3.44	3.38	39	14	0	39	14	0
12	1	0.000943	3.03	3.11	32	39	13	32	39	13
11	1	0.000285	3.54	3.45	39	17	14	39	17	14
10	1	0.000892	3.05	3.12	52	31	14	52	31	14
9	1	0.000853	3.07	3.14	26	6	15	26	6	15
8	1	0.000513	3.29	3.28	50	12	15	50	12	15
7	1	9.71e-05	4.01	3.73	52	27	15	52	27	15
6	1	0.000288	3.54	3.44	13	39	15	13	39	15
5	1	0.000641	3.19	3.22	44	11	16	44	11	16
4	1	0.000334	3.48	3.4	47	16	16	47	16	16
3	1	0.000104	3.98	3.71	26	23	16	26	23	16
2	1	0.000496	3.3	3.29	43	31	16	43	31	16
1	1	0.000575	3.24	3.25	36	4	13	36	4	13
