Cluster Index	Voxels	Z-MAX	Z-MAX X (mm)	Z-MAX Y (mm)	Z-MAX Z (mm)	Z-COG X (mm)	Z-COG Y (mm)	Z-COG Z (mm)
217	886	5.34	3.41	63.6	-5.87	22.9	38.6	20.8
216	862	5.43	-28.7	-46.1	-2.83	-2.83	-65.4	-15.5
215	306	5.39	29	-76.2	51.6	28.3	-67.9	46.8
214	209	5.19	-34.3	28.6	1.28	-17.1	27.3	10.8
213	73	5.19	1.23	-96.8	22.1	-7.5	-90.1	33.5
212	65	4.61	-38.3	-62.7	62.5	-41.1	-59	58.4
211	54	5.41	-40.9	50.1	-13.6	-37.8	50.4	-15.2
210	25	4.97	-51.2	3.87	34.3	-49	4.1	34.1
209	25	4.58	-2.97	62.3	28.5	-6.48	61.3	31.4
208	21	4.78	-48.8	-3.92	-37.9	-54.3	-0.512	-36.3
207	20	4.56	48.2	-68.2	-46.4	47.4	-62.1	-47.2
206	19	4.7	-42.6	-83.3	15.3	-42.5	-86	16.4
205	17	4	73.2	-13	-11.5	71.8	-14.7	-7.14
204	17	4.69	33	29.1	-29	31.8	23.2	-27
203	17	4.2	-29	-68.2	6.67	-19	-77.2	6.93
202	15	4.09	-37.5	-0.535	51.7	-35.4	-1.68	52.8
201	14	4.37	53.3	-31	43.1	52.3	-35.1	47.1
200	13	4.91	-21.1	27.3	-27.1	-22.6	26.4	-29.3
199	12	4.38	60.1	12	-4.16	58.2	20.6	-6.65
198	11	4.12	-28.4	-59	44.6	-27.4	-61.4	42.4
197	11	4.12	-43.2	-84.4	-35.3	-42.1	-83.9	-37.4
196	11	3.73	-47.8	23.3	8.24	-48.4	23.9	5.64
195	11	4.07	-5.76	-93.5	-0.897	-1.86	-92.6	-1.66
194	11	3.81	65.9	-57.8	2.17	65.5	-55.9	-3.24
193	11	4.07	-49	-31.7	-21.7	-47.3	-30.6	-22
192	10	3.86	-35.6	-72	24.5	-35.6	-67.2	25.8
191	10	4.65	33.7	52.9	-4.87	33.7	54.5	-5.16
190	9	3.77	53	2.29	-24.9	61.1	2.27	-21.4
189	9	3.84	-4.9	-25.6	-18.4	1.97	-25.4	-18.6
188	9	4.22	-36.1	-43.7	-53.9	-33.6	-43.9	-54.5
187	8	3.57	11	-53.3	-64.9	11.4	-57.9	-62.1
186	8	3.53	-44.4	-13.4	54.1	-43.5	-11.4	57.2
185	8	3.92	-51.4	24.2	-8.76	-50.2	25.2	-12.5
184	8	4.31	-10.3	11.8	48.8	-9.55	11.2	50.8
183	7	4.1	-23.2	52.3	47.7	-23.3	52.8	44.6
182	7	3.53	-37.2	45.2	21.1	-40	42.9	23.9
181	7	4.32	20.2	-11	80.1	20	-14.5	80.7
180	6	4.79	11.4	-85.7	8.57	11.3	-83.4	6.54
179	6	3.81	-69	-35.9	13.5	-69.5	-37.3	14.7
178	6	3.84	-7.51	16.4	-8.65	-1.81	19.5	-5.59
177	6	3.51	-31.9	-13.4	-31	-35.3	-13.8	-30.9
176	6	4.22	-61.2	31.1	12.9	-58.8	31.5	13.8
175	6	3.95	30.3	2.51	60.5	30.8	1.95	60.6
174	6	4.59	33.1	-49.1	75.1	32.6	-52.9	74
173	5	3.53	67.3	19.3	22.6	64.7	24.7	18.4
172	5	3.95	31.8	-40.6	-45.1	33.1	-42.3	-46.9
171	5	3.71	-41.6	-39	41.5	-40.9	-37.3	40.1
170	5	3.37	5.12	-24.3	-30.2	4.96	-29.3	-37.1
169	5	3.59	43.2	-4.62	16.2	44.6	-3.99	16
168	5	3.65	-31.7	14.4	-47.2	-31.8	8.02	-46.1
167	5	3.85	51.8	-65.7	-30	54.5	-65.8	-30
166	5	4.07	49.3	4.72	-53.5	48	7.91	-54
165	5	5.23	-55	-31.2	46.2	-55.6	-33	46.5
164	5	3.74	-58	-16.3	55	-59.3	-16.8	56.2
163	5	3.31	-69.1	-49	15.8	-65.2	-53	16.4
162	4	3.74	-32.2	-29.7	-28.2	-31.3	-29	-28.3
161	4	4.3	-33.5	68	17	-35.1	67.1	15.9
160	4	3.45	39.5	19.8	-44.5	37	21.9	-42
159	4	4.05	-14.6	-12.1	2.15	-13.8	-12	2.12
158	4	3.51	-22.3	-53	-24.4	-22.4	-55.5	-25.3
157	4	4.87	-27.6	-25.3	67	-26.8	-26	67.1
156	4	3.7	34.5	-78.4	-49.9	35.3	-78.6	-49.9
155	4	3.86	24.6	-52.8	-59.7	24.7	-52.3	-57.2
154	4	3.21	-23.7	49.7	8.63	-28.8	49.8	8.74
153	4	3.94	-26.8	69.4	5.28	-25.2	68.8	6.69
152	4	3.32	10.2	4.77	72	7.77	7.27	71.6
151	4	4.21	39.1	-20.2	-20.6	39.9	-20.1	-20.6
150	4	3.88	41.4	-76.9	-39	43.1	-78.6	-38.8
149	4	3.83	37	7.18	48.2	34.5	5.4	47.2
148	3	4.15	30.2	37.5	3.57	30.2	37.3	3.59
147	3	3.89	-54.6	37.4	-11	-56.8	39.3	-13
146	3	3.5	2.42	-14.1	13.3	0.21	-15.1	13.6
145	3	3.5	-68.5	0.13	7.21	-69.6	0.906	5.23
144	3	3.65	-65.3	-44	48.7	-63.2	-45.1	48.9
143	3	4.49	58.7	-56.1	-31.8	57.7	-55.1	-32
142	3	3.96	-7.12	40.1	-7.14	-8.14	39	-6.92
141	3	3.68	2.43	-58.9	72	3.46	-60	72.2
140	3	5.15	-50.9	48.8	-1.75	-51.8	46.2	0.133
139	3	3.24	-23	-85.8	-41.3	-20.8	-85.5	-39.5
138	3	3.9	42.9	0.988	-13.1	44.1	-0.0306	-12.9
137	3	4.21	-4.28	-4.96	6.28	-3.16	-4.06	6.09
136	3	3.76	33.4	-22.9	70.5	34.5	-22.7	72.3
135	3	4.31	-11.4	-3.28	-27.7	-8.38	-1.39	-28.1
134	3	3.51	-37.8	-34	74.5	-35.5	-33	74.2
133	3	3.32	-29.6	-88.8	-18	-28.5	-90.9	-17.6
132	3	3.44	-53.2	-65.3	-44	-53.2	-65.3	-44
131	3	3.82	8.77	-4.7	-33.7	11	-3.21	-30.5
130	3	3.63	-52.7	-40.7	-37	-49.5	-42.1	-38.6
129	3	3.44	-13.8	-23.2	83.2	-16	-22.1	83.1
128	3	3.68	-52.7	-77.3	8.94	-54.9	-78.4	9.18
127	3	3.8	52.7	-5.95	-34.7	50.6	-6.91	-34.5
126	3	3.62	-47.4	47.1	9.75	-46.3	46	9.9
125	3	3.93	-18.1	17.3	-48.1	-20.4	16.3	-47.8
124	3	3.22	2.2	-5.25	-16.5	-1.17	-5.16	-16.4
123	3	3.26	-24.1	16.9	14.3	-21.9	15.8	14.5
122	3	3.63	29.5	4.65	-13.3	29.3	5.48	-15.4
121	3	3.46	3.11	21.1	24.1	2.01	22.2	24
120	3	3.32	-13.5	7.87	66.5	-13.4	11.3	67.7
119	3	3.42	13.3	24.1	23.3	12.2	23.4	25.3
118	3	4.15	25.7	9.51	-48	26.8	8.42	-47.8
117	3	3.29	25.6	-25.6	-13.6	24.5	-22.3	-14.1
116	2	4.1	43.4	-36.3	72.6	41.8	-36.3	72.6
115	2	3.24	-22.5	-91.3	10.5	-20.8	-91.4	10.5
114	2	3.85	-69.3	-27.8	-21.8	-69.2	-26.3	-22.1
113	2	3.44	46.5	14	-15.4	44.9	14	-15.4
112	2	3.17	-38.3	-6.54	-9.44	-38.4	-8.17	-9.16
111	2	3.39	5.6	6.06	-29.8	7.32	8.04	-27.5
110	2	3.34	32.3	-38	-5.97	33.9	-38.1	-6.01
109	2	3.32	-51	-14	71.4	-51	-12.4	71.1
108	2	3.44	3.25	17.1	41.8	1.64	17.2	41.8
107	2	3.31	20.9	-84.6	-48.4	19.2	-86.1	-48.1
106	2	4.29	49.7	17.9	-33.2	51.2	17.9	-33.2
105	2	3.14	-19.9	-96.6	-45.2	-21.5	-96.5	-45.1
104	2	3.45	-22.7	-99.5	0.641	-21.1	-98	0.331
103	2	3.79	6.58	-17.2	81.6	8.17	-16.9	84.1
102	2	3.44	-6.59	9.37	77.3	-8.19	9.41	77.4
101	2	3.24	-16.7	9.66	77.6	-18.4	9.7	77.6
100	2	3.66	-59.2	-31.4	-21.5	-59.1	-29.8	-21.8
99	2	3.72	-47.2	35.8	45.6	-45.6	37.2	45.3
98	2	3.35	-75.2	-7.82	20.1	-75.2	-9.39	20.4
97	2	3.46	-38.4	-21.2	4.42	-38.4	-19.7	4.15
96	2	3.35	-33.8	31.3	40.4	-32.1	31.2	40.3
95	2	4.09	56.1	-48.4	17.8	56.1	-46.9	17.5
94	2	3.41	-65	9.86	5.42	-66.6	9.9	5.46
93	2	4.09	-10.1	52.6	7.74	-8.55	52.5	7.7
92	2	3.39	-3.14	49.2	30.7	-3.2	47.2	28.3
91	2	3.5	-31.2	-48.2	71.1	-32.9	-48.1	71.1
90	2	3.29	-10.3	17.5	42.1	-10.2	19.1	41.8
89	2	3.19	12	-67.6	39.3	13.8	-66	39
88	2	3.48	-65.3	-26.9	28.8	-65.3	-28.5	29.1
87	2	3.63	-4.57	8.78	-35.7	-2.99	8.73	-35.7
86	2	3.67	6.38	3.08	38.5	8	3.04	38.5
85	2	3.46	-18.6	-18.7	-41.8	-18.6	-20.3	-41.5
84	2	3.64	-42.1	-75	47.8	-42.2	-76.9	45.5
83	1	3.22	-23	-93.9	-28.6	-23	-93.9	-28.6
82	1	3.37	25	-31.5	-52.1	25	-31.5	-52.1
81	1	3.19	17.8	-69.7	-39.6	17.8	-69.7	-39.6
80	1	3.32	25.4	-5.28	-56.7	25.4	-5.28	-56.7
79	1	3.4	19.5	35.1	-35.3	19.5	35.1	-35.3
78	1	3.27	-6.39	-100	-44.9	-6.39	-100	-44.9
77	1	3.13	-28.3	20	-53.9	-28.3	20	-53.9
76	1	3.24	-48.7	10.8	-51.7	-48.7	10.8	-51.7
75	1	3.12	-11.4	-8.99	-21.1	-11.4	-8.99	-21.1
74	1	3.92	22.2	-0.222	-46.2	22.2	-0.222	-46.2
73	1	3.61	-21.7	6.73	-51.8	-21.7	6.73	-51.8
72	1	3.27	-1.45	-5.26	-39	-1.45	-5.26	-39
71	1	3.2	69.8	0.967	-30.8	69.8	0.967	-30.8
70	1	3.09	-15.3	-17.2	-53.5	-15.3	-17.2	-53.5
69	1	3.25	7.67	-61.3	-52.1	7.67	-61.3	-52.1
68	1	3.2	-29.1	-42.2	-43.1	-29.1	-42.2	-43.1
67	1	3.1	-72.5	-17.9	-23.5	-72.5	-17.9	-23.5
66	1	3.18	39.1	-12.1	-33.3	39.1	-12.1	-33.3
65	1	3.34	25.6	-8.45	-33.5	25.6	-8.45	-33.5
64	1	3.25	14.2	-74.6	-50	14.2	-74.6	-50
63	1	3.7	-51.9	21.5	-47.9	-51.9	21.5	-47.9
62	1	3.14	-34.2	23.8	13.4	-34.2	23.8	13.4
61	1	3.23	57.3	34.3	9.01	57.3	34.3	9.01
60	1	3.13	-3.46	45.8	8.72	-3.46	45.8	8.72
59	1	3.12	-25.6	-93.5	39.3	-25.6	-93.5	39.3
58	1	3.16	19.8	4.29	26.6	19.8	4.29	26.6
57	1	3.37	63.8	9.59	24.4	63.8	9.59	24.4
56	1	3.32	-35.3	-71.9	47.1	-35.3	-71.9	47.1
55	1	3.15	-18.2	-56	43.8	-18.2	-56	43.8
54	1	4.07	-43.7	56.1	25	-43.7	56.1	25
53	1	3.17	66.8	-28.1	42.2	66.8	-28.1	42.2
52	1	3.32	-19.9	62.8	28.9	-19.9	62.8	28.9
51	1	3.2	-68.4	-30	52	-68.4	-30	52
50	1	3.25	-20.9	-15	48.1	-20.9	-15	48.1
49	1	3.1	-27.2	18	42.5	-27.2	18	42.5
48	1	3.13	43	-3.87	-0.909	43	-3.87	-0.909
47	1	3.11	50.4	0.249	49	50.4	0.249	49
46	1	3.2	-30.2	41.8	44.1	-30.2	41.8	44.1
45	1	3.43	-21.3	-59.1	67.1	-21.3	-59.1	67.1
44	1	3.21	57.2	-2.37	55	57.2	-2.37	55
43	1	3.23	-10.3	2.82	56	-10.3	2.82	56
42	1	3.31	43.1	-50.3	69.3	43.1	-50.3	69.3
41	1	3.16	-7.55	-51.3	76.6	-7.55	-51.3	76.6
40	1	3.1	-10.3	-5.32	68.7	-10.3	-5.32	68.7
39	1	3.78	6.06	-50.8	81.8	6.06	-50.8	81.8
38	1	3.86	9.53	-44.3	80.6	9.53	-44.3	80.6
37	1	3.28	26.5	-38.3	79	26.5	-38.3	79
36	1	3.23	-27.6	-36.7	80.3	-27.6	-36.7	80.3
35	1	3.47	-7.25	-34	79.3	-7.25	-34	79.3
34	1	3.17	-20.2	-0.072	79.4	-20.2	-0.072	79.4
33	1	3.11	3.14	-26.1	88.9	3.14	-26.1	88.9
32	1	3.21	-24.3	-23.8	55.4	-24.3	-23.8	55.4
31	1	3.31	53.3	28.5	-29.4	53.3	28.5	-29.4
30	1	3.26	-24.3	40.5	-29.3	-24.3	40.5	-29.3
29	1	3.39	11	-104	0.419	11	-104	0.419
28	1	3.23	-2.2	-80.5	-3.26	-2.2	-80.5	-3.26
27	1	3.44	-69.3	-39.3	-8.53	-69.3	-39.3	-8.53
26	1	3.17	-65.7	-26.3	-10.9	-65.7	-26.3	-10.9
25	1	3.33	-51.9	-12.7	-7.99	-51.9	-12.7	-7.99
24	1	3.25	-21.3	-0.466	-11	-21.3	-0.466	-11
23	1	3.46	-47.9	36.3	-16.6	-47.9	36.3	-16.6
22	1	3.12	-36.1	-97.5	12	-36.1	-97.5	12
21	1	3.35	35.2	-76.6	6.31	35.2	-76.6	6.31
20	1	3.23	-65.2	1.62	-4.45	-65.2	1.62	-4.45
19	1	3.11	9.48	22.4	-10.2	9.48	22.4	-10.2
18	1	3.43	-61.5	27.7	-9.09	-61.5	27.7	-9.09
17	1	3.65	73.7	-2.21	14.9	73.7	-2.21	14.9
16	1	3.16	-19.1	-97.1	17.1	-19.1	-97.1	17.1
15	1	3.6	69.4	-50.5	6.45	69.4	-50.5	6.45
14	1	3.21	-52.2	-40.5	8.16	-52.2	-40.5	8.16
13	1	3.38	-23.2	-81.8	-59	-23.2	-81.8	-59
12	1	3.11	2.62	10.4	-2.24	2.62	10.4	-2.24
11	1	3.45	-21.9	-60.1	16.4	-21.9	-60.1	16.4
10	1	3.12	-65.3	-13.1	9.42	-65.3	-13.1	9.42
9	1	3.14	21.6	-96.6	27.1	21.6	-96.6	27.1
8	1	3.28	-59.3	-74.6	25.6	-59.3	-74.6	25.6
7	1	3.73	-65.4	-25.3	17.2	-65.4	-25.3	17.2
6	1	3.44	67	10.2	7.26	67	10.2	7.26
5	1	3.22	-39	-77.6	31.2	-39	-77.6	31.2
4	1	3.4	-48.9	-61	28.6	-48.9	-61	28.6
3	1	3.71	22.4	-40.1	22.9	22.4	-40.1	22.9
2	1	3.29	-34.7	-12.2	19.7	-34.7	-12.2	19.7
1	1	3.25	-12.5	-104	18.1	-12.5	-104	18.1
