Cluster Index	Voxels	P	-log10(P)	Z-MAX	Z-MAX X (mm)	Z-MAX Y (mm)	Z-MAX Z (mm)	Z-COG X (mm)	Z-COG Y (mm)	Z-COG Z (mm)	COPE-MAX	COPE-MAX X (mm)	COPE-MAX Y (mm)	COPE-MAX Z (mm)	COPE-MEAN
96	6196	2.2e-13	12.7	7.24	56.7	-41.7	61.8	5.12	-10	14.9	1.54e+03	-22.1	-25.2	-40.6	348
95	42	1.5e-06	5.82	4.67	-3.81	44.9	-19.4	-0.768	44.6	-19.4	597	-0.654	28.4	-16.6	438
94	31	6.86e-06	5.16	4.35	-20.7	-27.1	78.4	-22.5	-24.9	75.8	552	-20.7	-27.1	78.4	329
93	18	1.08e-05	4.97	4.25	25.3	-81.9	35.8	20.4	-83.9	35	388	21.9	-81.8	35.9	310
92	16	8.56e-08	7.07	5.23	5.45	-40.4	17.8	1.53	-40.1	18.2	393	5.45	-40.4	17.8	276
91	13	8.97e-07	6.05	4.78	-75.7	-30	7	-70.5	-31.4	7.11	542	-72.4	-33.4	7.5	343
90	12	3.61e-06	5.44	4.49	-19.8	-99	-39.1	-12.8	-97.9	-38.2	388	-2.89	-96.2	-40.1	300
89	12	4.04e-05	4.39	3.94	20	-27.4	83	19.9	-23.2	82.3	816	23.4	-24.2	82.3	523
88	10	1.15e-05	4.94	4.23	-16.4	-82	-59.1	-22.6	-82.8	-58.8	916	-26.6	-81.7	-58.9	605
87	10	8.6e-07	6.07	4.78	-7.17	36.9	-6.57	-6.65	33.7	-6.03	385	-7.21	33.6	-6	320
86	8	4.71e-06	5.33	4.43	24.1	-83.1	-60.1	25.3	-83.5	-60	760	24.1	-83.1	-60.1	512
85	8	3.47e-05	4.46	3.98	-22.3	-88.8	27	-22.3	-91.2	27.4	694	-25.7	-95.2	28.2	367
84	6	9.41e-05	4.03	3.73	-4.28	20.3	-26.4	-2.64	21.8	-26.7	836	-0.857	23.5	-27	565
83	6	3.34e-05	4.48	3.99	-55.2	-16.6	9.75	-57.4	-20.1	12.3	379	-58.5	-19	15.9	298
82	6	2.11e-05	4.68	4.1	-10.5	1.13	45	-9.94	0.458	45.1	235	-10.5	1.13	45	203
81	6	7.32e-05	4.14	3.8	23.1	-35.7	73	26.8	-35.1	71	344	26.5	-35.8	73	268
80	6	2.26e-05	4.65	4.08	-10.4	58.2	-21.5	-8.73	58.1	-21.5	581	-6.97	61.4	-22.1	480
79	5	0.000177	3.75	3.57	8	-97	21.9	8.05	-93.5	23.5	307	8	-97	21.9	239
78	5	3.5e-05	4.46	3.98	-55.3	-40.3	30.8	-53.3	-37.9	30.4	297	-51.9	-37.1	30.2	267
77	4	7.82e-05	4.11	3.78	-13.5	66.5	-11.6	-15.1	68.2	-11.8	534	-13.5	66.5	-11.6	405
76	4	0.000217	3.66	3.52	-7.93	-49.8	42.4	-9.57	-48.1	42.2	300	-11.3	-49.7	42.5	275
75	4	1.31e-06	5.88	4.7	-34.9	-62	67.9	-38	-60.4	67.8	457	-38.3	-61.9	68	409
74	4	0.000509	3.29	3.29	-38.7	-15.6	-24.8	-37.8	-12.4	-25.4	221	-35.3	-10	-31.5	182
73	4	0.000381	3.42	3.37	-72.3	-38.2	19.6	-70.6	-36.6	19.3	376	-72.3	-34.9	19.1	329
72	4	1.43e-05	4.84	4.18	22.5	-27.8	15.1	21	-26.1	14.9	279	22.5	-27.8	15.1	232
71	4	3.75e-05	4.43	3.96	41.8	-72.7	-11.5	41.9	-72	-11.6	388	41.8	-72.7	-11.5	331
70	3	0.000308	3.51	3.42	-46	-86.5	16	-46	-83.3	15.4	471	-46	-86.5	16	392
69	3	0.000221	3.66	3.51	-41.3	-35.6	63.5	-42.4	-36.7	63.8	338	-41.3	-38.9	64.1	298
68	3	3.12e-05	4.51	4	-56.1	-71.5	2.37	-54.9	-70.6	2.18	312	-56.1	-71.5	2.37	278
67	3	5.59e-05	4.25	3.86	-45.8	-81.6	26.4	-44.7	-83.7	26.8	419	-45.8	-81.6	26.4	396
66	3	0.000509	3.29	3.29	-42.2	-31	-16.4	-41.1	-30	-16.6	177	-42.1	-27.8	-16.9	159
65	3	0.000142	3.85	3.63	29.1	-4.43	-28.7	31.4	-3.42	-28.9	236	29.1	-4.43	-28.7	194
64	3	3.67e-05	4.44	3.96	43	27.1	-40.2	44.1	28.1	-40.4	366	43	27.1	-40.2	276
63	3	0.000212	3.67	3.52	-47.9	11.1	16	-51.2	11.2	16.1	269	-54.7	11.3	16.2	243
62	3	3.93e-05	4.41	3.95	-12	-93.9	38.9	-14.1	-92.8	38.8	430	-15.4	-90.6	38.4	370
61	3	0.000553	3.26	3.26	4.44	-59.5	-41	7.71	-61.5	-46.4	230	7.74	-60.5	-46.6	213
60	3	0.000251	3.6	3.48	-33	-61	-56.7	-35.1	-59.9	-56.8	252	-36.3	-57.6	-57.1	234
59	3	0.000315	3.5	3.42	43	-7.15	-0.338	44.1	-6.13	-0.547	366	46.3	-7.24	-0.418	306
58	2	0.000555	3.26	3.26	32.4	-11.1	-27.6	30.8	-11	-27.6	370	32.4	-11.1	-27.6	310
57	2	1.55e-05	4.81	4.17	60.4	-18.8	57.7	62	-18.9	57.7	290	60.4	-18.8	57.7	237
56	2	0.000375	3.43	3.37	-29.7	-96.2	-22.4	-29.7	-94.6	-22.6	293	-29.7	-92.9	-22.9	236
55	2	0.000216	3.67	3.52	-45.2	18.1	-47.5	-45.2	16.5	-47.2	212	-45.2	14.8	-46.9	208
54	2	0.000343	3.46	3.4	58.7	-48	-44.6	58.7	-49.5	-44.3	322	58.7	-48	-44.6	278
53	2	0.000817	3.09	3.15	-15.7	-43.4	-48.9	-14	-45.1	-48.7	365	-15.7	-43.4	-48.9	339
52	2	0.000731	3.14	3.18	-35.1	-31.1	6.05	-33.5	-31.2	6.01	150	-31.8	-31.2	5.97	141
51	2	4.42e-05	4.35	3.92	-62.8	-68.1	1.96	-64.3	-66.6	1.74	185	-62.8	-68.1	1.96	157
50	2	0.000436	3.36	3.33	-34.5	-21.1	49.5	-36.1	-21.1	49.6	198	-37.8	-21	49.6	183
49	2	3.08e-05	4.51	4.01	66.8	2.85	2.9	68.4	2.8	2.86	275	66.8	2.85	2.9	234
48	2	0.000288	3.54	3.44	-20.7	25.8	7.04	-20.7	27.4	6.76	291	-20.7	25.8	7.04	270
47	2	0.000313	3.5	3.42	-28.9	-82	26	-28.9	-80.4	25.8	273	-28.9	-82	26	220
46	1	0.000511	3.29	3.28	-25.2	-11.1	-37.3	-25.2	-11.1	-37.3	219	-25.2	-11.1	-37.3	219
45	1	0.000989	3	3.09	62.7	-16.9	-38.8	62.7	-16.9	-38.8	180	62.7	-16.9	-38.8	180
44	1	0.000431	3.37	3.33	-62.9	-46.1	-30.1	-62.9	-46.1	-30.1	181	-62.9	-46.1	-30.1	181
43	1	0.000266	3.58	3.46	18.2	-54.9	-30.9	18.2	-54.9	-30.9	151	18.2	-54.9	-30.9	151
42	1	0.000563	3.25	3.26	8.59	-68.3	33.9	8.59	-68.3	33.9	210	8.59	-68.3	33.9	210
41	1	0.000285	3.55	3.45	-13.2	64.2	17.1	-13.2	64.2	17.1	426	-13.2	64.2	17.1	426
40	1	0.000224	3.65	3.51	-28.4	4.49	-45.6	-28.4	4.49	-45.6	149	-28.4	4.49	-45.6	149
39	1	0.000104	3.98	3.71	24.3	-98.5	-29.1	24.3	-98.5	-29.1	301	24.3	-98.5	-29.1	301
38	1	0.000838	3.08	3.14	-28.9	-25.8	-45.9	-28.9	-25.8	-45.9	153	-28.9	-25.8	-45.9	153
37	1	0.000852	3.07	3.14	-42.4	-36	-26.8	-42.4	-36	-26.8	224	-42.4	-36	-26.8	224
36	1	0.000514	3.29	3.28	-23.2	74.3	15.6	-23.2	74.3	15.6	173	-23.2	74.3	15.6	173
35	1	0.000491	3.31	3.3	39.4	-54.4	41.9	39.4	-54.4	41.9	204	39.4	-54.4	41.9	204
34	1	0.000121	3.92	3.67	7.26	-96.5	-40.3	7.26	-96.5	-40.3	245	7.26	-96.5	-40.3	245
33	1	0.000715	3.15	3.19	13.7	17.8	69.6	13.7	17.8	69.6	646	13.7	17.8	69.6	646
32	1	0.000375	3.43	3.37	31.8	-29.2	-58.4	31.8	-29.2	-58.4	360	31.8	-29.2	-58.4	360
31	1	0.000762	3.12	3.17	19.4	-52.9	70.5	19.4	-52.9	70.5	211	19.4	-52.9	70.5	211
30	1	0.000987	3.01	3.09	12.5	-51.9	53.5	12.5	-51.9	53.5	179	12.5	-51.9	53.5	179
29	1	0.000654	3.18	3.21	-50.1	-73.6	-54	-50.1	-73.6	-54	201	-50.1	-73.6	-54	201
28	1	0.00048	3.32	3.3	3.94	-81.7	-54.1	3.94	-81.7	-54.1	246	3.94	-81.7	-54.1	246
27	1	4.81e-05	4.32	3.9	14.1	-73	-61.6	14.1	-73	-61.6	344	14.1	-73	-61.6	344
26	1	0.00029	3.54	3.44	-51.4	-20.6	49.9	-51.4	-20.6	49.9	140	-51.4	-20.6	49.9	140
25	1	0.000281	3.55	3.45	-63	-47.8	-41.1	-63	-47.8	-41.1	124	-63	-47.8	-41.1	124
24	1	0.000614	3.21	3.23	-31.2	-39.2	63.9	-31.2	-39.2	63.9	222	-31.2	-39.2	63.9	222
23	1	0.00079	3.1	3.16	-12.3	-96.5	22.4	-12.3	-96.5	22.4	228	-12.3	-96.5	22.4	228
22	1	0.00093	3.03	3.11	-10.4	-8.59	69.3	-10.4	-8.59	69.3	205	-10.4	-8.59	69.3	205
21	1	0.0003	3.52	3.43	-38.8	-50.7	9.56	-38.8	-50.7	9.56	169	-38.8	-50.7	9.56	169
20	1	0.000643	3.19	3.22	-13	52.9	53	-13	52.9	53	176	-13	52.9	53	176
19	1	0.000498	3.3	3.29	-72.2	-17.8	-0.863	-72.2	-17.8	-0.863	168	-72.2	-17.8	-0.863	168
18	1	0.000957	3.02	3.1	-24.2	-40.1	80.8	-24.2	-40.1	80.8	186	-24.2	-40.1	80.8	186
17	1	0.000608	3.22	3.24	-4.43	-0.945	-11.4	-4.43	-0.945	-11.4	390	-4.43	-0.945	-11.4	390
16	1	0.000882	3.05	3.13	15.7	-14.6	-9.57	15.7	-14.6	-9.57	175	15.7	-14.6	-9.57	175
15	1	0.000434	3.36	3.33	-0.77	4.76	4.48	-0.77	4.76	4.48	527	-0.77	4.76	4.48	527
14	1	0.000869	3.06	3.13	43.7	0.441	49.2	43.7	0.441	49.2	204	43.7	0.441	49.2	204
13	1	0.000837	3.08	3.14	-45.5	-19.5	-29.6	-45.5	-19.5	-29.6	203	-45.5	-19.5	-29.6	203
12	1	0.000708	3.15	3.19	-41.7	-4.01	-15.4	-41.7	-4.01	-15.4	232	-41.7	-4.01	-15.4	232
11	1	0.000825	3.08	3.15	-61.8	-12.3	14.8	-61.8	-12.3	14.8	258	-61.8	-12.3	14.8	258
10	1	0.000607	3.22	3.24	-48.1	0.398	12.2	-48.1	0.398	12.2	222	-48.1	0.398	12.2	222
9	1	0.000641	3.19	3.22	63.1	7.71	-31.8	63.1	7.71	-31.8	196	63.1	7.71	-31.8	196
8	1	0.000456	3.34	3.32	-72.3	-1.56	-26.3	-72.3	-1.56	-26.3	120	-72.3	-1.56	-26.3	120
7	1	0.000716	3.15	3.19	-68.4	0.973	12.7	-68.4	0.973	12.7	152	-68.4	0.973	12.7	152
6	1	0.000968	3.01	3.1	33.4	-17.2	63.9	33.4	-17.2	63.9	218	33.4	-17.2	63.9	218
5	1	0.000423	3.37	3.34	-38.2	22.8	-37.2	-38.2	22.8	-37.2	475	-38.2	22.8	-37.2	475
4	1	0.000306	3.51	3.43	42.7	4.16	-36.2	42.7	4.16	-36.2	179	42.7	4.16	-36.2	179
3	1	0.000633	3.2	3.22	-54.7	4.71	17.3	-54.7	4.71	17.3	170	-54.7	4.71	17.3	170
2	1	0.00099	3	3.09	22.1	-21.5	-31.2	22.1	-21.5	-31.2	504	22.1	-21.5	-31.2	504
1	1	0.000605	3.22	3.24	-11.2	1.68	-17.3	-11.2	1.68	-17.3	569	-11.2	1.68	-17.3	569
