Cluster Index	Z	P	-log10(P)	x	y	z	
217	5.34	4.61e-08	7.34	32	55	14
217	5.25	7.45e-08	7.13	30	52	16
217	5.22	8.98e-08	7.05	27	45	25
217	5.04	2.34e-07	6.63	20	46	12
217	4.98	3.2e-07	6.49	18	41	23
217	4.96	3.5e-07	6.46	29	48	17
216	5.43	2.84e-08	7.55	41	22	11
216	5.35	4.44e-08	7.35	49	19	9
216	5.33	4.92e-08	7.31	18	19	10
216	5.26	7.05e-08	7.15	47	16	9
216	5.23	8.55e-08	7.07	45	15	6
216	5.14	1.35e-07	6.87	33	13	5
215	5.39	3.45e-08	7.46	24	11	20
215	5.29	6.13e-08	7.21	20	14	22
215	5.16	1.22e-07	6.91	18	15	20
215	5.15	1.31e-07	6.88	15	16	20
215	5.11	1.6e-07	6.8	30	11	22
215	5.06	2.09e-07	6.68	32	11	22
214	5.19	1.05e-07	6.98	43	44	14
214	4.95	3.71e-07	6.43	30	41	22
214	4.8	7.89e-07	6.1	43	45	10
214	4.72	1.2e-06	5.92	32	44	21
214	4.71	1.26e-06	5.9	35	44	20
214	4.43	4.8e-06	5.32	38	43	17
213	5.19	1.05e-07	6.98	32	6	14
213	4.31	8.12e-06	5.09	41	10	18
213	4.2	1.35e-05	4.87	30	8	17
213	3.87	5.5e-05	4.26	41	8	17
213	3.71	0.000103	3.99	36	6	15
213	3.62	0.00015	3.82	29	4	15
212	4.61	1.99e-06	5.7	44	14	22
212	4.24	1.13e-05	4.95	47	16	20
212	3.79	7.38e-05	4.13	45	18	19
212	3.67	0.000123	3.91	42	17	21
212	3.26	0.00056	3.25	41	12	22
211	5.41	3.11e-08	7.51	45	51	12
211	5.04	2.27e-07	6.64	43	50	12
211	4.38	5.97e-06	5.22	43	53	11
211	4.35	6.96e-06	5.16	47	51	10
211	4.19	1.4e-05	4.86	45	54	14
211	3.73	9.72e-05	4.01	46	49	11
210	4.97	3.37e-07	6.47	48	35	19
210	3.41	0.000324	3.49	49	38	19
209	4.58	2.36e-06	5.63	34	53	20
208	4.78	8.9e-07	6.05	47	36	6
208	4.61	2e-06	5.7	51	36	6
208	4.31	8.22e-06	5.09	48	40	7
208	4.19	1.42e-05	4.85	49	37	6
208	3.47	0.000263	3.58	51	37	8
207	4.56	2.59e-06	5.59	18	18	3
207	4.34	7.02e-06	5.15	16	22	4
207	3.89	4.97e-05	4.3	19	20	2
207	3.44	0.000292	3.54	19	21	4
206	4.7	1.28e-06	5.89	45	10	13
206	3.51	0.000226	3.65	44	8	15
205	4	3.11e-05	4.51	11	33	11
205	3.66	0.000126	3.9	12	35	12
204	4.69	1.39e-06	5.86	23	46	9
204	4.29	9.03e-06	5.04	23	44	9
204	3.97	3.64e-05	4.44	24	42	9
204	3.4	0.000332	3.48	21	46	9
203	4.2	1.32e-05	4.88	41	15	12
203	3.78	7.9e-05	4.1	37	11	12
203	3.78	7.98e-05	4.1	40	13	13
202	4.09	2.17e-05	4.66	44	33	22
202	3.96	3.67e-05	4.43	42	32	23
202	3.4	0.000332	3.48	43	35	22
201	4.37	6.3e-06	5.2	17	25	20
201	3.71	0.000104	3.98	16	21	23
201	3.49	0.000242	3.62	19	24	20
200	4.91	4.5e-07	6.35	39	45	9
200	4.5	3.38e-06	5.47	41	44	8
199	4.38	5.91e-06	5.23	15	40	13
199	4.03	2.81e-05	4.55	15	44	13
198	4.12	1.89e-05	4.72	41	16	19
198	3.48	0.00025	3.6	39	15	19
198	3.4	0.000332	3.48	38	16	17
197	4.12	1.87e-05	4.73	45	12	4
196	3.73	9.47e-05	4.02	47	42	15
195	4.07	2.35e-05	4.63	34	8	10
195	3.63	0.000139	3.86	31	7	10
195	3.32	0.000454	3.34	31	9	10
194	3.81	6.94e-05	4.16	13	19	12
194	3.68	0.000116	3.93	14	20	10
194	3.37	0.000377	3.42	11	23	11
193	4.07	2.38e-05	4.62	47	27	8
193	3.61	0.000153	3.82	45	29	8
193	3.39	0.000347	3.46	49	25	8
192	3.86	5.64e-05	4.25	43	13	15
192	3.7	0.000109	3.96	43	16	16
191	4.65	1.7e-06	5.77	23	52	14
190	3.77	8.24e-05	4.08	17	38	9
190	3.4	0.000342	3.47	14	38	10
190	3.25	0.000581	3.24	14	36	10
189	3.84	6.18e-05	4.21	34	29	9
189	3.52	0.000213	3.67	30	29	9
188	4.22	1.24e-05	4.91	43	25	2
187	3.57	0.000181	3.74	29	23	0
187	3.51	0.000228	3.64	29	20	0
187	3.22	0.000651	3.19	27	21	1
186	3.53	0.000209	3.68	46	29	22
185	3.92	4.51e-05	4.35	48	43	12
184	4.31	8.03e-06	5.1	36	37	22
184	3.42	0.000315	3.5	34	37	23
183	4.1	2.03e-05	4.69	40	49	23
183	3.68	0.000119	3.93	41	50	21
182	3.53	0.000211	3.68	44	48	18
182	3.15	0.000812	3.09	45	45	18
181	4.32	7.93e-06	5.1	27	29	27
181	3.72	0.000101	4	26	27	27
180	4.79	8.35e-07	6.08	29	10	12
180	3.53	0.000206	3.69	28	13	11
179	3.81	7.08e-05	4.15	53	24	14
178	3.84	6.26e-05	4.2	35	41	12
178	3.79	7.41e-05	4.13	32	42	13
177	3.51	0.000226	3.65	42	33	7
177	3.18	0.000735	3.13	45	32	7
176	4.22	1.21e-05	4.92	51	44	16
175	3.95	3.91e-05	4.41	24	34	24
174	4.59	2.17e-06	5.66	23	18	25
174	3.89	4.98e-05	4.3	24	16	24
173	3.53	0.00021	3.68	13	41	18
173	3.32	0.000451	3.35	14	44	17
172	3.95	3.99e-05	4.4	23	26	4
171	3.71	0.000106	3.98	45	22	19
170	3.37	0.000371	3.43	31	30	7
170	3.25	0.000581	3.24	31	29	5
169	3.59	0.000164	3.78	20	34	16
168	3.65	0.000133	3.88	42	42	5
168	3.41	0.00032	3.5	42	38	5
167	3.85	6e-05	4.22	17	18	6
166	4.07	2.39e-05	4.62	18	40	4
166	3.34	0.000414	3.38	20	42	4
165	5.23	8.44e-08	7.07	49	24	20
164	3.74	9.04e-05	4.04	50	28	22
163	3.31	0.000469	3.33	53	20	14
163	3.29	0.000506	3.3	52	18	14
162	3.74	9.02e-05	4.04	42	28	7
161	4.3	8.63e-06	5.06	43	55	18
160	3.45	0.000278	3.56	21	44	6
160	3.45	0.00028	3.55	23	44	7
159	4.05	2.52e-05	4.6	37	32	13
158	3.51	0.000225	3.65	39	21	7
158	3.18	0.00073	3.14	39	19	6
157	4.87	5.72e-07	6.24	41	25	24
156	3.7	0.000109	3.96	22	15	2
155	3.86	5.76e-05	4.24	25	23	1
154	3.21	0.000663	3.18	40	50	16
154	3.2	0.000694	3.16	43	50	16
153	3.94	4.12e-05	4.39	41	56	16
152	3.32	0.000444	3.35	30	34	26
151	4.21	1.27e-05	4.89	21	31	9
150	3.88	5.23e-05	4.28	20	15	4
149	3.83	6.5e-05	4.19	22	36	22
148	4.15	1.66e-05	4.78	24	47	15
147	3.89	4.92e-05	4.31	49	47	12
146	3.5	0.000237	3.63	32	31	15
145	3.5	0.000231	3.64	53	35	14
144	3.65	0.000129	3.89	52	20	20
143	4.49	3.62e-06	5.44	15	21	6
142	3.96	3.69e-05	4.43	35	48	13
141	3.68	0.000117	3.93	32	15	24
140	5.15	1.31e-07	6.88	48	50	14
139	3.24	0.000596	3.22	39	12	3
138	3.9	4.8e-05	4.32	20	37	11
137	4.21	1.26e-05	4.9	34	34	14
136	3.76	8.38e-05	4.08	23	26	25
135	4.31	7.99e-06	5.1	36	36	8
134	3.51	0.000222	3.65	44	22	25
133	3.32	0.000448	3.35	41	10	7
132	3.44	0.000287	3.54	48	18	3
131	3.82	6.74e-05	4.17	30	36	7
130	3.63	0.000144	3.84	48	25	5
129	3.44	0.000293	3.53	37	25	27
128	3.68	0.000118	3.93	48	12	12
127	3.8	7.27e-05	4.14	17	36	7
126	3.62	0.000147	3.83	47	49	16
125	3.93	4.28e-05	4.37	38	43	5
124	3.22	0.00063	3.2	32	35	10
124	3.22	0.000643	3.19	34	35	10
123	3.26	0.000549	3.26	40	40	16
122	3.63	0.000143	3.85	24	38	11
121	3.46	0.000272	3.57	32	41	18
120	3.32	0.00045	3.35	37	35	25
120	3.1	0.000975	3.01	37	37	26
119	3.42	0.000314	3.5	29	42	18
118	4.15	1.66e-05	4.78	25	41	5
117	3.29	0.000503	3.3	25	29	10
116	4.1	2.08e-05	4.68	20	22	25
115	3.24	0.000595	3.23	39	8	12
114	3.85	5.93e-05	4.23	53	28	8
113	3.44	0.000293	3.53	19	41	11
112	3.17	0.000757	3.12	44	34	11
111	3.39	0.000343	3.46	31	39	8
110	3.34	0.000426	3.37	23	25	11
109	3.32	0.000442	3.35	48	28	25
108	3.44	0.000294	3.53	32	39	21
107	3.31	0.000474	3.32	26	13	2
106	4.29	9.07e-06	5.04	18	43	8
105	3.14	0.000831	3.08	38	9	2
104	3.45	0.000279	3.55	39	6	10
103	3.79	7.58e-05	4.12	31	27	27
102	3.44	0.000289	3.54	35	35	27
101	3.24	0.000603	3.22	38	35	27
100	3.66	0.000125	3.9	50	27	8
99	3.72	9.99e-05	4	47	44	22
98	3.35	0.000408	3.39	55	32	16
97	3.46	0.000272	3.57	44	29	13
96	3.35	0.000399	3.4	43	43	21
95	4.09	2.19e-05	4.66	16	21	15
94	3.41	0.000329	3.48	52	38	14
93	4.09	2.2e-05	4.66	36	51	16
92	3.39	0.00035	3.46	34	49	20
91	3.5	0.000233	3.63	42	18	24
90	3.29	0.000504	3.3	36	39	21
89	3.19	0.000721	3.14	29	14	18
88	3.48	0.000251	3.6	52	26	17
87	3.63	0.00014	3.86	34	40	7
86	3.67	0.00012	3.92	31	35	20
85	3.46	0.000273	3.56	38	32	5
84	3.64	0.000134	3.87	45	11	19
83	3.22	0.000638	3.2	39	9	5
82	3.37	0.000381	3.42	25	29	3
81	3.19	0.000702	3.15	27	17	4
80	3.32	0.000446	3.35	25	37	3
79	3.4	0.000338	3.47	27	48	8
78	3.27	0.000536	3.27	34	8	2
77	3.13	0.000876	3.06	41	44	4
76	3.24	0.000599	3.22	47	41	4
75	3.12	0.000896	3.05	36	34	9
74	3.92	4.41e-05	4.36	26	38	5
73	3.61	0.000154	3.81	39	40	4
72	3.27	0.000543	3.27	33	36	6
71	3.2	0.000685	3.16	12	38	8
70	3.09	0.000985	3.01	37	33	3
69	3.25	0.000577	3.24	30	20	2
68	3.2	0.000683	3.17	41	25	4
67	3.1	0.000971	3.01	54	31	8
66	3.18	0.000744	3.13	21	34	7
65	3.34	0.000419	3.38	25	35	7
64	3.25	0.000576	3.24	28	16	2
63	3.7	0.000109	3.96	48	44	5
62	3.14	0.000837	3.08	43	42	16
61	3.23	0.000629	3.2	16	46	16
60	3.13	0.000867	3.06	34	49	16
59	3.12	0.000901	3.05	40	6	17
58	3.16	0.000795	3.1	27	36	18
57	3.37	0.000377	3.42	14	38	18
56	3.32	0.000449	3.35	43	12	19
55	3.15	0.000816	3.09	38	17	19
54	4.07	2.39e-05	4.62	46	51	19
53	3.17	0.000757	3.12	13	26	20
52	3.32	0.000445	3.35	39	53	20
51	3.2	0.000688	3.16	53	24	21
50	3.25	0.000577	3.24	39	29	21
49	3.1	0.000966	3.01	41	39	21
48	3.13	0.000871	3.06	20	35	13
47	3.11	0.000923	3.03	18	34	22
46	3.2	0.00069	3.16	42	46	22
45	3.43	0.000302	3.52	39	15	23
44	3.21	0.000655	3.18	16	33	23
43	3.23	0.000622	3.21	36	34	23
42	3.31	0.000467	3.33	20	18	24
41	3.16	0.00079	3.1	35	17	25
40	3.1	0.000975	3.01	36	31	25
39	3.78	7.91e-05	4.1	31	17	26
38	3.86	5.67e-05	4.25	30	19	26
37	3.28	0.000527	3.28	25	21	26
36	3.23	0.000628	3.2	41	21	26
35	3.47	0.000261	3.58	35	22	26
34	3.17	0.000764	3.12	39	32	27
33	3.11	0.000948	3.02	32	24	28
32	3.21	0.00066	3.18	40	26	22
31	3.31	0.000463	3.33	17	46	9
30	3.26	0.000551	3.26	40	49	9
29	3.39	0.000346	3.46	29	5	10
28	3.23	0.000618	3.21	33	12	10
27	3.44	0.000286	3.54	53	24	10
26	3.17	0.000752	3.12	52	28	10
25	3.33	0.000437	3.36	48	32	11
24	3.25	0.000582	3.24	39	36	11
23	3.46	0.000266	3.57	47	47	11
22	3.12	0.000919	3.04	43	6	12
21	3.35	0.000407	3.39	22	13	12
20	3.23	0.000622	3.21	52	36	12
19	3.11	0.000938	3.03	30	43	12
18	3.43	0.000298	3.53	51	44	12
17	3.65	0.000133	3.88	11	35	16
16	3.16	0.000787	3.1	38	6	13
15	3.6	0.000158	3.8	12	21	13
14	3.21	0.000667	3.18	48	23	13
13	3.38	0.000363	3.44	39	14	0
12	3.11	0.000943	3.03	32	39	13
11	3.45	0.000285	3.54	39	17	14
10	3.12	0.000892	3.05	52	31	14
9	3.14	0.000853	3.07	26	6	15
8	3.28	0.000513	3.29	50	12	15
7	3.73	9.71e-05	4.01	52	27	15
6	3.44	0.000288	3.54	13	39	15
5	3.22	0.000641	3.19	44	11	16
4	3.4	0.000334	3.48	47	16	16
3	3.71	0.000104	3.98	26	23	16
2	3.29	0.000496	3.3	43	31	16
1	3.25	0.000575	3.24	36	4	13
