Cluster Index	Z	P	-log10(P)	x	y	z	
148	5.56	1.38e-08	7.86	16	44	21
148	5.05	2.24e-07	6.65	27	45	25
148	4.9	4.76e-07	6.32	20	46	22
148	4.69	1.36e-06	5.87	21	52	20
148	4.64	1.75e-06	5.76	21	54	18
148	4.48	3.71e-06	5.43	22	50	22
147	5.12	1.55e-07	6.81	32	55	14
147	4.9	4.83e-07	6.32	19	45	12
147	4.57	2.48e-06	5.61	33	46	11
147	4.52	3.13e-06	5.5	26	47	11
147	4.36	6.47e-06	5.19	24	47	11
147	4.32	7.83e-06	5.11	32	52	11
146	4.85	6.28e-07	6.2	43	14	7
146	4.39	5.61e-06	5.25	48	17	7
146	4.29	9.04e-06	5.04	45	17	7
146	4.17	1.51e-05	4.82	49	19	9
146	4.09	2.19e-05	4.66	47	17	9
146	4.05	2.58e-05	4.59	38	13	7
145	5.01	2.78e-07	6.56	20	14	22
145	4.78	8.62e-07	6.06	24	11	20
145	4.43	4.68e-06	5.33	19	14	20
145	4.35	6.76e-06	5.17	22	14	21
145	4.16	1.58e-05	4.8	15	16	20
145	3.72	0.0001	4	22	10	17
144	4.72	1.18e-06	5.93	32	11	22
144	4.26	1.01e-05	4.99	32	15	24
144	4.05	2.55e-05	4.59	36	13	23
144	3.71	0.000102	3.99	39	10	20
144	3.7	0.000109	3.96	32	10	20
144	3.65	0.000131	3.88	38	12	22
143	4.78	8.93e-07	6.05	44	50	12
143	4.24	1.11e-05	4.96	47	51	10
143	4.24	1.14e-05	4.94	46	49	11
143	3.9	4.78e-05	4.32	41	51	12
143	3.86	5.64e-05	4.25	47	47	11
143	3.71	0.000105	3.98	48	44	11
142	5.33	5.04e-08	7.3	20	16	17
142	4.45	4.26e-06	5.37	23	16	16
142	4.17	1.55e-05	4.81	17	18	14
142	4	3.12e-05	4.51	19	17	15
141	4.57	2.39e-06	5.62	25	55	16
141	4.53	3.02e-06	5.52	28	55	18
141	4.37	6.15e-06	5.21	31	52	16
141	4.18	1.43e-05	4.85	28	56	16
141	3.94	4.04e-05	4.39	30	58	18
141	3.71	0.000102	3.99	32	50	16
140	4.11	1.95e-05	4.71	31	13	6
140	4.03	2.76e-05	4.56	32	10	7
140	3.71	0.000103	3.99	29	12	7
139	3.75	8.91e-05	4.05	22	18	6
139	3.72	0.000102	3.99	22	15	7
138	3.84	6.06e-05	4.22	48	15	21
138	3.72	9.96e-05	4	45	13	21
137	4.02	2.89e-05	4.54	21	23	12
137	4	3.21e-05	4.49	22	21	12
137	3.72	0.000102	3.99	23	18	11
137	3.45	0.000278	3.56	24	16	12
136	4.31	8.22e-06	5.09	43	43	9
136	4.04	2.62e-05	4.58	41	44	8
136	3.85	5.97e-05	4.22	45	46	9
136	3.84	6.08e-05	4.22	45	44	9
135	5.11	1.57e-07	6.8	26	40	16
135	4.1	2.11e-05	4.68	27	37	16
134	4.13	1.81e-05	4.74	22	11	11
134	3.49	0.00024	3.62	22	13	12
134	3.43	0.000307	3.51	18	12	12
133	3.66	0.000128	3.89	30	51	22
133	3.38	0.000359	3.44	27	52	22
132	3.59	0.000164	3.79	30	39	26
132	3.44	0.000294	3.53	31	45	25
132	3.42	0.00031	3.51	30	43	25
132	3.34	0.000414	3.38	33	40	25
131	4.12	1.93e-05	4.71	29	7	17
131	3.3	0.000481	3.32	32	6	16
130	4.8	7.88e-07	6.1	41	16	19
129	4.82	7.11e-07	6.15	49	37	6
129	4.37	6.15e-06	5.21	51	36	6
128	4.26	1.03e-05	4.99	21	43	16
127	4.67	1.52e-06	5.82	45	10	13
127	3.24	0.000597	3.22	43	6	12
126	3.62	0.000145	3.84	41	10	17
126	3.54	0.000199	3.7	43	12	19
125	4.3	8.45e-06	5.07	20	20	10
124	3.71	0.000103	3.99	27	36	18
123	3.8	7.11e-05	4.15	24	35	26
123	3.3	0.000478	3.32	25	38	26
122	3.98	3.43e-05	4.46	14	44	17
122	3.8	7.14e-05	4.15	16	46	16
121	4.91	4.58e-07	6.34	23	46	9
120	3.99	3.32e-05	4.48	46	54	14
120	3.46	0.000269	3.57	44	54	14
119	3.65	0.000132	3.88	47	31	6
119	3.53	0.000208	3.68	45	32	7
118	3.66	0.000127	3.9	36	36	18
117	4.17	1.5e-05	4.82	25	13	14
116	3.91	4.54e-05	4.34	43	44	24
116	3.44	0.000291	3.54	42	40	25
115	3.45	0.000285	3.54	38	7	15
115	3.36	0.000385	3.41	36	6	15
114	3.28	0.00051	3.29	34	48	19
114	3.24	0.000588	3.23	37	53	20
114	3.21	0.000675	3.17	35	50	20
113	3.49	0.000246	3.61	16	14	18
112	3.96	3.72e-05	4.43	45	24	18
112	3.18	0.000733	3.13	46	26	18
111	3.83	6.3e-05	4.2	13	19	15
110	3.77	8.19e-05	4.09	37	44	25
110	3.65	0.000132	3.88	38	42	25
110	3.28	0.000523	3.28	39	45	24
109	3.64	0.000135	3.87	19	24	7
108	3.84	6.12e-05	4.21	29	46	16
108	3.34	0.000418	3.38	31	45	16
107	3.66	0.000124	3.91	28	20	9
106	3.94	4.01e-05	4.4	22	45	18
106	3.72	9.93e-05	4	20	47	18
105	3.76	8.38e-05	4.08	34	8	10
104	4.02	2.85e-05	4.54	44	8	15
103	3.31	0.00046	3.34	27	14	5
102	3.59	0.000166	3.78	40	49	23
101	3.75	8.95e-05	4.05	36	42	15
100	3.66	0.000126	3.9	16	21	16
99	3.62	0.000145	3.84	42	49	16
98	3.57	0.000176	3.75	39	17	17
97	3.75	8.96e-05	4.05	27	53	14
96	3.84	6.16e-05	4.21	38	49	11
95	3.15	0.000826	3.08	25	35	7
94	4	3.12e-05	4.51	26	52	20
93	3.24	0.000602	3.22	29	42	19
93	3.22	0.000645	3.19	31	43	20
92	3.66	0.000125	3.9	38	7	10
91	3.5	0.000232	3.63	39	19	6
90	3.86	5.72e-05	4.24	18	52	14
89	3.26	0.000562	3.25	35	26	15
89	3.16	0.000788	3.1	33	25	14
88	3.43	0.000297	3.53	40	46	12
87	3.4	0.000341	3.47	54	22	12
86	3.99	3.31e-05	4.48	19	44	7
85	3.92	4.35e-05	4.36	41	56	16
84	3.83	6.48e-05	4.19	35	56	18
83	3.99	3.32e-05	4.48	37	7	17
82	3.56	0.000184	3.73	42	8	17
81	3.56	0.000188	3.72	48	39	23
80	3.62	0.00015	3.82	32	27	1
79	3.55	0.000192	3.72	31	41	22
78	3.53	0.000207	3.68	33	17	11
77	3.21	0.000665	3.18	18	39	18
76	3.63	0.00014	3.85	39	17	14
75	3.47	0.000262	3.58	23	22	14
74	3.18	0.000727	3.14	25	14	7
73	3.56	0.000186	3.73	34	54	20
72	3.64	0.000135	3.87	39	27	6
71	3.51	0.000226	3.65	29	56	11
70	3.48	0.000247	3.61	34	52	18
69	3.15	0.000809	3.09	16	28	24
68	3.78	7.82e-05	4.11	44	34	9
67	3.12	0.000899	3.05	31	33	17
66	3.22	0.000635	3.2	14	31	22
65	3.71	0.000102	3.99	30	43	12
64	3.77	8.23e-05	4.08	18	40	4
63	3.69	0.000112	3.95	47	49	15
62	3.21	0.000659	3.18	42	14	4
61	3.56	0.000182	3.74	19	21	3
60	3.68	0.000118	3.93	29	39	12
59	3.34	0.00042	3.38	48	27	8
58	3.19	0.000707	3.15	41	12	22
57	3.67	0.000123	3.91	52	42	8
56	3.43	0.000307	3.51	40	24	9
55	3.83	6.49e-05	4.19	17	38	9
54	3.43	0.000297	3.53	26	41	9
53	3.33	0.000431	3.37	41	50	20
52	3.4	0.000342	3.47	11	31	20
51	3.35	0.000398	3.4	22	23	9
50	3.16	0.000792	3.1	18	34	22
49	3.67	0.000122	3.91	48	40	7
48	3.23	0.000624	3.2	42	34	7
47	3.28	0.000514	3.29	31	46	22
46	3.2	0.000695	3.16	15	22	7
45	3.59	0.000164	3.79	46	16	23
44	3.23	0.000616	3.21	52	25	23
43	3.2	0.000689	3.16	31	39	23
42	3.35	0.000406	3.39	32	19	24
41	3.16	0.000791	3.1	40	35	5
40	3.13	0.000881	3.06	19	21	5
39	3.24	0.000603	3.22	35	39	26
38	3.33	0.000436	3.36	39	13	3
37	3.38	0.000367	3.43	43	25	2
36	3.1	0.000961	3.02	38	20	20
35	3.52	0.000214	3.67	18	19	18
34	3.63	0.000143	3.85	12	37	14
33	3.32	0.000447	3.35	33	37	14
32	3.38	0.000366	3.44	52	40	14
31	3.14	0.000859	3.07	31	50	14
30	3.13	0.000864	3.06	33	9	18
29	3.11	0.000932	3.03	46	51	14
28	3.44	0.000288	3.54	46	14	11
27	3.47	0.000256	3.59	38	38	17
26	3.1	0.000957	3.02	36	32	17
25	3.51	0.000224	3.65	31	15	17
24	3.15	0.000803	3.1	48	41	15
23	3.1	0.000975	3.01	38	56	15
22	3.25	0.000587	3.23	42	39	16
21	3.1	0.000961	3.02	16	24	16
20	3.12	0.000911	3.04	41	14	16
19	3.21	0.000656	3.18	17	41	17
18	3.19	0.000709	3.15	55	32	10
17	3.14	0.000845	3.07	54	34	10
16	3.11	0.000933	3.03	40	43	10
15	3.54	0.000199	3.7	46	51	19
14	3.18	0.000739	3.13	41	35	19
13	3.16	0.000777	3.11	45	18	19
12	3.23	0.000623	3.21	20	15	11
11	3.26	0.000551	3.26	49	15	11
10	3.16	0.000777	3.11	14	38	18
9	3.16	0.000779	3.11	29	50	18
8	3.18	0.000745	3.13	48	25	12
7	3.2	0.000694	3.16	24	50	18
6	3.46	0.000272	3.57	30	39	18
5	3.22	0.000638	3.2	28	19	13
4	3.16	0.000795	3.1	29	26	13
3	4.51	3.31e-06	5.48	32	6	14
2	3.14	0.000851	3.07	17	13	14
1	3.8	7.28e-05	4.14	37	53	18
