0.5 9.941470e+03 9.814045e+03 9.918853e+03 1.004628e+04
1.5 9.880722e+03 9.849742e+03 9.957000e+03 9.987980e+03
2.5 9.879119e+03 9.912402e+03 9.997504e+03 9.964221e+03
3.5 9.904180e+03 9.957794e+03 9.990206e+03 9.936592e+03
4.5 9.936042e+03 9.970799e+03 9.964402e+03 9.929646e+03
5.5 9.941176e+03 9.975738e+03 9.943063e+03 9.908501e+03
6.5 9.979186e+03 9.975455e+03 9.930598e+03 9.934328e+03
7.5 9.944450e+03 9.973092e+03 9.924490e+03 9.895847e+03
8.5 9.909992e+03 9.974972e+03 9.921788e+03 9.856809e+03
9.5 9.959757e+03 9.971134e+03 9.920646e+03 9.909269e+03
10.5 1.002453e+04 9.974503e+03 9.920137e+03 9.970167e+03
0.1 9.913757e+03 9.976097e+03 9.918352e+03 9.856012e+03
1.1 9.967855e+03 9.980736e+03 9.934693e+03 9.921812e+03
2.1 1.005145e+04 1.000012e+04 1.000014e+04 1.005147e+04
3.1 1.004754e+04 9.987180e+03 1.003567e+04 1.009603e+04
4.1 1.000141e+04 9.930927e+03 1.001211e+04 1.008260e+04
5.1 9.926111e+03 9.875282e+03 9.973966e+03 1.002480e+04
6.1 9.892560e+03 9.839118e+03 9.945831e+03 9.999273e+03
7.1 9.868410e+03 9.820144e+03 9.930157e+03 9.978422e+03
8.1 9.878064e+03 9.811492e+03 9.922669e+03 9.989241e+03
9.1 9.879186e+03 9.809380e+03 9.920895e+03 9.990700e+03
10.1 9.883952e+03 9.846313e+03 9.957137e+03 9.994775e+03
0.5 9.879186e+03 9.809380e+03 9.920895e+03 9.990700e+03
1.5 9.883952e+03 9.846313e+03 9.957137e+03 9.994775e+03
2.5 9.900469e+03 9.911636e+03 9.996588e+03 9.985421e+03
3.5 9.923610e+03 9.958859e+03 9.988664e+03 9.953415e+03
4.5 9.938979e+03 9.972808e+03 9.962452e+03 9.928623e+03
5.5 9.954642e+03 9.978800e+03 9.940757e+03 9.916598e+03
6.5 9.968213e+03 9.978505e+03 9.928052e+03 9.917760e+03
7.5 1.003170e+04 9.976166e+03 9.921821e+03 9.977351e+03
8.5 1.005765e+04 9.978805e+03 9.919088e+03 9.997933e+03
9.5 1.001708e+04 9.975837e+03 9.917980e+03 9.959225e+03
10.5 1.002295e+04 9.979857e+03 9.917554e+03 9.960646e+03
0.1 9.974486e+03 9.979621e+03 9.917135e+03 9.912000e+03
1.1 9.976643e+03 9.983836e+03 9.932561e+03 9.925368e+03
2.1 1.001952e+04 1.000278e+04 9.997507e+03 1.001425e+04
3.1 1.005788e+04 9.990981e+03 1.003489e+04 1.010179e+04
4.1 9.881716e+03 9.934954e+03 1.001238e+04 9.959147e+03
5.1 9.908991e+03 9.878659e+03 9.974273e+03 1.000460e+04
6.1 9.791468e+03 9.841740e+03 9.945887e+03 9.895614e+03
7.1 9.772154e+03 9.822193e+03 9.930018e+03 9.879980e+03
8.1 9.738467e+03 9.813148e+03 9.922443e+03 9.847762e+03
9.1 9.786106e+03 9.810769e+03 9.920650e+03 9.895986e+03
10.1 9.809646e+03 9.847650e+03 9.956907e+03 9.918903e+03
0.5 9.786106e+03 9.810769e+03 9.920650e+03 9.895986e+03
1.5 9.809646e+03 9.847650e+03 9.956907e+03 9.918903e+03
2.5 9.903481e+03 9.913835e+03 9.996386e+03 9.986032e+03
3.5 9.940030e+03 9.961067e+03 9.988481e+03 9.967444e+03
4.5 9.914925e+03 9.973502e+03 9.962310e+03 9.903733e+03
5.5 9.894183e+03 9.978658e+03 9.940665e+03 9.856189e+03
6.5 9.905969e+03 9.977416e+03 9.928009e+03 9.856561e+03
7.5 9.913589e+03 9.973468e+03 9.921820e+03 9.861941e+03
8.5 9.956754e+03 9.976730e+03 9.919124e+03 9.899147e+03
9.5 9.945408e+03 9.973484e+03 9.918050e+03 9.889973e+03
10.5 9.979525e+03 9.977899e+03 9.917662e+03 9.919288e+03
0.0 1.000159e+04 9.978743e+03 9.917988e+03 9.940836e+03
1.0 1.006135e+04 9.982533e+03 9.931505e+03 1.001032e+04
2.0 1.007908e+04 1.000089e+04 9.995126e+03 1.007332e+04
3.0 1.011620e+04 9.991780e+03 1.003608e+04 1.016050e+04
4.0 9.930376e+03 9.936647e+03 1.001579e+04 1.000952e+04
5.0 9.787503e+03 9.879372e+03 9.977856e+03 9.885987e+03
6.0 9.780392e+03 9.841125e+03 9.949101e+03 9.888368e+03
7.0 9.828600e+03 9.820504e+03 9.933037e+03 9.941133e+03
8.0 9.785944e+03 9.810645e+03 9.925547e+03 9.900847e+03
9.0 9.794135e+03 9.807590e+03 9.924055e+03 9.910601e+03
10.0 9.769258e+03 9.843805e+03 9.960756e+03 9.886209e+03
0.5 9.794135e+03 9.807590e+03 9.924055e+03 9.910601e+03
1.5 9.769258e+03 9.843805e+03 9.960756e+03 9.886209e+03
2.5 9.809780e+03 9.909277e+03 1.000078e+04 9.901287e+03
3.5 9.865273e+03 9.955704e+03 9.993508e+03 9.903077e+03
4.5 9.888832e+03 9.968098e+03 9.968058e+03 9.888791e+03
5.5 9.923340e+03 9.972800e+03 9.947213e+03 9.897754e+03
6.5 9.946868e+03 9.970714e+03 9.935440e+03 9.911594e+03
7.5 9.975941e+03 9.967085e+03 9.930219e+03 9.939075e+03
8.5 9.966784e+03 9.967747e+03 9.928578e+03 9.927615e+03
9.5 9.895336e+03 9.962130e+03 9.928648e+03 9.861854e+03
10.5 9.913764e+03 9.964215e+03 9.929483e+03 9.879031e+03
