9.941470e+03 9.838124e+03 9.814045e+03 9.965548e+03
9.880722e+03 9.835674e+03 9.849742e+03 9.866654e+03
9.879119e+03 9.857830e+03 9.912402e+03 9.824547e+03
9.904180e+03 9.910519e+03 9.957794e+03 9.856905e+03
9.936042e+03 9.949328e+03 9.970799e+03 9.914571e+03
9.941176e+03 9.975606e+03 9.975738e+03 9.941044e+03
9.979186e+03 9.987789e+03 9.975455e+03 9.991519e+03
9.944450e+03 9.991534e+03 9.973092e+03 9.962892e+03
9.909992e+03 9.996115e+03 9.974972e+03 9.931135e+03
9.959757e+03 9.993419e+03 9.971134e+03 9.982042e+03
1.002453e+04 9.997297e+03 9.974503e+03 1.004733e+04
1.000390e+04 9.994118e+03 9.970970e+03 1.002705e+04
9.990768e+03 9.996495e+03 9.973214e+03 1.001405e+04
9.971788e+03 9.995732e+03 9.972299e+03 9.995220e+03
9.942773e+03 9.995651e+03 9.972045e+03 9.966380e+03
9.949267e+03 9.998089e+03 9.974291e+03 9.973065e+03
9.968841e+03 9.995863e+03 9.971865e+03 9.992839e+03
9.981598e+03 1.000007e+04 9.975874e+03 1.000580e+04
9.928811e+03 9.997133e+03 9.972739e+03 9.953205e+03
9.913757e+03 1.000068e+04 9.976097e+03 9.938336e+03
9.967855e+03 9.988974e+03 9.980736e+03 9.976093e+03
1.005145e+04 9.942918e+03 1.000012e+04 9.994249e+03
1.004754e+04 9.894441e+03 9.987180e+03 9.954796e+03
1.000141e+04 9.861749e+03 9.930927e+03 9.932236e+03
9.926111e+03 9.844247e+03 9.875282e+03 9.895077e+03
9.892560e+03 9.836219e+03 9.839118e+03 9.889660e+03
9.868410e+03 9.832919e+03 9.820144e+03 9.881185e+03
9.878064e+03 9.831755e+03 9.811492e+03 9.898327e+03
9.879186e+03 9.831417e+03 9.809380e+03 9.901223e+03
9.883952e+03 9.832108e+03 9.846313e+03 9.869746e+03
9.900469e+03 9.857979e+03 9.911636e+03 9.846812e+03
9.923610e+03 9.913127e+03 9.958859e+03 9.877878e+03
9.938979e+03 9.953287e+03 9.972808e+03 9.919458e+03
9.954642e+03 9.980975e+03 9.978800e+03 9.956817e+03
9.968213e+03 9.993384e+03 9.978505e+03 9.983092e+03
1.003170e+04 9.997276e+03 9.976166e+03 1.005281e+04
1.005765e+04 1.000265e+04 9.978805e+03 1.008149e+04
1.001708e+04 1.000079e+04 9.975837e+03 1.004203e+04
1.002295e+04 1.000523e+04 9.979857e+03 1.004833e+04
1.001284e+04 1.000320e+04 9.977591e+03 1.003845e+04
9.981674e+03 1.000604e+04 9.980417e+03 1.000729e+04
9.979564e+03 1.000323e+04 9.977582e+03 1.000521e+04
9.992062e+03 1.000097e+04 9.975301e+03 1.001773e+04
9.968801e+03 1.000336e+04 9.977661e+03 9.994499e+03
9.967764e+03 1.000123e+04 9.975511e+03 9.993488e+03
9.972906e+03 1.000555e+04 9.979804e+03 9.998654e+03
9.987849e+03 1.000243e+04 9.976648e+03 1.001363e+04
9.974486e+03 1.000542e+04 9.979621e+03 1.000028e+04
9.976643e+03 9.994206e+03 9.983836e+03 9.987014e+03
1.001952e+04 9.948201e+03 1.000278e+04 9.964940e+03
1.005788e+04 9.899024e+03 9.990981e+03 9.965922e+03
9.881716e+03 9.865501e+03 9.934954e+03 9.812263e+03
9.908991e+03 9.847318e+03 9.878659e+03 9.877649e+03
9.791468e+03 9.838785e+03 9.841740e+03 9.788513e+03
9.772154e+03 9.835106e+03 9.822193e+03 9.785067e+03
9.738467e+03 9.833636e+03 9.813148e+03 9.758955e+03
9.786106e+03 9.833051e+03 9.810769e+03 9.808387e+03
9.809646e+03 9.833674e+03 9.847650e+03 9.795670e+03
9.903481e+03 9.860380e+03 9.913835e+03 9.850026e+03
9.940030e+03 9.915517e+03 9.961067e+03 9.894480e+03
9.914925e+03 9.954124e+03 9.973502e+03 9.895547e+03
9.894183e+03 9.980925e+03 9.978658e+03 9.896449e+03
9.905969e+03 9.992339e+03 9.977416e+03 9.920891e+03
9.913589e+03 9.994579e+03 9.973468e+03 9.934700e+03
9.956754e+03 1.000054e+04 9.976730e+03 9.980562e+03
9.945408e+03 9.998366e+03 9.973484e+03 9.970289e+03
9.979525e+03 1.000317e+04 9.977899e+03 1.000479e+04
9.978176e+03 1.000124e+04 9.975789e+03 1.000363e+04
1.000740e+04 1.000335e+04 9.977963e+03 1.003279e+04
9.992626e+03 1.000330e+04 9.977974e+03 1.001796e+04
9.993657e+03 1.000219e+04 9.976911e+03 1.001894e+04
9.999101e+03 1.000467e+04 9.979438e+03 1.002434e+04
1.000184e+04 1.000142e+04 9.976237e+03 1.002702e+04
1.002997e+04 1.000499e+04 9.979864e+03 1.005509e+04
1.002833e+04 1.000145e+04 9.976409e+03 1.005338e+04
1.000159e+04 1.000369e+04 9.978743e+03 1.002653e+04
1.006135e+04 9.993959e+03 9.982533e+03 1.007278e+04
1.007908e+04 9.948700e+03 1.000089e+04 1.002689e+04
1.011620e+04 9.898631e+03 9.991780e+03 1.002305e+04
9.930376e+03 9.863789e+03 9.936647e+03 9.857518e+03
9.787503e+03 9.844447e+03 9.879372e+03 9.752578e+03
9.780392e+03 9.834955e+03 9.841125e+03 9.774222e+03
9.828600e+03 9.830399e+03 9.820504e+03 9.838495e+03
9.785944e+03 9.828029e+03 9.810645e+03 9.803328e+03
9.794135e+03 9.826466e+03 9.807590e+03 9.813012e+03
9.769258e+03 9.825980e+03 9.843805e+03 9.751434e+03
9.809780e+03 9.851424e+03 9.909277e+03 9.751926e+03
9.865273e+03 9.905128e+03 9.955704e+03 9.814697e+03
9.888832e+03 9.942972e+03 9.968098e+03 9.863705e+03
9.923340e+03 9.968518e+03 9.972800e+03 9.919058e+03
9.946868e+03 9.978206e+03 9.970714e+03 9.954359e+03
9.975941e+03 9.979798e+03 9.967085e+03 9.988653e+03
9.966784e+03 9.982101e+03 9.967747e+03 9.981138e+03
9.895336e+03 9.976413e+03 9.962130e+03 9.909619e+03
9.913764e+03 9.977664e+03 9.964215e+03 9.927212e+03
9.953535e+03 9.971754e+03 9.959387e+03 9.965902e+03
1.001032e+04 9.970904e+03 9.959916e+03 1.002130e+04
1.000670e+04 9.965777e+03 9.956257e+03 1.001622e+04
1.001547e+04 9.960655e+03 9.952709e+03 1.002341e+04
9.987625e+03 9.958959e+03 9.952693e+03 9.993892e+03
9.959313e+03 9.952196e+03 9.947703e+03 9.963806e+03
9.945880e+03 9.951632e+03 9.948998e+03 9.948514e+03
9.938335e+03 9.941763e+03 9.941063e+03 9.939035e+03
9.997897e+03 9.938974e+03 9.940207e+03 9.996663e+03
