0.5 1.015844e+04 1.005558e+04 1.000655e+04 1.010941e+04
1.5 1.021097e+04 1.013189e+04 1.001639e+04 1.009548e+04
2.5 1.010452e+04 1.008783e+04 1.004927e+04 1.006595e+04
3.5 1.013386e+04 1.008631e+04 1.008402e+04 1.013157e+04
4.5 1.001793e+04 1.006305e+04 1.011230e+04 1.006718e+04
5.5 1.004550e+04 1.009737e+04 1.013119e+04 1.007932e+04
6.5 9.929012e+03 1.006553e+04 1.013841e+04 1.000189e+04
7.5 9.941859e+03 1.008982e+04 1.013985e+04 9.991891e+03
8.5 9.844449e+03 1.006714e+04 1.013796e+04 9.915270e+03
0.2 1.010452e+04 1.008783e+04 1.004927e+04 1.006595e+04
1.2 1.013386e+04 1.008631e+04 1.008402e+04 1.013157e+04
2.2 1.001793e+04 1.006305e+04 1.011230e+04 1.006718e+04
3.2 1.004550e+04 1.009737e+04 1.013119e+04 1.007932e+04
4.2 9.929012e+03 1.006553e+04 1.013841e+04 1.000189e+04
5.2 9.941859e+03 1.008982e+04 1.013985e+04 9.991891e+03
6.2 9.844449e+03 1.006714e+04 1.013796e+04 9.915270e+03
7.2 9.983960e+03 1.006968e+04 1.013896e+04 1.005323e+04
8.2 1.000425e+04 1.007167e+04 1.013741e+04 1.007000e+04
0.9 1.004550e+04 1.009737e+04 1.013119e+04 1.007932e+04
1.9 9.929012e+03 1.006553e+04 1.013841e+04 1.000189e+04
2.9 9.941859e+03 1.008982e+04 1.013985e+04 9.991891e+03
3.9 9.844449e+03 1.006714e+04 1.013796e+04 9.915270e+03
4.9 9.983960e+03 1.006968e+04 1.013896e+04 1.005323e+04
5.9 1.000425e+04 1.007167e+04 1.013741e+04 1.007000e+04
6.9 1.011884e+04 1.004822e+04 1.013811e+04 1.020873e+04
7.9 1.009200e+04 1.007639e+04 1.013762e+04 1.015324e+04
8.9 1.012863e+04 1.004729e+04 1.013773e+04 1.021907e+04
0.6 9.941859e+03 1.008982e+04 1.013985e+04 9.991891e+03
1.6 9.844449e+03 1.006714e+04 1.013796e+04 9.915270e+03
2.6 9.983960e+03 1.006968e+04 1.013896e+04 1.005323e+04
3.6 1.000425e+04 1.007167e+04 1.013741e+04 1.007000e+04
4.6 1.011884e+04 1.004822e+04 1.013811e+04 1.020873e+04
5.6 1.009200e+04 1.007639e+04 1.013762e+04 1.015324e+04
6.6 1.012863e+04 1.004729e+04 1.013773e+04 1.021907e+04
7.6 1.021253e+04 1.007688e+04 1.013874e+04 1.027438e+04
8.6 1.019217e+04 1.005087e+04 1.013806e+04 1.027936e+04
0.3 9.983960e+03 1.006968e+04 1.013896e+04 1.005323e+04
1.3 1.000425e+04 1.007167e+04 1.013741e+04 1.007000e+04
2.3 1.011884e+04 1.004822e+04 1.013811e+04 1.020873e+04
3.3 1.009200e+04 1.007639e+04 1.013762e+04 1.015324e+04
4.3 1.012863e+04 1.004729e+04 1.013773e+04 1.021907e+04
5.3 1.021253e+04 1.007688e+04 1.013874e+04 1.027438e+04
6.3 1.019217e+04 1.005087e+04 1.013806e+04 1.027936e+04
7.3 1.018113e+04 1.006383e+04 1.013989e+04 1.025719e+04
8.3 1.005835e+04 1.005652e+04 1.013889e+04 1.014072e+04
1.0 1.009200e+04 1.007639e+04 1.013762e+04 1.015324e+04
2.0 1.012863e+04 1.004729e+04 1.013773e+04 1.021907e+04
3.0 1.021253e+04 1.007688e+04 1.013874e+04 1.027438e+04
4.0 1.019217e+04 1.005087e+04 1.013806e+04 1.027936e+04
5.0 1.018113e+04 1.006383e+04 1.013989e+04 1.025719e+04
6.0 1.005835e+04 1.005652e+04 1.013889e+04 1.014072e+04
7.0 1.004405e+04 1.004021e+04 1.014037e+04 1.014421e+04
8.0 1.001067e+04 9.999664e+03 1.013514e+04 1.014615e+04
9.0 1.010201e+04 1.015807e+04 1.010853e+04 1.005247e+04
0.7 1.021253e+04 1.007688e+04 1.013874e+04 1.027438e+04
1.7 1.019217e+04 1.005087e+04 1.013806e+04 1.027936e+04
2.7 1.018113e+04 1.006383e+04 1.013989e+04 1.025719e+04
3.7 1.005835e+04 1.005652e+04 1.013889e+04 1.014072e+04
4.7 1.004405e+04 1.004021e+04 1.014037e+04 1.014421e+04
5.7 1.001067e+04 9.999664e+03 1.013514e+04 1.014615e+04
6.7 1.010201e+04 1.015807e+04 1.010853e+04 1.005247e+04
7.7 1.032376e+04 1.034541e+04 1.007030e+04 1.004865e+04
8.7 1.032763e+04 1.029257e+04 1.003762e+04 1.007268e+04
0.4 1.018113e+04 1.006383e+04 1.013989e+04 1.025719e+04
1.4 1.005835e+04 1.005652e+04 1.013889e+04 1.014072e+04
2.4 1.004405e+04 1.004021e+04 1.014037e+04 1.014421e+04
3.4 1.001067e+04 9.999664e+03 1.013514e+04 1.014615e+04
4.4 1.010201e+04 1.015807e+04 1.010853e+04 1.005247e+04
5.4 1.032376e+04 1.034541e+04 1.007030e+04 1.004865e+04
6.4 1.032763e+04 1.029257e+04 1.003762e+04 1.007268e+04
7.4 1.013475e+04 1.023051e+04 1.001397e+04 9.918212e+03
8.4 1.009638e+04 1.019001e+04 1.000050e+04 9.906869e+03
0.5 1.007741e+04 1.001039e+04 9.998210e+03 1.006524e+04
1.5 1.020890e+04 1.008901e+04 1.001139e+04 1.013128e+04
2.5 1.004002e+04 1.005172e+04 1.004698e+04 1.003528e+04
3.5 1.018980e+04 1.005035e+04 1.008355e+04 1.022300e+04
4.5 1.013397e+04 1.002977e+04 1.011339e+04 1.021759e+04
5.5 1.003971e+04 1.006932e+04 1.013310e+04 1.010349e+04
6.5 1.009260e+04 1.003704e+04 1.014062e+04 1.019618e+04
7.5 1.016426e+04 1.006221e+04 1.014270e+04 1.024475e+04
8.5 9.997032e+03 1.004151e+04 1.014169e+04 1.009721e+04
0.2 1.004002e+04 1.005172e+04 1.004698e+04 1.003528e+04
1.2 1.018980e+04 1.005035e+04 1.008355e+04 1.022300e+04
2.2 1.013397e+04 1.002977e+04 1.011339e+04 1.021759e+04
3.2 1.003971e+04 1.006932e+04 1.013310e+04 1.010349e+04
4.2 1.009260e+04 1.003704e+04 1.014062e+04 1.019618e+04
5.2 1.016426e+04 1.006221e+04 1.014270e+04 1.024475e+04
6.2 9.997032e+03 1.004151e+04 1.014169e+04 1.009721e+04
7.2 1.007007e+04 1.004537e+04 1.014338e+04 1.016808e+04
8.2 1.021383e+04 1.004763e+04 1.014289e+04 1.030908e+04
0.9 1.003971e+04 1.006932e+04 1.013310e+04 1.010349e+04
1.9 1.009260e+04 1.003704e+04 1.014062e+04 1.019618e+04
2.9 1.016426e+04 1.006221e+04 1.014270e+04 1.024475e+04
3.9 9.997032e+03 1.004151e+04 1.014169e+04 1.009721e+04
4.9 1.007007e+04 1.004537e+04 1.014338e+04 1.016808e+04
5.9 1.021383e+04 1.004763e+04 1.014289e+04 1.030908e+04
6.9 1.002932e+04 1.002973e+04 1.014440e+04 1.014399e+04
7.9 1.010763e+04 1.006655e+04 1.014319e+04 1.018427e+04
8.9 1.011804e+04 1.003452e+04 1.014181e+04 1.022534e+04
0.6 1.016426e+04 1.006221e+04 1.014270e+04 1.024475e+04
1.6 9.997032e+03 1.004151e+04 1.014169e+04 1.009721e+04
2.6 1.007007e+04 1.004537e+04 1.014338e+04 1.016808e+04
3.6 1.021383e+04 1.004763e+04 1.014289e+04 1.030908e+04
4.6 1.002932e+04 1.002973e+04 1.014440e+04 1.014399e+04
5.6 1.010763e+04 1.006655e+04 1.014319e+04 1.018427e+04
6.6 1.011804e+04 1.003452e+04 1.014181e+04 1.022534e+04
7.6 1.008837e+04 1.006269e+04 1.014227e+04 1.016795e+04
8.6 1.007719e+04 1.003844e+04 1.014141e+04 1.018016e+04
0.3 1.007007e+04 1.004537e+04 1.014338e+04 1.016808e+04
1.3 1.021383e+04 1.004763e+04 1.014289e+04 1.030908e+04
2.3 1.002932e+04 1.002973e+04 1.014440e+04 1.014399e+04
3.3 1.010763e+04 1.006655e+04 1.014319e+04 1.018427e+04
4.3 1.011804e+04 1.003452e+04 1.014181e+04 1.022534e+04
5.3 1.008837e+04 1.006269e+04 1.014227e+04 1.016795e+04
6.3 1.007719e+04 1.003844e+04 1.014141e+04 1.018016e+04
7.3 1.015347e+04 1.005064e+04 1.014326e+04 1.024609e+04
8.3 1.014370e+04 1.004756e+04 1.014252e+04 1.023865e+04
0.9 1.010763e+04 1.006655e+04 1.014319e+04 1.018427e+04
1.9 1.011804e+04 1.003452e+04 1.014181e+04 1.022534e+04
2.9 1.008837e+04 1.006269e+04 1.014227e+04 1.016795e+04
3.9 1.007719e+04 1.003844e+04 1.014141e+04 1.018016e+04
4.9 1.015347e+04 1.005064e+04 1.014326e+04 1.024609e+04
5.9 1.014370e+04 1.004756e+04 1.014252e+04 1.023865e+04
6.9 1.011497e+04 1.003096e+04 1.014393e+04 1.022794e+04
7.9 1.008347e+04 9.992439e+03 1.013881e+04 1.022984e+04
8.9 1.011160e+04 1.014316e+04 1.011238e+04 1.008082e+04
0.7 1.008837e+04 1.006269e+04 1.014227e+04 1.016795e+04
1.7 1.007719e+04 1.003844e+04 1.014141e+04 1.018016e+04
2.7 1.015347e+04 1.005064e+04 1.014326e+04 1.024609e+04
3.7 1.014370e+04 1.004756e+04 1.014252e+04 1.023865e+04
4.7 1.011497e+04 1.003096e+04 1.014393e+04 1.022794e+04
5.7 1.008347e+04 9.992439e+03 1.013881e+04 1.022984e+04
6.7 1.011160e+04 1.014316e+04 1.011238e+04 1.008082e+04
7.7 1.034317e+04 1.033988e+04 1.007392e+04 1.007721e+04
8.7 1.029499e+04 1.028972e+04 1.004069e+04 1.004596e+04
0.3 1.015347e+04 1.005064e+04 1.014326e+04 1.024609e+04
1.3 1.014370e+04 1.004756e+04 1.014252e+04 1.023865e+04
2.3 1.011497e+04 1.003096e+04 1.014393e+04 1.022794e+04
3.3 1.008347e+04 9.992439e+03 1.013881e+04 1.022984e+04
4.3 1.011160e+04 1.014316e+04 1.011238e+04 1.008082e+04
5.3 1.034317e+04 1.033988e+04 1.007392e+04 1.007721e+04
6.3 1.029499e+04 1.028972e+04 1.004069e+04 1.004596e+04
7.3 1.023343e+04 1.022782e+04 1.001655e+04 1.002216e+04
8.3 1.023443e+04 1.018739e+04 1.000253e+04 1.004957e+04
0.5 9.911180e+03 1.000603e+04 9.999368e+03 9.904520e+03
1.5 1.003943e+04 1.008519e+04 1.001300e+04 9.967243e+03
2.5 1.001592e+04 1.005286e+04 1.004883e+04 1.001190e+04
3.5 1.003061e+04 1.005226e+04 1.008465e+04 1.006300e+04
4.5 9.941089e+03 1.002980e+04 1.011372e+04 1.002501e+04
5.5 9.985747e+03 1.007593e+04 1.013266e+04 1.004248e+04
6.5 9.964149e+03 1.003909e+04 1.013878e+04 1.006383e+04
7.5 9.960634e+03 1.006203e+04 1.014064e+04 1.003924e+04
8.5 9.975845e+03 1.004391e+04 1.013961e+04 1.007154e+04
0.2 1.001592e+04 1.005286e+04 1.004883e+04 1.001190e+04
1.2 1.003061e+04 1.005226e+04 1.008465e+04 1.006300e+04
2.2 9.941089e+03 1.002980e+04 1.011372e+04 1.002501e+04
3.2 9.985747e+03 1.007593e+04 1.013266e+04 1.004248e+04
4.2 9.964149e+03 1.003909e+04 1.013878e+04 1.006383e+04
5.2 9.960634e+03 1.006203e+04 1.014064e+04 1.003924e+04
6.2 9.975845e+03 1.004391e+04 1.013961e+04 1.007154e+04
7.2 9.997570e+03 1.003968e+04 1.014138e+04 1.009927e+04
8.2 1.002086e+04 1.005225e+04 1.014113e+04 1.010974e+04
0.8 9.985747e+03 1.007593e+04 1.013266e+04 1.004248e+04
1.8 9.964149e+03 1.003909e+04 1.013878e+04 1.006383e+04
2.8 9.960634e+03 1.006203e+04 1.014064e+04 1.003924e+04
3.8 9.975845e+03 1.004391e+04 1.013961e+04 1.007154e+04
4.8 9.997570e+03 1.003968e+04 1.014138e+04 1.009927e+04
5.8 1.002086e+04 1.005225e+04 1.014113e+04 1.010974e+04
6.8 1.005931e+04 1.002878e+04 1.014242e+04 1.017295e+04
7.8 1.001901e+04 1.006165e+04 1.014243e+04 1.009978e+04
8.8 9.952169e+03 1.003462e+04 1.014233e+04 1.005988e+04
0.5 9.960634e+03 1.006203e+04 1.014064e+04 1.003924e+04
1.5 9.975845e+03 1.004391e+04 1.013961e+04 1.007154e+04
2.5 9.997570e+03 1.003968e+04 1.014138e+04 1.009927e+04
3.5 1.002086e+04 1.005225e+04 1.014113e+04 1.010974e+04
4.5 1.005931e+04 1.002878e+04 1.014242e+04 1.017295e+04
5.5 1.001901e+04 1.006165e+04 1.014243e+04 1.009978e+04
6.5 9.952169e+03 1.003462e+04 1.014233e+04 1.005988e+04
7.5 9.959522e+03 1.006377e+04 1.014334e+04 1.003910e+04
8.5 1.000399e+04 1.004229e+04 1.014205e+04 1.010375e+04
0.2 9.997570e+03 1.003968e+04 1.014138e+04 1.009927e+04
1.2 1.002086e+04 1.005225e+04 1.014113e+04 1.010974e+04
2.2 1.005931e+04 1.002878e+04 1.014242e+04 1.017295e+04
3.2 1.001901e+04 1.006165e+04 1.014243e+04 1.009978e+04
4.2 9.952169e+03 1.003462e+04 1.014233e+04 1.005988e+04
5.2 9.959522e+03 1.006377e+04 1.014334e+04 1.003910e+04
6.2 1.000399e+04 1.004229e+04 1.014205e+04 1.010375e+04
7.2 1.012301e+04 1.004975e+04 1.014340e+04 1.021666e+04
8.2 1.007537e+04 1.005143e+04 1.014196e+04 1.016589e+04
0.9 1.001901e+04 1.006165e+04 1.014243e+04 1.009978e+04
1.9 9.952169e+03 1.003462e+04 1.014233e+04 1.005988e+04
2.9 9.959522e+03 1.006377e+04 1.014334e+04 1.003910e+04
3.9 1.000399e+04 1.004229e+04 1.014205e+04 1.010375e+04
4.9 1.012301e+04 1.004975e+04 1.014340e+04 1.021666e+04
5.9 1.007537e+04 1.005143e+04 1.014196e+04 1.016589e+04
6.9 1.007383e+04 1.003159e+04 1.014269e+04 1.018493e+04
7.9 1.001219e+04 9.995369e+03 1.013814e+04 1.015497e+04
8.9 1.006249e+04 1.012890e+04 1.011254e+04 1.004612e+04
0.6 9.959522e+03 1.006377e+04 1.014334e+04 1.003910e+04
1.6 1.000399e+04 1.004229e+04 1.014205e+04 1.010375e+04
2.6 1.012301e+04 1.004975e+04 1.014340e+04 1.021666e+04
3.6 1.007537e+04 1.005143e+04 1.014196e+04 1.016589e+04
4.6 1.007383e+04 1.003159e+04 1.014269e+04 1.018493e+04
5.6 1.001219e+04 9.995369e+03 1.013814e+04 1.015497e+04
6.6 1.006249e+04 1.012890e+04 1.011254e+04 1.004612e+04
7.6 1.040213e+04 1.034245e+04 1.007397e+04 1.013364e+04
8.6 1.043619e+04 1.029718e+04 1.003992e+04 1.017892e+04
0.3 1.012301e+04 1.004975e+04 1.014340e+04 1.021666e+04
1.3 1.007537e+04 1.005143e+04 1.014196e+04 1.016589e+04
2.3 1.007383e+04 1.003159e+04 1.014269e+04 1.018493e+04
3.3 1.001219e+04 9.995369e+03 1.013814e+04 1.015497e+04
4.3 1.006249e+04 1.012890e+04 1.011254e+04 1.004612e+04
5.3 1.040213e+04 1.034245e+04 1.007397e+04 1.013364e+04
6.3 1.043619e+04 1.029718e+04 1.003992e+04 1.017892e+04
7.3 1.023374e+04 1.023494e+04 1.001492e+04 1.001372e+04
8.3 1.010650e+04 1.019420e+04 9.999818e+03 9.912121e+03
0.5 1.006980e+04 1.001508e+04 9.993459e+03 1.004818e+04
1.5 1.000067e+04 1.009551e+04 1.000609e+04 9.911258e+03
2.5 1.004746e+04 1.006417e+04 1.004077e+04 1.002406e+04
3.5 9.898383e+03 1.006240e+04 1.007574e+04 9.911717e+03
4.5 9.895597e+03 1.004455e+04 1.010385e+04 9.954897e+03
5.5 9.997256e+03 1.008542e+04 1.012144e+04 1.003327e+04
6.5 1.006580e+04 1.005507e+04 1.012680e+04 1.013753e+04
7.5 1.005154e+04 1.008662e+04 1.012648e+04 1.009141e+04
8.5 9.996118e+03 1.006637e+04 1.012254e+04 1.005229e+04
0.2 1.004746e+04 1.006417e+04 1.004077e+04 1.002406e+04
1.2 9.898383e+03 1.006240e+04 1.007574e+04 9.911717e+03
2.2 9.895597e+03 1.004455e+04 1.010385e+04 9.954897e+03
3.2 9.997256e+03 1.008542e+04 1.012144e+04 1.003327e+04
4.2 1.006580e+04 1.005507e+04 1.012680e+04 1.013753e+04
5.2 1.005154e+04 1.008662e+04 1.012648e+04 1.009141e+04
6.2 9.996118e+03 1.006637e+04 1.012254e+04 1.005229e+04
7.2 1.006448e+04 1.007221e+04 1.012136e+04 1.011363e+04
8.2 1.011354e+04 1.007883e+04 1.011775e+04 1.015246e+04
0.9 9.997256e+03 1.008542e+04 1.012144e+04 1.003327e+04
1.9 1.006580e+04 1.005507e+04 1.012680e+04 1.013753e+04
2.9 1.005154e+04 1.008662e+04 1.012648e+04 1.009141e+04
3.9 9.996118e+03 1.006637e+04 1.012254e+04 1.005229e+04
4.9 1.006448e+04 1.007221e+04 1.012136e+04 1.011363e+04
5.9 1.011354e+04 1.007883e+04 1.011775e+04 1.015246e+04
6.9 1.012518e+04 1.006033e+04 1.011600e+04 1.018086e+04
7.9 1.016635e+04 1.009707e+04 1.011233e+04 1.018160e+04
8.9 1.006056e+04 1.007053e+04 1.010862e+04 1.009866e+04
0.6 1.005154e+04 1.008662e+04 1.012648e+04 1.009141e+04
1.6 9.996118e+03 1.006637e+04 1.012254e+04 1.005229e+04
2.6 1.006448e+04 1.007221e+04 1.012136e+04 1.011363e+04
3.6 1.011354e+04 1.007883e+04 1.011775e+04 1.015246e+04
4.6 1.012518e+04 1.006033e+04 1.011600e+04 1.018086e+04
5.6 1.016635e+04 1.009707e+04 1.011233e+04 1.018160e+04
6.6 1.006056e+04 1.007053e+04 1.010862e+04 1.009866e+04
7.6 1.009991e+04 1.010311e+04 1.010595e+04 1.010276e+04
8.6 1.004882e+04 1.008245e+04 1.010148e+04 1.006785e+04
0.3 1.006448e+04 1.007221e+04 1.012136e+04 1.011363e+04
1.3 1.011354e+04 1.007883e+04 1.011775e+04 1.015246e+04
2.3 1.012518e+04 1.006033e+04 1.011600e+04 1.018086e+04
3.3 1.016635e+04 1.009707e+04 1.011233e+04 1.018160e+04
4.3 1.006056e+04 1.007053e+04 1.010862e+04 1.009866e+04
5.3 1.009991e+04 1.010311e+04 1.010595e+04 1.010276e+04
6.3 1.004882e+04 1.008245e+04 1.010148e+04 1.006785e+04
7.3 1.014881e+04 1.010029e+04 1.009934e+04 1.014786e+04
8.3 1.019220e+04 1.010361e+04 1.009327e+04 1.018186e+04
1.0 1.016635e+04 1.009707e+04 1.011233e+04 1.018160e+04
2.0 1.006056e+04 1.007053e+04 1.010862e+04 1.009866e+04
3.0 1.009991e+04 1.010311e+04 1.010595e+04 1.010276e+04
4.0 1.004882e+04 1.008245e+04 1.010148e+04 1.006785e+04
5.0 1.014881e+04 1.010029e+04 1.009934e+04 1.014786e+04
6.0 1.019220e+04 1.010361e+04 1.009327e+04 1.018186e+04
0.6 1.009991e+04 1.010311e+04 1.010595e+04 1.010276e+04
1.6 1.004882e+04 1.008245e+04 1.010148e+04 1.006785e+04
2.6 1.014881e+04 1.010029e+04 1.009934e+04 1.014786e+04
3.6 1.019220e+04 1.010361e+04 1.009327e+04 1.018186e+04
0.3 1.014881e+04 1.010029e+04 1.009934e+04 1.014786e+04
1.3 1.019220e+04 1.010361e+04 1.009327e+04 1.018186e+04
