0.5 1.112580e+04 1.104055e+04 1.116540e+04 1.125064e+04
1.5 1.114872e+04 1.105884e+04 1.134204e+04 1.143192e+04
2.5 1.106634e+04 1.111870e+04 1.134356e+04 1.129120e+04
3.5 1.111282e+04 1.112658e+04 1.123578e+04 1.122202e+04
4.5 1.113577e+04 1.115886e+04 1.118109e+04 1.115801e+04
5.5 1.128847e+04 1.119962e+04 1.116466e+04 1.125351e+04
6.5 1.133607e+04 1.127342e+04 1.116087e+04 1.122353e+04
7.5 1.123184e+04 1.126727e+04 1.116039e+04 1.112496e+04
0.1 1.108536e+04 1.127235e+04 1.115915e+04 1.097215e+04
1.1 1.124087e+04 1.128972e+04 1.126044e+04 1.121160e+04
2.1 1.137071e+04 1.139002e+04 1.146184e+04 1.144253e+04
3.1 1.132818e+04 1.134190e+04 1.138434e+04 1.137062e+04
4.1 1.122796e+04 1.114705e+04 1.124452e+04 1.132543e+04
5.1 1.115617e+04 1.104641e+04 1.118211e+04 1.129187e+04
6.1 1.102871e+04 1.101409e+04 1.116364e+04 1.117826e+04
7.1 1.093866e+04 1.101831e+04 1.115905e+04 1.107939e+04
0.5 1.107240e+04 1.099956e+04 1.117067e+04 1.124351e+04
1.5 1.108649e+04 1.102273e+04 1.134572e+04 1.140948e+04
2.5 1.108166e+04 1.109240e+04 1.134593e+04 1.133518e+04
3.5 1.108759e+04 1.110952e+04 1.123692e+04 1.121499e+04
4.5 1.114622e+04 1.114268e+04 1.118095e+04 1.118450e+04
5.5 1.120608e+04 1.118856e+04 1.116356e+04 1.118109e+04
6.5 1.137840e+04 1.126581e+04 1.115917e+04 1.127176e+04
7.5 1.135401e+04 1.125923e+04 1.115831e+04 1.125309e+04
0.1 1.121211e+04 1.127487e+04 1.115802e+04 1.109525e+04
1.1 1.123883e+04 1.129284e+04 1.125417e+04 1.120015e+04
2.1 1.130602e+04 1.138992e+04 1.145891e+04 1.137500e+04
3.1 1.135969e+04 1.135047e+04 1.138776e+04 1.139698e+04
4.1 1.098093e+04 1.115400e+04 1.124652e+04 1.107345e+04
5.1 1.115453e+04 1.105078e+04 1.118252e+04 1.128627e+04
6.1 1.098684e+04 1.101687e+04 1.116351e+04 1.113348e+04
7.1 1.103797e+04 1.102036e+04 1.115881e+04 1.117643e+04
0.5 1.096817e+04 1.100142e+04 1.117049e+04 1.113723e+04
1.5 1.096265e+04 1.102195e+04 1.134557e+04 1.128627e+04
2.5 1.118879e+04 1.109506e+04 1.134580e+04 1.143953e+04
3.5 1.119559e+04 1.111604e+04 1.123683e+04 1.131638e+04
4.5 1.121341e+04 1.114507e+04 1.118095e+04 1.124929e+04
5.5 1.122541e+04 1.118863e+04 1.116364e+04 1.120041e+04
6.5 1.126229e+04 1.127002e+04 1.115931e+04 1.115158e+04
7.5 1.114252e+04 1.125455e+04 1.115851e+04 1.104648e+04
0.0 1.120486e+04 1.127116e+04 1.116002e+04 1.109371e+04
1.0 1.128783e+04 1.129033e+04 1.124604e+04 1.124354e+04
2.0 1.143697e+04 1.138075e+04 1.145645e+04 1.151266e+04
3.0 1.150314e+04 1.135906e+04 1.139891e+04 1.154300e+04
4.0 1.104852e+04 1.116008e+04 1.125536e+04 1.114380e+04
5.0 1.091531e+04 1.105176e+04 1.118849e+04 1.105203e+04
6.0 1.098062e+04 1.101468e+04 1.116883e+04 1.113477e+04
7.0 1.104625e+04 1.101655e+04 1.116452e+04 1.119422e+04
0.5 1.103363e+04 1.099655e+04 1.117787e+04 1.121495e+04
1.5 1.094284e+04 1.101604e+04 1.135402e+04 1.128082e+04
2.5 1.097344e+04 1.108793e+04 1.135543e+04 1.124094e+04
3.5 1.107893e+04 1.110696e+04 1.124778e+04 1.121975e+04
4.5 1.106056e+04 1.113452e+04 1.119335e+04 1.111938e+04
5.5 1.123994e+04 1.117949e+04 1.117764e+04 1.123809e+04
6.5 1.120540e+04 1.125179e+04 1.117505e+04 1.112866e+04
7.5 1.125326e+04 1.124328e+04 1.117613e+04 1.118612e+04
