0.5 1.429877e+03 1.403183e+03 1.438935e+03 1.465629e+03
1.5 1.474068e+03 1.393563e+03 1.274134e+03 1.354639e+03
2.5 1.385057e+03 1.366001e+03 1.272715e+03 1.291771e+03
3.5 1.398474e+03 1.400015e+03 1.373270e+03 1.371730e+03
4.5 1.370707e+03 1.443557e+03 1.424293e+03 1.351443e+03
5.5 1.468200e+03 1.444562e+03 1.439621e+03 1.463258e+03
6.5 1.388591e+03 1.411176e+03 1.443158e+03 1.420573e+03
7.5 1.374856e+03 1.412781e+03 1.443606e+03 1.405681e+03
0.1 1.451131e+03 1.390448e+03 1.444766e+03 1.505449e+03
1.1 1.392177e+03 1.397774e+03 1.350258e+03 1.344660e+03
2.1 1.334255e+03 1.352713e+03 1.162354e+03 1.143897e+03
3.1 1.424734e+03 1.391605e+03 1.234667e+03 1.267797e+03
4.1 1.453870e+03 1.496876e+03 1.365113e+03 1.322107e+03
5.1 1.413776e+03 1.498325e+03 1.423346e+03 1.338797e+03
6.1 1.383764e+03 1.455603e+03 1.440576e+03 1.368737e+03
7.1 1.415853e+03 1.406417e+03 1.444860e+03 1.454296e+03
0.5 1.441814e+03 1.396048e+03 1.434013e+03 1.479779e+03
1.5 1.360715e+03 1.388519e+03 1.270695e+03 1.242892e+03
2.5 1.355414e+03 1.358137e+03 1.270505e+03 1.267782e+03
3.5 1.450021e+03 1.391427e+03 1.372202e+03 1.430796e+03
4.5 1.320055e+03 1.438875e+03 1.424424e+03 1.305604e+03
5.5 1.419140e+03 1.438773e+03 1.440648e+03 1.421014e+03
6.5 1.396097e+03 1.406362e+03 1.444746e+03 1.434481e+03
7.5 1.422492e+03 1.409042e+03 1.445543e+03 1.458993e+03
0.1 1.392714e+03 1.390369e+03 1.445823e+03 1.448168e+03
1.1 1.435100e+03 1.395954e+03 1.356114e+03 1.395261e+03
2.1 1.317186e+03 1.354001e+03 1.165096e+03 1.128282e+03
3.1 1.336113e+03 1.387064e+03 1.231477e+03 1.180526e+03
4.1 1.736673e+03 1.494673e+03 1.363246e+03 1.605247e+03
5.1 1.488623e+03 1.498272e+03 1.422960e+03 1.413310e+03
6.1 1.520127e+03 1.456135e+03 1.440697e+03 1.504690e+03
7.1 1.398224e+03 1.406907e+03 1.445079e+03 1.436397e+03
0.5 1.306157e+03 1.395563e+03 1.434187e+03 1.344781e+03
1.5 1.444408e+03 1.389989e+03 1.270837e+03 1.325255e+03
2.5 1.365211e+03 1.356428e+03 1.270620e+03 1.279403e+03
3.5 1.383139e+03 1.388455e+03 1.372288e+03 1.366971e+03
4.5 1.440760e+03 1.440172e+03 1.424429e+03 1.425017e+03
5.5 1.421377e+03 1.439688e+03 1.440573e+03 1.422262e+03
6.5 1.401007e+03 1.403585e+03 1.444615e+03 1.442037e+03
7.5 1.366663e+03 1.411551e+03 1.445365e+03 1.400478e+03
0.0 1.437504e+03 1.393440e+03 1.443956e+03 1.488019e+03
1.0 1.319521e+03 1.395233e+03 1.363697e+03 1.287985e+03
2.0 1.387691e+03 1.359606e+03 1.167389e+03 1.195474e+03
3.0 1.320007e+03 1.380664e+03 1.221070e+03 1.160413e+03
4.0 1.484703e+03 1.492423e+03 1.355000e+03 1.347279e+03
5.0 1.528936e+03 1.500333e+03 1.417393e+03 1.445996e+03
6.0 1.503800e+03 1.459346e+03 1.435735e+03 1.480188e+03
7.0 1.358657e+03 1.410049e+03 1.439756e+03 1.388364e+03
0.5 1.421228e+03 1.396812e+03 1.427295e+03 1.451711e+03
1.5 1.360472e+03 1.391472e+03 1.262956e+03 1.231957e+03
2.5 1.324296e+03 1.358176e+03 1.261638e+03 1.227757e+03
3.5 1.422993e+03 1.390915e+03 1.362074e+03 1.394152e+03
4.5 1.405906e+03 1.442116e+03 1.412857e+03 1.376647e+03
5.5 1.451309e+03 1.440890e+03 1.427512e+03 1.437931e+03
6.5 1.384379e+03 1.411054e+03 1.429930e+03 1.403255e+03
7.5 1.419034e+03 1.412303e+03 1.428919e+03 1.435651e+03
