0.5 9.472681e+03 9.433761e+03 9.586959e+03 9.625879e+03
1.5 9.416933e+03 9.419441e+03 9.511304e+03 9.508796e+03
2.5 9.408284e+03 9.398218e+03 9.429532e+03 9.439597e+03
3.5 9.411086e+03 9.432828e+03 9.419964e+03 9.398221e+03
4.5 9.404575e+03 9.441444e+03 9.399040e+03 9.362171e+03
5.5 9.442776e+03 9.468246e+03 9.409181e+03 9.383712e+03
6.5 9.434925e+03 9.462439e+03 9.402314e+03 9.374800e+03
7.5 9.380908e+03 9.463007e+03 9.401890e+03 9.319791e+03
8.5 9.404755e+03 9.463574e+03 9.406080e+03 9.347261e+03
0.2 9.408284e+03 9.398218e+03 9.429532e+03 9.439597e+03
1.2 9.411086e+03 9.432828e+03 9.419964e+03 9.398221e+03
2.2 9.404575e+03 9.441444e+03 9.399040e+03 9.362171e+03
3.2 9.442776e+03 9.468246e+03 9.409181e+03 9.383712e+03
4.2 9.434925e+03 9.462439e+03 9.402314e+03 9.374800e+03
5.2 9.380908e+03 9.463007e+03 9.401890e+03 9.319791e+03
6.2 9.404755e+03 9.463574e+03 9.406080e+03 9.347261e+03
7.2 9.482350e+03 9.452867e+03 9.393605e+03 9.423088e+03
8.2 9.456779e+03 9.463970e+03 9.407229e+03 9.400037e+03
0.9 9.442776e+03 9.468246e+03 9.409181e+03 9.383712e+03
1.9 9.434925e+03 9.462439e+03 9.402314e+03 9.374800e+03
2.9 9.380908e+03 9.463007e+03 9.401890e+03 9.319791e+03
3.9 9.404755e+03 9.463574e+03 9.406080e+03 9.347261e+03
4.9 9.482350e+03 9.452867e+03 9.393605e+03 9.423088e+03
5.9 9.456779e+03 9.463970e+03 9.407229e+03 9.400037e+03
6.9 9.467939e+03 9.448186e+03 9.390974e+03 9.410726e+03
7.9 9.467027e+03 9.461488e+03 9.404359e+03 9.409899e+03
8.9 9.429860e+03 9.450206e+03 9.393793e+03 9.373447e+03
0.6 9.380908e+03 9.463007e+03 9.401890e+03 9.319791e+03
1.6 9.404755e+03 9.463574e+03 9.406080e+03 9.347261e+03
2.6 9.482350e+03 9.452867e+03 9.393605e+03 9.423088e+03
3.6 9.456779e+03 9.463970e+03 9.407229e+03 9.400037e+03
4.6 9.467939e+03 9.448186e+03 9.390974e+03 9.410726e+03
5.6 9.467027e+03 9.461488e+03 9.404359e+03 9.409899e+03
6.6 9.429860e+03 9.450206e+03 9.393793e+03 9.373447e+03
7.6 9.437893e+03 9.455695e+03 9.396965e+03 9.379163e+03
8.6 9.472284e+03 9.453507e+03 9.396772e+03 9.415549e+03
0.3 9.482350e+03 9.452867e+03 9.393605e+03 9.423088e+03
1.3 9.456779e+03 9.463970e+03 9.407229e+03 9.400037e+03
2.3 9.467939e+03 9.448186e+03 9.390974e+03 9.410726e+03
3.3 9.467027e+03 9.461488e+03 9.404359e+03 9.409899e+03
4.3 9.429860e+03 9.450206e+03 9.393793e+03 9.373447e+03
5.3 9.437893e+03 9.455695e+03 9.396965e+03 9.379163e+03
6.3 9.472284e+03 9.453507e+03 9.396772e+03 9.415549e+03
7.3 9.495459e+03 9.447352e+03 9.387438e+03 9.435545e+03
8.3 9.461595e+03 9.456250e+03 9.398392e+03 9.403738e+03
1.0 9.467027e+03 9.461488e+03 9.404359e+03 9.409899e+03
2.0 9.429860e+03 9.450206e+03 9.393793e+03 9.373447e+03
3.0 9.437893e+03 9.455695e+03 9.396965e+03 9.379163e+03
4.0 9.472284e+03 9.453507e+03 9.396772e+03 9.415549e+03
5.0 9.495459e+03 9.447352e+03 9.387438e+03 9.435545e+03
6.0 9.461595e+03 9.456250e+03 9.398392e+03 9.403738e+03
7.0 9.418067e+03 9.441725e+03 9.382077e+03 9.358419e+03
8.0 9.436313e+03 9.457641e+03 9.436986e+03 9.415659e+03
9.0 9.535544e+03 9.519164e+03 9.521563e+03 9.537943e+03
0.7 9.437893e+03 9.455695e+03 9.396965e+03 9.379163e+03
1.7 9.472284e+03 9.453507e+03 9.396772e+03 9.415549e+03
2.7 9.495459e+03 9.447352e+03 9.387438e+03 9.435545e+03
3.7 9.461595e+03 9.456250e+03 9.398392e+03 9.403738e+03
4.7 9.418067e+03 9.441725e+03 9.382077e+03 9.358419e+03
5.7 9.436313e+03 9.457641e+03 9.436986e+03 9.415659e+03
6.7 9.535544e+03 9.519164e+03 9.521563e+03 9.537943e+03
7.7 9.574063e+03 9.564989e+03 9.561197e+03 9.570271e+03
8.7 9.577915e+03 9.542601e+03 9.572814e+03 9.608127e+03
0.4 9.495459e+03 9.447352e+03 9.387438e+03 9.435545e+03
1.4 9.461595e+03 9.456250e+03 9.398392e+03 9.403738e+03
2.4 9.418067e+03 9.441725e+03 9.382077e+03 9.358419e+03
3.4 9.436313e+03 9.457641e+03 9.436986e+03 9.415659e+03
4.4 9.535544e+03 9.519164e+03 9.521563e+03 9.537943e+03
5.4 9.574063e+03 9.564989e+03 9.561197e+03 9.570271e+03
6.4 9.577915e+03 9.542601e+03 9.572814e+03 9.608127e+03
7.4 9.496380e+03 9.502597e+03 9.575209e+03 9.568993e+03
8.4 9.467378e+03 9.469558e+03 9.575260e+03 9.573080e+03
0.5 9.450512e+03 9.402705e+03 9.569986e+03 9.617793e+03
1.5 9.429080e+03 9.389967e+03 9.491211e+03 9.530323e+03
2.5 9.419437e+03 9.373588e+03 9.410315e+03 9.456163e+03
3.5 9.436144e+03 9.410657e+03 9.400684e+03 9.426171e+03
4.5 9.430746e+03 9.421058e+03 9.379325e+03 9.389014e+03
5.5 9.424389e+03 9.451789e+03 9.392176e+03 9.364777e+03
6.5 9.477859e+03 9.446281e+03 9.385193e+03 9.416771e+03
7.5 9.497680e+03 9.447157e+03 9.384115e+03 9.434638e+03
8.5 9.482690e+03 9.449203e+03 9.388467e+03 9.421954e+03
0.2 9.419437e+03 9.373588e+03 9.410315e+03 9.456163e+03
1.2 9.436144e+03 9.410657e+03 9.400684e+03 9.426171e+03
2.2 9.430746e+03 9.421058e+03 9.379325e+03 9.389014e+03
3.2 9.424389e+03 9.451789e+03 9.392176e+03 9.364777e+03
4.2 9.477859e+03 9.446281e+03 9.385193e+03 9.416771e+03
5.2 9.497680e+03 9.447157e+03 9.384115e+03 9.434638e+03
6.2 9.482690e+03 9.449203e+03 9.388467e+03 9.421954e+03
7.2 9.482728e+03 9.440026e+03 9.376481e+03 9.419184e+03
8.2 9.490191e+03 9.451196e+03 9.388608e+03 9.427602e+03
0.9 9.424389e+03 9.451789e+03 9.392176e+03 9.364777e+03
1.9 9.477859e+03 9.446281e+03 9.385193e+03 9.416771e+03
2.9 9.497680e+03 9.447157e+03 9.384115e+03 9.434638e+03
3.9 9.482690e+03 9.449203e+03 9.388467e+03 9.421954e+03
4.9 9.482728e+03 9.440026e+03 9.376481e+03 9.419184e+03
5.9 9.490191e+03 9.451196e+03 9.388608e+03 9.427602e+03
6.9 9.467748e+03 9.438710e+03 9.374297e+03 9.403335e+03
7.9 9.456306e+03 9.457876e+03 9.394326e+03 9.392757e+03
8.9 9.443649e+03 9.445453e+03 9.384697e+03 9.382892e+03
0.6 9.497680e+03 9.447157e+03 9.384115e+03 9.434638e+03
1.6 9.482690e+03 9.449203e+03 9.388467e+03 9.421954e+03
2.6 9.482728e+03 9.440026e+03 9.376481e+03 9.419184e+03
3.6 9.490191e+03 9.451196e+03 9.388608e+03 9.427602e+03
4.6 9.467748e+03 9.438710e+03 9.374297e+03 9.403335e+03
5.6 9.456306e+03 9.457876e+03 9.394326e+03 9.392757e+03
6.6 9.443649e+03 9.445453e+03 9.384697e+03 9.382892e+03
7.6 9.455667e+03 9.448252e+03 9.385840e+03 9.393255e+03
8.6 9.444036e+03 9.447109e+03 9.386832e+03 9.383759e+03
0.3 9.482728e+03 9.440026e+03 9.376481e+03 9.419184e+03
1.3 9.490191e+03 9.451196e+03 9.388608e+03 9.427602e+03
2.3 9.467748e+03 9.438710e+03 9.374297e+03 9.403335e+03
3.3 9.456306e+03 9.457876e+03 9.394326e+03 9.392757e+03
4.3 9.443649e+03 9.445453e+03 9.384697e+03 9.382892e+03
5.3 9.455667e+03 9.448252e+03 9.385840e+03 9.393255e+03
6.3 9.444036e+03 9.447109e+03 9.386832e+03 9.383759e+03
7.3 9.448057e+03 9.440917e+03 9.377371e+03 9.384511e+03
8.3 9.481558e+03 9.452036e+03 9.390027e+03 9.419549e+03
0.9 9.456306e+03 9.457876e+03 9.394326e+03 9.392757e+03
1.9 9.443649e+03 9.445453e+03 9.384697e+03 9.382892e+03
2.9 9.455667e+03 9.448252e+03 9.385840e+03 9.393255e+03
3.9 9.444036e+03 9.447109e+03 9.386832e+03 9.383759e+03
4.9 9.448057e+03 9.440917e+03 9.377371e+03 9.384511e+03
5.9 9.481558e+03 9.452036e+03 9.390027e+03 9.419549e+03
6.9 9.455596e+03 9.438332e+03 9.374578e+03 9.391842e+03
7.9 9.446093e+03 9.453637e+03 9.427859e+03 9.420316e+03
8.9 9.461771e+03 9.514601e+03 9.514019e+03 9.461189e+03
0.7 9.455667e+03 9.448252e+03 9.385840e+03 9.393255e+03
1.7 9.444036e+03 9.447109e+03 9.386832e+03 9.383759e+03
2.7 9.448057e+03 9.440917e+03 9.377371e+03 9.384511e+03
3.7 9.481558e+03 9.452036e+03 9.390027e+03 9.419549e+03
4.7 9.455596e+03 9.438332e+03 9.374578e+03 9.391842e+03
5.7 9.446093e+03 9.453637e+03 9.427859e+03 9.420316e+03
6.7 9.461771e+03 9.514601e+03 9.514019e+03 9.461189e+03
7.7 9.519114e+03 9.562872e+03 9.555409e+03 9.511651e+03
8.7 9.544689e+03 9.541746e+03 9.568084e+03 9.571027e+03
0.3 9.448057e+03 9.440917e+03 9.377371e+03 9.384511e+03
1.3 9.481558e+03 9.452036e+03 9.390027e+03 9.419549e+03
2.3 9.455596e+03 9.438332e+03 9.374578e+03 9.391842e+03
3.3 9.446093e+03 9.453637e+03 9.427859e+03 9.420316e+03
4.3 9.461771e+03 9.514601e+03 9.514019e+03 9.461189e+03
5.3 9.519114e+03 9.562872e+03 9.555409e+03 9.511651e+03
6.3 9.544689e+03 9.541746e+03 9.568084e+03 9.571027e+03
7.3 9.558975e+03 9.502080e+03 9.571174e+03 9.628069e+03
8.3 9.465462e+03 9.468936e+03 9.571771e+03 9.568296e+03
0.5 9.378264e+03 9.401366e+03 9.567295e+03 9.544193e+03
1.5 9.411120e+03 9.387742e+03 9.486929e+03 9.510308e+03
2.5 9.418889e+03 9.373917e+03 9.408134e+03 9.453106e+03
3.5 9.395849e+03 9.412977e+03 9.401559e+03 9.384431e+03
4.5 9.364499e+03 9.421719e+03 9.379628e+03 9.322408e+03
5.5 9.374993e+03 9.454475e+03 9.395360e+03 9.315877e+03
6.5 9.392376e+03 9.447865e+03 9.389361e+03 9.333872e+03
7.5 9.406506e+03 9.444843e+03 9.384647e+03 9.346311e+03
8.5 9.409249e+03 9.449800e+03 9.391910e+03 9.351359e+03
0.2 9.418889e+03 9.373917e+03 9.408134e+03 9.453106e+03
1.2 9.395849e+03 9.412977e+03 9.401559e+03 9.384431e+03
2.2 9.364499e+03 9.421719e+03 9.379628e+03 9.322408e+03
3.2 9.374993e+03 9.454475e+03 9.395360e+03 9.315877e+03
4.2 9.392376e+03 9.447865e+03 9.389361e+03 9.333872e+03
5.2 9.406506e+03 9.444843e+03 9.384647e+03 9.346311e+03
6.2 9.409249e+03 9.449800e+03 9.391910e+03 9.351359e+03
7.2 9.438348e+03 9.437436e+03 9.376828e+03 9.377740e+03
8.2 9.448439e+03 9.452218e+03 9.391942e+03 9.388164e+03
0.8 9.374993e+03 9.454475e+03 9.395360e+03 9.315877e+03
1.8 9.392376e+03 9.447865e+03 9.389361e+03 9.333872e+03
2.8 9.406506e+03 9.444843e+03 9.384647e+03 9.346311e+03
3.8 9.409249e+03 9.449800e+03 9.391910e+03 9.351359e+03
4.8 9.438348e+03 9.437436e+03 9.376828e+03 9.377740e+03
5.8 9.448439e+03 9.452218e+03 9.391942e+03 9.388164e+03
6.8 9.463253e+03 9.439096e+03 9.377502e+03 9.401659e+03
7.8 9.476706e+03 9.452699e+03 9.390228e+03 9.414235e+03
8.8 9.450305e+03 9.444800e+03 9.383269e+03 9.388773e+03
0.5 9.406506e+03 9.444843e+03 9.384647e+03 9.346311e+03
1.5 9.409249e+03 9.449800e+03 9.391910e+03 9.351359e+03
2.5 9.438348e+03 9.437436e+03 9.376828e+03 9.377740e+03
3.5 9.448439e+03 9.452218e+03 9.391942e+03 9.388164e+03
4.5 9.463253e+03 9.439096e+03 9.377502e+03 9.401659e+03
5.5 9.476706e+03 9.452699e+03 9.390228e+03 9.414235e+03
6.5 9.450305e+03 9.444800e+03 9.383269e+03 9.388773e+03
7.5 9.455881e+03 9.448623e+03 9.384635e+03 9.391893e+03
8.5 9.477471e+03 9.450030e+03 9.388745e+03 9.416186e+03
0.2 9.438348e+03 9.437436e+03 9.376828e+03 9.377740e+03
1.2 9.448439e+03 9.452218e+03 9.391942e+03 9.388164e+03
2.2 9.463253e+03 9.439096e+03 9.377502e+03 9.401659e+03
3.2 9.476706e+03 9.452699e+03 9.390228e+03 9.414235e+03
4.2 9.450305e+03 9.444800e+03 9.383269e+03 9.388773e+03
5.2 9.455881e+03 9.448623e+03 9.384635e+03 9.391893e+03
6.2 9.477471e+03 9.450030e+03 9.388745e+03 9.416186e+03
7.2 9.483294e+03 9.441845e+03 9.378116e+03 9.419566e+03
8.2 9.499753e+03 9.453809e+03 9.392413e+03 9.438357e+03
0.9 9.476706e+03 9.452699e+03 9.390228e+03 9.414235e+03
1.9 9.450305e+03 9.444800e+03 9.383269e+03 9.388773e+03
2.9 9.455881e+03 9.448623e+03 9.384635e+03 9.391893e+03
3.9 9.477471e+03 9.450030e+03 9.388745e+03 9.416186e+03
4.9 9.483294e+03 9.441845e+03 9.378116e+03 9.419566e+03
5.9 9.499753e+03 9.453809e+03 9.392413e+03 9.438357e+03
6.9 9.485665e+03 9.439470e+03 9.377369e+03 9.423564e+03
7.9 9.501716e+03 9.452522e+03 9.425910e+03 9.475104e+03
8.9 9.526798e+03 9.511598e+03 9.513974e+03 9.529173e+03
0.6 9.455881e+03 9.448623e+03 9.384635e+03 9.391893e+03
1.6 9.477471e+03 9.450030e+03 9.388745e+03 9.416186e+03
2.6 9.483294e+03 9.441845e+03 9.378116e+03 9.419566e+03
3.6 9.499753e+03 9.453809e+03 9.392413e+03 9.438357e+03
4.6 9.485665e+03 9.439470e+03 9.377369e+03 9.423564e+03
5.6 9.501716e+03 9.452522e+03 9.425910e+03 9.475104e+03
6.6 9.526798e+03 9.511598e+03 9.513974e+03 9.529173e+03
7.6 9.596607e+03 9.564058e+03 9.558033e+03 9.590583e+03
8.6 9.601210e+03 9.545131e+03 9.572201e+03 9.628280e+03
0.3 9.483294e+03 9.441845e+03 9.378116e+03 9.419566e+03
1.3 9.499753e+03 9.453809e+03 9.392413e+03 9.438357e+03
2.3 9.485665e+03 9.439470e+03 9.377369e+03 9.423564e+03
3.3 9.501716e+03 9.452522e+03 9.425910e+03 9.475104e+03
4.3 9.526798e+03 9.511598e+03 9.513974e+03 9.529173e+03
5.3 9.596607e+03 9.564058e+03 9.558033e+03 9.590583e+03
6.3 9.601210e+03 9.545131e+03 9.572201e+03 9.628280e+03
7.3 9.462138e+03 9.505851e+03 9.576264e+03 9.532551e+03
8.3 9.410811e+03 9.472290e+03 9.577765e+03 9.516286e+03
0.5 9.366010e+03 9.404664e+03 9.578102e+03 9.539448e+03
1.5 9.339750e+03 9.391414e+03 9.499366e+03 9.447702e+03
2.5 9.325793e+03 9.377907e+03 9.422348e+03 9.370234e+03
3.5 9.354940e+03 9.415552e+03 9.415422e+03 9.354810e+03
4.5 9.381004e+03 9.426222e+03 9.396466e+03 9.351248e+03
5.5 9.420119e+03 9.457772e+03 9.412876e+03 9.375222e+03
6.5 9.429446e+03 9.451671e+03 9.407994e+03 9.385770e+03
7.5 9.437939e+03 9.454874e+03 9.412177e+03 9.395242e+03
8.5 9.415911e+03 9.457209e+03 9.420620e+03 9.379322e+03
0.2 9.325793e+03 9.377907e+03 9.422348e+03 9.370234e+03
1.2 9.354940e+03 9.415552e+03 9.415422e+03 9.354810e+03
2.2 9.381004e+03 9.426222e+03 9.396466e+03 9.351248e+03
3.2 9.420119e+03 9.457772e+03 9.412876e+03 9.375222e+03
4.2 9.429446e+03 9.451671e+03 9.407994e+03 9.385770e+03
5.2 9.437939e+03 9.454874e+03 9.412177e+03 9.395242e+03
6.2 9.415911e+03 9.457209e+03 9.420620e+03 9.379322e+03
7.2 9.404814e+03 9.447085e+03 9.411277e+03 9.369005e+03
8.2 9.447655e+03 9.459932e+03 9.428990e+03 9.416713e+03
0.9 9.420119e+03 9.457772e+03 9.412876e+03 9.375222e+03
1.9 9.429446e+03 9.451671e+03 9.407994e+03 9.385770e+03
2.9 9.437939e+03 9.454874e+03 9.412177e+03 9.395242e+03
3.9 9.415911e+03 9.457209e+03 9.420620e+03 9.379322e+03
4.9 9.404814e+03 9.447085e+03 9.411277e+03 9.369005e+03
5.9 9.447655e+03 9.459932e+03 9.428990e+03 9.416713e+03
6.9 9.487409e+03 9.446161e+03 9.417607e+03 9.458856e+03
7.9 9.504436e+03 9.463046e+03 9.438368e+03 9.479758e+03
8.9 9.494182e+03 9.452693e+03 9.433525e+03 9.475015e+03
0.6 9.437939e+03 9.454874e+03 9.412177e+03 9.395242e+03
1.6 9.415911e+03 9.457209e+03 9.420620e+03 9.379322e+03
2.6 9.404814e+03 9.447085e+03 9.411277e+03 9.369005e+03
3.6 9.447655e+03 9.459932e+03 9.428990e+03 9.416713e+03
4.6 9.487409e+03 9.446161e+03 9.417607e+03 9.458856e+03
5.6 9.504436e+03 9.463046e+03 9.438368e+03 9.479758e+03
6.6 9.494182e+03 9.452693e+03 9.433525e+03 9.475015e+03
7.6 9.488758e+03 9.457328e+03 9.440325e+03 9.471756e+03
8.6 9.477196e+03 9.456974e+03 9.446563e+03 9.466785e+03
0.3 9.404814e+03 9.447085e+03 9.411277e+03 9.369005e+03
1.3 9.447655e+03 9.459932e+03 9.428990e+03 9.416713e+03
2.3 9.487409e+03 9.446161e+03 9.417607e+03 9.458856e+03
3.3 9.504436e+03 9.463046e+03 9.438368e+03 9.479758e+03
4.3 9.494182e+03 9.452693e+03 9.433525e+03 9.475015e+03
5.3 9.488758e+03 9.457328e+03 9.440325e+03 9.471756e+03
6.3 9.477196e+03 9.456974e+03 9.446563e+03 9.466785e+03
7.3 9.456861e+03 9.451490e+03 9.442679e+03 9.448050e+03
8.3 9.470341e+03 9.465636e+03 9.465076e+03 9.469782e+03
1.0 9.504436e+03 9.463046e+03 9.438368e+03 9.479758e+03
2.0 9.494182e+03 9.452693e+03 9.433525e+03 9.475015e+03
3.0 9.488758e+03 9.457328e+03 9.440325e+03 9.471756e+03
4.0 9.477196e+03 9.456974e+03 9.446563e+03 9.466785e+03
5.0 9.456861e+03 9.451490e+03 9.442679e+03 9.448050e+03
6.0 9.470341e+03 9.465636e+03 9.465076e+03 9.469782e+03
0.6 9.488758e+03 9.457328e+03 9.440325e+03 9.471756e+03
1.6 9.477196e+03 9.456974e+03 9.446563e+03 9.466785e+03
2.6 9.456861e+03 9.451490e+03 9.442679e+03 9.448050e+03
3.6 9.470341e+03 9.465636e+03 9.465076e+03 9.469782e+03
0.3 9.456861e+03 9.451490e+03 9.442679e+03 9.448050e+03
1.3 9.470341e+03 9.465636e+03 9.465076e+03 9.469782e+03
