0.5 1.100286e+04 1.085399e+04 1.094425e+04 1.109312e+04
1.5 1.086809e+04 1.088382e+04 1.093084e+04 1.091511e+04
2.5 1.082852e+04 1.089481e+04 1.090938e+04 1.084308e+04
3.5 1.079437e+04 1.083472e+04 1.090344e+04 1.086309e+04
4.5 1.084701e+04 1.085623e+04 1.091051e+04 1.090129e+04
5.5 1.078424e+04 1.088152e+04 1.092115e+04 1.082387e+04
6.5 1.092088e+04 1.097086e+04 1.093261e+04 1.088264e+04
7.5 1.081672e+04 1.095613e+04 1.094138e+04 1.080197e+04
0.1 1.084739e+04 1.094669e+04 1.094461e+04 1.084532e+04
1.1 1.094907e+04 1.101614e+04 1.093946e+04 1.087239e+04
2.1 1.124667e+04 1.120937e+04 1.091330e+04 1.095060e+04
3.1 1.113057e+04 1.118570e+04 1.088846e+04 1.083333e+04
4.1 1.112783e+04 1.096749e+04 1.088709e+04 1.104743e+04
5.1 1.105292e+04 1.085299e+04 1.090041e+04 1.110034e+04
6.1 1.101463e+04 1.081602e+04 1.091683e+04 1.111544e+04
7.1 1.099549e+04 1.081984e+04 1.093369e+04 1.110934e+04
0.5 1.093983e+04 1.079767e+04 1.094484e+04 1.108700e+04
1.5 1.094994e+04 1.083075e+04 1.093172e+04 1.105091e+04
2.5 1.100927e+04 1.085026e+04 1.091050e+04 1.106951e+04
3.5 1.103729e+04 1.080105e+04 1.090475e+04 1.114100e+04
4.5 1.100010e+04 1.082306e+04 1.091200e+04 1.108904e+04
5.5 1.096489e+04 1.085368e+04 1.092279e+04 1.103400e+04
6.5 1.103671e+04 1.094887e+04 1.093436e+04 1.102221e+04
7.5 1.110226e+04 1.093345e+04 1.094319e+04 1.111200e+04
0.1 1.109747e+04 1.094330e+04 1.094542e+04 1.109959e+04
1.1 1.111365e+04 1.101200e+04 1.094053e+04 1.104218e+04
2.1 1.127178e+04 1.120285e+04 1.091473e+04 1.098365e+04
3.1 1.130959e+04 1.119085e+04 1.088932e+04 1.100806e+04
4.1 1.077706e+04 1.097159e+04 1.088733e+04 1.069280e+04
5.1 1.078004e+04 1.085465e+04 1.090039e+04 1.082578e+04
6.1 1.050670e+04 1.081631e+04 1.091672e+04 1.060711e+04
7.1 1.067007e+04 1.081968e+04 1.093358e+04 1.078397e+04
0.5 1.065609e+04 1.079791e+04 1.094504e+04 1.080322e+04
1.5 1.070299e+04 1.082759e+04 1.093189e+04 1.080730e+04
2.5 1.072377e+04 1.084991e+04 1.091065e+04 1.078451e+04
3.5 1.063650e+04 1.080673e+04 1.090488e+04 1.073465e+04
4.5 1.074004e+04 1.082626e+04 1.091211e+04 1.082589e+04
5.5 1.068406e+04 1.085391e+04 1.092287e+04 1.075303e+04
6.5 1.075342e+04 1.095627e+04 1.093442e+04 1.073156e+04
7.5 1.076504e+04 1.093136e+04 1.094322e+04 1.077690e+04
0.0 1.090901e+04 1.094133e+04 1.094498e+04 1.091266e+04
1.0 1.106295e+04 1.100733e+04 1.094071e+04 1.099633e+04
2.0 1.121845e+04 1.119213e+04 1.091577e+04 1.094210e+04
3.0 1.125393e+04 1.120330e+04 1.088937e+04 1.093999e+04
4.0 1.090041e+04 1.098233e+04 1.088615e+04 1.080423e+04
5.0 1.075864e+04 1.086024e+04 1.089866e+04 1.079706e+04
6.0 1.080583e+04 1.081907e+04 1.091476e+04 1.090152e+04
7.0 1.082759e+04 1.082148e+04 1.093153e+04 1.093765e+04
0.5 1.074477e+04 1.080054e+04 1.094332e+04 1.088754e+04
1.5 1.074783e+04 1.083031e+04 1.092990e+04 1.084742e+04
2.5 1.080286e+04 1.085266e+04 1.090834e+04 1.085853e+04
3.5 1.082636e+04 1.080883e+04 1.090222e+04 1.091975e+04
4.5 1.084911e+04 1.082665e+04 1.090905e+04 1.093151e+04
5.5 1.087360e+04 1.085844e+04 1.091938e+04 1.093454e+04
6.5 1.091595e+04 1.095095e+04 1.093044e+04 1.089544e+04
7.5 1.076858e+04 1.093539e+04 1.093870e+04 1.077189e+04
