0.5 9.547827e+03 9.566595e+03 9.579151e+03 9.560383e+03
1.5 9.577287e+03 9.594291e+03 9.543860e+03 9.526856e+03
2.5 9.668037e+03 9.623656e+03 9.583200e+03 9.627581e+03
3.5 9.615810e+03 9.640971e+03 9.589769e+03 9.564607e+03
4.5 9.545459e+03 9.593502e+03 9.589919e+03 9.541877e+03
5.5 9.661112e+03 9.576873e+03 9.589794e+03 9.674033e+03
6.5 9.612516e+03 9.572698e+03 9.589690e+03 9.629507e+03
7.5 9.577395e+03 9.561005e+03 9.589610e+03 9.606000e+03
0.1 9.613921e+03 9.584317e+03 9.589534e+03 9.619137e+03
1.1 9.555793e+03 9.590443e+03 9.544525e+03 9.509875e+03
2.1 9.650677e+03 9.585317e+03 9.541051e+03 9.606410e+03
3.1 9.645103e+03 9.553594e+03 9.583430e+03 9.674938e+03
4.1 9.540782e+03 9.515312e+03 9.589310e+03 9.614780e+03
5.1 9.538028e+03 9.528559e+03 9.589619e+03 9.599088e+03
6.1 9.553384e+03 9.556923e+03 9.589632e+03 9.586093e+03
7.1 9.534084e+03 9.579752e+03 9.589632e+03 9.543964e+03
0.5 9.541502e+03 9.587532e+03 9.577841e+03 9.531811e+03
1.5 9.590610e+03 9.612345e+03 9.542822e+03 9.521087e+03
2.5 9.554873e+03 9.642984e+03 9.582390e+03 9.494279e+03
3.5 9.627773e+03 9.658276e+03 9.589219e+03 9.558717e+03
4.5 9.580825e+03 9.606442e+03 9.589598e+03 9.563981e+03
5.5 9.522291e+03 9.589702e+03 9.589607e+03 9.522196e+03
6.5 9.571082e+03 9.582682e+03 9.589602e+03 9.578001e+03
7.5 9.593784e+03 9.569957e+03 9.589597e+03 9.613424e+03
0.1 9.583673e+03 9.585193e+03 9.589622e+03 9.588102e+03
1.1 9.472489e+03 9.592948e+03 9.545731e+03 9.425272e+03
2.1 9.592693e+03 9.586439e+03 9.539715e+03 9.545970e+03
3.1 9.454479e+03 9.556425e+03 9.583040e+03 9.481094e+03
4.1 9.339707e+03 9.516675e+03 9.589315e+03 9.412346e+03
5.1 9.682216e+03 9.528858e+03 9.589644e+03 9.743002e+03
6.1 9.698666e+03 9.557087e+03 9.589655e+03 9.731234e+03
7.1 9.580997e+03 9.579991e+03 9.589653e+03 9.590659e+03
0.5 9.650068e+03 9.588042e+03 9.577861e+03 9.639888e+03
1.5 9.715372e+03 9.611679e+03 9.542843e+03 9.646537e+03
2.5 9.672510e+03 9.645291e+03 9.582412e+03 9.609631e+03
3.5 9.734153e+03 9.660293e+03 9.589233e+03 9.663094e+03
4.5 9.639921e+03 9.604119e+03 9.589598e+03 9.625400e+03
5.5 9.641531e+03 9.588522e+03 9.589602e+03 9.642611e+03
6.5 9.618273e+03 9.583336e+03 9.589593e+03 9.624530e+03
7.5 9.541864e+03 9.567052e+03 9.589583e+03 9.564395e+03
0.0 9.714155e+03 9.582593e+03 9.589332e+03 9.720894e+03
1.0 9.636604e+03 9.594089e+03 9.547818e+03 9.590333e+03
2.0 9.597729e+03 9.585165e+03 9.536696e+03 9.549260e+03
3.0 9.539177e+03 9.559037e+03 9.581626e+03 9.561766e+03
4.0 9.508653e+03 9.516778e+03 9.588689e+03 9.580565e+03
5.0 9.505175e+03 9.527019e+03 9.588985e+03 9.567141e+03
6.0 9.594537e+03 9.555150e+03 9.588894e+03 9.628282e+03
7.0 9.574565e+03 9.578355e+03 9.588776e+03 9.584987e+03
0.5 9.532496e+03 9.587175e+03 9.576709e+03 9.522030e+03
1.5 9.571884e+03 9.610711e+03 9.541530e+03 9.502702e+03
2.5 9.599869e+03 9.644223e+03 9.580920e+03 9.536566e+03
3.5 9.635744e+03 9.658849e+03 9.587545e+03 9.564440e+03
4.5 9.569821e+03 9.604201e+03 9.587695e+03 9.553315e+03
5.5 9.606944e+03 9.588638e+03 9.587466e+03 9.605772e+03
6.5 9.574354e+03 9.579687e+03 9.587205e+03 9.581871e+03
7.5 9.506600e+03 9.568920e+03 9.586924e+03 9.524604e+03
