0.5 9.628220e+03 9.608591e+03 9.586816e+03 9.606445e+03
1.5 9.606840e+03 9.617131e+03 9.610158e+03 9.599867e+03
2.5 9.585855e+03 9.575977e+03 9.635387e+03 9.645266e+03
3.5 9.575945e+03 9.573438e+03 9.638339e+03 9.640846e+03
4.5 9.571089e+03 9.589506e+03 9.644795e+03 9.626378e+03
5.5 9.600661e+03 9.647220e+03 9.641666e+03 9.595107e+03
6.5 9.573250e+03 9.641951e+03 9.643785e+03 9.575084e+03
7.5 9.542060e+03 9.679363e+03 9.643916e+03 9.506613e+03
8.5 9.591149e+03 9.646362e+03 9.642623e+03 9.587411e+03
0.2 9.585855e+03 9.575977e+03 9.635387e+03 9.645266e+03
1.2 9.575945e+03 9.573438e+03 9.638339e+03 9.640846e+03
2.2 9.571089e+03 9.589506e+03 9.644795e+03 9.626378e+03
3.2 9.600661e+03 9.647220e+03 9.641666e+03 9.595107e+03
4.2 9.573250e+03 9.641951e+03 9.643785e+03 9.575084e+03
5.2 9.542060e+03 9.679363e+03 9.643916e+03 9.506613e+03
6.2 9.591149e+03 9.646362e+03 9.642623e+03 9.587411e+03
7.2 9.656560e+03 9.666172e+03 9.646472e+03 9.636860e+03
8.2 9.672716e+03 9.651272e+03 9.642268e+03 9.663713e+03
0.9 9.600661e+03 9.647220e+03 9.641666e+03 9.595107e+03
1.9 9.573250e+03 9.641951e+03 9.643785e+03 9.575084e+03
2.9 9.542060e+03 9.679363e+03 9.643916e+03 9.506613e+03
3.9 9.591149e+03 9.646362e+03 9.642623e+03 9.587411e+03
4.9 9.656560e+03 9.666172e+03 9.646472e+03 9.636860e+03
5.9 9.672716e+03 9.651272e+03 9.642268e+03 9.663713e+03
6.9 9.668317e+03 9.643781e+03 9.647284e+03 9.671821e+03
7.9 9.655093e+03 9.661501e+03 9.643154e+03 9.636746e+03
8.9 9.615372e+03 9.639472e+03 9.646414e+03 9.622314e+03
0.6 9.542060e+03 9.679363e+03 9.643916e+03 9.506613e+03
1.6 9.591149e+03 9.646362e+03 9.642623e+03 9.587411e+03
2.6 9.656560e+03 9.666172e+03 9.646472e+03 9.636860e+03
3.6 9.672716e+03 9.651272e+03 9.642268e+03 9.663713e+03
4.6 9.668317e+03 9.643781e+03 9.647284e+03 9.671821e+03
5.6 9.655093e+03 9.661501e+03 9.643154e+03 9.636746e+03
6.6 9.615372e+03 9.639472e+03 9.646414e+03 9.622314e+03
7.6 9.635919e+03 9.672099e+03 9.645435e+03 9.609255e+03
8.6 9.657425e+03 9.640319e+03 9.645495e+03 9.662600e+03
0.3 9.656560e+03 9.666172e+03 9.646472e+03 9.636860e+03
1.3 9.672716e+03 9.651272e+03 9.642268e+03 9.663713e+03
2.3 9.668317e+03 9.643781e+03 9.647284e+03 9.671821e+03
3.3 9.655093e+03 9.661501e+03 9.643154e+03 9.636746e+03
4.3 9.615372e+03 9.639472e+03 9.646414e+03 9.622314e+03
5.3 9.635919e+03 9.672099e+03 9.645435e+03 9.609255e+03
6.3 9.657425e+03 9.640319e+03 9.645495e+03 9.662600e+03
7.3 9.665214e+03 9.668597e+03 9.648375e+03 9.644991e+03
8.3 9.623812e+03 9.645390e+03 9.644995e+03 9.623416e+03
1.0 9.655093e+03 9.661501e+03 9.643154e+03 9.636746e+03
2.0 9.615372e+03 9.639472e+03 9.646414e+03 9.622314e+03
3.0 9.635919e+03 9.672099e+03 9.645435e+03 9.609255e+03
4.0 9.657425e+03 9.640319e+03 9.645495e+03 9.662600e+03
5.0 9.665214e+03 9.668597e+03 9.648375e+03 9.644991e+03
6.0 9.623812e+03 9.645390e+03 9.644995e+03 9.623416e+03
7.0 9.601499e+03 9.646652e+03 9.650029e+03 9.604876e+03
8.0 9.615429e+03 9.684362e+03 9.633087e+03 9.564154e+03
9.0 9.808238e+03 9.790565e+03 9.606992e+03 9.624666e+03
0.7 9.635919e+03 9.672099e+03 9.645435e+03 9.609255e+03
1.7 9.657425e+03 9.640319e+03 9.645495e+03 9.662600e+03
2.7 9.665214e+03 9.668597e+03 9.648375e+03 9.644991e+03
3.7 9.623812e+03 9.645390e+03 9.644995e+03 9.623416e+03
4.7 9.601499e+03 9.646652e+03 9.650029e+03 9.604876e+03
5.7 9.615429e+03 9.684362e+03 9.633087e+03 9.564154e+03
6.7 9.808238e+03 9.790565e+03 9.606992e+03 9.624666e+03
7.7 9.777624e+03 9.747828e+03 9.594764e+03 9.624560e+03
8.7 9.696481e+03 9.597366e+03 9.591180e+03 9.690296e+03
0.4 9.665214e+03 9.668597e+03 9.648375e+03 9.644991e+03
1.4 9.623812e+03 9.645390e+03 9.644995e+03 9.623416e+03
2.4 9.601499e+03 9.646652e+03 9.650029e+03 9.604876e+03
3.4 9.615429e+03 9.684362e+03 9.633087e+03 9.564154e+03
4.4 9.808238e+03 9.790565e+03 9.606992e+03 9.624666e+03
5.4 9.777624e+03 9.747828e+03 9.594764e+03 9.624560e+03
6.4 9.696481e+03 9.597366e+03 9.591180e+03 9.690296e+03
7.4 9.663952e+03 9.540263e+03 9.590441e+03 9.714130e+03
8.4 9.645466e+03 9.538842e+03 9.590425e+03 9.697049e+03
0.5 9.637904e+03 9.585248e+03 9.592052e+03 9.644708e+03
1.5 9.653687e+03 9.599193e+03 9.616357e+03 9.670851e+03
2.5 9.657825e+03 9.563653e+03 9.641316e+03 9.735489e+03
3.5 9.636353e+03 9.560080e+03 9.644288e+03 9.720561e+03
4.5 9.641053e+03 9.579211e+03 9.650878e+03 9.712720e+03
5.5 9.648078e+03 9.639347e+03 9.646913e+03 9.655644e+03
6.5 9.715439e+03 9.633379e+03 9.649067e+03 9.731127e+03
7.5 9.726787e+03 9.672302e+03 9.649400e+03 9.703885e+03
8.5 9.694688e+03 9.640975e+03 9.648057e+03 9.701770e+03
0.2 9.657825e+03 9.563653e+03 9.641316e+03 9.735489e+03
1.2 9.636353e+03 9.560080e+03 9.644288e+03 9.720561e+03
2.2 9.641053e+03 9.579211e+03 9.650878e+03 9.712720e+03
3.2 9.648078e+03 9.639347e+03 9.646913e+03 9.655644e+03
4.2 9.715439e+03 9.633379e+03 9.649067e+03 9.731127e+03
5.2 9.726787e+03 9.672302e+03 9.649400e+03 9.703885e+03
6.2 9.694688e+03 9.640975e+03 9.648057e+03 9.701770e+03
7.2 9.703594e+03 9.661246e+03 9.651755e+03 9.694103e+03
8.2 9.710014e+03 9.648011e+03 9.648014e+03 9.710017e+03
0.9 9.648078e+03 9.639347e+03 9.646913e+03 9.655644e+03
1.9 9.715439e+03 9.633379e+03 9.649067e+03 9.731127e+03
2.9 9.726787e+03 9.672302e+03 9.649400e+03 9.703885e+03
3.9 9.694688e+03 9.640975e+03 9.648057e+03 9.701770e+03
4.9 9.703594e+03 9.661246e+03 9.651755e+03 9.694103e+03
5.9 9.710014e+03 9.648011e+03 9.648014e+03 9.710017e+03
6.9 9.682321e+03 9.644183e+03 9.652429e+03 9.690567e+03
7.9 9.691506e+03 9.663834e+03 9.646249e+03 9.673921e+03
8.9 9.683888e+03 9.637180e+03 9.649220e+03 9.695929e+03
0.6 9.726787e+03 9.672302e+03 9.649400e+03 9.703885e+03
1.6 9.694688e+03 9.640975e+03 9.648057e+03 9.701770e+03
2.6 9.703594e+03 9.661246e+03 9.651755e+03 9.694103e+03
3.6 9.710014e+03 9.648011e+03 9.648014e+03 9.710017e+03
4.6 9.682321e+03 9.644183e+03 9.652429e+03 9.690567e+03
5.6 9.691506e+03 9.663834e+03 9.646249e+03 9.673921e+03
6.6 9.683888e+03 9.637180e+03 9.649220e+03 9.695929e+03
7.6 9.696582e+03 9.670728e+03 9.648868e+03 9.674722e+03
8.6 9.681984e+03 9.639406e+03 9.648562e+03 9.691140e+03
0.3 9.703594e+03 9.661246e+03 9.651755e+03 9.694103e+03
1.3 9.710014e+03 9.648011e+03 9.648014e+03 9.710017e+03
2.3 9.682321e+03 9.644183e+03 9.652429e+03 9.690567e+03
3.3 9.691506e+03 9.663834e+03 9.646249e+03 9.673921e+03
4.3 9.683888e+03 9.637180e+03 9.649220e+03 9.695929e+03
5.3 9.696582e+03 9.670728e+03 9.648868e+03 9.674722e+03
6.3 9.681984e+03 9.639406e+03 9.648562e+03 9.691140e+03
7.3 9.703873e+03 9.666673e+03 9.651480e+03 9.688681e+03
8.3 9.725049e+03 9.646170e+03 9.647576e+03 9.726455e+03
0.9 9.691506e+03 9.663834e+03 9.646249e+03 9.673921e+03
1.9 9.683888e+03 9.637180e+03 9.649220e+03 9.695929e+03
2.9 9.696582e+03 9.670728e+03 9.648868e+03 9.674722e+03
3.9 9.681984e+03 9.639406e+03 9.648562e+03 9.691140e+03
4.9 9.703873e+03 9.666673e+03 9.651480e+03 9.688681e+03
5.9 9.725049e+03 9.646170e+03 9.647576e+03 9.726455e+03
6.9 9.703208e+03 9.645673e+03 9.652342e+03 9.709877e+03
7.9 9.713757e+03 9.683408e+03 9.635903e+03 9.666252e+03
8.9 9.786061e+03 9.787892e+03 9.609320e+03 9.607489e+03
0.7 9.696582e+03 9.670728e+03 9.648868e+03 9.674722e+03
1.7 9.681984e+03 9.639406e+03 9.648562e+03 9.691140e+03
2.7 9.703873e+03 9.666673e+03 9.651480e+03 9.688681e+03
3.7 9.725049e+03 9.646170e+03 9.647576e+03 9.726455e+03
4.7 9.703208e+03 9.645673e+03 9.652342e+03 9.709877e+03
5.7 9.713757e+03 9.683408e+03 9.635903e+03 9.666252e+03
6.7 9.786061e+03 9.787892e+03 9.609320e+03 9.607489e+03
7.7 9.789877e+03 9.752700e+03 9.596550e+03 9.633727e+03
8.7 9.459564e+03 9.600616e+03 9.592639e+03 9.451587e+03
0.3 9.703873e+03 9.666673e+03 9.651480e+03 9.688681e+03
1.3 9.725049e+03 9.646170e+03 9.647576e+03 9.726455e+03
2.3 9.703208e+03 9.645673e+03 9.652342e+03 9.709877e+03
3.3 9.713757e+03 9.683408e+03 9.635903e+03 9.666252e+03
4.3 9.786061e+03 9.787892e+03 9.609320e+03 9.607489e+03
5.3 9.789877e+03 9.752700e+03 9.596550e+03 9.633727e+03
6.3 9.459564e+03 9.600616e+03 9.592639e+03 9.451587e+03
7.3 9.499785e+03 9.541417e+03 9.591686e+03 9.550054e+03
8.3 9.427133e+03 9.539040e+03 9.591502e+03 9.479595e+03
0.5 9.504292e+03 9.583413e+03 9.592882e+03 9.513761e+03
1.5 9.569482e+03 9.599912e+03 9.617678e+03 9.587248e+03
2.5 9.552607e+03 9.567662e+03 9.641989e+03 9.626934e+03
3.5 9.528577e+03 9.561237e+03 9.644018e+03 9.611358e+03
4.5 9.518644e+03 9.579031e+03 9.650784e+03 9.590397e+03
5.5 9.530501e+03 9.643752e+03 9.645930e+03 9.532680e+03
6.5 9.564241e+03 9.631225e+03 9.647781e+03 9.580798e+03
7.5 9.577262e+03 9.672268e+03 9.649236e+03 9.554230e+03
8.5 9.563698e+03 9.640259e+03 9.646995e+03 9.570433e+03
0.2 9.552607e+03 9.567662e+03 9.641989e+03 9.626934e+03
1.2 9.528577e+03 9.561237e+03 9.644018e+03 9.611358e+03
2.2 9.518644e+03 9.579031e+03 9.650784e+03 9.590397e+03
3.2 9.530501e+03 9.643752e+03 9.645930e+03 9.532680e+03
4.2 9.564241e+03 9.631225e+03 9.647781e+03 9.580798e+03
5.2 9.577262e+03 9.672268e+03 9.649236e+03 9.554230e+03
6.2 9.563698e+03 9.640259e+03 9.646995e+03 9.570433e+03
7.2 9.602521e+03 9.654557e+03 9.651648e+03 9.599612e+03
8.2 9.615099e+03 9.650156e+03 9.646985e+03 9.611928e+03
0.8 9.530501e+03 9.643752e+03 9.645930e+03 9.532680e+03
1.8 9.564241e+03 9.631225e+03 9.647781e+03 9.580798e+03
2.8 9.577262e+03 9.672268e+03 9.649236e+03 9.554230e+03
3.8 9.563698e+03 9.640259e+03 9.646995e+03 9.570433e+03
4.8 9.602521e+03 9.654557e+03 9.651648e+03 9.599612e+03
5.8 9.615099e+03 9.650156e+03 9.646985e+03 9.611928e+03
6.8 9.644941e+03 9.639664e+03 9.651440e+03 9.656717e+03
7.8 9.635589e+03 9.663689e+03 9.647514e+03 9.619414e+03
8.8 9.645671e+03 9.639235e+03 9.649661e+03 9.656097e+03
0.5 9.577262e+03 9.672268e+03 9.649236e+03 9.554230e+03
1.5 9.563698e+03 9.640259e+03 9.646995e+03 9.570433e+03
2.5 9.602521e+03 9.654557e+03 9.651648e+03 9.599612e+03
3.5 9.615099e+03 9.650156e+03 9.646985e+03 9.611928e+03
4.5 9.644941e+03 9.639664e+03 9.651440e+03 9.656717e+03
5.5 9.635589e+03 9.663689e+03 9.647514e+03 9.619414e+03
6.5 9.645671e+03 9.639235e+03 9.649661e+03 9.656097e+03
7.5 9.664574e+03 9.673498e+03 9.649239e+03 9.640315e+03
8.5 9.654051e+03 9.641652e+03 9.647971e+03 9.660370e+03
0.2 9.602521e+03 9.654557e+03 9.651648e+03 9.599612e+03
1.2 9.615099e+03 9.650156e+03 9.646985e+03 9.611928e+03
2.2 9.644941e+03 9.639664e+03 9.651440e+03 9.656717e+03
3.2 9.635589e+03 9.663689e+03 9.647514e+03 9.619414e+03
4.2 9.645671e+03 9.639235e+03 9.649661e+03 9.656097e+03
5.2 9.664574e+03 9.673498e+03 9.649239e+03 9.640315e+03
6.2 9.654051e+03 9.641652e+03 9.647971e+03 9.660370e+03
7.2 9.668126e+03 9.664765e+03 9.651251e+03 9.654611e+03
8.2 9.679995e+03 9.648321e+03 9.646840e+03 9.678514e+03
0.9 9.635589e+03 9.663689e+03 9.647514e+03 9.619414e+03
1.9 9.645671e+03 9.639235e+03 9.649661e+03 9.656097e+03
2.9 9.664574e+03 9.673498e+03 9.649239e+03 9.640315e+03
3.9 9.654051e+03 9.641652e+03 9.647971e+03 9.660370e+03
4.9 9.668126e+03 9.664765e+03 9.651251e+03 9.654611e+03
5.9 9.679995e+03 9.648321e+03 9.646840e+03 9.678514e+03
6.9 9.678168e+03 9.643491e+03 9.651481e+03 9.686158e+03
7.9 9.828159e+03 9.680886e+03 9.636505e+03 9.783777e+03
8.9 9.816392e+03 9.781347e+03 9.609334e+03 9.644379e+03
0.6 9.664574e+03 9.673498e+03 9.649239e+03 9.640315e+03
1.6 9.654051e+03 9.641652e+03 9.647971e+03 9.660370e+03
2.6 9.668126e+03 9.664765e+03 9.651251e+03 9.654611e+03
3.6 9.679995e+03 9.648321e+03 9.646840e+03 9.678514e+03
4.6 9.678168e+03 9.643491e+03 9.651481e+03 9.686158e+03
5.6 9.828159e+03 9.680886e+03 9.636505e+03 9.783777e+03
6.6 9.816392e+03 9.781347e+03 9.609334e+03 9.644379e+03
7.6 9.832584e+03 9.761436e+03 9.595740e+03 9.666888e+03
8.6 9.548369e+03 9.606537e+03 9.591369e+03 9.533201e+03
0.3 9.668126e+03 9.664765e+03 9.651251e+03 9.654611e+03
1.3 9.679995e+03 9.648321e+03 9.646840e+03 9.678514e+03
2.3 9.678168e+03 9.643491e+03 9.651481e+03 9.686158e+03
3.3 9.828159e+03 9.680886e+03 9.636505e+03 9.783777e+03
4.3 9.816392e+03 9.781347e+03 9.609334e+03 9.644379e+03
5.3 9.832584e+03 9.761436e+03 9.595740e+03 9.666888e+03
6.3 9.548369e+03 9.606537e+03 9.591369e+03 9.533201e+03
7.3 9.466050e+03 9.543069e+03 9.590115e+03 9.513096e+03
8.3 9.502359e+03 9.538761e+03 9.589652e+03 9.553250e+03
0.5 9.509473e+03 9.583497e+03 9.589548e+03 9.515525e+03
1.5 9.537029e+03 9.599798e+03 9.613841e+03 9.551072e+03
2.5 9.543892e+03 9.566843e+03 9.637604e+03 9.614653e+03
3.5 9.552977e+03 9.559732e+03 9.639741e+03 9.632986e+03
4.5 9.569477e+03 9.579609e+03 9.645589e+03 9.635457e+03
5.5 9.610736e+03 9.637276e+03 9.640526e+03 9.613986e+03
6.5 9.613959e+03 9.631513e+03 9.642032e+03 9.624479e+03
7.5 9.643123e+03 9.672042e+03 9.640742e+03 9.611823e+03
8.5 9.575823e+03 9.636636e+03 9.638137e+03 9.577324e+03
0.2 9.543892e+03 9.566843e+03 9.637604e+03 9.614653e+03
1.2 9.552977e+03 9.559732e+03 9.639741e+03 9.632986e+03
2.2 9.569477e+03 9.579609e+03 9.645589e+03 9.635457e+03
3.2 9.610736e+03 9.637276e+03 9.640526e+03 9.613986e+03
4.2 9.613959e+03 9.631513e+03 9.642032e+03 9.624479e+03
5.2 9.643123e+03 9.672042e+03 9.640742e+03 9.611823e+03
6.2 9.575823e+03 9.636636e+03 9.638137e+03 9.577324e+03
7.2 9.596886e+03 9.656536e+03 9.641019e+03 9.581369e+03
8.2 9.621378e+03 9.641988e+03 9.635554e+03 9.614945e+03
0.9 9.610736e+03 9.637276e+03 9.640526e+03 9.613986e+03
1.9 9.613959e+03 9.631513e+03 9.642032e+03 9.624479e+03
2.9 9.643123e+03 9.672042e+03 9.640742e+03 9.611823e+03
3.9 9.575823e+03 9.636636e+03 9.638137e+03 9.577324e+03
4.9 9.596886e+03 9.656536e+03 9.641019e+03 9.581369e+03
5.9 9.621378e+03 9.641988e+03 9.635554e+03 9.614945e+03
6.9 9.670749e+03 9.634382e+03 9.639066e+03 9.675434e+03
7.9 9.667458e+03 9.653505e+03 9.632661e+03 9.646613e+03
8.9 9.673265e+03 9.627734e+03 9.634155e+03 9.679685e+03
0.6 9.643123e+03 9.672042e+03 9.640742e+03 9.611823e+03
1.6 9.575823e+03 9.636636e+03 9.638137e+03 9.577324e+03
2.6 9.596886e+03 9.656536e+03 9.641019e+03 9.581369e+03
3.6 9.621378e+03 9.641988e+03 9.635554e+03 9.614945e+03
4.6 9.670749e+03 9.634382e+03 9.639066e+03 9.675434e+03
5.6 9.667458e+03 9.653505e+03 9.632661e+03 9.646613e+03
6.6 9.673265e+03 9.627734e+03 9.634155e+03 9.679685e+03
7.6 9.652739e+03 9.659825e+03 9.632057e+03 9.624971e+03
8.6 9.631564e+03 9.626648e+03 9.630132e+03 9.635049e+03
0.3 9.596886e+03 9.656536e+03 9.641019e+03 9.581369e+03
1.3 9.621378e+03 9.641988e+03 9.635554e+03 9.614945e+03
2.3 9.670749e+03 9.634382e+03 9.639066e+03 9.675434e+03
3.3 9.667458e+03 9.653505e+03 9.632661e+03 9.646613e+03
4.3 9.673265e+03 9.627734e+03 9.634155e+03 9.679685e+03
5.3 9.652739e+03 9.659825e+03 9.632057e+03 9.624971e+03
6.3 9.631564e+03 9.626648e+03 9.630132e+03 9.635049e+03
7.3 9.638464e+03 9.654187e+03 9.631331e+03 9.615608e+03
8.3 9.644895e+03 9.629665e+03 9.624420e+03 9.639650e+03
1.0 9.667458e+03 9.653505e+03 9.632661e+03 9.646613e+03
2.0 9.673265e+03 9.627734e+03 9.634155e+03 9.679685e+03
3.0 9.652739e+03 9.659825e+03 9.632057e+03 9.624971e+03
4.0 9.631564e+03 9.626648e+03 9.630132e+03 9.635049e+03
5.0 9.638464e+03 9.654187e+03 9.631331e+03 9.615608e+03
6.0 9.644895e+03 9.629665e+03 9.624420e+03 9.639650e+03
0.6 9.652739e+03 9.659825e+03 9.632057e+03 9.624971e+03
1.6 9.631564e+03 9.626648e+03 9.630132e+03 9.635049e+03
2.6 9.638464e+03 9.654187e+03 9.631331e+03 9.615608e+03
3.6 9.644895e+03 9.629665e+03 9.624420e+03 9.639650e+03
0.3 9.638464e+03 9.654187e+03 9.631331e+03 9.615608e+03
1.3 9.644895e+03 9.629665e+03 9.624420e+03 9.639650e+03
