0.5 1.028227e+04 1.014705e+04 1.007639e+04 1.021161e+04
1.5 1.015894e+04 1.005609e+04 1.014978e+04 1.025262e+04
2.5 1.021147e+04 1.013239e+04 1.015041e+04 1.022949e+04
3.5 1.010501e+04 1.008832e+04 1.010563e+04 1.012232e+04
4.5 1.013435e+04 1.008679e+04 1.008291e+04 1.013047e+04
5.5 1.001841e+04 1.006353e+04 1.007609e+04 1.003096e+04
6.5 1.004599e+04 1.009786e+04 1.007451e+04 1.002264e+04
7.5 9.929495e+03 1.006602e+04 1.007431e+04 9.937787e+03
0.1 1.004454e+04 1.004070e+04 1.007379e+04 1.007764e+04
1.1 1.001116e+04 1.000018e+04 1.011588e+04 1.012686e+04
2.1 1.010250e+04 1.015861e+04 1.019955e+04 1.014344e+04
3.1 1.032426e+04 1.034593e+04 1.016735e+04 1.014568e+04
4.1 1.032813e+04 1.029308e+04 1.010926e+04 1.014432e+04
5.1 1.013525e+04 1.023100e+04 1.008333e+04 9.987578e+03
6.1 1.009688e+04 1.019050e+04 1.007566e+04 9.982038e+03
7.1 1.017192e+04 1.016528e+04 1.007375e+04 1.008039e+04
0.5 1.005480e+04 1.010210e+04 1.007858e+04 1.003128e+04
1.5 1.007790e+04 1.001089e+04 1.015131e+04 1.021832e+04
2.5 1.020940e+04 1.008951e+04 1.015139e+04 1.027128e+04
3.5 1.004051e+04 1.005220e+04 1.010611e+04 1.009442e+04
4.5 1.019029e+04 1.005083e+04 1.008285e+04 1.022232e+04
5.5 1.013447e+04 1.003025e+04 1.007563e+04 1.017985e+04
6.5 1.004020e+04 1.006980e+04 1.007380e+04 1.004420e+04
7.5 1.009309e+04 1.003753e+04 1.007345e+04 1.012901e+04
0.1 1.011546e+04 1.003145e+04 1.007332e+04 1.015734e+04
1.1 1.008396e+04 9.992950e+03 1.011327e+04 1.020428e+04
2.1 1.011209e+04 1.014370e+04 1.019833e+04 1.016672e+04
3.1 1.034367e+04 1.034040e+04 1.016877e+04 1.017204e+04
4.1 1.029549e+04 1.029022e+04 1.011010e+04 1.011537e+04
5.1 1.023392e+04 1.022831e+04 1.008350e+04 1.008912e+04
6.1 1.023492e+04 1.018787e+04 1.007561e+04 1.012265e+04
7.1 1.020018e+04 1.016286e+04 1.007366e+04 1.011098e+04
0.5 9.958150e+03 1.010001e+04 1.007851e+04 9.936649e+03
1.5 9.911655e+03 1.000653e+04 1.015124e+04 1.005637e+04
2.5 1.003991e+04 1.008568e+04 1.015134e+04 1.010558e+04
3.5 1.001640e+04 1.005334e+04 1.010607e+04 1.006914e+04
4.5 1.003109e+04 1.005274e+04 1.008285e+04 1.006120e+04
5.5 9.941568e+03 1.003028e+04 1.007566e+04 9.986949e+03
6.5 9.986227e+03 1.007641e+04 1.007386e+04 9.983676e+03
7.5 9.964628e+03 1.003958e+04 1.007353e+04 9.998577e+03
0.0 1.007431e+04 1.003208e+04 1.007416e+04 1.011639e+04
1.0 1.001267e+04 9.995878e+03 1.010989e+04 1.012669e+04
2.0 1.006325e+04 1.012944e+04 1.019731e+04 1.013111e+04
3.0 1.040263e+04 1.034298e+04 1.017341e+04 1.023305e+04
4.0 1.043669e+04 1.029769e+04 1.011377e+04 1.025277e+04
5.0 1.023423e+04 1.023543e+04 1.008598e+04 1.008478e+04
6.0 1.010698e+04 1.019468e+04 1.007782e+04 9.990115e+03
7.0 1.023473e+04 1.016986e+04 1.007603e+04 1.014090e+04
0.5 1.011231e+04 1.010793e+04 1.008157e+04 1.008596e+04
1.5 1.007028e+04 1.001559e+04 1.015475e+04 1.020945e+04
2.5 1.000116e+04 1.009600e+04 1.015534e+04 1.006049e+04
3.5 1.004794e+04 1.006465e+04 1.011062e+04 1.009391e+04
4.5 9.898857e+03 1.006289e+04 1.008800e+04 9.923976e+03
5.5 9.896072e+03 1.004503e+04 1.008148e+04 9.932516e+03
6.5 9.997739e+03 1.008591e+04 1.008040e+04 9.992228e+03
7.5 1.006628e+04 1.005556e+04 1.008085e+04 1.009158e+04
