0.5 9.375988e+03 9.308371e+03 9.300476e+03 9.368093e+03
1.5 9.331278e+03 9.324177e+03 9.313134e+03 9.320236e+03
2.5 9.300851e+03 9.340541e+03 9.333387e+03 9.293696e+03
3.5 9.282734e+03 9.299966e+03 9.338987e+03 9.321755e+03
4.5 9.301677e+03 9.316425e+03 9.332315e+03 9.317566e+03
5.5 9.372953e+03 9.327424e+03 9.322276e+03 9.367805e+03
6.5 9.371908e+03 9.301645e+03 9.311460e+03 9.381724e+03
7.5 9.331723e+03 9.327952e+03 9.303182e+03 9.306952e+03
0.1 9.252026e+03 9.312823e+03 9.300135e+03 9.239339e+03
1.1 9.267269e+03 9.269581e+03 9.304998e+03 9.302686e+03
2.1 9.250067e+03 9.283703e+03 9.329681e+03 9.296046e+03
3.1 9.325690e+03 9.302951e+03 9.353129e+03 9.375869e+03
4.1 9.320883e+03 9.342985e+03 9.354419e+03 9.332316e+03
5.1 9.304375e+03 9.343086e+03 9.341853e+03 9.303142e+03
6.1 9.236122e+03 9.327571e+03 9.326353e+03 9.234905e+03
7.1 9.295233e+03 9.311638e+03 9.310447e+03 9.294042e+03
0.5 9.285137e+03 9.312922e+03 9.299924e+03 9.272139e+03
1.5 9.353309e+03 9.330733e+03 9.312301e+03 9.334877e+03
2.5 9.371909e+03 9.342851e+03 9.332328e+03 9.361386e+03
3.5 9.248512e+03 9.299792e+03 9.337749e+03 9.286469e+03
4.5 9.352309e+03 9.320404e+03 9.330912e+03 9.362817e+03
5.5 9.340927e+03 9.329268e+03 9.320726e+03 9.332385e+03
6.5 9.332259e+03 9.303508e+03 9.309805e+03 9.338556e+03
7.5 9.401594e+03 9.331128e+03 9.301474e+03 9.371940e+03
0.1 9.265221e+03 9.314992e+03 9.299374e+03 9.249603e+03
1.1 9.263419e+03 9.269029e+03 9.303988e+03 9.298377e+03
2.1 9.298416e+03 9.284345e+03 9.328339e+03 9.342410e+03
3.1 9.294740e+03 9.301642e+03 9.352316e+03 9.345414e+03
4.1 9.368597e+03 9.342534e+03 9.354191e+03 9.380253e+03
5.1 9.433720e+03 9.343380e+03 9.341867e+03 9.432207e+03
6.1 9.333196e+03 9.327985e+03 9.326454e+03 9.331666e+03
7.1 9.279046e+03 9.311967e+03 9.310543e+03 9.277623e+03
0.5 9.282569e+03 9.312891e+03 9.299731e+03 9.269410e+03
1.5 9.331734e+03 9.333377e+03 9.312136e+03 9.310493e+03
2.5 9.346941e+03 9.341582e+03 9.332188e+03 9.337548e+03
3.5 9.318961e+03 9.296016e+03 9.337628e+03 9.360572e+03
4.5 9.278420e+03 9.321560e+03 9.330811e+03 9.287671e+03
5.5 9.352453e+03 9.330490e+03 9.320651e+03 9.342614e+03
6.5 9.251712e+03 9.299322e+03 9.309758e+03 9.262148e+03
7.5 9.355393e+03 9.334191e+03 9.301451e+03 9.322653e+03
0.0 9.354300e+03 9.318449e+03 9.299783e+03 9.335634e+03
1.0 9.229249e+03 9.267690e+03 9.303813e+03 9.265372e+03
2.0 9.351115e+03 9.285270e+03 9.327351e+03 9.393197e+03
3.0 9.194204e+03 9.298728e+03 9.352271e+03 9.247747e+03
4.0 9.432574e+03 9.341216e+03 9.355305e+03 9.446664e+03
5.0 9.321802e+03 9.343611e+03 9.343498e+03 9.321689e+03
6.0 9.294434e+03 9.328473e+03 9.328305e+03 9.294266e+03
7.0 9.315038e+03 9.312291e+03 9.312478e+03 9.315225e+03
0.5 9.354670e+03 9.312456e+03 9.301359e+03 9.343573e+03
1.5 9.294796e+03 9.332926e+03 9.314021e+03 9.275892e+03
2.5 9.394062e+03 9.341117e+03 9.334365e+03 9.387309e+03
3.5 9.328097e+03 9.296097e+03 9.340136e+03 9.372136e+03
4.5 9.273970e+03 9.321075e+03 9.333692e+03 9.286587e+03
5.5 9.357564e+03 9.328046e+03 9.323947e+03 9.353465e+03
6.5 9.298591e+03 9.304964e+03 9.313512e+03 9.307140e+03
7.5 9.337857e+03 9.330454e+03 9.305712e+03 9.313116e+03
