0.5 9.224604e+03 9.220570e+03 9.258597e+03 9.262632e+03
1.5 9.148035e+03 9.264672e+03 9.121315e+03 9.004678e+03
2.5 9.329362e+03 9.285481e+03 9.274348e+03 9.318230e+03
3.5 9.470415e+03 9.428195e+03 9.299903e+03 9.342123e+03
4.5 9.192059e+03 9.299480e+03 9.300487e+03 9.193066e+03
5.5 9.400020e+03 9.247127e+03 9.299998e+03 9.452892e+03
6.5 9.531299e+03 9.282938e+03 9.299594e+03 9.547954e+03
7.5 9.259256e+03 9.207512e+03 9.299285e+03 9.351029e+03
0.1 8.985690e+03 9.292238e+03 9.298988e+03 8.992439e+03
1.1 9.615120e+03 9.403085e+03 9.123902e+03 9.335937e+03
2.1 9.208255e+03 9.328370e+03 9.110386e+03 8.990272e+03
3.1 9.360854e+03 9.188366e+03 9.275244e+03 9.447733e+03
4.1 9.091534e+03 9.036706e+03 9.298118e+03 9.352946e+03
5.1 9.428987e+03 9.070121e+03 9.299318e+03 9.658184e+03
6.1 9.145169e+03 9.161641e+03 9.299368e+03 9.282897e+03
7.1 9.076892e+03 9.240117e+03 9.299368e+03 9.136144e+03
0.5 9.309436e+03 9.262167e+03 9.253502e+03 9.300772e+03
1.5 9.091511e+03 9.296551e+03 9.117279e+03 8.912238e+03
2.5 9.265957e+03 9.328883e+03 9.271199e+03 9.208273e+03
3.5 9.678955e+03 9.471507e+03 9.297764e+03 9.505213e+03
4.5 9.393907e+03 9.325208e+03 9.299236e+03 9.367935e+03
5.5 9.178727e+03 9.276729e+03 9.299271e+03 9.201269e+03
6.5 9.005072e+03 9.305528e+03 9.299251e+03 8.998795e+03
7.5 9.477049e+03 9.225331e+03 9.299232e+03 9.550951e+03
0.1 9.042758e+03 9.291775e+03 9.299331e+03 9.050314e+03
1.1 9.143223e+03 9.411351e+03 9.128595e+03 8.860466e+03
2.1 9.423466e+03 9.332718e+03 9.105191e+03 9.195939e+03
3.1 9.290960e+03 9.198280e+03 9.273728e+03 9.366408e+03
4.1 8.176323e+03 9.041422e+03 9.298135e+03 8.433035e+03
5.1 9.067447e+03 9.071118e+03 9.299417e+03 9.295745e+03
6.1 9.386934e+03 9.162066e+03 9.299460e+03 9.524328e+03
7.1 9.079693e+03 9.240773e+03 9.299453e+03 9.138373e+03
0.5 9.575177e+03 9.263867e+03 9.253582e+03 9.564892e+03
1.5 9.414629e+03 9.290677e+03 9.117360e+03 9.241312e+03
2.5 9.549640e+03 9.337383e+03 9.271283e+03 9.483540e+03
3.5 9.512573e+03 9.483619e+03 9.297818e+03 9.326772e+03
4.5 9.430685e+03 9.317654e+03 9.299237e+03 9.412269e+03
5.5 9.342455e+03 9.271712e+03 9.299253e+03 9.369997e+03
6.5 9.591321e+03 9.314131e+03 9.299217e+03 9.576408e+03
7.5 9.250861e+03 9.212093e+03 9.299179e+03 9.337947e+03
0.0 9.114905e+03 9.278899e+03 9.298204e+03 9.134210e+03
1.0 9.485751e+03 9.415973e+03 9.136713e+03 9.206491e+03
2.0 9.711210e+03 9.330932e+03 9.093448e+03 9.473726e+03
3.0 9.253418e+03 9.208866e+03 9.268225e+03 9.312777e+03
4.0 8.787075e+03 9.042865e+03 9.295703e+03 9.039913e+03
5.0 9.126711e+03 9.065563e+03 9.296851e+03 9.358000e+03
6.0 9.434997e+03 9.155795e+03 9.296501e+03 9.575703e+03
7.0 9.335117e+03 9.235314e+03 9.296041e+03 9.395844e+03
0.5 9.115872e+03 9.260966e+03 9.249098e+03 9.104004e+03
1.5 9.122629e+03 9.287305e+03 9.112250e+03 8.947574e+03
2.5 9.155875e+03 9.333492e+03 9.265481e+03 9.087864e+03
3.5 9.121257e+03 9.477515e+03 9.291250e+03 8.934992e+03
4.5 9.542662e+03 9.316162e+03 9.291834e+03 9.518334e+03
5.5 9.252342e+03 9.273386e+03 9.290943e+03 9.269899e+03
6.5 9.434478e+03 9.292092e+03 9.289927e+03 9.432314e+03
7.5 9.060181e+03 9.219867e+03 9.288837e+03 9.129150e+03
