0.5 9.759442e+03 9.626244e+03 9.696132e+03 9.829330e+03
1.5 9.672594e+03 9.652787e+03 9.672989e+03 9.692795e+03
2.5 9.650421e+03 9.661152e+03 9.635962e+03 9.625232e+03
3.5 9.629961e+03 9.619930e+03 9.625723e+03 9.635755e+03
4.5 9.620025e+03 9.617494e+03 9.637922e+03 9.640453e+03
5.5 9.614883e+03 9.633678e+03 9.656275e+03 9.637480e+03
6.5 9.644516e+03 9.691604e+03 9.676049e+03 9.628962e+03
7.5 9.617773e+03 9.686328e+03 9.691185e+03 9.622630e+03
0.1 9.645560e+03 9.691031e+03 9.696755e+03 9.651285e+03
1.1 9.659862e+03 9.729111e+03 9.687863e+03 9.618614e+03
2.1 9.853803e+03 9.835609e+03 9.642736e+03 9.660930e+03
3.1 9.822754e+03 9.792457e+03 9.599867e+03 9.630164e+03
4.1 9.741139e+03 9.641459e+03 9.597510e+03 9.697191e+03
5.1 9.708666e+03 9.584100e+03 9.620484e+03 9.745050e+03
6.1 9.690000e+03 9.582602e+03 9.648821e+03 9.756219e+03
7.1 9.682994e+03 9.604418e+03 9.677902e+03 9.756479e+03
0.5 9.689854e+03 9.601676e+03 9.697140e+03 9.785318e+03
1.5 9.681961e+03 9.629345e+03 9.674513e+03 9.727129e+03
2.5 9.698116e+03 9.643136e+03 9.637897e+03 9.692877e+03
3.5 9.702300e+03 9.607553e+03 9.627986e+03 9.722733e+03
4.5 9.680677e+03 9.604085e+03 9.640486e+03 9.717078e+03
5.5 9.685678e+03 9.623344e+03 9.659109e+03 9.721443e+03
6.5 9.692058e+03 9.683703e+03 9.679075e+03 9.687430e+03
7.5 9.759265e+03 9.677727e+03 9.694308e+03 9.775846e+03
0.1 9.747507e+03 9.690055e+03 9.698146e+03 9.755598e+03
1.1 9.758287e+03 9.728154e+03 9.689712e+03 9.719845e+03
2.1 9.831009e+03 9.832943e+03 9.645191e+03 9.643256e+03
3.1 9.834634e+03 9.797352e+03 9.601354e+03 9.638636e+03
4.1 9.502156e+03 9.644725e+03 9.597927e+03 9.455358e+03
5.1 9.543719e+03 9.585264e+03 9.620457e+03 9.578912e+03
6.1 9.471214e+03 9.582805e+03 9.648636e+03 9.537045e+03
7.1 9.505175e+03 9.604373e+03 9.677726e+03 9.578528e+03
0.5 9.553615e+03 9.602164e+03 9.697493e+03 9.648945e+03
1.5 9.547881e+03 9.627507e+03 9.674813e+03 9.595188e+03
2.5 9.613388e+03 9.643860e+03 9.638153e+03 9.607681e+03
3.5 9.596651e+03 9.611578e+03 9.628209e+03 9.613282e+03
4.5 9.572860e+03 9.605249e+03 9.640670e+03 9.608280e+03
5.5 9.562597e+03 9.623165e+03 9.659246e+03 9.598678e+03
6.5 9.574046e+03 9.688120e+03 9.679162e+03 9.565089e+03
7.5 9.608105e+03 9.675563e+03 9.694349e+03 9.626891e+03
0.0 9.722682e+03 9.687867e+03 9.697398e+03 9.732213e+03
1.0 9.873953e+03 9.725610e+03 9.690031e+03 9.838373e+03
2.0 9.861686e+03 9.826397e+03 9.646997e+03 9.682286e+03
3.0 9.877738e+03 9.806120e+03 9.601437e+03 9.673055e+03
4.0 9.591365e+03 9.650667e+03 9.595889e+03 9.536587e+03
5.0 9.510207e+03 9.586924e+03 9.617476e+03 9.540759e+03
6.0 9.545559e+03 9.582527e+03 9.645252e+03 9.608284e+03
7.0 9.621153e+03 9.603564e+03 9.674188e+03 9.691778e+03
0.5 9.591906e+03 9.602390e+03 9.694518e+03 9.684034e+03
1.5 9.552810e+03 9.627586e+03 9.671367e+03 9.596591e+03
2.5 9.580267e+03 9.643740e+03 9.634174e+03 9.570701e+03
3.5 9.587468e+03 9.610750e+03 9.623622e+03 9.600340e+03
4.5 9.596427e+03 9.603732e+03 9.635403e+03 9.628099e+03
5.5 9.613355e+03 9.623737e+03 9.653221e+03 9.642839e+03
6.5 9.655088e+03 9.681617e+03 9.672297e+03 9.645769e+03
7.5 9.657996e+03 9.675842e+03 9.686559e+03 9.668713e+03
