0.5 1.051794e+04 1.054785e+04 1.090751e+04 1.087760e+04
1.5 1.047754e+04 1.043542e+04 1.073788e+04 1.078000e+04
2.5 1.051726e+04 1.038544e+04 1.055454e+04 1.068635e+04
3.5 1.055288e+04 1.050405e+04 1.053308e+04 1.058191e+04
4.5 1.060404e+04 1.057469e+04 1.048617e+04 1.051552e+04
5.5 1.065161e+04 1.066881e+04 1.050891e+04 1.049171e+04
6.5 1.060123e+04 1.068761e+04 1.049351e+04 1.040713e+04
7.5 1.049423e+04 1.068674e+04 1.049256e+04 1.030005e+04
8.5 1.055427e+04 1.069383e+04 1.050195e+04 1.036240e+04
0.2 1.051726e+04 1.038544e+04 1.055454e+04 1.068635e+04
1.2 1.055288e+04 1.050405e+04 1.053308e+04 1.058191e+04
2.2 1.060404e+04 1.057469e+04 1.048617e+04 1.051552e+04
3.2 1.065161e+04 1.066881e+04 1.050891e+04 1.049171e+04
4.2 1.060123e+04 1.068761e+04 1.049351e+04 1.040713e+04
5.2 1.049423e+04 1.068674e+04 1.049256e+04 1.030005e+04
6.2 1.055427e+04 1.069383e+04 1.050195e+04 1.036240e+04
7.2 1.073406e+04 1.066723e+04 1.047398e+04 1.054082e+04
8.2 1.068604e+04 1.069320e+04 1.050453e+04 1.049737e+04
0.9 1.065161e+04 1.066881e+04 1.050891e+04 1.049171e+04
1.9 1.060123e+04 1.068761e+04 1.049351e+04 1.040713e+04
2.9 1.049423e+04 1.068674e+04 1.049256e+04 1.030005e+04
3.9 1.055427e+04 1.069383e+04 1.050195e+04 1.036240e+04
4.9 1.073406e+04 1.066723e+04 1.047398e+04 1.054082e+04
5.9 1.068604e+04 1.069320e+04 1.050453e+04 1.049737e+04
6.9 1.069360e+04 1.066192e+04 1.046808e+04 1.049976e+04
7.9 1.064657e+04 1.068601e+04 1.049810e+04 1.045866e+04
8.9 1.054449e+04 1.066727e+04 1.047441e+04 1.035162e+04
0.6 1.049423e+04 1.068674e+04 1.049256e+04 1.030005e+04
1.6 1.055427e+04 1.069383e+04 1.050195e+04 1.036240e+04
2.6 1.073406e+04 1.066723e+04 1.047398e+04 1.054082e+04
3.6 1.068604e+04 1.069320e+04 1.050453e+04 1.049737e+04
4.6 1.069360e+04 1.066192e+04 1.046808e+04 1.049976e+04
5.6 1.064657e+04 1.068601e+04 1.049810e+04 1.045866e+04
6.6 1.054449e+04 1.066727e+04 1.047441e+04 1.035162e+04
7.6 1.059278e+04 1.067267e+04 1.048152e+04 1.040163e+04
8.6 1.066700e+04 1.067504e+04 1.048108e+04 1.047304e+04
0.3 1.073406e+04 1.066723e+04 1.047398e+04 1.054082e+04
1.3 1.068604e+04 1.069320e+04 1.050453e+04 1.049737e+04
2.3 1.069360e+04 1.066192e+04 1.046808e+04 1.049976e+04
3.3 1.064657e+04 1.068601e+04 1.049810e+04 1.045866e+04
4.3 1.054449e+04 1.066727e+04 1.047441e+04 1.035162e+04
5.3 1.059278e+04 1.067267e+04 1.048152e+04 1.040163e+04
6.3 1.066700e+04 1.067504e+04 1.048108e+04 1.047304e+04
7.3 1.065361e+04 1.065729e+04 1.046016e+04 1.045647e+04
8.3 1.065606e+04 1.068119e+04 1.048472e+04 1.045959e+04
1.0 1.064657e+04 1.068601e+04 1.049810e+04 1.045866e+04
2.0 1.054449e+04 1.066727e+04 1.047441e+04 1.035162e+04
3.0 1.059278e+04 1.067267e+04 1.048152e+04 1.040163e+04
4.0 1.066700e+04 1.067504e+04 1.048108e+04 1.047304e+04
5.0 1.065361e+04 1.065729e+04 1.046016e+04 1.045647e+04
6.0 1.065606e+04 1.068119e+04 1.048472e+04 1.045959e+04
7.0 1.057326e+04 1.065150e+04 1.044814e+04 1.036989e+04
8.0 1.060309e+04 1.073591e+04 1.057125e+04 1.043843e+04
9.0 1.078838e+04 1.081412e+04 1.076088e+04 1.073515e+04
0.7 1.059278e+04 1.067267e+04 1.048152e+04 1.040163e+04
1.7 1.066700e+04 1.067504e+04 1.048108e+04 1.047304e+04
2.7 1.065361e+04 1.065729e+04 1.046016e+04 1.045647e+04
3.7 1.065606e+04 1.068119e+04 1.048472e+04 1.045959e+04
4.7 1.057326e+04 1.065150e+04 1.044814e+04 1.036989e+04
5.7 1.060309e+04 1.073591e+04 1.057125e+04 1.043843e+04
6.7 1.078838e+04 1.081412e+04 1.076088e+04 1.073515e+04
7.7 1.088685e+04 1.074832e+04 1.084975e+04 1.098828e+04
8.7 1.085171e+04 1.064231e+04 1.087579e+04 1.108519e+04
0.4 1.065361e+04 1.065729e+04 1.046016e+04 1.045647e+04
1.4 1.065606e+04 1.068119e+04 1.048472e+04 1.045959e+04
2.4 1.057326e+04 1.065150e+04 1.044814e+04 1.036989e+04
3.4 1.060309e+04 1.073591e+04 1.057125e+04 1.043843e+04
4.4 1.078838e+04 1.081412e+04 1.076088e+04 1.073515e+04
5.4 1.088685e+04 1.074832e+04 1.084975e+04 1.098828e+04
6.4 1.085171e+04 1.064231e+04 1.087579e+04 1.108519e+04
7.4 1.066259e+04 1.055217e+04 1.088116e+04 1.099158e+04
8.4 1.057342e+04 1.049789e+04 1.088128e+04 1.095681e+04
0.5 1.049269e+04 1.048020e+04 1.086945e+04 1.088194e+04
1.5 1.047723e+04 1.037397e+04 1.069283e+04 1.079608e+04
2.5 1.049649e+04 1.033632e+04 1.051145e+04 1.067162e+04
3.5 1.054868e+04 1.046256e+04 1.048986e+04 1.057597e+04
4.5 1.058436e+04 1.053820e+04 1.044197e+04 1.048813e+04
5.5 1.056759e+04 1.064123e+04 1.047078e+04 1.039713e+04
6.5 1.072238e+04 1.066117e+04 1.045512e+04 1.051633e+04
7.5 1.080887e+04 1.066129e+04 1.045270e+04 1.060028e+04
8.5 1.075416e+04 1.067211e+04 1.046246e+04 1.054451e+04
0.2 1.049649e+04 1.033632e+04 1.051145e+04 1.067162e+04
1.2 1.054868e+04 1.046256e+04 1.048986e+04 1.057597e+04
2.2 1.058436e+04 1.053820e+04 1.044197e+04 1.048813e+04
3.2 1.056759e+04 1.064123e+04 1.047078e+04 1.039713e+04
4.2 1.072238e+04 1.066117e+04 1.045512e+04 1.051633e+04
5.2 1.080887e+04 1.066129e+04 1.045270e+04 1.060028e+04
6.2 1.075416e+04 1.067211e+04 1.046246e+04 1.054451e+04
7.2 1.080526e+04 1.064939e+04 1.043559e+04 1.059146e+04
8.2 1.076771e+04 1.067621e+04 1.046278e+04 1.055428e+04
0.9 1.056759e+04 1.064123e+04 1.047078e+04 1.039713e+04
1.9 1.072238e+04 1.066117e+04 1.045512e+04 1.051633e+04
2.9 1.080887e+04 1.066129e+04 1.045270e+04 1.060028e+04
3.9 1.075416e+04 1.067211e+04 1.046246e+04 1.054451e+04
4.9 1.080526e+04 1.064939e+04 1.043559e+04 1.059146e+04
5.9 1.076771e+04 1.067621e+04 1.046278e+04 1.055428e+04
6.9 1.059278e+04 1.065195e+04 1.043069e+04 1.037152e+04
7.9 1.074128e+04 1.068717e+04 1.047560e+04 1.052971e+04
8.9 1.068893e+04 1.066506e+04 1.045401e+04 1.047788e+04
0.6 1.080887e+04 1.066129e+04 1.045270e+04 1.060028e+04
1.6 1.075416e+04 1.067211e+04 1.046246e+04 1.054451e+04
2.6 1.080526e+04 1.064939e+04 1.043559e+04 1.059146e+04
3.6 1.076771e+04 1.067621e+04 1.046278e+04 1.055428e+04
4.6 1.059278e+04 1.065195e+04 1.043069e+04 1.037152e+04
5.6 1.074128e+04 1.068717e+04 1.047560e+04 1.052971e+04
6.6 1.068893e+04 1.066506e+04 1.045401e+04 1.047788e+04
7.6 1.070504e+04 1.066352e+04 1.045657e+04 1.049809e+04
8.6 1.061928e+04 1.066764e+04 1.045880e+04 1.041044e+04
0.3 1.080526e+04 1.064939e+04 1.043559e+04 1.059146e+04
1.3 1.076771e+04 1.067621e+04 1.046278e+04 1.055428e+04
2.3 1.059278e+04 1.065195e+04 1.043069e+04 1.037152e+04
3.3 1.074128e+04 1.068717e+04 1.047560e+04 1.052971e+04
4.3 1.068893e+04 1.066506e+04 1.045401e+04 1.047788e+04
5.3 1.070504e+04 1.066352e+04 1.045657e+04 1.049809e+04
6.3 1.061928e+04 1.066764e+04 1.045880e+04 1.041044e+04
7.3 1.066046e+04 1.064990e+04 1.043759e+04 1.044815e+04
8.3 1.067723e+04 1.067809e+04 1.046596e+04 1.046511e+04
0.9 1.074128e+04 1.068717e+04 1.047560e+04 1.052971e+04
1.9 1.068893e+04 1.066506e+04 1.045401e+04 1.047788e+04
2.9 1.070504e+04 1.066352e+04 1.045657e+04 1.049809e+04
3.9 1.061928e+04 1.066764e+04 1.045880e+04 1.041044e+04
4.9 1.066046e+04 1.064990e+04 1.043759e+04 1.044815e+04
5.9 1.067723e+04 1.067809e+04 1.046596e+04 1.046511e+04
6.9 1.063925e+04 1.065033e+04 1.043132e+04 1.042024e+04
7.9 1.066185e+04 1.073141e+04 1.055079e+04 1.048122e+04
8.9 1.070223e+04 1.081356e+04 1.074397e+04 1.063264e+04
0.7 1.070504e+04 1.066352e+04 1.045657e+04 1.049809e+04
1.7 1.061928e+04 1.066764e+04 1.045880e+04 1.041044e+04
2.7 1.066046e+04 1.064990e+04 1.043759e+04 1.044815e+04
3.7 1.067723e+04 1.067809e+04 1.046596e+04 1.046511e+04
4.7 1.063925e+04 1.065033e+04 1.043132e+04 1.042024e+04
5.7 1.066185e+04 1.073141e+04 1.055079e+04 1.048122e+04
6.7 1.070223e+04 1.081356e+04 1.074397e+04 1.063264e+04
7.7 1.087928e+04 1.075061e+04 1.083677e+04 1.096544e+04
8.7 1.083750e+04 1.064471e+04 1.086519e+04 1.105798e+04
0.3 1.066046e+04 1.064990e+04 1.043759e+04 1.044815e+04
1.3 1.067723e+04 1.067809e+04 1.046596e+04 1.046511e+04
2.3 1.063925e+04 1.065033e+04 1.043132e+04 1.042024e+04
3.3 1.066185e+04 1.073141e+04 1.055079e+04 1.048122e+04
4.3 1.070223e+04 1.081356e+04 1.074397e+04 1.063264e+04
5.3 1.087928e+04 1.075061e+04 1.083677e+04 1.096544e+04
6.3 1.083750e+04 1.064471e+04 1.086519e+04 1.105798e+04
7.3 1.067468e+04 1.055405e+04 1.087211e+04 1.099274e+04
8.3 1.041197e+04 1.049871e+04 1.087345e+04 1.078672e+04
0.5 1.032055e+04 1.047955e+04 1.086342e+04 1.070442e+04
1.5 1.041850e+04 1.037128e+04 1.068323e+04 1.073045e+04
2.5 1.057842e+04 1.033862e+04 1.050656e+04 1.074636e+04
3.5 1.045495e+04 1.046894e+04 1.049182e+04 1.047783e+04
4.5 1.051456e+04 1.054030e+04 1.044264e+04 1.041690e+04
5.5 1.046822e+04 1.064561e+04 1.047792e+04 1.030053e+04
6.5 1.050056e+04 1.066297e+04 1.046447e+04 1.030206e+04
7.5 1.065227e+04 1.065380e+04 1.045390e+04 1.045237e+04
8.5 1.058505e+04 1.067105e+04 1.047018e+04 1.038418e+04
0.2 1.057842e+04 1.033862e+04 1.050656e+04 1.074636e+04
1.2 1.045495e+04 1.046894e+04 1.049182e+04 1.047783e+04
2.2 1.051456e+04 1.054030e+04 1.044264e+04 1.041690e+04
3.2 1.046822e+04 1.064561e+04 1.047792e+04 1.030053e+04
4.2 1.050056e+04 1.066297e+04 1.046447e+04 1.030206e+04
5.2 1.065227e+04 1.065380e+04 1.045390e+04 1.045237e+04
6.2 1.058505e+04 1.067105e+04 1.047018e+04 1.038418e+04
7.2 1.064132e+04 1.064299e+04 1.043637e+04 1.043470e+04
8.2 1.057488e+04 1.067578e+04 1.047025e+04 1.036936e+04
0.8 1.046822e+04 1.064561e+04 1.047792e+04 1.030053e+04
1.8 1.050056e+04 1.066297e+04 1.046447e+04 1.030206e+04
2.8 1.065227e+04 1.065380e+04 1.045390e+04 1.045237e+04
3.8 1.058505e+04 1.067105e+04 1.047018e+04 1.038418e+04
4.8 1.064132e+04 1.064299e+04 1.043637e+04 1.043470e+04
5.8 1.057488e+04 1.067578e+04 1.047025e+04 1.036936e+04
6.8 1.072325e+04 1.065149e+04 1.043788e+04 1.050964e+04
7.8 1.061140e+04 1.067506e+04 1.046641e+04 1.040274e+04
8.8 1.066117e+04 1.066377e+04 1.045081e+04 1.044821e+04
0.5 1.065227e+04 1.065380e+04 1.045390e+04 1.045237e+04
1.5 1.058505e+04 1.067105e+04 1.047018e+04 1.038418e+04
2.5 1.064132e+04 1.064299e+04 1.043637e+04 1.043470e+04
3.5 1.057488e+04 1.067578e+04 1.047025e+04 1.036936e+04
4.5 1.072325e+04 1.065149e+04 1.043788e+04 1.050964e+04
5.5 1.061140e+04 1.067506e+04 1.046641e+04 1.040274e+04
6.5 1.066117e+04 1.066377e+04 1.045081e+04 1.044821e+04
7.5 1.079735e+04 1.066495e+04 1.045387e+04 1.058628e+04
8.5 1.078842e+04 1.067415e+04 1.046309e+04 1.057735e+04
0.2 1.064132e+04 1.064299e+04 1.043637e+04 1.043470e+04
1.2 1.057488e+04 1.067578e+04 1.047025e+04 1.036936e+04
2.2 1.072325e+04 1.065149e+04 1.043788e+04 1.050964e+04
3.2 1.061140e+04 1.067506e+04 1.046641e+04 1.040274e+04
4.2 1.066117e+04 1.066377e+04 1.045081e+04 1.044821e+04
5.2 1.079735e+04 1.066495e+04 1.045387e+04 1.058628e+04
6.2 1.078842e+04 1.067415e+04 1.046309e+04 1.057735e+04
7.2 1.078122e+04 1.065246e+04 1.043925e+04 1.056801e+04
8.2 1.076358e+04 1.068062e+04 1.047131e+04 1.055428e+04
0.9 1.061140e+04 1.067506e+04 1.046641e+04 1.040274e+04
1.9 1.066117e+04 1.066377e+04 1.045081e+04 1.044821e+04
2.9 1.079735e+04 1.066495e+04 1.045387e+04 1.058628e+04
3.9 1.078842e+04 1.067415e+04 1.046309e+04 1.057735e+04
4.9 1.078122e+04 1.065246e+04 1.043925e+04 1.056801e+04
5.9 1.076358e+04 1.068062e+04 1.047131e+04 1.055428e+04
6.9 1.066244e+04 1.065166e+04 1.043758e+04 1.044836e+04
7.9 1.076497e+04 1.072452e+04 1.054642e+04 1.058686e+04
8.9 1.085965e+04 1.081369e+04 1.074386e+04 1.078982e+04
0.6 1.079735e+04 1.066495e+04 1.045387e+04 1.058628e+04
1.6 1.078842e+04 1.067415e+04 1.046309e+04 1.057735e+04
2.6 1.078122e+04 1.065246e+04 1.043925e+04 1.056801e+04
3.6 1.076358e+04 1.068062e+04 1.047131e+04 1.055428e+04
4.6 1.066244e+04 1.065166e+04 1.043758e+04 1.044836e+04
5.6 1.076497e+04 1.072452e+04 1.054642e+04 1.058686e+04
6.6 1.085965e+04 1.081369e+04 1.074386e+04 1.078982e+04
7.6 1.094063e+04 1.075620e+04 1.084265e+04 1.102708e+04
8.6 1.085976e+04 1.065021e+04 1.087442e+04 1.108397e+04
0.3 1.078122e+04 1.065246e+04 1.043925e+04 1.056801e+04
1.3 1.076358e+04 1.068062e+04 1.047131e+04 1.055428e+04
2.3 1.066244e+04 1.065166e+04 1.043758e+04 1.044836e+04
3.3 1.076497e+04 1.072452e+04 1.054642e+04 1.058686e+04
4.3 1.085965e+04 1.081369e+04 1.074386e+04 1.078982e+04
5.3 1.094063e+04 1.075620e+04 1.084265e+04 1.102708e+04
6.3 1.085976e+04 1.065021e+04 1.087442e+04 1.108397e+04
7.3 1.047725e+04 1.055817e+04 1.088353e+04 1.080260e+04
8.3 1.046580e+04 1.050038e+04 1.088689e+04 1.085231e+04
0.5 1.027011e+04 1.047849e+04 1.088765e+04 1.067927e+04
1.5 1.015961e+04 1.036965e+04 1.071111e+04 1.050107e+04
2.5 1.014091e+04 1.033619e+04 1.053843e+04 1.034315e+04
3.5 1.024755e+04 1.046226e+04 1.052290e+04 1.030820e+04
4.5 1.033439e+04 1.053579e+04 1.048040e+04 1.027899e+04
5.5 1.042422e+04 1.063815e+04 1.051719e+04 1.030326e+04
6.5 1.059355e+04 1.065359e+04 1.050625e+04 1.044620e+04
7.5 1.062353e+04 1.065485e+04 1.051562e+04 1.048431e+04
8.5 1.060234e+04 1.066308e+04 1.053455e+04 1.047381e+04
0.2 1.014091e+04 1.033619e+04 1.053843e+04 1.034315e+04
1.2 1.024755e+04 1.046226e+04 1.052290e+04 1.030820e+04
2.2 1.033439e+04 1.053579e+04 1.048040e+04 1.027899e+04
3.2 1.042422e+04 1.063815e+04 1.051719e+04 1.030326e+04
4.2 1.059355e+04 1.065359e+04 1.050625e+04 1.044620e+04
5.2 1.062353e+04 1.065485e+04 1.051562e+04 1.048431e+04
6.2 1.060234e+04 1.066308e+04 1.053455e+04 1.047381e+04
7.2 1.054146e+04 1.063417e+04 1.051361e+04 1.042090e+04
8.2 1.069359e+04 1.066033e+04 1.055332e+04 1.058659e+04
0.9 1.042422e+04 1.063815e+04 1.051719e+04 1.030326e+04
1.9 1.059355e+04 1.065359e+04 1.050625e+04 1.044620e+04
2.9 1.062353e+04 1.065485e+04 1.051562e+04 1.048431e+04
3.9 1.060234e+04 1.066308e+04 1.053455e+04 1.047381e+04
4.9 1.054146e+04 1.063417e+04 1.051361e+04 1.042090e+04
5.9 1.069359e+04 1.066033e+04 1.055332e+04 1.058659e+04
6.9 1.079022e+04 1.062945e+04 1.052780e+04 1.068857e+04
7.9 1.081761e+04 1.065604e+04 1.057435e+04 1.073592e+04
8.9 1.072249e+04 1.063447e+04 1.056349e+04 1.065150e+04
0.6 1.062353e+04 1.065485e+04 1.051562e+04 1.048431e+04
1.6 1.060234e+04 1.066308e+04 1.053455e+04 1.047381e+04
2.6 1.054146e+04 1.063417e+04 1.051361e+04 1.042090e+04
3.6 1.069359e+04 1.066033e+04 1.055332e+04 1.058659e+04
4.6 1.079022e+04 1.062945e+04 1.052780e+04 1.068857e+04
5.6 1.081761e+04 1.065604e+04 1.057435e+04 1.073592e+04
6.6 1.072249e+04 1.063447e+04 1.056349e+04 1.065150e+04
7.6 1.071714e+04 1.063247e+04 1.057874e+04 1.066341e+04
8.6 1.070486e+04 1.063322e+04 1.059272e+04 1.066436e+04
0.3 1.054146e+04 1.063417e+04 1.051361e+04 1.042090e+04
1.3 1.069359e+04 1.066033e+04 1.055332e+04 1.058659e+04
2.3 1.079022e+04 1.062945e+04 1.052780e+04 1.068857e+04
3.3 1.081761e+04 1.065604e+04 1.057435e+04 1.073592e+04
4.3 1.072249e+04 1.063447e+04 1.056349e+04 1.065150e+04
5.3 1.071714e+04 1.063247e+04 1.057874e+04 1.066341e+04
6.3 1.070486e+04 1.063322e+04 1.059272e+04 1.066436e+04
7.3 1.058794e+04 1.061085e+04 1.058401e+04 1.056111e+04
8.3 1.065062e+04 1.063872e+04 1.063423e+04 1.064613e+04
1.0 1.081761e+04 1.065604e+04 1.057435e+04 1.073592e+04
2.0 1.072249e+04 1.063447e+04 1.056349e+04 1.065150e+04
3.0 1.071714e+04 1.063247e+04 1.057874e+04 1.066341e+04
4.0 1.070486e+04 1.063322e+04 1.059272e+04 1.066436e+04
5.0 1.058794e+04 1.061085e+04 1.058401e+04 1.056111e+04
6.0 1.065062e+04 1.063872e+04 1.063423e+04 1.064613e+04
0.6 1.071714e+04 1.063247e+04 1.057874e+04 1.066341e+04
1.6 1.070486e+04 1.063322e+04 1.059272e+04 1.066436e+04
2.6 1.058794e+04 1.061085e+04 1.058401e+04 1.056111e+04
3.6 1.065062e+04 1.063872e+04 1.063423e+04 1.064613e+04
0.3 1.058794e+04 1.061085e+04 1.058401e+04 1.056111e+04
1.3 1.065062e+04 1.063872e+04 1.063423e+04 1.064613e+04
