0.5 7.437933e+03 7.381634e+03 7.349013e+03 7.405311e+03
1.5 7.391602e+03 7.370525e+03 7.438613e+03 7.459690e+03
2.5 7.407285e+03 7.394047e+03 7.440931e+03 7.454169e+03
3.5 7.392304e+03 7.461921e+03 7.438788e+03 7.369171e+03
4.5 7.398652e+03 7.461336e+03 7.455356e+03 7.392672e+03
5.5 7.424715e+03 7.445510e+03 7.429630e+03 7.408836e+03
6.5 7.415885e+03 7.433127e+03 7.455472e+03 7.438230e+03
7.5 7.380479e+03 7.395935e+03 7.425898e+03 7.410443e+03
8.5 7.368789e+03 7.427750e+03 7.453424e+03 7.394464e+03
0.2 7.407285e+03 7.394047e+03 7.440931e+03 7.454169e+03
1.2 7.392304e+03 7.461921e+03 7.438788e+03 7.369171e+03
2.2 7.398652e+03 7.461336e+03 7.455356e+03 7.392672e+03
3.2 7.424715e+03 7.445510e+03 7.429630e+03 7.408836e+03
4.2 7.415885e+03 7.433127e+03 7.455472e+03 7.438230e+03
5.2 7.380479e+03 7.395935e+03 7.425898e+03 7.410443e+03
6.2 7.368789e+03 7.427750e+03 7.453424e+03 7.394464e+03
7.2 7.446201e+03 7.391036e+03 7.439705e+03 7.494871e+03
8.2 7.394139e+03 7.423205e+03 7.448285e+03 7.419218e+03
0.9 7.424715e+03 7.445510e+03 7.429630e+03 7.408836e+03
1.9 7.415885e+03 7.433127e+03 7.455472e+03 7.438230e+03
2.9 7.380479e+03 7.395935e+03 7.425898e+03 7.410443e+03
3.9 7.368789e+03 7.427750e+03 7.453424e+03 7.394464e+03
4.9 7.446201e+03 7.391036e+03 7.439705e+03 7.494871e+03
5.9 7.394139e+03 7.423205e+03 7.448285e+03 7.419218e+03
6.9 7.433297e+03 7.404119e+03 7.460353e+03 7.489531e+03
7.9 7.426316e+03 7.408990e+03 7.440036e+03 7.457362e+03
8.9 7.427442e+03 7.411182e+03 7.463298e+03 7.479558e+03
0.6 7.380479e+03 7.395935e+03 7.425898e+03 7.410443e+03
1.6 7.368789e+03 7.427750e+03 7.453424e+03 7.394464e+03
2.6 7.446201e+03 7.391036e+03 7.439705e+03 7.494871e+03
3.6 7.394139e+03 7.423205e+03 7.448285e+03 7.419218e+03
4.6 7.433297e+03 7.404119e+03 7.460353e+03 7.489531e+03
5.6 7.426316e+03 7.408990e+03 7.440036e+03 7.457362e+03
6.6 7.427442e+03 7.411182e+03 7.463298e+03 7.479558e+03
7.6 7.404293e+03 7.389258e+03 7.433423e+03 7.448459e+03
8.6 7.434231e+03 7.415743e+03 7.462029e+03 7.480517e+03
0.3 7.446201e+03 7.391036e+03 7.439705e+03 7.494871e+03
1.3 7.394139e+03 7.423205e+03 7.448285e+03 7.419218e+03
2.3 7.433297e+03 7.404119e+03 7.460353e+03 7.489531e+03
3.3 7.426316e+03 7.408990e+03 7.440036e+03 7.457362e+03
4.3 7.427442e+03 7.411182e+03 7.463298e+03 7.479558e+03
5.3 7.404293e+03 7.389258e+03 7.433423e+03 7.448459e+03
6.3 7.434231e+03 7.415743e+03 7.462029e+03 7.480517e+03
7.3 7.466196e+03 7.378843e+03 7.440329e+03 7.527682e+03
8.3 7.444704e+03 7.415541e+03 7.457690e+03 7.486853e+03
1.0 7.426316e+03 7.408990e+03 7.440036e+03 7.457362e+03
2.0 7.427442e+03 7.411182e+03 7.463298e+03 7.479558e+03
3.0 7.404293e+03 7.389258e+03 7.433423e+03 7.448459e+03
4.0 7.434231e+03 7.415743e+03 7.462029e+03 7.480517e+03
5.0 7.466196e+03 7.378843e+03 7.440329e+03 7.527682e+03
6.0 7.444704e+03 7.415541e+03 7.457690e+03 7.486853e+03
7.0 7.395230e+03 7.390498e+03 7.462305e+03 7.467037e+03
8.0 7.411016e+03 7.402141e+03 7.371966e+03 7.380841e+03
9.0 7.446162e+03 7.431183e+03 7.352283e+03 7.367262e+03
0.7 7.404293e+03 7.389258e+03 7.433423e+03 7.448459e+03
1.7 7.434231e+03 7.415743e+03 7.462029e+03 7.480517e+03
2.7 7.466196e+03 7.378843e+03 7.440329e+03 7.527682e+03
3.7 7.444704e+03 7.415541e+03 7.457690e+03 7.486853e+03
4.7 7.395230e+03 7.390498e+03 7.462305e+03 7.467037e+03
5.7 7.411016e+03 7.402141e+03 7.371966e+03 7.380841e+03
6.7 7.446162e+03 7.431183e+03 7.352283e+03 7.367262e+03
7.7 7.519710e+03 7.546397e+03 7.351599e+03 7.324912e+03
8.7 7.632352e+03 7.632174e+03 7.352022e+03 7.352200e+03
0.4 7.466196e+03 7.378843e+03 7.440329e+03 7.527682e+03
1.4 7.444704e+03 7.415541e+03 7.457690e+03 7.486853e+03
2.4 7.395230e+03 7.390498e+03 7.462305e+03 7.467037e+03
3.4 7.411016e+03 7.402141e+03 7.371966e+03 7.380841e+03
4.4 7.446162e+03 7.431183e+03 7.352283e+03 7.367262e+03
5.4 7.519710e+03 7.546397e+03 7.351599e+03 7.324912e+03
6.4 7.632352e+03 7.632174e+03 7.352022e+03 7.352200e+03
7.4 7.464135e+03 7.587895e+03 7.352430e+03 7.228670e+03
8.4 7.437458e+03 7.504384e+03 7.352774e+03 7.285848e+03
0.5 7.404937e+03 7.346799e+03 7.370264e+03 7.428402e+03
1.5 7.392760e+03 7.334463e+03 7.458346e+03 7.516643e+03
2.5 7.372663e+03 7.361777e+03 7.457409e+03 7.468295e+03
3.5 7.413915e+03 7.435406e+03 7.457463e+03 7.435972e+03
4.5 7.391843e+03 7.435405e+03 7.472385e+03 7.428823e+03
5.5 7.391977e+03 7.424089e+03 7.444259e+03 7.412146e+03
6.5 7.411079e+03 7.412935e+03 7.470977e+03 7.469121e+03
7.5 7.425088e+03 7.375109e+03 7.440685e+03 7.490664e+03
8.5 7.423430e+03 7.408288e+03 7.467292e+03 7.482434e+03
0.2 7.372663e+03 7.361777e+03 7.457409e+03 7.468295e+03
1.2 7.413915e+03 7.435406e+03 7.457463e+03 7.435972e+03
2.2 7.391843e+03 7.435405e+03 7.472385e+03 7.428823e+03
3.2 7.391977e+03 7.424089e+03 7.444259e+03 7.412146e+03
4.2 7.411079e+03 7.412935e+03 7.470977e+03 7.469121e+03
5.2 7.425088e+03 7.375109e+03 7.440685e+03 7.490664e+03
6.2 7.423430e+03 7.408288e+03 7.467292e+03 7.482434e+03
7.2 7.437212e+03 7.374150e+03 7.453517e+03 7.516579e+03
8.2 7.418793e+03 7.405486e+03 7.461812e+03 7.475118e+03
0.9 7.391977e+03 7.424089e+03 7.444259e+03 7.412146e+03
1.9 7.411079e+03 7.412935e+03 7.470977e+03 7.469121e+03
2.9 7.425088e+03 7.375109e+03 7.440685e+03 7.490664e+03
3.9 7.423430e+03 7.408288e+03 7.467292e+03 7.482434e+03
4.9 7.437212e+03 7.374150e+03 7.453517e+03 7.516579e+03
5.9 7.418793e+03 7.405486e+03 7.461812e+03 7.475118e+03
6.9 7.408216e+03 7.388956e+03 7.470586e+03 7.489845e+03
7.9 7.394728e+03 7.401577e+03 7.445950e+03 7.439102e+03
8.9 7.387223e+03 7.405670e+03 7.471921e+03 7.453474e+03
0.6 7.425088e+03 7.375109e+03 7.440685e+03 7.490664e+03
1.6 7.423430e+03 7.408288e+03 7.467292e+03 7.482434e+03
2.6 7.437212e+03 7.374150e+03 7.453517e+03 7.516579e+03
3.6 7.418793e+03 7.405486e+03 7.461812e+03 7.475118e+03
4.6 7.408216e+03 7.388956e+03 7.470586e+03 7.489845e+03
5.6 7.394728e+03 7.401577e+03 7.445950e+03 7.439102e+03
6.6 7.387223e+03 7.405670e+03 7.471921e+03 7.453474e+03
7.6 7.382698e+03 7.378184e+03 7.441294e+03 7.445808e+03
8.6 7.374485e+03 7.406045e+03 7.468968e+03 7.437408e+03
0.3 7.437212e+03 7.374150e+03 7.453517e+03 7.516579e+03
1.3 7.418793e+03 7.405486e+03 7.461812e+03 7.475118e+03
2.3 7.408216e+03 7.388956e+03 7.470586e+03 7.489845e+03
3.3 7.394728e+03 7.401577e+03 7.445950e+03 7.439102e+03
4.3 7.387223e+03 7.405670e+03 7.471921e+03 7.453474e+03
5.3 7.382698e+03 7.378184e+03 7.441294e+03 7.445808e+03
6.3 7.374485e+03 7.406045e+03 7.468968e+03 7.437408e+03
7.3 7.359934e+03 7.370232e+03 7.448215e+03 7.437918e+03
8.3 7.386483e+03 7.408339e+03 7.462786e+03 7.440929e+03
0.9 7.394728e+03 7.401577e+03 7.445950e+03 7.439102e+03
1.9 7.387223e+03 7.405670e+03 7.471921e+03 7.453474e+03
2.9 7.382698e+03 7.378184e+03 7.441294e+03 7.445808e+03
3.9 7.374485e+03 7.406045e+03 7.468968e+03 7.437408e+03
4.9 7.359934e+03 7.370232e+03 7.448215e+03 7.437918e+03
5.9 7.386483e+03 7.408339e+03 7.462786e+03 7.440929e+03
6.9 7.387041e+03 7.386485e+03 7.468739e+03 7.469295e+03
7.9 7.379812e+03 7.396268e+03 7.377780e+03 7.361324e+03
8.9 7.365491e+03 7.426562e+03 7.356298e+03 7.295227e+03
0.7 7.382698e+03 7.378184e+03 7.441294e+03 7.445808e+03
1.7 7.374485e+03 7.406045e+03 7.468968e+03 7.437408e+03
2.7 7.359934e+03 7.370232e+03 7.448215e+03 7.437918e+03
3.7 7.386483e+03 7.408339e+03 7.462786e+03 7.440929e+03
4.7 7.387041e+03 7.386485e+03 7.468739e+03 7.469295e+03
5.7 7.379812e+03 7.396268e+03 7.377780e+03 7.361324e+03
6.7 7.365491e+03 7.426562e+03 7.356298e+03 7.295227e+03
7.7 7.433995e+03 7.539133e+03 7.355020e+03 7.249881e+03
8.7 7.823797e+03 7.628961e+03 7.354999e+03 7.549835e+03
0.3 7.359934e+03 7.370232e+03 7.448215e+03 7.437918e+03
1.3 7.386483e+03 7.408339e+03 7.462786e+03 7.440929e+03
2.3 7.387041e+03 7.386485e+03 7.468739e+03 7.469295e+03
3.3 7.379812e+03 7.396268e+03 7.377780e+03 7.361324e+03
4.3 7.365491e+03 7.426562e+03 7.356298e+03 7.295227e+03
5.3 7.433995e+03 7.539133e+03 7.355020e+03 7.249881e+03
6.3 7.823797e+03 7.628961e+03 7.354999e+03 7.549835e+03
7.3 7.761897e+03 7.587296e+03 7.355011e+03 7.529612e+03
8.3 7.552380e+03 7.504345e+03 7.355011e+03 7.403046e+03
0.5 7.332467e+03 7.346689e+03 7.373843e+03 7.359621e+03
1.5 7.369620e+03 7.330665e+03 7.460391e+03 7.499346e+03
2.5 7.415488e+03 7.359253e+03 7.456020e+03 7.512255e+03
3.5 7.409081e+03 7.438633e+03 7.457222e+03 7.427670e+03
4.5 7.357033e+03 7.436764e+03 7.472914e+03 7.393183e+03
5.5 7.365831e+03 7.424066e+03 7.439153e+03 7.380919e+03
6.5 7.365096e+03 7.416693e+03 7.470437e+03 7.418840e+03
7.5 7.376553e+03 7.370170e+03 7.439035e+03 7.445418e+03
8.5 7.397784e+03 7.408934e+03 7.465430e+03 7.454281e+03
0.2 7.415488e+03 7.359253e+03 7.456020e+03 7.512255e+03
1.2 7.409081e+03 7.438633e+03 7.457222e+03 7.427670e+03
2.2 7.357033e+03 7.436764e+03 7.472914e+03 7.393183e+03
3.2 7.365831e+03 7.424066e+03 7.439153e+03 7.380919e+03
4.2 7.365096e+03 7.416693e+03 7.470437e+03 7.418840e+03
5.2 7.376553e+03 7.370170e+03 7.439035e+03 7.445418e+03
6.2 7.397784e+03 7.408934e+03 7.465430e+03 7.454281e+03
7.2 7.402451e+03 7.375286e+03 7.458057e+03 7.485223e+03
8.2 7.407288e+03 7.404337e+03 7.457641e+03 7.460592e+03
0.8 7.365831e+03 7.424066e+03 7.439153e+03 7.380919e+03
1.8 7.365096e+03 7.416693e+03 7.470437e+03 7.418840e+03
2.8 7.376553e+03 7.370170e+03 7.439035e+03 7.445418e+03
3.8 7.397784e+03 7.408934e+03 7.465430e+03 7.454281e+03
4.8 7.402451e+03 7.375286e+03 7.458057e+03 7.485223e+03
5.8 7.407288e+03 7.404337e+03 7.457641e+03 7.460592e+03
6.8 7.418700e+03 7.393120e+03 7.472391e+03 7.497971e+03
7.8 7.442083e+03 7.392854e+03 7.446827e+03 7.496056e+03
8.8 7.406114e+03 7.403178e+03 7.471072e+03 7.474008e+03
0.5 7.376553e+03 7.370170e+03 7.439035e+03 7.445418e+03
1.5 7.397784e+03 7.408934e+03 7.465430e+03 7.454281e+03
2.5 7.402451e+03 7.375286e+03 7.458057e+03 7.485223e+03
3.5 7.407288e+03 7.404337e+03 7.457641e+03 7.460592e+03
4.5 7.418700e+03 7.393120e+03 7.472391e+03 7.497971e+03
5.5 7.442083e+03 7.392854e+03 7.446827e+03 7.496056e+03
6.5 7.406114e+03 7.403178e+03 7.471072e+03 7.474008e+03
7.5 7.412543e+03 7.377087e+03 7.440182e+03 7.475638e+03
8.5 7.432550e+03 7.409587e+03 7.467107e+03 7.490069e+03
0.2 7.402451e+03 7.375286e+03 7.458057e+03 7.485223e+03
1.2 7.407288e+03 7.404337e+03 7.457641e+03 7.460592e+03
2.2 7.418700e+03 7.393120e+03 7.472391e+03 7.497971e+03
3.2 7.442083e+03 7.392854e+03 7.446827e+03 7.496056e+03
4.2 7.406114e+03 7.403178e+03 7.471072e+03 7.474008e+03
5.2 7.412543e+03 7.377087e+03 7.440182e+03 7.475638e+03
6.2 7.432550e+03 7.409587e+03 7.467107e+03 7.490069e+03
7.2 7.443311e+03 7.374239e+03 7.450084e+03 7.519156e+03
8.2 7.466644e+03 7.409575e+03 7.459937e+03 7.517006e+03
0.9 7.442083e+03 7.392854e+03 7.446827e+03 7.496056e+03
1.9 7.406114e+03 7.403178e+03 7.471072e+03 7.474008e+03
2.9 7.412543e+03 7.377087e+03 7.440182e+03 7.475638e+03
3.9 7.432550e+03 7.409587e+03 7.467107e+03 7.490069e+03
4.9 7.443311e+03 7.374239e+03 7.450084e+03 7.519156e+03
5.9 7.466644e+03 7.409575e+03 7.459937e+03 7.517006e+03
6.9 7.435436e+03 7.390579e+03 7.469230e+03 7.514088e+03
7.9 7.357340e+03 7.395318e+03 7.378731e+03 7.340753e+03
8.9 7.423742e+03 7.427390e+03 7.354245e+03 7.350597e+03
0.6 7.412543e+03 7.377087e+03 7.440182e+03 7.475638e+03
1.6 7.432550e+03 7.409587e+03 7.467107e+03 7.490069e+03
2.6 7.443311e+03 7.374239e+03 7.450084e+03 7.519156e+03
3.6 7.466644e+03 7.409575e+03 7.459937e+03 7.517006e+03
4.6 7.435436e+03 7.390579e+03 7.469230e+03 7.514088e+03
5.6 7.357340e+03 7.395318e+03 7.378731e+03 7.340753e+03
6.6 7.423742e+03 7.427390e+03 7.354245e+03 7.350597e+03
7.6 7.488192e+03 7.533464e+03 7.352380e+03 7.307108e+03
8.6 7.781395e+03 7.630568e+03 7.351930e+03 7.502757e+03
0.3 7.443311e+03 7.374239e+03 7.450084e+03 7.519156e+03
1.3 7.466644e+03 7.409575e+03 7.459937e+03 7.517006e+03
2.3 7.435436e+03 7.390579e+03 7.469230e+03 7.514088e+03
3.3 7.357340e+03 7.395318e+03 7.378731e+03 7.340753e+03
4.3 7.423742e+03 7.427390e+03 7.354245e+03 7.350597e+03
5.3 7.488192e+03 7.533464e+03 7.352380e+03 7.307108e+03
6.3 7.781395e+03 7.630568e+03 7.351930e+03 7.502757e+03
7.3 7.559671e+03 7.593857e+03 7.351455e+03 7.317269e+03
8.3 7.401807e+03 7.511815e+03 7.350903e+03 7.240894e+03
0.5 7.356754e+03 7.352355e+03 7.366658e+03 7.371057e+03
1.5 7.313084e+03 7.337127e+03 7.452188e+03 7.428145e+03
2.5 7.302562e+03 7.366892e+03 7.447100e+03 7.382771e+03
3.5 7.341854e+03 7.444731e+03 7.448407e+03 7.345531e+03
4.5 7.358287e+03 7.444296e+03 7.460666e+03 7.374656e+03
5.5 7.374992e+03 7.436442e+03 7.432144e+03 7.370694e+03
6.5 7.398681e+03 7.423843e+03 7.456398e+03 7.431236e+03
7.5 7.396404e+03 7.388077e+03 7.421268e+03 7.429595e+03
8.5 7.418398e+03 7.425182e+03 7.448153e+03 7.441369e+03
0.2 7.302562e+03 7.366892e+03 7.447100e+03 7.382771e+03
1.2 7.341854e+03 7.444731e+03 7.448407e+03 7.345531e+03
2.2 7.358287e+03 7.444296e+03 7.460666e+03 7.374656e+03
3.2 7.374992e+03 7.436442e+03 7.432144e+03 7.370694e+03
4.2 7.398681e+03 7.423843e+03 7.456398e+03 7.431236e+03
5.2 7.396404e+03 7.388077e+03 7.421268e+03 7.429595e+03
6.2 7.418398e+03 7.425182e+03 7.448153e+03 7.441369e+03
7.2 7.375429e+03 7.389401e+03 7.431731e+03 7.417759e+03
8.2 7.421458e+03 7.424345e+03 7.437139e+03 7.434252e+03
0.9 7.374992e+03 7.436442e+03 7.432144e+03 7.370694e+03
1.9 7.398681e+03 7.423843e+03 7.456398e+03 7.431236e+03
2.9 7.396404e+03 7.388077e+03 7.421268e+03 7.429595e+03
3.9 7.418398e+03 7.425182e+03 7.448153e+03 7.441369e+03
4.9 7.375429e+03 7.389401e+03 7.431731e+03 7.417759e+03
5.9 7.421458e+03 7.424345e+03 7.437139e+03 7.434252e+03
6.9 7.440578e+03 7.408818e+03 7.445909e+03 7.477669e+03
7.9 7.470660e+03 7.418125e+03 7.419653e+03 7.472187e+03
8.9 7.460314e+03 7.425024e+03 7.441679e+03 7.476969e+03
0.6 7.396404e+03 7.388077e+03 7.421268e+03 7.429595e+03
1.6 7.418398e+03 7.425182e+03 7.448153e+03 7.441369e+03
2.6 7.375429e+03 7.389401e+03 7.431731e+03 7.417759e+03
3.6 7.421458e+03 7.424345e+03 7.437139e+03 7.434252e+03
4.6 7.440578e+03 7.408818e+03 7.445909e+03 7.477669e+03
5.6 7.470660e+03 7.418125e+03 7.419653e+03 7.472187e+03
6.6 7.460314e+03 7.425024e+03 7.441679e+03 7.476969e+03
7.6 7.477076e+03 7.401883e+03 7.408338e+03 7.483531e+03
8.6 7.461391e+03 7.432547e+03 7.433348e+03 7.462192e+03
0.3 7.375429e+03 7.389401e+03 7.431731e+03 7.417759e+03
1.3 7.421458e+03 7.424345e+03 7.437139e+03 7.434252e+03
2.3 7.440578e+03 7.408818e+03 7.445909e+03 7.477669e+03
3.3 7.470660e+03 7.418125e+03 7.419653e+03 7.472187e+03
4.3 7.460314e+03 7.425024e+03 7.441679e+03 7.476969e+03
5.3 7.477076e+03 7.401883e+03 7.408338e+03 7.483531e+03
6.3 7.461391e+03 7.432547e+03 7.433348e+03 7.462192e+03
7.3 7.440099e+03 7.397224e+03 7.407556e+03 7.450432e+03
8.3 7.427438e+03 7.443240e+03 7.418780e+03 7.402978e+03
1.0 7.470660e+03 7.418125e+03 7.419653e+03 7.472187e+03
2.0 7.460314e+03 7.425024e+03 7.441679e+03 7.476969e+03
3.0 7.477076e+03 7.401883e+03 7.408338e+03 7.483531e+03
4.0 7.461391e+03 7.432547e+03 7.433348e+03 7.462192e+03
5.0 7.440099e+03 7.397224e+03 7.407556e+03 7.450432e+03
6.0 7.427438e+03 7.443240e+03 7.418780e+03 7.402978e+03
0.6 7.477076e+03 7.401883e+03 7.408338e+03 7.483531e+03
1.6 7.461391e+03 7.432547e+03 7.433348e+03 7.462192e+03
2.6 7.440099e+03 7.397224e+03 7.407556e+03 7.450432e+03
3.6 7.427438e+03 7.443240e+03 7.418780e+03 7.402978e+03
0.3 7.440099e+03 7.397224e+03 7.407556e+03 7.450432e+03
1.3 7.427438e+03 7.443240e+03 7.418780e+03 7.402978e+03
