0.5 8.183249e+03 8.115174e+03 8.115445e+03 8.183520e+03
1.5 8.104281e+03 8.062893e+03 8.021512e+03 8.062900e+03
2.5 8.075045e+03 8.064761e+03 8.020703e+03 8.030987e+03
3.5 8.084436e+03 8.071402e+03 8.078017e+03 8.091051e+03
4.5 8.076305e+03 8.113647e+03 8.107099e+03 8.069757e+03
5.5 8.075953e+03 8.111731e+03 8.115835e+03 8.080057e+03
6.5 8.109112e+03 8.110141e+03 8.117851e+03 8.116821e+03
7.5 8.096148e+03 8.100212e+03 8.118107e+03 8.114043e+03
0.1 8.061167e+03 8.071469e+03 8.118768e+03 8.108466e+03
1.1 8.067499e+03 8.062589e+03 8.064901e+03 8.069811e+03
2.1 8.088741e+03 8.091951e+03 7.957801e+03 7.954591e+03
3.1 8.198574e+03 8.192241e+03 7.999017e+03 8.005351e+03
4.1 8.235618e+03 8.242244e+03 8.073368e+03 8.066742e+03
5.1 8.126811e+03 8.213760e+03 8.106559e+03 8.019610e+03
6.1 8.100448e+03 8.164019e+03 8.116380e+03 8.052808e+03
7.1 8.059975e+03 8.118679e+03 8.118822e+03 8.060117e+03
0.5 8.061964e+03 8.085621e+03 8.112639e+03 8.088982e+03
1.5 8.070515e+03 8.035473e+03 8.019553e+03 8.054595e+03
2.5 8.056540e+03 8.036863e+03 8.019444e+03 8.039121e+03
3.5 8.043919e+03 8.046781e+03 8.077409e+03 8.074546e+03
4.5 8.075022e+03 8.092527e+03 8.107173e+03 8.089669e+03
5.5 8.052525e+03 8.091364e+03 8.116421e+03 8.077582e+03
6.5 8.050413e+03 8.093323e+03 8.118757e+03 8.075847e+03
7.5 8.083682e+03 8.084087e+03 8.119211e+03 8.118806e+03
0.1 8.045787e+03 8.067668e+03 8.119370e+03 8.097489e+03
1.1 8.027768e+03 8.058333e+03 8.068239e+03 8.037675e+03
2.1 8.025098e+03 8.086965e+03 7.959364e+03 7.897497e+03
3.1 8.100774e+03 8.186885e+03 7.997199e+03 7.911089e+03
4.1 8.313623e+03 8.239667e+03 8.072304e+03 8.146260e+03
5.1 8.370249e+03 8.212782e+03 8.106339e+03 8.263806e+03
6.1 8.229798e+03 8.163413e+03 8.116449e+03 8.182834e+03
7.1 8.100879e+03 8.118081e+03 8.118946e+03 8.101744e+03
0.5 8.045019e+03 8.084472e+03 8.112738e+03 8.073284e+03
1.5 8.055134e+03 8.034714e+03 8.019633e+03 8.040053e+03
2.5 8.085120e+03 8.033911e+03 8.019509e+03 8.070718e+03
3.5 8.110188e+03 8.045345e+03 8.077457e+03 8.142300e+03
4.5 8.088385e+03 8.094734e+03 8.107176e+03 8.100827e+03
5.5 8.047468e+03 8.092193e+03 8.116378e+03 8.071654e+03
6.5 8.059632e+03 8.094377e+03 8.118682e+03 8.083937e+03
7.5 8.062150e+03 8.086814e+03 8.119109e+03 8.094445e+03
0.0 8.122484e+03 8.070096e+03 8.118306e+03 8.170695e+03
1.0 8.041412e+03 8.058795e+03 8.072561e+03 8.055178e+03
2.0 8.084833e+03 8.085294e+03 7.960671e+03 7.960210e+03
3.0 8.177941e+03 8.183396e+03 7.991267e+03 7.985812e+03
4.0 8.339017e+03 8.241138e+03 8.067604e+03 8.165482e+03
5.0 8.198197e+03 8.217143e+03 8.103166e+03 8.084220e+03
6.0 8.089260e+03 8.168278e+03 8.113620e+03 8.034602e+03
7.0 8.103109e+03 8.122825e+03 8.115913e+03 8.096197e+03
0.5 8.053601e+03 8.088126e+03 8.108810e+03 8.074285e+03
1.5 8.032969e+03 8.038901e+03 8.015141e+03 8.009210e+03
2.5 8.002212e+03 8.038689e+03 8.014390e+03 7.977913e+03
3.5 7.991022e+03 8.050892e+03 8.071636e+03 8.011766e+03
4.5 8.009793e+03 8.099028e+03 8.100581e+03 8.011346e+03
5.5 8.029094e+03 8.097915e+03 8.108934e+03 8.040112e+03
6.5 8.060142e+03 8.102072e+03 8.110312e+03 8.068382e+03
7.5 8.069221e+03 8.092134e+03 8.109736e+03 8.086822e+03
