0.5 1.114872e+04 1.105884e+04 1.102302e+04 1.111290e+04
1.5 1.106634e+04 1.111870e+04 1.104388e+04 1.099152e+04
2.5 1.111282e+04 1.112658e+04 1.111358e+04 1.109982e+04
3.5 1.113577e+04 1.115886e+04 1.118725e+04 1.116416e+04
4.5 1.128847e+04 1.119962e+04 1.124720e+04 1.133605e+04
5.5 1.133607e+04 1.127342e+04 1.128725e+04 1.134990e+04
6.5 1.123184e+04 1.126727e+04 1.130255e+04 1.126712e+04
7.5 1.127585e+04 1.130834e+04 1.130561e+04 1.127311e+04
8.5 1.132083e+04 1.126931e+04 1.130159e+04 1.135311e+04
0.2 1.111282e+04 1.112658e+04 1.111358e+04 1.109982e+04
1.2 1.113577e+04 1.115886e+04 1.118725e+04 1.116416e+04
2.2 1.128847e+04 1.119962e+04 1.124720e+04 1.133605e+04
3.2 1.133607e+04 1.127342e+04 1.128725e+04 1.134990e+04
4.2 1.123184e+04 1.126727e+04 1.130255e+04 1.126712e+04
5.2 1.127585e+04 1.130834e+04 1.130561e+04 1.127311e+04
6.2 1.132083e+04 1.126931e+04 1.130159e+04 1.135311e+04
7.2 1.135539e+04 1.129288e+04 1.130371e+04 1.136622e+04
8.2 1.133825e+04 1.127394e+04 1.130044e+04 1.136475e+04
0.9 1.133607e+04 1.127342e+04 1.128725e+04 1.134990e+04
1.9 1.123184e+04 1.126727e+04 1.130255e+04 1.126712e+04
2.9 1.127585e+04 1.130834e+04 1.130561e+04 1.127311e+04
3.9 1.132083e+04 1.126931e+04 1.130159e+04 1.135311e+04
4.9 1.135539e+04 1.129288e+04 1.130371e+04 1.136622e+04
5.9 1.133825e+04 1.127394e+04 1.130044e+04 1.136475e+04
6.9 1.124147e+04 1.126697e+04 1.130192e+04 1.127641e+04
7.9 1.121035e+04 1.128547e+04 1.130088e+04 1.122576e+04
8.9 1.121401e+04 1.126145e+04 1.130111e+04 1.125367e+04
0.6 1.127585e+04 1.130834e+04 1.130561e+04 1.127311e+04
1.6 1.132083e+04 1.126931e+04 1.130159e+04 1.135311e+04
2.6 1.135539e+04 1.129288e+04 1.130371e+04 1.136622e+04
3.6 1.133825e+04 1.127394e+04 1.130044e+04 1.136475e+04
4.6 1.124147e+04 1.126697e+04 1.130192e+04 1.127641e+04
5.6 1.121035e+04 1.128547e+04 1.130088e+04 1.122576e+04
6.6 1.121401e+04 1.126145e+04 1.130111e+04 1.125367e+04
7.6 1.119246e+04 1.129861e+04 1.130325e+04 1.119711e+04
8.6 1.123980e+04 1.126243e+04 1.130181e+04 1.127918e+04
0.3 1.135539e+04 1.129288e+04 1.130371e+04 1.136622e+04
1.3 1.133825e+04 1.127394e+04 1.130044e+04 1.136475e+04
2.3 1.124147e+04 1.126697e+04 1.130192e+04 1.127641e+04
3.3 1.121035e+04 1.128547e+04 1.130088e+04 1.122576e+04
4.3 1.121401e+04 1.126145e+04 1.130111e+04 1.125367e+04
5.3 1.119246e+04 1.129861e+04 1.130325e+04 1.119711e+04
6.3 1.123980e+04 1.126243e+04 1.130181e+04 1.127918e+04
7.3 1.125311e+04 1.129619e+04 1.130569e+04 1.126261e+04
8.3 1.116179e+04 1.126873e+04 1.130357e+04 1.119664e+04
1.0 1.121035e+04 1.128547e+04 1.130088e+04 1.122576e+04
2.0 1.121401e+04 1.126145e+04 1.130111e+04 1.125367e+04
3.0 1.119246e+04 1.129861e+04 1.130325e+04 1.119711e+04
4.0 1.123980e+04 1.126243e+04 1.130181e+04 1.127918e+04
5.0 1.125311e+04 1.129619e+04 1.130569e+04 1.126261e+04
6.0 1.116179e+04 1.126873e+04 1.130357e+04 1.119664e+04
7.0 1.108536e+04 1.127235e+04 1.130671e+04 1.111972e+04
8.0 1.124087e+04 1.128972e+04 1.129563e+04 1.124678e+04
9.0 1.137071e+04 1.139002e+04 1.123920e+04 1.121989e+04
0.7 1.119246e+04 1.129861e+04 1.130325e+04 1.119711e+04
1.7 1.123980e+04 1.126243e+04 1.130181e+04 1.127918e+04
2.7 1.125311e+04 1.129619e+04 1.130569e+04 1.126261e+04
3.7 1.116179e+04 1.126873e+04 1.130357e+04 1.119664e+04
4.7 1.108536e+04 1.127235e+04 1.130671e+04 1.111972e+04
5.7 1.124087e+04 1.128972e+04 1.129563e+04 1.124678e+04
6.7 1.137071e+04 1.139002e+04 1.123920e+04 1.121989e+04
7.7 1.132818e+04 1.134190e+04 1.115817e+04 1.114445e+04
8.7 1.122796e+04 1.114705e+04 1.108888e+04 1.116979e+04
0.4 1.125311e+04 1.129619e+04 1.130569e+04 1.126261e+04
1.4 1.116179e+04 1.126873e+04 1.130357e+04 1.119664e+04
2.4 1.108536e+04 1.127235e+04 1.130671e+04 1.111972e+04
3.4 1.124087e+04 1.128972e+04 1.129563e+04 1.124678e+04
4.4 1.137071e+04 1.139002e+04 1.123920e+04 1.121989e+04
5.4 1.132818e+04 1.134190e+04 1.115817e+04 1.114445e+04
6.4 1.122796e+04 1.114705e+04 1.108888e+04 1.116979e+04
7.4 1.115617e+04 1.104641e+04 1.103875e+04 1.114851e+04
8.4 1.102871e+04 1.101409e+04 1.101019e+04 1.102481e+04
0.5 1.108649e+04 1.102273e+04 1.100533e+04 1.106909e+04
1.5 1.108166e+04 1.109240e+04 1.103327e+04 1.102253e+04
2.5 1.108759e+04 1.110952e+04 1.110873e+04 1.108680e+04
3.5 1.114622e+04 1.114268e+04 1.118625e+04 1.118980e+04
4.5 1.120608e+04 1.118856e+04 1.124951e+04 1.126703e+04
5.5 1.137840e+04 1.126581e+04 1.129129e+04 1.140388e+04
6.5 1.135401e+04 1.125923e+04 1.130724e+04 1.140202e+04
7.5 1.141468e+04 1.130275e+04 1.131166e+04 1.142358e+04
8.5 1.129204e+04 1.126663e+04 1.130950e+04 1.133492e+04
0.2 1.108759e+04 1.110952e+04 1.110873e+04 1.108680e+04
1.2 1.114622e+04 1.114268e+04 1.118625e+04 1.118980e+04
2.2 1.120608e+04 1.118856e+04 1.124951e+04 1.126703e+04
3.2 1.137840e+04 1.126581e+04 1.129129e+04 1.140388e+04
4.2 1.135401e+04 1.125923e+04 1.130724e+04 1.140202e+04
5.2 1.141468e+04 1.130275e+04 1.131166e+04 1.142358e+04
6.2 1.129204e+04 1.126663e+04 1.130950e+04 1.133492e+04
7.2 1.138891e+04 1.129154e+04 1.131308e+04 1.141045e+04
8.2 1.134742e+04 1.127579e+04 1.131204e+04 1.138366e+04
0.9 1.137840e+04 1.126581e+04 1.129129e+04 1.140388e+04
1.9 1.135401e+04 1.125923e+04 1.130724e+04 1.140202e+04
2.9 1.141468e+04 1.130275e+04 1.131166e+04 1.142358e+04
3.9 1.129204e+04 1.126663e+04 1.130950e+04 1.133492e+04
4.9 1.138891e+04 1.129154e+04 1.131308e+04 1.141045e+04
5.9 1.134742e+04 1.127579e+04 1.131204e+04 1.138366e+04
6.9 1.126632e+04 1.127384e+04 1.131525e+04 1.130773e+04
7.9 1.125079e+04 1.129348e+04 1.131268e+04 1.126999e+04
8.9 1.125299e+04 1.126270e+04 1.130976e+04 1.130006e+04
0.6 1.141468e+04 1.130275e+04 1.131166e+04 1.142358e+04
1.6 1.129204e+04 1.126663e+04 1.130950e+04 1.133492e+04
2.6 1.138891e+04 1.129154e+04 1.131308e+04 1.141045e+04
3.6 1.134742e+04 1.127579e+04 1.131204e+04 1.138366e+04
4.6 1.126632e+04 1.127384e+04 1.131525e+04 1.130773e+04
5.6 1.125079e+04 1.129348e+04 1.131268e+04 1.126999e+04
6.6 1.125299e+04 1.126270e+04 1.130976e+04 1.130006e+04
7.6 1.121771e+04 1.130043e+04 1.131074e+04 1.122802e+04
8.6 1.118268e+04 1.126460e+04 1.130891e+04 1.122699e+04
0.3 1.138891e+04 1.129154e+04 1.131308e+04 1.141045e+04
1.3 1.134742e+04 1.127579e+04 1.131204e+04 1.138366e+04
2.3 1.126632e+04 1.127384e+04 1.131525e+04 1.130773e+04
3.3 1.125079e+04 1.129348e+04 1.131268e+04 1.126999e+04
4.3 1.125299e+04 1.126270e+04 1.130976e+04 1.130006e+04
5.3 1.121771e+04 1.130043e+04 1.131074e+04 1.122802e+04
6.3 1.118268e+04 1.126460e+04 1.130891e+04 1.122699e+04
7.3 1.122199e+04 1.129737e+04 1.131284e+04 1.123747e+04
8.3 1.123107e+04 1.127322e+04 1.131126e+04 1.126912e+04
0.9 1.125079e+04 1.129348e+04 1.131268e+04 1.126999e+04
1.9 1.125299e+04 1.126270e+04 1.130976e+04 1.130006e+04
2.9 1.121771e+04 1.130043e+04 1.131074e+04 1.122802e+04
3.9 1.118268e+04 1.126460e+04 1.130891e+04 1.122699e+04
4.9 1.122199e+04 1.129737e+04 1.131284e+04 1.123747e+04
5.9 1.123107e+04 1.127322e+04 1.131126e+04 1.126912e+04
6.9 1.121211e+04 1.127487e+04 1.131426e+04 1.125150e+04
7.9 1.123883e+04 1.129284e+04 1.130341e+04 1.124939e+04
8.9 1.130602e+04 1.138992e+04 1.124737e+04 1.116347e+04
0.7 1.121771e+04 1.130043e+04 1.131074e+04 1.122802e+04
1.7 1.118268e+04 1.126460e+04 1.130891e+04 1.122699e+04
2.7 1.122199e+04 1.129737e+04 1.131284e+04 1.123747e+04
3.7 1.123107e+04 1.127322e+04 1.131126e+04 1.126912e+04
4.7 1.121211e+04 1.127487e+04 1.131426e+04 1.125150e+04
5.7 1.123883e+04 1.129284e+04 1.130341e+04 1.124939e+04
6.7 1.130602e+04 1.138992e+04 1.124737e+04 1.116347e+04
7.7 1.135969e+04 1.135047e+04 1.116583e+04 1.117505e+04
8.7 1.098093e+04 1.115400e+04 1.109539e+04 1.092232e+04
0.3 1.122199e+04 1.129737e+04 1.131284e+04 1.123747e+04
1.3 1.123107e+04 1.127322e+04 1.131126e+04 1.126912e+04
2.3 1.121211e+04 1.127487e+04 1.131426e+04 1.125150e+04
3.3 1.123883e+04 1.129284e+04 1.130341e+04 1.124939e+04
4.3 1.130602e+04 1.138992e+04 1.124737e+04 1.116347e+04
5.3 1.135969e+04 1.135047e+04 1.116583e+04 1.117505e+04
6.3 1.098093e+04 1.115400e+04 1.109539e+04 1.092232e+04
7.3 1.115453e+04 1.105078e+04 1.104422e+04 1.114797e+04
8.3 1.098684e+04 1.101687e+04 1.101449e+04 1.098447e+04
0.5 1.096265e+04 1.102195e+04 1.100779e+04 1.094849e+04
1.5 1.118879e+04 1.109506e+04 1.103669e+04 1.113041e+04
2.5 1.119559e+04 1.111604e+04 1.111265e+04 1.119220e+04
3.5 1.121341e+04 1.114507e+04 1.118859e+04 1.125693e+04
4.5 1.122541e+04 1.118863e+04 1.125020e+04 1.128697e+04
5.5 1.126229e+04 1.127002e+04 1.129037e+04 1.128264e+04
6.5 1.114252e+04 1.125455e+04 1.130333e+04 1.119130e+04
7.5 1.131118e+04 1.130034e+04 1.130727e+04 1.131811e+04
8.5 1.130532e+04 1.126333e+04 1.130509e+04 1.134708e+04
0.2 1.119559e+04 1.111604e+04 1.111265e+04 1.119220e+04
1.2 1.121341e+04 1.114507e+04 1.118859e+04 1.125693e+04
2.2 1.122541e+04 1.118863e+04 1.125020e+04 1.128697e+04
3.2 1.126229e+04 1.127002e+04 1.129037e+04 1.128264e+04
4.2 1.114252e+04 1.125455e+04 1.130333e+04 1.119130e+04
5.2 1.131118e+04 1.130034e+04 1.130727e+04 1.131811e+04
6.2 1.130532e+04 1.126333e+04 1.130509e+04 1.134708e+04
7.2 1.132859e+04 1.128185e+04 1.130886e+04 1.135559e+04
8.2 1.129270e+04 1.127608e+04 1.130832e+04 1.132494e+04
0.8 1.126229e+04 1.127002e+04 1.129037e+04 1.128264e+04
1.8 1.114252e+04 1.125455e+04 1.130333e+04 1.119130e+04
2.8 1.131118e+04 1.130034e+04 1.130727e+04 1.131811e+04
3.8 1.130532e+04 1.126333e+04 1.130509e+04 1.134708e+04
4.8 1.132859e+04 1.128185e+04 1.130886e+04 1.135559e+04
5.8 1.129270e+04 1.127608e+04 1.130832e+04 1.132494e+04
6.8 1.130265e+04 1.126649e+04 1.131106e+04 1.134722e+04
7.8 1.131595e+04 1.129269e+04 1.131106e+04 1.133432e+04
8.8 1.137513e+04 1.126571e+04 1.131085e+04 1.142027e+04
0.5 1.131118e+04 1.130034e+04 1.130727e+04 1.131811e+04
1.5 1.130532e+04 1.126333e+04 1.130509e+04 1.134708e+04
2.5 1.132859e+04 1.128185e+04 1.130886e+04 1.135559e+04
3.5 1.129270e+04 1.127608e+04 1.130832e+04 1.132494e+04
4.5 1.130265e+04 1.126649e+04 1.131106e+04 1.134722e+04
5.5 1.131595e+04 1.129269e+04 1.131106e+04 1.133432e+04
6.5 1.137513e+04 1.126571e+04 1.131085e+04 1.142027e+04
7.5 1.130066e+04 1.130489e+04 1.131301e+04 1.130878e+04
8.5 1.135305e+04 1.126789e+04 1.131026e+04 1.139543e+04
0.2 1.132859e+04 1.128185e+04 1.130886e+04 1.135559e+04
1.2 1.129270e+04 1.127608e+04 1.130832e+04 1.132494e+04
2.2 1.130265e+04 1.126649e+04 1.131106e+04 1.134722e+04
3.2 1.131595e+04 1.129269e+04 1.131106e+04 1.133432e+04
4.2 1.137513e+04 1.126571e+04 1.131085e+04 1.142027e+04
5.2 1.130066e+04 1.130489e+04 1.131301e+04 1.130878e+04
6.2 1.135305e+04 1.126789e+04 1.131026e+04 1.139543e+04
7.2 1.132476e+04 1.129553e+04 1.131312e+04 1.134234e+04
8.2 1.136482e+04 1.127507e+04 1.131007e+04 1.139982e+04
0.9 1.131595e+04 1.129269e+04 1.131106e+04 1.133432e+04
1.9 1.137513e+04 1.126571e+04 1.131085e+04 1.142027e+04
2.9 1.130066e+04 1.130489e+04 1.131301e+04 1.130878e+04
3.9 1.135305e+04 1.126789e+04 1.131026e+04 1.139543e+04
4.9 1.132476e+04 1.129553e+04 1.131312e+04 1.134234e+04
5.9 1.136482e+04 1.127507e+04 1.131007e+04 1.139982e+04
6.9 1.120486e+04 1.127116e+04 1.131163e+04 1.124532e+04
7.9 1.128783e+04 1.129033e+04 1.130199e+04 1.129949e+04
8.9 1.143697e+04 1.138075e+04 1.124770e+04 1.130391e+04
0.6 1.130066e+04 1.130489e+04 1.131301e+04 1.130878e+04
1.6 1.135305e+04 1.126789e+04 1.131026e+04 1.139543e+04
2.6 1.132476e+04 1.129553e+04 1.131312e+04 1.134234e+04
3.6 1.136482e+04 1.127507e+04 1.131007e+04 1.139982e+04
4.6 1.120486e+04 1.127116e+04 1.131163e+04 1.124532e+04
5.6 1.128783e+04 1.129033e+04 1.130199e+04 1.129949e+04
6.6 1.143697e+04 1.138075e+04 1.124770e+04 1.130391e+04
7.6 1.150314e+04 1.135906e+04 1.116594e+04 1.131003e+04
8.6 1.104852e+04 1.116008e+04 1.109375e+04 1.098219e+04
0.3 1.132476e+04 1.129553e+04 1.131312e+04 1.134234e+04
1.3 1.136482e+04 1.127507e+04 1.131007e+04 1.139982e+04
2.3 1.120486e+04 1.127116e+04 1.131163e+04 1.124532e+04
3.3 1.128783e+04 1.129033e+04 1.130199e+04 1.129949e+04
4.3 1.143697e+04 1.138075e+04 1.124770e+04 1.130391e+04
5.3 1.150314e+04 1.135906e+04 1.116594e+04 1.131003e+04
6.3 1.104852e+04 1.116008e+04 1.109375e+04 1.098219e+04
7.3 1.091531e+04 1.105176e+04 1.104076e+04 1.090430e+04
8.3 1.098062e+04 1.101468e+04 1.100874e+04 1.097469e+04
0.5 1.094284e+04 1.101604e+04 1.099526e+04 1.092206e+04
1.5 1.097344e+04 1.108793e+04 1.102204e+04 1.090755e+04
2.5 1.107893e+04 1.110696e+04 1.109557e+04 1.106754e+04
3.5 1.106056e+04 1.113452e+04 1.116969e+04 1.109572e+04
4.5 1.123994e+04 1.117949e+04 1.122929e+04 1.128974e+04
5.5 1.120540e+04 1.125179e+04 1.126657e+04 1.122018e+04
6.5 1.125326e+04 1.124328e+04 1.127794e+04 1.128793e+04
7.5 1.123031e+04 1.128606e+04 1.127726e+04 1.122151e+04
8.5 1.098749e+04 1.124237e+04 1.126891e+04 1.101404e+04
0.2 1.107893e+04 1.110696e+04 1.109557e+04 1.106754e+04
1.2 1.106056e+04 1.113452e+04 1.116969e+04 1.109572e+04
2.2 1.123994e+04 1.117949e+04 1.122929e+04 1.128974e+04
3.2 1.120540e+04 1.125179e+04 1.126657e+04 1.122018e+04
4.2 1.125326e+04 1.124328e+04 1.127794e+04 1.128793e+04
5.2 1.123031e+04 1.128606e+04 1.127726e+04 1.122151e+04
6.2 1.098749e+04 1.124237e+04 1.126891e+04 1.101404e+04
7.2 1.121333e+04 1.126401e+04 1.126641e+04 1.121573e+04
8.2 1.123866e+04 1.124356e+04 1.125875e+04 1.125385e+04
0.9 1.120540e+04 1.125179e+04 1.126657e+04 1.122018e+04
1.9 1.125326e+04 1.124328e+04 1.127794e+04 1.128793e+04
2.9 1.123031e+04 1.128606e+04 1.127726e+04 1.122151e+04
3.9 1.098749e+04 1.124237e+04 1.126891e+04 1.101404e+04
4.9 1.121333e+04 1.126401e+04 1.126641e+04 1.121573e+04
5.9 1.123866e+04 1.124356e+04 1.125875e+04 1.125385e+04
6.9 1.136623e+04 1.123413e+04 1.125504e+04 1.138715e+04
7.9 1.137226e+04 1.125093e+04 1.124726e+04 1.136858e+04
8.9 1.132647e+04 1.121891e+04 1.123940e+04 1.134696e+04
0.6 1.123031e+04 1.128606e+04 1.127726e+04 1.122151e+04
1.6 1.098749e+04 1.124237e+04 1.126891e+04 1.101404e+04
2.6 1.121333e+04 1.126401e+04 1.126641e+04 1.121573e+04
3.6 1.123866e+04 1.124356e+04 1.125875e+04 1.125385e+04
4.6 1.136623e+04 1.123413e+04 1.125504e+04 1.138715e+04
5.6 1.137226e+04 1.125093e+04 1.124726e+04 1.136858e+04
6.6 1.132647e+04 1.121891e+04 1.123940e+04 1.134696e+04
7.6 1.127177e+04 1.125192e+04 1.123375e+04 1.125360e+04
8.6 1.122843e+04 1.121045e+04 1.122426e+04 1.124224e+04
0.3 1.121333e+04 1.126401e+04 1.126641e+04 1.121573e+04
1.3 1.123866e+04 1.124356e+04 1.125875e+04 1.125385e+04
2.3 1.136623e+04 1.123413e+04 1.125504e+04 1.138715e+04
3.3 1.137226e+04 1.125093e+04 1.124726e+04 1.136858e+04
4.3 1.132647e+04 1.121891e+04 1.123940e+04 1.134696e+04
5.3 1.127177e+04 1.125192e+04 1.123375e+04 1.125360e+04
6.3 1.122843e+04 1.121045e+04 1.122426e+04 1.124224e+04
7.3 1.114665e+04 1.123954e+04 1.121972e+04 1.112683e+04
8.3 1.121122e+04 1.120533e+04 1.120686e+04 1.121275e+04
1.0 1.137226e+04 1.125093e+04 1.124726e+04 1.136858e+04
2.0 1.132647e+04 1.121891e+04 1.123940e+04 1.134696e+04
3.0 1.127177e+04 1.125192e+04 1.123375e+04 1.125360e+04
4.0 1.122843e+04 1.121045e+04 1.122426e+04 1.124224e+04
5.0 1.114665e+04 1.123954e+04 1.121972e+04 1.112683e+04
6.0 1.121122e+04 1.120533e+04 1.120686e+04 1.121275e+04
0.6 1.127177e+04 1.125192e+04 1.123375e+04 1.125360e+04
1.6 1.122843e+04 1.121045e+04 1.122426e+04 1.124224e+04
2.6 1.114665e+04 1.123954e+04 1.121972e+04 1.112683e+04
3.6 1.121122e+04 1.120533e+04 1.120686e+04 1.121275e+04
0.3 1.114665e+04 1.123954e+04 1.121972e+04 1.112683e+04
1.3 1.121122e+04 1.120533e+04 1.120686e+04 1.121275e+04
