0.5 7.493103e+03 7.418758e+03 7.356125e+03 7.430470e+03
1.5 7.434173e+03 7.377952e+03 7.416780e+03 7.473001e+03
2.5 7.387887e+03 7.366811e+03 7.513821e+03 7.534897e+03
3.5 7.403528e+03 7.390286e+03 7.540655e+03 7.553896e+03
4.5 7.388543e+03 7.458124e+03 7.508685e+03 7.439104e+03
5.5 7.394888e+03 7.457536e+03 7.460584e+03 7.397935e+03
6.5 7.420949e+03 7.441722e+03 7.408759e+03 7.387986e+03
7.5 7.412094e+03 7.429342e+03 7.369089e+03 7.351840e+03
0.1 7.391557e+03 7.386728e+03 7.354491e+03 7.359321e+03
1.1 7.407221e+03 7.398438e+03 7.377795e+03 7.386579e+03
2.1 7.442399e+03 7.427537e+03 7.496066e+03 7.510928e+03
3.1 7.515960e+03 7.542650e+03 7.608422e+03 7.581731e+03
4.1 7.628503e+03 7.628340e+03 7.614599e+03 7.614762e+03
5.1 7.460312e+03 7.584054e+03 7.554388e+03 7.430646e+03
6.1 7.433664e+03 7.500565e+03 7.480121e+03 7.413220e+03
7.1 7.382579e+03 7.422027e+03 7.403902e+03 7.364454e+03
0.5 7.389504e+03 7.380257e+03 7.353482e+03 7.362728e+03
1.5 7.401186e+03 7.343127e+03 7.412785e+03 7.470844e+03
2.5 7.389000e+03 7.330760e+03 7.508749e+03 7.566989e+03
3.5 7.368952e+03 7.358026e+03 7.534725e+03 7.545651e+03
4.5 7.410126e+03 7.431616e+03 7.501965e+03 7.480476e+03
5.5 7.388112e+03 7.431613e+03 7.453156e+03 7.409656e+03
6.5 7.388241e+03 7.420307e+03 7.400828e+03 7.368762e+03
7.5 7.407309e+03 7.409156e+03 7.360905e+03 7.359059e+03
0.1 7.383300e+03 7.382715e+03 7.350845e+03 7.351430e+03
1.1 7.376002e+03 7.392564e+03 7.372951e+03 7.356390e+03
2.1 7.361735e+03 7.422918e+03 7.489635e+03 7.428452e+03
3.1 7.430185e+03 7.535390e+03 7.604523e+03 7.499318e+03
4.1 7.820000e+03 7.625129e+03 7.613506e+03 7.808377e+03
5.1 7.757989e+03 7.583455e+03 7.554458e+03 7.728992e+03
6.1 7.548540e+03 7.500526e+03 7.480605e+03 7.528619e+03
7.1 7.366389e+03 7.421896e+03 7.404364e+03 7.348858e+03
0.5 7.306644e+03 7.378917e+03 7.352556e+03 7.280283e+03
1.5 7.328765e+03 7.343017e+03 7.411997e+03 7.397745e+03
2.5 7.365865e+03 7.326963e+03 7.508079e+03 7.546981e+03
3.5 7.411731e+03 7.355503e+03 7.534142e+03 7.590371e+03
4.5 7.405292e+03 7.434841e+03 7.501482e+03 7.471932e+03
5.5 7.353341e+03 7.432971e+03 7.452797e+03 7.373167e+03
6.5 7.362043e+03 7.420284e+03 7.400599e+03 7.342359e+03
7.5 7.361292e+03 7.412912e+03 7.360798e+03 7.309178e+03
0.0 7.431587e+03 7.386809e+03 7.352806e+03 7.397585e+03
1.0 7.353673e+03 7.391610e+03 7.372115e+03 7.334179e+03
2.0 7.420741e+03 7.423747e+03 7.484901e+03 7.481895e+03
3.0 7.484394e+03 7.529728e+03 7.604307e+03 7.558973e+03
4.0 7.777493e+03 7.626739e+03 7.618847e+03 7.769600e+03
5.0 7.555772e+03 7.590016e+03 7.562271e+03 7.528027e+03
6.0 7.398050e+03 7.507996e+03 7.489473e+03 7.379527e+03
7.0 7.377318e+03 7.429102e+03 7.413636e+03 7.361852e+03
0.5 7.350139e+03 7.383863e+03 7.360354e+03 7.326630e+03
1.5 7.353006e+03 7.348684e+03 7.421029e+03 7.425351e+03
2.5 7.309362e+03 7.333427e+03 7.518508e+03 7.494443e+03
3.5 7.298884e+03 7.363143e+03 7.546163e+03 7.481904e+03
4.5 7.338156e+03 7.440942e+03 7.515286e+03 7.412500e+03
5.5 7.354526e+03 7.440506e+03 7.468588e+03 7.382608e+03
6.5 7.371302e+03 7.432662e+03 7.418591e+03 7.357231e+03
7.5 7.394923e+03 7.420066e+03 7.381214e+03 7.356070e+03
