0.5 6.827848e+03 6.742193e+03 6.764321e+03 6.849976e+03
1.5 6.916998e+03 6.822513e+03 6.984441e+03 7.078926e+03
2.5 6.689956e+03 6.719083e+03 6.739065e+03 6.709938e+03
3.5 6.642818e+03 6.710259e+03 6.698090e+03 6.630649e+03
4.5 6.737180e+03 6.761594e+03 6.697153e+03 6.672739e+03
5.5 6.740407e+03 6.775585e+03 6.697937e+03 6.662759e+03
6.5 6.732405e+03 6.722102e+03 6.698586e+03 6.708890e+03
7.5 6.859805e+03 6.750439e+03 6.699081e+03 6.808447e+03
0.1 6.753850e+03 6.723578e+03 6.699558e+03 6.729830e+03
1.1 6.710017e+03 6.786427e+03 6.980293e+03 6.903882e+03
2.1 6.819344e+03 6.733088e+03 7.001963e+03 7.088219e+03
3.1 6.627120e+03 6.670770e+03 6.737629e+03 6.693979e+03
4.1 6.827141e+03 6.795550e+03 6.700953e+03 6.732544e+03
5.1 6.773229e+03 6.810929e+03 6.699029e+03 6.661329e+03
6.1 6.642508e+03 6.771746e+03 6.698947e+03 6.569710e+03
7.1 6.721598e+03 6.723445e+03 6.698948e+03 6.697101e+03
0.5 6.749427e+03 6.749668e+03 6.772490e+03 6.772249e+03
1.5 6.817063e+03 6.832804e+03 6.990912e+03 6.975170e+03
2.5 6.720800e+03 6.722652e+03 6.744115e+03 6.742263e+03
3.5 6.703198e+03 6.709599e+03 6.701519e+03 6.695119e+03
4.5 6.663029e+03 6.767102e+03 6.699160e+03 6.595087e+03
5.5 6.718011e+03 6.777732e+03 6.699104e+03 6.639383e+03
6.5 6.703224e+03 6.724103e+03 6.699135e+03 6.678256e+03
7.5 6.674527e+03 6.754336e+03 6.699166e+03 6.619356e+03
0.1 6.720950e+03 6.726436e+03 6.699008e+03 6.693522e+03
1.1 6.780721e+03 6.783300e+03 6.972767e+03 6.970189e+03
2.1 6.727547e+03 6.739695e+03 7.010293e+03 6.998145e+03
3.1 6.579100e+03 6.667257e+03 6.740059e+03 6.651903e+03
4.1 6.855466e+03 6.793528e+03 6.700925e+03 6.762863e+03
5.1 6.803810e+03 6.811321e+03 6.698869e+03 6.691358e+03
6.1 6.942331e+03 6.772762e+03 6.698800e+03 6.868369e+03
7.1 6.699065e+03 6.724354e+03 6.698812e+03 6.673522e+03
0.5 6.749376e+03 6.749473e+03 6.772362e+03 6.772265e+03
1.5 6.829252e+03 6.836769e+03 6.990781e+03 6.983264e+03
2.5 6.804787e+03 6.720646e+03 6.743979e+03 6.828120e+03
3.5 6.815392e+03 6.703750e+03 6.701434e+03 6.813076e+03
4.5 6.870304e+03 6.768805e+03 6.699158e+03 6.800656e+03
5.5 6.775332e+03 6.779490e+03 6.699132e+03 6.694974e+03
6.5 6.696326e+03 6.717413e+03 6.699190e+03 6.678103e+03
7.5 6.753505e+03 6.758753e+03 6.699252e+03 6.694004e+03
0.0 6.803622e+03 6.732253e+03 6.700815e+03 6.772184e+03
1.0 6.766283e+03 6.777374e+03 6.959751e+03 6.948659e+03
2.0 6.745975e+03 6.753580e+03 7.029123e+03 7.021518e+03
3.0 6.646108e+03 6.661483e+03 6.748883e+03 6.733508e+03
4.0 6.831377e+03 6.790230e+03 6.704824e+03 6.745971e+03
5.0 6.913746e+03 6.813137e+03 6.702984e+03 6.803593e+03
6.0 6.782618e+03 6.776062e+03 6.703545e+03 6.710101e+03
7.0 6.606658e+03 6.727689e+03 6.704282e+03 6.583251e+03
0.5 6.721592e+03 6.751052e+03 6.779551e+03 6.750090e+03
1.5 6.762458e+03 6.838654e+03 6.998976e+03 6.922779e+03
2.5 6.698044e+03 6.722878e+03 6.753283e+03 6.728448e+03
3.5 6.695201e+03 6.707236e+03 6.711965e+03 6.699930e+03
4.5 6.705125e+03 6.771938e+03 6.711028e+03 6.644216e+03
5.5 6.791625e+03 6.780116e+03 6.712457e+03 6.723966e+03
6.5 6.743771e+03 6.731125e+03 6.714086e+03 6.726731e+03
7.5 6.832630e+03 6.758651e+03 6.715834e+03 6.789813e+03
