0.5 6.827848e+03 6.742193e+03 6.783601e+03 6.869255e+03
1.5 6.916998e+03 6.822513e+03 6.575308e+03 6.669793e+03
2.5 6.689956e+03 6.719083e+03 6.573514e+03 6.544387e+03
3.5 6.642818e+03 6.710259e+03 6.700606e+03 6.633165e+03
4.5 6.737180e+03 6.761594e+03 6.765094e+03 6.740680e+03
5.5 6.740407e+03 6.775585e+03 6.784467e+03 6.749288e+03
6.5 6.732405e+03 6.722102e+03 6.788937e+03 6.799241e+03
7.5 6.859805e+03 6.750439e+03 6.789503e+03 6.898869e+03
0.1 6.753850e+03 6.723578e+03 6.790970e+03 6.821242e+03
1.1 6.710017e+03 6.786427e+03 6.671521e+03 6.595110e+03
2.1 6.819344e+03 6.733088e+03 6.434030e+03 6.520286e+03
3.1 6.627120e+03 6.670770e+03 6.525426e+03 6.481776e+03
4.1 6.827141e+03 6.795550e+03 6.690296e+03 6.721888e+03
5.1 6.773229e+03 6.810929e+03 6.763897e+03 6.726197e+03
6.1 6.642508e+03 6.771746e+03 6.785674e+03 6.656437e+03
7.1 6.721598e+03 6.723445e+03 6.791089e+03 6.789242e+03
0.5 6.749427e+03 6.749668e+03 6.777379e+03 6.777138e+03
1.5 6.817063e+03 6.832804e+03 6.570962e+03 6.555221e+03
2.5 6.720800e+03 6.722652e+03 6.570721e+03 6.568869e+03
3.5 6.703198e+03 6.709599e+03 6.699256e+03 6.692856e+03
4.5 6.663029e+03 6.767102e+03 6.765259e+03 6.661187e+03
5.5 6.718011e+03 6.777732e+03 6.785765e+03 6.726044e+03
6.5 6.703224e+03 6.724103e+03 6.790945e+03 6.770066e+03
7.5 6.674527e+03 6.754336e+03 6.791952e+03 6.712143e+03
0.1 6.720950e+03 6.726436e+03 6.792305e+03 6.786819e+03
1.1 6.780721e+03 6.783300e+03 6.678923e+03 6.676345e+03
2.1 6.727547e+03 6.739695e+03 6.437496e+03 6.425348e+03
3.1 6.579100e+03 6.667257e+03 6.521395e+03 6.433238e+03
4.1 6.855466e+03 6.793528e+03 6.687937e+03 6.749875e+03
5.1 6.803810e+03 6.811321e+03 6.763409e+03 6.755898e+03
6.1 6.942331e+03 6.772762e+03 6.785827e+03 6.955397e+03
7.1 6.699065e+03 6.724354e+03 6.791366e+03 6.766076e+03
0.5 6.749376e+03 6.749473e+03 6.777599e+03 6.777503e+03
1.5 6.829252e+03 6.836769e+03 6.571141e+03 6.563624e+03
2.5 6.804787e+03 6.720646e+03 6.570867e+03 6.655008e+03
3.5 6.815392e+03 6.703750e+03 6.699365e+03 6.811007e+03
4.5 6.870304e+03 6.768805e+03 6.765266e+03 6.866764e+03
5.5 6.775332e+03 6.779490e+03 6.785671e+03 6.781512e+03
6.5 6.696326e+03 6.717413e+03 6.790779e+03 6.769692e+03
7.5 6.753505e+03 6.758753e+03 6.791727e+03 6.786479e+03
0.0 6.803622e+03 6.732253e+03 6.789946e+03 6.861315e+03
1.0 6.766283e+03 6.777374e+03 6.688507e+03 6.677416e+03
2.0 6.745975e+03 6.753580e+03 6.440393e+03 6.432789e+03
3.0 6.646108e+03 6.661483e+03 6.508241e+03 6.492866e+03
4.0 6.831377e+03 6.790230e+03 6.677514e+03 6.718661e+03
5.0 6.913746e+03 6.813137e+03 6.756373e+03 6.856982e+03
6.0 6.782618e+03 6.776062e+03 6.779555e+03 6.786111e+03
7.0 6.606658e+03 6.727689e+03 6.784638e+03 6.663607e+03
0.5 6.721592e+03 6.751052e+03 6.768889e+03 6.739428e+03
1.5 6.762458e+03 6.838654e+03 6.561180e+03 6.484984e+03
2.5 6.698044e+03 6.722878e+03 6.559514e+03 6.534680e+03
3.5 6.695201e+03 6.707236e+03 6.686456e+03 6.674421e+03
4.5 6.705125e+03 6.771938e+03 6.750640e+03 6.683827e+03
5.5 6.791625e+03 6.780116e+03 6.769163e+03 6.780671e+03
6.5 6.743771e+03 6.731125e+03 6.772218e+03 6.784864e+03
7.5 6.832630e+03 6.758651e+03 6.770941e+03 6.844920e+03
