0.5 9.778831e+03 9.747639e+03 9.793819e+03 9.825011e+03
1.5 9.701452e+03 9.657465e+03 9.732064e+03 9.776052e+03
2.5 9.640538e+03 9.673578e+03 9.665316e+03 9.632275e+03
3.5 9.692768e+03 9.704291e+03 9.657506e+03 9.645982e+03
4.5 9.636207e+03 9.708126e+03 9.640426e+03 9.568507e+03
5.5 9.788791e+03 9.674699e+03 9.648704e+03 9.762796e+03
6.5 9.884642e+03 9.684193e+03 9.643099e+03 9.843547e+03
7.5 9.712879e+03 9.646948e+03 9.642752e+03 9.708683e+03
8.5 9.680272e+03 9.680784e+03 9.646173e+03 9.645661e+03
0.2 9.640538e+03 9.673578e+03 9.665316e+03 9.632275e+03
1.2 9.692768e+03 9.704291e+03 9.657506e+03 9.645982e+03
2.2 9.636207e+03 9.708126e+03 9.640426e+03 9.568507e+03
3.2 9.788791e+03 9.674699e+03 9.648704e+03 9.762796e+03
4.2 9.884642e+03 9.684193e+03 9.643099e+03 9.843547e+03
5.2 9.712879e+03 9.646948e+03 9.642752e+03 9.708683e+03
6.2 9.680272e+03 9.680784e+03 9.646173e+03 9.645661e+03
7.2 9.659983e+03 9.655417e+03 9.635989e+03 9.640556e+03
8.2 9.618882e+03 9.675651e+03 9.647110e+03 9.590341e+03
0.9 9.788791e+03 9.674699e+03 9.648704e+03 9.762796e+03
1.9 9.884642e+03 9.684193e+03 9.643099e+03 9.843547e+03
2.9 9.712879e+03 9.646948e+03 9.642752e+03 9.708683e+03
3.9 9.680272e+03 9.680784e+03 9.646173e+03 9.645661e+03
4.9 9.659983e+03 9.655417e+03 9.635989e+03 9.640556e+03
5.9 9.618882e+03 9.675651e+03 9.647110e+03 9.590341e+03
6.9 9.570658e+03 9.676138e+03 9.633841e+03 9.528362e+03
7.9 9.637513e+03 9.663880e+03 9.644768e+03 9.618400e+03
8.9 9.560858e+03 9.681392e+03 9.636143e+03 9.515609e+03
0.6 9.712879e+03 9.646948e+03 9.642752e+03 9.708683e+03
1.6 9.680272e+03 9.680784e+03 9.646173e+03 9.645661e+03
2.6 9.659983e+03 9.655417e+03 9.635989e+03 9.640556e+03
3.6 9.618882e+03 9.675651e+03 9.647110e+03 9.590341e+03
4.6 9.570658e+03 9.676138e+03 9.633841e+03 9.528362e+03
5.6 9.637513e+03 9.663880e+03 9.644768e+03 9.618400e+03
6.6 9.560858e+03 9.681392e+03 9.636143e+03 9.515609e+03
7.6 9.564397e+03 9.650505e+03 9.638732e+03 9.552624e+03
8.6 9.650069e+03 9.682239e+03 9.638575e+03 9.606405e+03
0.3 9.659983e+03 9.655417e+03 9.635989e+03 9.640556e+03
1.3 9.618882e+03 9.675651e+03 9.647110e+03 9.590341e+03
2.3 9.570658e+03 9.676138e+03 9.633841e+03 9.528362e+03
3.3 9.637513e+03 9.663880e+03 9.644768e+03 9.618400e+03
4.3 9.560858e+03 9.681392e+03 9.636143e+03 9.515609e+03
5.3 9.564397e+03 9.650505e+03 9.638732e+03 9.552624e+03
6.3 9.650069e+03 9.682239e+03 9.638575e+03 9.606405e+03
7.3 9.632813e+03 9.650614e+03 9.630955e+03 9.613154e+03
8.3 9.675295e+03 9.678667e+03 9.639897e+03 9.636525e+03
1.0 9.637513e+03 9.663880e+03 9.644768e+03 9.618400e+03
2.0 9.560858e+03 9.681392e+03 9.636143e+03 9.515609e+03
3.0 9.564397e+03 9.650505e+03 9.638732e+03 9.552624e+03
4.0 9.650069e+03 9.682239e+03 9.638575e+03 9.606405e+03
5.0 9.632813e+03 9.650614e+03 9.630955e+03 9.613154e+03
6.0 9.675295e+03 9.678667e+03 9.639897e+03 9.636525e+03
7.0 9.576850e+03 9.671057e+03 9.626579e+03 9.532371e+03
8.0 9.627754e+03 9.738906e+03 9.671400e+03 9.560248e+03
9.0 9.726606e+03 9.680986e+03 9.740438e+03 9.786058e+03
0.7 9.564397e+03 9.650505e+03 9.638732e+03 9.552624e+03
1.7 9.650069e+03 9.682239e+03 9.638575e+03 9.606405e+03
2.7 9.632813e+03 9.650614e+03 9.630955e+03 9.613154e+03
3.7 9.675295e+03 9.678667e+03 9.639897e+03 9.636525e+03
4.7 9.576850e+03 9.671057e+03 9.626579e+03 9.532371e+03
5.7 9.627754e+03 9.738906e+03 9.671400e+03 9.560248e+03
6.7 9.726606e+03 9.680986e+03 9.740438e+03 9.786058e+03
7.7 9.650875e+03 9.624503e+03 9.772791e+03 9.799162e+03
8.7 9.753033e+03 9.713392e+03 9.782273e+03 9.821914e+03
0.4 9.632813e+03 9.650614e+03 9.630955e+03 9.613154e+03
1.4 9.675295e+03 9.678667e+03 9.639897e+03 9.636525e+03
2.4 9.576850e+03 9.671057e+03 9.626579e+03 9.532371e+03
3.4 9.627754e+03 9.738906e+03 9.671400e+03 9.560248e+03
4.4 9.726606e+03 9.680986e+03 9.740438e+03 9.786058e+03
5.4 9.650875e+03 9.624503e+03 9.772791e+03 9.799162e+03
6.4 9.753033e+03 9.713392e+03 9.782273e+03 9.821914e+03
7.4 9.650912e+03 9.731144e+03 9.784228e+03 9.703996e+03
8.4 9.631087e+03 9.710005e+03 9.784270e+03 9.705352e+03
0.5 9.736521e+03 9.754907e+03 9.779964e+03 9.761578e+03
1.5 9.696629e+03 9.661151e+03 9.715662e+03 9.751140e+03
2.5 9.658330e+03 9.674665e+03 9.649629e+03 9.633294e+03
3.5 9.622483e+03 9.708085e+03 9.641768e+03 9.556167e+03
4.5 9.641516e+03 9.710091e+03 9.624333e+03 9.555758e+03
5.5 9.602756e+03 9.676268e+03 9.634823e+03 9.561311e+03
6.5 9.741812e+03 9.686618e+03 9.629123e+03 9.684316e+03
7.5 9.656381e+03 9.648168e+03 9.628243e+03 9.636455e+03
8.5 9.730980e+03 9.681381e+03 9.631796e+03 9.681395e+03
0.2 9.658330e+03 9.674665e+03 9.649629e+03 9.633294e+03
1.2 9.622483e+03 9.708085e+03 9.641768e+03 9.556167e+03
2.2 9.641516e+03 9.710091e+03 9.624333e+03 9.555758e+03
3.2 9.602756e+03 9.676268e+03 9.634823e+03 9.561311e+03
4.2 9.741812e+03 9.686618e+03 9.629123e+03 9.684316e+03
5.2 9.656381e+03 9.648168e+03 9.628243e+03 9.636455e+03
6.2 9.730980e+03 9.681381e+03 9.631796e+03 9.681395e+03
7.2 9.681055e+03 9.656616e+03 9.622012e+03 9.646450e+03
8.2 9.687306e+03 9.675693e+03 9.631910e+03 9.643523e+03
0.9 9.602756e+03 9.676268e+03 9.634823e+03 9.561311e+03
1.9 9.741812e+03 9.686618e+03 9.629123e+03 9.684316e+03
2.9 9.656381e+03 9.648168e+03 9.628243e+03 9.636455e+03
3.9 9.730980e+03 9.681381e+03 9.631796e+03 9.681395e+03
4.9 9.681055e+03 9.656616e+03 9.622012e+03 9.646450e+03
5.9 9.687306e+03 9.675693e+03 9.631910e+03 9.643523e+03
6.9 9.675605e+03 9.674366e+03 9.620229e+03 9.621468e+03
7.9 9.641584e+03 9.662555e+03 9.636578e+03 9.615606e+03
8.9 9.637670e+03 9.683509e+03 9.628718e+03 9.582878e+03
0.6 9.656381e+03 9.648168e+03 9.628243e+03 9.636455e+03
1.6 9.730980e+03 9.681381e+03 9.631796e+03 9.681395e+03
2.6 9.681055e+03 9.656616e+03 9.622012e+03 9.646450e+03
3.6 9.687306e+03 9.675693e+03 9.631910e+03 9.643523e+03
4.6 9.675605e+03 9.674366e+03 9.620229e+03 9.621468e+03
5.6 9.641584e+03 9.662555e+03 9.636578e+03 9.615606e+03
6.6 9.637670e+03 9.683509e+03 9.628718e+03 9.582878e+03
7.6 9.620360e+03 9.650042e+03 9.629651e+03 9.599970e+03
8.6 9.689830e+03 9.681740e+03 9.630460e+03 9.638551e+03
0.3 9.681055e+03 9.656616e+03 9.622012e+03 9.646450e+03
1.3 9.687306e+03 9.675693e+03 9.631910e+03 9.643523e+03
2.3 9.675605e+03 9.674366e+03 9.620229e+03 9.621468e+03
3.3 9.641584e+03 9.662555e+03 9.636578e+03 9.615606e+03
4.3 9.637670e+03 9.683509e+03 9.628718e+03 9.582878e+03
5.3 9.620360e+03 9.650042e+03 9.629651e+03 9.599970e+03
6.3 9.689830e+03 9.681740e+03 9.630460e+03 9.638551e+03
7.3 9.589893e+03 9.651203e+03 9.622738e+03 9.561428e+03
8.3 9.705793e+03 9.677700e+03 9.633069e+03 9.661162e+03
0.9 9.641584e+03 9.662555e+03 9.636578e+03 9.615606e+03
1.9 9.637670e+03 9.683509e+03 9.628718e+03 9.582878e+03
2.9 9.620360e+03 9.650042e+03 9.629651e+03 9.599970e+03
3.9 9.689830e+03 9.681740e+03 9.630460e+03 9.638551e+03
4.9 9.589893e+03 9.651203e+03 9.622738e+03 9.561428e+03
5.9 9.705793e+03 9.677700e+03 9.633069e+03 9.661162e+03
6.9 9.594565e+03 9.672297e+03 9.620458e+03 9.542727e+03
7.9 9.724357e+03 9.736862e+03 9.663950e+03 9.651446e+03
8.9 9.594791e+03 9.686083e+03 9.734280e+03 9.642988e+03
0.7 9.620360e+03 9.650042e+03 9.629651e+03 9.599970e+03
1.7 9.689830e+03 9.681740e+03 9.630460e+03 9.638551e+03
2.7 9.589893e+03 9.651203e+03 9.622738e+03 9.561428e+03
3.7 9.705793e+03 9.677700e+03 9.633069e+03 9.661162e+03
4.7 9.594565e+03 9.672297e+03 9.620458e+03 9.542727e+03
5.7 9.724357e+03 9.736862e+03 9.663950e+03 9.651446e+03
6.7 9.594791e+03 9.686083e+03 9.734280e+03 9.642988e+03
7.7 9.456824e+03 9.622084e+03 9.768066e+03 9.602806e+03
8.7 9.836064e+03 9.711780e+03 9.778412e+03 9.902697e+03
0.3 9.589893e+03 9.651203e+03 9.622738e+03 9.561428e+03
1.3 9.705793e+03 9.677700e+03 9.633069e+03 9.661162e+03
2.3 9.594565e+03 9.672297e+03 9.620458e+03 9.542727e+03
3.3 9.724357e+03 9.736862e+03 9.663950e+03 9.651446e+03
4.3 9.594791e+03 9.686083e+03 9.734280e+03 9.642988e+03
5.3 9.456824e+03 9.622084e+03 9.768066e+03 9.602806e+03
6.3 9.836064e+03 9.711780e+03 9.778412e+03 9.902697e+03
7.3 9.730925e+03 9.731182e+03 9.780935e+03 9.780678e+03
8.3 9.851274e+03 9.710547e+03 9.781421e+03 9.922149e+03
0.5 9.769609e+03 9.756811e+03 9.777768e+03 9.790567e+03
1.5 9.692933e+03 9.660199e+03 9.712167e+03 9.744901e+03
2.5 9.811296e+03 9.671681e+03 9.647849e+03 9.787464e+03
3.5 9.778076e+03 9.708679e+03 9.642482e+03 9.711879e+03
4.5 9.724019e+03 9.710841e+03 9.624580e+03 9.637758e+03
5.5 9.617280e+03 9.672795e+03 9.637422e+03 9.581907e+03
6.5 9.694291e+03 9.688674e+03 9.632525e+03 9.638142e+03
7.5 9.667422e+03 9.645966e+03 9.628677e+03 9.650134e+03
8.5 9.690306e+03 9.681340e+03 9.634606e+03 9.643572e+03
0.2 9.811296e+03 9.671681e+03 9.647849e+03 9.787464e+03
1.2 9.778076e+03 9.708679e+03 9.642482e+03 9.711879e+03
2.2 9.724019e+03 9.710841e+03 9.624580e+03 9.637758e+03
3.2 9.617280e+03 9.672795e+03 9.637422e+03 9.581907e+03
4.2 9.694291e+03 9.688674e+03 9.632525e+03 9.638142e+03
5.2 9.667422e+03 9.645966e+03 9.628677e+03 9.650134e+03
6.2 9.690306e+03 9.681340e+03 9.634606e+03 9.643572e+03
7.2 9.726189e+03 9.661349e+03 9.622295e+03 9.687135e+03
8.2 9.702080e+03 9.673164e+03 9.634632e+03 9.663548e+03
0.8 9.617280e+03 9.672795e+03 9.637422e+03 9.581907e+03
1.8 9.694291e+03 9.688674e+03 9.632525e+03 9.638142e+03
2.8 9.667422e+03 9.645966e+03 9.628677e+03 9.650134e+03
3.8 9.690306e+03 9.681340e+03 9.634606e+03 9.643572e+03
4.8 9.726189e+03 9.661349e+03 9.622295e+03 9.687135e+03
5.8 9.702080e+03 9.673164e+03 9.634632e+03 9.663548e+03
6.8 9.751233e+03 9.678437e+03 9.622845e+03 9.695642e+03
7.8 9.734630e+03 9.660046e+03 9.633233e+03 9.707817e+03
8.8 9.738702e+03 9.681710e+03 9.627552e+03 9.684545e+03
0.5 9.667422e+03 9.645966e+03 9.628677e+03 9.650134e+03
1.5 9.690306e+03 9.681340e+03 9.634606e+03 9.643572e+03
2.5 9.726189e+03 9.661349e+03 9.622295e+03 9.687135e+03
3.5 9.702080e+03 9.673164e+03 9.634632e+03 9.663548e+03
4.5 9.751233e+03 9.678437e+03 9.622845e+03 9.695642e+03
5.5 9.734630e+03 9.660046e+03 9.633233e+03 9.707817e+03
6.5 9.738702e+03 9.681710e+03 9.627552e+03 9.684545e+03
7.5 9.660017e+03 9.648378e+03 9.628667e+03 9.640306e+03
8.5 9.660855e+03 9.681708e+03 9.632022e+03 9.611170e+03
0.2 9.726189e+03 9.661349e+03 9.622295e+03 9.687135e+03
1.2 9.702080e+03 9.673164e+03 9.634632e+03 9.663548e+03
2.2 9.751233e+03 9.678437e+03 9.622845e+03 9.695642e+03
3.2 9.734630e+03 9.660046e+03 9.633233e+03 9.707817e+03
4.2 9.738702e+03 9.681710e+03 9.627552e+03 9.684545e+03
5.2 9.660017e+03 9.648378e+03 9.628667e+03 9.640306e+03
6.2 9.660855e+03 9.681708e+03 9.632022e+03 9.611170e+03
7.2 9.728418e+03 9.654329e+03 9.623346e+03 9.697434e+03
8.2 9.637495e+03 9.676709e+03 9.635017e+03 9.595802e+03
0.9 9.734630e+03 9.660046e+03 9.633233e+03 9.707817e+03
1.9 9.738702e+03 9.681710e+03 9.627552e+03 9.684545e+03
2.9 9.660017e+03 9.648378e+03 9.628667e+03 9.640306e+03
3.9 9.660855e+03 9.681708e+03 9.632022e+03 9.611170e+03
4.9 9.728418e+03 9.654329e+03 9.623346e+03 9.697434e+03
5.9 9.637495e+03 9.676709e+03 9.635017e+03 9.595802e+03
6.9 9.675358e+03 9.675233e+03 9.622736e+03 9.622862e+03
7.9 9.884395e+03 9.733130e+03 9.662359e+03 9.813624e+03
8.9 9.703443e+03 9.697018e+03 9.734243e+03 9.740669e+03
0.6 9.660017e+03 9.648378e+03 9.628667e+03 9.640306e+03
1.6 9.660855e+03 9.681708e+03 9.632022e+03 9.611170e+03
2.6 9.728418e+03 9.654329e+03 9.623346e+03 9.697434e+03
3.6 9.637495e+03 9.676709e+03 9.635017e+03 9.595802e+03
4.6 9.675358e+03 9.675233e+03 9.622736e+03 9.622862e+03
5.6 9.884395e+03 9.733130e+03 9.662359e+03 9.813624e+03
6.6 9.703443e+03 9.697018e+03 9.734243e+03 9.740669e+03
7.6 9.660333e+03 9.618408e+03 9.770208e+03 9.812134e+03
8.6 9.749499e+03 9.709356e+03 9.781772e+03 9.821916e+03
0.3 9.728418e+03 9.654329e+03 9.623346e+03 9.697434e+03
1.3 9.637495e+03 9.676709e+03 9.635017e+03 9.595802e+03
2.3 9.675358e+03 9.675233e+03 9.622736e+03 9.622862e+03
3.3 9.884395e+03 9.733130e+03 9.662359e+03 9.813624e+03
4.3 9.703443e+03 9.697018e+03 9.734243e+03 9.740669e+03
5.3 9.660333e+03 9.618408e+03 9.770208e+03 9.812134e+03
6.3 9.749499e+03 9.709356e+03 9.781772e+03 9.821916e+03
7.3 9.700964e+03 9.732259e+03 9.785089e+03 9.753793e+03
8.3 9.652032e+03 9.712813e+03 9.786314e+03 9.725534e+03
0.5 9.737955e+03 9.758483e+03 9.786589e+03 9.766062e+03
1.5 9.625750e+03 9.662164e+03 9.722320e+03 9.685906e+03
2.5 9.642254e+03 9.674403e+03 9.659452e+03 9.627302e+03
3.5 9.633662e+03 9.711496e+03 9.653798e+03 9.575964e+03
4.5 9.653463e+03 9.712504e+03 9.638325e+03 9.579284e+03
5.5 9.737170e+03 9.681131e+03 9.651719e+03 9.707758e+03
6.5 9.763597e+03 9.690466e+03 9.647735e+03 9.720866e+03
7.5 9.683708e+03 9.650886e+03 9.651149e+03 9.683971e+03
8.5 9.657213e+03 9.687667e+03 9.658041e+03 9.627587e+03
0.2 9.642254e+03 9.674403e+03 9.659452e+03 9.627302e+03
1.2 9.633662e+03 9.711496e+03 9.653798e+03 9.575964e+03
2.2 9.653463e+03 9.712504e+03 9.638325e+03 9.579284e+03
3.2 9.737170e+03 9.681131e+03 9.651719e+03 9.707758e+03
4.2 9.763597e+03 9.690466e+03 9.647735e+03 9.720866e+03
5.2 9.683708e+03 9.650886e+03 9.651149e+03 9.683971e+03
6.2 9.657213e+03 9.687667e+03 9.658041e+03 9.627587e+03
7.2 9.597325e+03 9.662017e+03 9.650414e+03 9.585723e+03
8.2 9.625627e+03 9.682365e+03 9.664873e+03 9.608135e+03
0.9 9.737170e+03 9.681131e+03 9.651719e+03 9.707758e+03
1.9 9.763597e+03 9.690466e+03 9.647735e+03 9.720866e+03
2.9 9.683708e+03 9.650886e+03 9.651149e+03 9.683971e+03
3.9 9.657213e+03 9.687667e+03 9.658041e+03 9.627587e+03
4.9 9.597325e+03 9.662017e+03 9.650414e+03 9.585723e+03
5.9 9.625627e+03 9.682365e+03 9.664873e+03 9.608135e+03
6.9 9.709785e+03 9.683467e+03 9.655582e+03 9.681900e+03
7.9 9.635062e+03 9.670699e+03 9.672528e+03 9.636891e+03
8.9 9.785689e+03 9.691482e+03 9.668575e+03 9.762783e+03
0.6 9.683708e+03 9.650886e+03 9.651149e+03 9.683971e+03
1.6 9.657213e+03 9.687667e+03 9.658041e+03 9.627587e+03
2.6 9.597325e+03 9.662017e+03 9.650414e+03 9.585723e+03
3.6 9.625627e+03 9.682365e+03 9.664873e+03 9.608135e+03
4.6 9.709785e+03 9.683467e+03 9.655582e+03 9.681900e+03
5.6 9.635062e+03 9.670699e+03 9.672528e+03 9.636891e+03
6.6 9.785689e+03 9.691482e+03 9.668575e+03 9.762783e+03
7.6 9.718579e+03 9.659756e+03 9.674126e+03 9.732949e+03
8.6 9.727168e+03 9.692844e+03 9.679218e+03 9.713542e+03
0.3 9.597325e+03 9.662017e+03 9.650414e+03 9.585723e+03
1.3 9.625627e+03 9.682365e+03 9.664873e+03 9.608135e+03
2.3 9.709785e+03 9.683467e+03 9.655582e+03 9.681900e+03
3.3 9.635062e+03 9.670699e+03 9.672528e+03 9.636891e+03
4.3 9.785689e+03 9.691482e+03 9.668575e+03 9.762783e+03
5.3 9.718579e+03 9.659756e+03 9.674126e+03 9.732949e+03
6.3 9.727168e+03 9.692844e+03 9.679218e+03 9.713542e+03
7.3 9.668266e+03 9.661234e+03 9.676047e+03 9.683079e+03
8.3 9.608029e+03 9.691518e+03 9.694330e+03 9.610841e+03
1.0 9.635062e+03 9.670699e+03 9.672528e+03 9.636891e+03
2.0 9.785689e+03 9.691482e+03 9.668575e+03 9.762783e+03
3.0 9.718579e+03 9.659756e+03 9.674126e+03 9.732949e+03
4.0 9.727168e+03 9.692844e+03 9.679218e+03 9.713542e+03
5.0 9.668266e+03 9.661234e+03 9.676047e+03 9.683079e+03
6.0 9.608029e+03 9.691518e+03 9.694330e+03 9.610841e+03
0.6 9.718579e+03 9.659756e+03 9.674126e+03 9.732949e+03
1.6 9.727168e+03 9.692844e+03 9.679218e+03 9.713542e+03
2.6 9.668266e+03 9.661234e+03 9.676047e+03 9.683079e+03
3.6 9.608029e+03 9.691518e+03 9.694330e+03 9.610841e+03
0.3 9.668266e+03 9.661234e+03 9.676047e+03 9.683079e+03
1.3 9.608029e+03 9.691518e+03 9.694330e+03 9.610841e+03
