0.5 1.114872e+04 1.105884e+04 1.129181e+04 1.138170e+04
1.5 1.106634e+04 1.111870e+04 1.118298e+04 1.113062e+04
2.5 1.111282e+04 1.112658e+04 1.118017e+04 1.116641e+04
3.5 1.113577e+04 1.115886e+04 1.118277e+04 1.115968e+04
4.5 1.128847e+04 1.119962e+04 1.116265e+04 1.125150e+04
5.5 1.133607e+04 1.127342e+04 1.119389e+04 1.125655e+04
6.5 1.123184e+04 1.126727e+04 1.116250e+04 1.112707e+04
7.5 1.127585e+04 1.130834e+04 1.119843e+04 1.116593e+04
8.5 1.132083e+04 1.126931e+04 1.116499e+04 1.121651e+04
0.2 1.111282e+04 1.112658e+04 1.118017e+04 1.116641e+04
1.2 1.113577e+04 1.115886e+04 1.118277e+04 1.115968e+04
2.2 1.128847e+04 1.119962e+04 1.116265e+04 1.125150e+04
3.2 1.133607e+04 1.127342e+04 1.119389e+04 1.125655e+04
4.2 1.123184e+04 1.126727e+04 1.116250e+04 1.112707e+04
5.2 1.127585e+04 1.130834e+04 1.119843e+04 1.116593e+04
6.2 1.132083e+04 1.126931e+04 1.116499e+04 1.121651e+04
7.2 1.135539e+04 1.129288e+04 1.118166e+04 1.124417e+04
8.2 1.133825e+04 1.127394e+04 1.117123e+04 1.123554e+04
0.9 1.133607e+04 1.127342e+04 1.119389e+04 1.125655e+04
1.9 1.123184e+04 1.126727e+04 1.116250e+04 1.112707e+04
2.9 1.127585e+04 1.130834e+04 1.119843e+04 1.116593e+04
3.9 1.132083e+04 1.126931e+04 1.116499e+04 1.121651e+04
4.9 1.135539e+04 1.129288e+04 1.118166e+04 1.124417e+04
5.9 1.133825e+04 1.127394e+04 1.117123e+04 1.123554e+04
6.9 1.124147e+04 1.126697e+04 1.115658e+04 1.113107e+04
7.9 1.121035e+04 1.128547e+04 1.118125e+04 1.110614e+04
8.9 1.121401e+04 1.126145e+04 1.115300e+04 1.110556e+04
0.6 1.127585e+04 1.130834e+04 1.119843e+04 1.116593e+04
1.6 1.132083e+04 1.126931e+04 1.116499e+04 1.121651e+04
2.6 1.135539e+04 1.129288e+04 1.118166e+04 1.124417e+04
3.6 1.133825e+04 1.127394e+04 1.117123e+04 1.123554e+04
4.6 1.124147e+04 1.126697e+04 1.115658e+04 1.113107e+04
5.6 1.121035e+04 1.128547e+04 1.118125e+04 1.110614e+04
6.6 1.121401e+04 1.126145e+04 1.115300e+04 1.110556e+04
7.6 1.119246e+04 1.129861e+04 1.118929e+04 1.108314e+04
8.6 1.123980e+04 1.126243e+04 1.115454e+04 1.113191e+04
0.3 1.135539e+04 1.129288e+04 1.118166e+04 1.124417e+04
1.3 1.133825e+04 1.127394e+04 1.117123e+04 1.123554e+04
2.3 1.124147e+04 1.126697e+04 1.115658e+04 1.113107e+04
3.3 1.121035e+04 1.128547e+04 1.118125e+04 1.110614e+04
4.3 1.121401e+04 1.126145e+04 1.115300e+04 1.110556e+04
5.3 1.119246e+04 1.129861e+04 1.118929e+04 1.108314e+04
6.3 1.123980e+04 1.126243e+04 1.115454e+04 1.113191e+04
7.3 1.125311e+04 1.129619e+04 1.118090e+04 1.113782e+04
8.3 1.116179e+04 1.126873e+04 1.115981e+04 1.105288e+04
1.0 1.121035e+04 1.128547e+04 1.118125e+04 1.110614e+04
2.0 1.121401e+04 1.126145e+04 1.115300e+04 1.110556e+04
3.0 1.119246e+04 1.129861e+04 1.118929e+04 1.108314e+04
4.0 1.123980e+04 1.126243e+04 1.115454e+04 1.113191e+04
5.0 1.125311e+04 1.129619e+04 1.118090e+04 1.113782e+04
6.0 1.116179e+04 1.126873e+04 1.115981e+04 1.105288e+04
7.0 1.108536e+04 1.127235e+04 1.115420e+04 1.096721e+04
8.0 1.124087e+04 1.128972e+04 1.126393e+04 1.121509e+04
9.0 1.137071e+04 1.139002e+04 1.128784e+04 1.126853e+04
0.7 1.119246e+04 1.129861e+04 1.118929e+04 1.108314e+04
1.7 1.123980e+04 1.126243e+04 1.115454e+04 1.113191e+04
2.7 1.125311e+04 1.129619e+04 1.118090e+04 1.113782e+04
3.7 1.116179e+04 1.126873e+04 1.115981e+04 1.105288e+04
4.7 1.108536e+04 1.127235e+04 1.115420e+04 1.096721e+04
5.7 1.124087e+04 1.128972e+04 1.126393e+04 1.121509e+04
6.7 1.137071e+04 1.139002e+04 1.128784e+04 1.126853e+04
7.7 1.132818e+04 1.134190e+04 1.128867e+04 1.127496e+04
8.7 1.122796e+04 1.114705e+04 1.128816e+04 1.136907e+04
0.4 1.125311e+04 1.129619e+04 1.118090e+04 1.113782e+04
1.4 1.116179e+04 1.126873e+04 1.115981e+04 1.105288e+04
2.4 1.108536e+04 1.127235e+04 1.115420e+04 1.096721e+04
3.4 1.124087e+04 1.128972e+04 1.126393e+04 1.121509e+04
4.4 1.137071e+04 1.139002e+04 1.128784e+04 1.126853e+04
5.4 1.132818e+04 1.134190e+04 1.128867e+04 1.127496e+04
6.4 1.122796e+04 1.114705e+04 1.128816e+04 1.136907e+04
7.4 1.115617e+04 1.104641e+04 1.128766e+04 1.139743e+04
8.4 1.102871e+04 1.101409e+04 1.128725e+04 1.130187e+04
0.5 1.108649e+04 1.102273e+04 1.126600e+04 1.132976e+04
1.5 1.108166e+04 1.109240e+04 1.115901e+04 1.114827e+04
2.5 1.108759e+04 1.110952e+04 1.116015e+04 1.113822e+04
3.5 1.114622e+04 1.114268e+04 1.116009e+04 1.116363e+04
4.5 1.120608e+04 1.118856e+04 1.114196e+04 1.115949e+04
5.5 1.137840e+04 1.126581e+04 1.117612e+04 1.128871e+04
6.5 1.135401e+04 1.125923e+04 1.114367e+04 1.123845e+04
7.5 1.141468e+04 1.130275e+04 1.118047e+04 1.129239e+04
8.5 1.129204e+04 1.126663e+04 1.114815e+04 1.117356e+04
0.2 1.108759e+04 1.110952e+04 1.116015e+04 1.113822e+04
1.2 1.114622e+04 1.114268e+04 1.116009e+04 1.116363e+04
2.2 1.120608e+04 1.118856e+04 1.114196e+04 1.115949e+04
3.2 1.137840e+04 1.126581e+04 1.117612e+04 1.128871e+04
4.2 1.135401e+04 1.125923e+04 1.114367e+04 1.123845e+04
5.2 1.141468e+04 1.130275e+04 1.118047e+04 1.129239e+04
6.2 1.129204e+04 1.126663e+04 1.114815e+04 1.117356e+04
7.2 1.138891e+04 1.129154e+04 1.116488e+04 1.126225e+04
8.2 1.134742e+04 1.127579e+04 1.115480e+04 1.122642e+04
0.9 1.137840e+04 1.126581e+04 1.117612e+04 1.128871e+04
1.9 1.135401e+04 1.125923e+04 1.114367e+04 1.123845e+04
2.9 1.141468e+04 1.130275e+04 1.118047e+04 1.129239e+04
3.9 1.129204e+04 1.126663e+04 1.114815e+04 1.117356e+04
4.9 1.138891e+04 1.129154e+04 1.116488e+04 1.126225e+04
5.9 1.134742e+04 1.127579e+04 1.115480e+04 1.122642e+04
6.9 1.126632e+04 1.127384e+04 1.114415e+04 1.113662e+04
7.9 1.125079e+04 1.129348e+04 1.117407e+04 1.113137e+04
8.9 1.125299e+04 1.126270e+04 1.114253e+04 1.113282e+04
0.6 1.141468e+04 1.130275e+04 1.118047e+04 1.129239e+04
1.6 1.129204e+04 1.126663e+04 1.114815e+04 1.117356e+04
2.6 1.138891e+04 1.129154e+04 1.116488e+04 1.126225e+04
3.6 1.134742e+04 1.127579e+04 1.115480e+04 1.122642e+04
4.6 1.126632e+04 1.127384e+04 1.114415e+04 1.113662e+04
5.6 1.125079e+04 1.129348e+04 1.117407e+04 1.113137e+04
6.6 1.125299e+04 1.126270e+04 1.114253e+04 1.113282e+04
7.6 1.121771e+04 1.130043e+04 1.117973e+04 1.109701e+04
8.6 1.118268e+04 1.126460e+04 1.114611e+04 1.106419e+04
0.3 1.138891e+04 1.129154e+04 1.116488e+04 1.126225e+04
1.3 1.134742e+04 1.127579e+04 1.115480e+04 1.122642e+04
2.3 1.126632e+04 1.127384e+04 1.114415e+04 1.113662e+04
3.3 1.125079e+04 1.129348e+04 1.117407e+04 1.113137e+04
4.3 1.125299e+04 1.126270e+04 1.114253e+04 1.113282e+04
5.3 1.121771e+04 1.130043e+04 1.117973e+04 1.109701e+04
6.3 1.118268e+04 1.126460e+04 1.114611e+04 1.106419e+04
7.3 1.122199e+04 1.129737e+04 1.117132e+04 1.109594e+04
8.3 1.123107e+04 1.127322e+04 1.115362e+04 1.111148e+04
0.9 1.125079e+04 1.129348e+04 1.117407e+04 1.113137e+04
1.9 1.125299e+04 1.126270e+04 1.114253e+04 1.113282e+04
2.9 1.121771e+04 1.130043e+04 1.117973e+04 1.109701e+04
3.9 1.118268e+04 1.126460e+04 1.114611e+04 1.106419e+04
4.9 1.122199e+04 1.129737e+04 1.117132e+04 1.109594e+04
5.9 1.123107e+04 1.127322e+04 1.115362e+04 1.111148e+04
6.9 1.121211e+04 1.127487e+04 1.114639e+04 1.108363e+04
7.9 1.123883e+04 1.129284e+04 1.125687e+04 1.120286e+04
8.9 1.130602e+04 1.138992e+04 1.128296e+04 1.119906e+04
0.7 1.121771e+04 1.130043e+04 1.117973e+04 1.109701e+04
1.7 1.118268e+04 1.126460e+04 1.114611e+04 1.106419e+04
2.7 1.122199e+04 1.129737e+04 1.117132e+04 1.109594e+04
3.7 1.123107e+04 1.127322e+04 1.115362e+04 1.111148e+04
4.7 1.121211e+04 1.127487e+04 1.114639e+04 1.108363e+04
5.7 1.123883e+04 1.129284e+04 1.125687e+04 1.120286e+04
6.7 1.130602e+04 1.138992e+04 1.128296e+04 1.119906e+04
7.7 1.135969e+04 1.135047e+04 1.128452e+04 1.129374e+04
8.7 1.098093e+04 1.115400e+04 1.128454e+04 1.111147e+04
0.3 1.122199e+04 1.129737e+04 1.117132e+04 1.109594e+04
1.3 1.123107e+04 1.127322e+04 1.115362e+04 1.111148e+04
2.3 1.121211e+04 1.127487e+04 1.114639e+04 1.108363e+04
3.3 1.123883e+04 1.129284e+04 1.125687e+04 1.120286e+04
4.3 1.130602e+04 1.138992e+04 1.128296e+04 1.119906e+04
5.3 1.135969e+04 1.135047e+04 1.128452e+04 1.129374e+04
6.3 1.098093e+04 1.115400e+04 1.128454e+04 1.111147e+04
7.3 1.115453e+04 1.105078e+04 1.128453e+04 1.138828e+04
8.3 1.098684e+04 1.101687e+04 1.128453e+04 1.125450e+04
0.5 1.096265e+04 1.102195e+04 1.126165e+04 1.120235e+04
1.5 1.118879e+04 1.109506e+04 1.115653e+04 1.125026e+04
2.5 1.119559e+04 1.111604e+04 1.116184e+04 1.124139e+04
3.5 1.121341e+04 1.114507e+04 1.116038e+04 1.122872e+04
4.5 1.122541e+04 1.118863e+04 1.114132e+04 1.117809e+04
5.5 1.126229e+04 1.127002e+04 1.118233e+04 1.117460e+04
6.5 1.114252e+04 1.125455e+04 1.114433e+04 1.103230e+04
7.5 1.131118e+04 1.130034e+04 1.118247e+04 1.119331e+04
8.5 1.130532e+04 1.126333e+04 1.115041e+04 1.119240e+04
0.2 1.119559e+04 1.111604e+04 1.116184e+04 1.124139e+04
1.2 1.121341e+04 1.114507e+04 1.116038e+04 1.122872e+04
2.2 1.122541e+04 1.118863e+04 1.114132e+04 1.117809e+04
3.2 1.126229e+04 1.127002e+04 1.118233e+04 1.117460e+04
4.2 1.114252e+04 1.125455e+04 1.114433e+04 1.103230e+04
5.2 1.131118e+04 1.130034e+04 1.118247e+04 1.119331e+04
6.2 1.130532e+04 1.126333e+04 1.115041e+04 1.119240e+04
7.2 1.132859e+04 1.128185e+04 1.115936e+04 1.120610e+04
8.2 1.129270e+04 1.127608e+04 1.115987e+04 1.117649e+04
0.8 1.126229e+04 1.127002e+04 1.118233e+04 1.117460e+04
1.8 1.114252e+04 1.125455e+04 1.114433e+04 1.103230e+04
2.8 1.131118e+04 1.130034e+04 1.118247e+04 1.119331e+04
3.8 1.130532e+04 1.126333e+04 1.115041e+04 1.119240e+04
4.8 1.132859e+04 1.128185e+04 1.115936e+04 1.120610e+04
5.8 1.129270e+04 1.127608e+04 1.115987e+04 1.117649e+04
6.8 1.130265e+04 1.126649e+04 1.114195e+04 1.117812e+04
7.8 1.131595e+04 1.129269e+04 1.117300e+04 1.119626e+04
8.8 1.137513e+04 1.126571e+04 1.114356e+04 1.125297e+04
0.5 1.131118e+04 1.130034e+04 1.118247e+04 1.119331e+04
1.5 1.130532e+04 1.126333e+04 1.115041e+04 1.119240e+04
2.5 1.132859e+04 1.128185e+04 1.115936e+04 1.120610e+04
3.5 1.129270e+04 1.127608e+04 1.115987e+04 1.117649e+04
4.5 1.130265e+04 1.126649e+04 1.114195e+04 1.117812e+04
5.5 1.131595e+04 1.129269e+04 1.117300e+04 1.119626e+04
6.5 1.137513e+04 1.126571e+04 1.114356e+04 1.125297e+04
7.5 1.130066e+04 1.130489e+04 1.118108e+04 1.117685e+04
8.5 1.135305e+04 1.126789e+04 1.114837e+04 1.123354e+04
0.2 1.132859e+04 1.128185e+04 1.115936e+04 1.120610e+04
1.2 1.129270e+04 1.127608e+04 1.115987e+04 1.117649e+04
2.2 1.130265e+04 1.126649e+04 1.114195e+04 1.117812e+04
3.2 1.131595e+04 1.129269e+04 1.117300e+04 1.119626e+04
4.2 1.137513e+04 1.126571e+04 1.114356e+04 1.125297e+04
5.2 1.130066e+04 1.130489e+04 1.118108e+04 1.117685e+04
6.2 1.135305e+04 1.126789e+04 1.114837e+04 1.123354e+04
7.2 1.132476e+04 1.129553e+04 1.116905e+04 1.119827e+04
8.2 1.136482e+04 1.127507e+04 1.115708e+04 1.124683e+04
0.9 1.131595e+04 1.129269e+04 1.117300e+04 1.119626e+04
1.9 1.137513e+04 1.126571e+04 1.114356e+04 1.125297e+04
2.9 1.130066e+04 1.130489e+04 1.118108e+04 1.117685e+04
3.9 1.135305e+04 1.126789e+04 1.114837e+04 1.123354e+04
4.9 1.132476e+04 1.129553e+04 1.116905e+04 1.119827e+04
5.9 1.136482e+04 1.127507e+04 1.115708e+04 1.124683e+04
6.9 1.120486e+04 1.127116e+04 1.114579e+04 1.107949e+04
7.9 1.128783e+04 1.129033e+04 1.125572e+04 1.125322e+04
8.9 1.143697e+04 1.138075e+04 1.128546e+04 1.134167e+04
0.6 1.130066e+04 1.130489e+04 1.118108e+04 1.117685e+04
1.6 1.135305e+04 1.126789e+04 1.114837e+04 1.123354e+04
2.6 1.132476e+04 1.129553e+04 1.116905e+04 1.119827e+04
3.6 1.136482e+04 1.127507e+04 1.115708e+04 1.124683e+04
4.6 1.120486e+04 1.127116e+04 1.114579e+04 1.107949e+04
5.6 1.128783e+04 1.129033e+04 1.125572e+04 1.125322e+04
6.6 1.143697e+04 1.138075e+04 1.128546e+04 1.134167e+04
7.6 1.150314e+04 1.135906e+04 1.128772e+04 1.143181e+04
8.6 1.104852e+04 1.116008e+04 1.128827e+04 1.117671e+04
0.3 1.132476e+04 1.129553e+04 1.116905e+04 1.119827e+04
1.3 1.136482e+04 1.127507e+04 1.115708e+04 1.124683e+04
2.3 1.120486e+04 1.127116e+04 1.114579e+04 1.107949e+04
3.3 1.128783e+04 1.129033e+04 1.125572e+04 1.125322e+04
4.3 1.143697e+04 1.138075e+04 1.128546e+04 1.134167e+04
5.3 1.150314e+04 1.135906e+04 1.128772e+04 1.143181e+04
6.3 1.104852e+04 1.116008e+04 1.128827e+04 1.117671e+04
7.3 1.091531e+04 1.105176e+04 1.128885e+04 1.115239e+04
8.3 1.098062e+04 1.101468e+04 1.128952e+04 1.125546e+04
0.5 1.094284e+04 1.101604e+04 1.127038e+04 1.119718e+04
1.5 1.097344e+04 1.108793e+04 1.116649e+04 1.105200e+04
2.5 1.107893e+04 1.110696e+04 1.117267e+04 1.114464e+04
3.5 1.106056e+04 1.113452e+04 1.117109e+04 1.109712e+04
4.5 1.123994e+04 1.117949e+04 1.115620e+04 1.121665e+04
5.5 1.120540e+04 1.125179e+04 1.119084e+04 1.114445e+04
6.5 1.125326e+04 1.124328e+04 1.116138e+04 1.117137e+04
7.5 1.123031e+04 1.128606e+04 1.120405e+04 1.114830e+04
8.5 1.098749e+04 1.124237e+04 1.117139e+04 1.091652e+04
0.2 1.107893e+04 1.110696e+04 1.117267e+04 1.114464e+04
1.2 1.106056e+04 1.113452e+04 1.117109e+04 1.109712e+04
2.2 1.123994e+04 1.117949e+04 1.115620e+04 1.121665e+04
3.2 1.120540e+04 1.125179e+04 1.119084e+04 1.114445e+04
4.2 1.125326e+04 1.124328e+04 1.116138e+04 1.117137e+04
5.2 1.123031e+04 1.128606e+04 1.120405e+04 1.114830e+04
6.2 1.098749e+04 1.124237e+04 1.117139e+04 1.091652e+04
7.2 1.121333e+04 1.126401e+04 1.119134e+04 1.114066e+04
8.2 1.123866e+04 1.124356e+04 1.118477e+04 1.117988e+04
0.9 1.120540e+04 1.125179e+04 1.119084e+04 1.114445e+04
1.9 1.125326e+04 1.124328e+04 1.116138e+04 1.117137e+04
2.9 1.123031e+04 1.128606e+04 1.120405e+04 1.114830e+04
3.9 1.098749e+04 1.124237e+04 1.117139e+04 1.091652e+04
4.9 1.121333e+04 1.126401e+04 1.119134e+04 1.114066e+04
5.9 1.123866e+04 1.124356e+04 1.118477e+04 1.117988e+04
6.9 1.136623e+04 1.123413e+04 1.117412e+04 1.130622e+04
7.9 1.137226e+04 1.125093e+04 1.120601e+04 1.132734e+04
8.9 1.132647e+04 1.121891e+04 1.117926e+04 1.128682e+04
0.6 1.123031e+04 1.128606e+04 1.120405e+04 1.114830e+04
1.6 1.098749e+04 1.124237e+04 1.117139e+04 1.091652e+04
2.6 1.121333e+04 1.126401e+04 1.119134e+04 1.114066e+04
3.6 1.123866e+04 1.124356e+04 1.118477e+04 1.117988e+04
4.6 1.136623e+04 1.123413e+04 1.117412e+04 1.130622e+04
5.6 1.137226e+04 1.125093e+04 1.120601e+04 1.132734e+04
6.6 1.132647e+04 1.121891e+04 1.117926e+04 1.128682e+04
7.6 1.127177e+04 1.125192e+04 1.121975e+04 1.123960e+04
8.6 1.122843e+04 1.121045e+04 1.118938e+04 1.120735e+04
0.3 1.121333e+04 1.126401e+04 1.119134e+04 1.114066e+04
1.3 1.123866e+04 1.124356e+04 1.118477e+04 1.117988e+04
2.3 1.136623e+04 1.123413e+04 1.117412e+04 1.130622e+04
3.3 1.137226e+04 1.125093e+04 1.120601e+04 1.132734e+04
4.3 1.132647e+04 1.121891e+04 1.117926e+04 1.128682e+04
5.3 1.127177e+04 1.125192e+04 1.121975e+04 1.123960e+04
6.3 1.122843e+04 1.121045e+04 1.118938e+04 1.120735e+04
7.3 1.114665e+04 1.123954e+04 1.122071e+04 1.112782e+04
8.3 1.121122e+04 1.120533e+04 1.120707e+04 1.121296e+04
1.0 1.137226e+04 1.125093e+04 1.120601e+04 1.132734e+04
2.0 1.132647e+04 1.121891e+04 1.117926e+04 1.128682e+04
3.0 1.127177e+04 1.125192e+04 1.121975e+04 1.123960e+04
4.0 1.122843e+04 1.121045e+04 1.118938e+04 1.120735e+04
5.0 1.114665e+04 1.123954e+04 1.122071e+04 1.112782e+04
6.0 1.121122e+04 1.120533e+04 1.120707e+04 1.121296e+04
0.6 1.127177e+04 1.125192e+04 1.121975e+04 1.123960e+04
1.6 1.122843e+04 1.121045e+04 1.118938e+04 1.120735e+04
2.6 1.114665e+04 1.123954e+04 1.122071e+04 1.112782e+04
3.6 1.121122e+04 1.120533e+04 1.120707e+04 1.121296e+04
0.3 1.114665e+04 1.123954e+04 1.122071e+04 1.112782e+04
1.3 1.121122e+04 1.120533e+04 1.120707e+04 1.121296e+04
