0.5 1.086809e+04 1.088382e+04 1.096757e+04 1.095184e+04
1.5 1.082852e+04 1.089481e+04 1.094694e+04 1.088065e+04
2.5 1.079437e+04 1.083472e+04 1.092466e+04 1.088431e+04
3.5 1.084701e+04 1.085623e+04 1.092205e+04 1.091283e+04
4.5 1.078424e+04 1.088152e+04 1.091635e+04 1.081907e+04
5.5 1.092088e+04 1.097086e+04 1.091911e+04 1.086914e+04
6.5 1.081672e+04 1.095613e+04 1.091724e+04 1.077783e+04
7.5 1.079445e+04 1.100397e+04 1.091712e+04 1.070760e+04
8.5 1.093789e+04 1.096122e+04 1.091826e+04 1.089494e+04
0.2 1.079437e+04 1.083472e+04 1.092466e+04 1.088431e+04
1.2 1.084701e+04 1.085623e+04 1.092205e+04 1.091283e+04
2.2 1.078424e+04 1.088152e+04 1.091635e+04 1.081907e+04
3.2 1.092088e+04 1.097086e+04 1.091911e+04 1.086914e+04
4.2 1.081672e+04 1.095613e+04 1.091724e+04 1.077783e+04
5.2 1.079445e+04 1.100397e+04 1.091712e+04 1.070760e+04
6.2 1.093789e+04 1.096122e+04 1.091826e+04 1.089494e+04
7.2 1.104343e+04 1.097984e+04 1.091486e+04 1.097845e+04
8.2 1.101394e+04 1.096766e+04 1.091858e+04 1.096485e+04
0.9 1.092088e+04 1.097086e+04 1.091911e+04 1.086914e+04
1.9 1.081672e+04 1.095613e+04 1.091724e+04 1.077783e+04
2.9 1.079445e+04 1.100397e+04 1.091712e+04 1.070760e+04
3.9 1.093789e+04 1.096122e+04 1.091826e+04 1.089494e+04
4.9 1.104343e+04 1.097984e+04 1.091486e+04 1.097845e+04
5.9 1.101394e+04 1.096766e+04 1.091858e+04 1.096485e+04
6.9 1.100225e+04 1.094742e+04 1.091415e+04 1.096897e+04
7.9 1.105767e+04 1.097916e+04 1.091780e+04 1.099631e+04
8.9 1.096575e+04 1.094298e+04 1.091492e+04 1.093768e+04
0.6 1.079445e+04 1.100397e+04 1.091712e+04 1.070760e+04
1.6 1.093789e+04 1.096122e+04 1.091826e+04 1.089494e+04
2.6 1.104343e+04 1.097984e+04 1.091486e+04 1.097845e+04
3.6 1.101394e+04 1.096766e+04 1.091858e+04 1.096485e+04
4.6 1.100225e+04 1.094742e+04 1.091415e+04 1.096897e+04
5.6 1.105767e+04 1.097916e+04 1.091780e+04 1.099631e+04
6.6 1.096575e+04 1.094298e+04 1.091492e+04 1.093768e+04
7.6 1.090788e+04 1.098906e+04 1.091578e+04 1.083460e+04
8.6 1.100931e+04 1.094620e+04 1.091573e+04 1.097884e+04
0.3 1.104343e+04 1.097984e+04 1.091486e+04 1.097845e+04
1.3 1.101394e+04 1.096766e+04 1.091858e+04 1.096485e+04
2.3 1.100225e+04 1.094742e+04 1.091415e+04 1.096897e+04
3.3 1.105767e+04 1.097916e+04 1.091780e+04 1.099631e+04
4.3 1.096575e+04 1.094298e+04 1.091492e+04 1.093768e+04
5.3 1.090788e+04 1.098906e+04 1.091578e+04 1.083460e+04
6.3 1.100931e+04 1.094620e+04 1.091573e+04 1.097884e+04
7.3 1.095672e+04 1.097896e+04 1.091318e+04 1.089094e+04
8.3 1.090727e+04 1.095461e+04 1.091617e+04 1.086883e+04
1.0 1.105767e+04 1.097916e+04 1.091780e+04 1.099631e+04
2.0 1.096575e+04 1.094298e+04 1.091492e+04 1.093768e+04
3.0 1.090788e+04 1.098906e+04 1.091578e+04 1.083460e+04
4.0 1.100931e+04 1.094620e+04 1.091573e+04 1.097884e+04
5.0 1.095672e+04 1.097896e+04 1.091318e+04 1.089094e+04
6.0 1.090727e+04 1.095461e+04 1.091617e+04 1.086883e+04
7.0 1.084739e+04 1.094669e+04 1.091172e+04 1.081243e+04
8.0 1.094907e+04 1.101614e+04 1.092669e+04 1.085962e+04
9.0 1.124667e+04 1.120937e+04 1.094974e+04 1.098704e+04
0.7 1.090788e+04 1.098906e+04 1.091578e+04 1.083460e+04
1.7 1.100931e+04 1.094620e+04 1.091573e+04 1.097884e+04
2.7 1.095672e+04 1.097896e+04 1.091318e+04 1.089094e+04
3.7 1.090727e+04 1.095461e+04 1.091617e+04 1.086883e+04
4.7 1.084739e+04 1.094669e+04 1.091172e+04 1.081243e+04
5.7 1.094907e+04 1.101614e+04 1.092669e+04 1.085962e+04
6.7 1.124667e+04 1.120937e+04 1.094974e+04 1.098704e+04
7.7 1.113057e+04 1.118570e+04 1.096054e+04 1.090542e+04
8.7 1.112783e+04 1.096749e+04 1.096371e+04 1.112405e+04
0.4 1.095672e+04 1.097896e+04 1.091318e+04 1.089094e+04
1.4 1.090727e+04 1.095461e+04 1.091617e+04 1.086883e+04
2.4 1.084739e+04 1.094669e+04 1.091172e+04 1.081243e+04
3.4 1.094907e+04 1.101614e+04 1.092669e+04 1.085962e+04
4.4 1.124667e+04 1.120937e+04 1.094974e+04 1.098704e+04
5.4 1.113057e+04 1.118570e+04 1.096054e+04 1.090542e+04
6.4 1.112783e+04 1.096749e+04 1.096371e+04 1.112405e+04
7.4 1.105292e+04 1.085299e+04 1.096436e+04 1.116430e+04
8.4 1.101463e+04 1.081602e+04 1.096438e+04 1.116299e+04
0.5 1.094994e+04 1.083075e+04 1.096294e+04 1.108213e+04
1.5 1.100927e+04 1.085026e+04 1.094147e+04 1.110048e+04
2.5 1.103729e+04 1.080105e+04 1.091942e+04 1.115567e+04
3.5 1.100010e+04 1.082306e+04 1.091679e+04 1.109383e+04
4.5 1.096489e+04 1.085368e+04 1.091097e+04 1.102218e+04
5.5 1.103671e+04 1.094887e+04 1.091447e+04 1.100232e+04
6.5 1.110226e+04 1.093345e+04 1.091257e+04 1.108138e+04
7.5 1.106696e+04 1.098356e+04 1.091228e+04 1.099568e+04
8.5 1.115172e+04 1.094416e+04 1.091346e+04 1.112102e+04
0.2 1.103729e+04 1.080105e+04 1.091942e+04 1.115567e+04
1.2 1.100010e+04 1.082306e+04 1.091679e+04 1.109383e+04
2.2 1.096489e+04 1.085368e+04 1.091097e+04 1.102218e+04
3.2 1.103671e+04 1.094887e+04 1.091447e+04 1.100232e+04
4.2 1.110226e+04 1.093345e+04 1.091257e+04 1.108138e+04
5.2 1.106696e+04 1.098356e+04 1.091228e+04 1.099568e+04
6.2 1.115172e+04 1.094416e+04 1.091346e+04 1.112102e+04
7.2 1.110566e+04 1.096458e+04 1.091020e+04 1.105128e+04
8.2 1.116703e+04 1.095485e+04 1.091350e+04 1.112569e+04
0.9 1.103671e+04 1.094887e+04 1.091447e+04 1.100232e+04
1.9 1.110226e+04 1.093345e+04 1.091257e+04 1.108138e+04
2.9 1.106696e+04 1.098356e+04 1.091228e+04 1.099568e+04
3.9 1.115172e+04 1.094416e+04 1.091346e+04 1.112102e+04
4.9 1.110566e+04 1.096458e+04 1.091020e+04 1.105128e+04
5.9 1.116703e+04 1.095485e+04 1.091350e+04 1.112569e+04
6.9 1.104679e+04 1.094178e+04 1.090960e+04 1.101461e+04
7.9 1.104358e+04 1.097988e+04 1.091506e+04 1.097876e+04
8.9 1.102185e+04 1.093672e+04 1.091244e+04 1.099757e+04
0.6 1.106696e+04 1.098356e+04 1.091228e+04 1.099568e+04
1.6 1.115172e+04 1.094416e+04 1.091346e+04 1.112102e+04
2.6 1.110566e+04 1.096458e+04 1.091020e+04 1.105128e+04
3.6 1.116703e+04 1.095485e+04 1.091350e+04 1.112569e+04
4.6 1.104679e+04 1.094178e+04 1.090960e+04 1.101461e+04
5.6 1.104358e+04 1.097988e+04 1.091506e+04 1.097876e+04
6.6 1.102185e+04 1.093672e+04 1.091244e+04 1.099757e+04
7.6 1.105694e+04 1.098215e+04 1.091275e+04 1.098754e+04
8.6 1.108179e+04 1.094062e+04 1.091302e+04 1.105419e+04
0.3 1.110566e+04 1.096458e+04 1.091020e+04 1.105128e+04
1.3 1.116703e+04 1.095485e+04 1.091350e+04 1.112569e+04
2.3 1.104679e+04 1.094178e+04 1.090960e+04 1.101461e+04
3.3 1.104358e+04 1.097988e+04 1.091506e+04 1.097876e+04
4.3 1.102185e+04 1.093672e+04 1.091244e+04 1.099757e+04
5.3 1.105694e+04 1.098215e+04 1.091275e+04 1.098754e+04
6.3 1.108179e+04 1.094062e+04 1.091302e+04 1.105419e+04
7.3 1.101116e+04 1.097213e+04 1.091044e+04 1.094946e+04
8.3 1.110101e+04 1.095289e+04 1.091389e+04 1.106201e+04
0.9 1.104358e+04 1.097988e+04 1.091506e+04 1.097876e+04
1.9 1.102185e+04 1.093672e+04 1.091244e+04 1.099757e+04
2.9 1.105694e+04 1.098215e+04 1.091275e+04 1.098754e+04
3.9 1.108179e+04 1.094062e+04 1.091302e+04 1.105419e+04
4.9 1.101116e+04 1.097213e+04 1.091044e+04 1.094946e+04
5.9 1.110101e+04 1.095289e+04 1.091389e+04 1.106201e+04
6.9 1.109747e+04 1.094330e+04 1.090968e+04 1.106385e+04
7.9 1.111365e+04 1.101200e+04 1.092420e+04 1.102585e+04
8.9 1.127178e+04 1.120285e+04 1.094768e+04 1.101661e+04
0.7 1.105694e+04 1.098215e+04 1.091275e+04 1.098754e+04
1.7 1.108179e+04 1.094062e+04 1.091302e+04 1.105419e+04
2.7 1.101116e+04 1.097213e+04 1.091044e+04 1.094946e+04
3.7 1.110101e+04 1.095289e+04 1.091389e+04 1.106201e+04
4.7 1.109747e+04 1.094330e+04 1.090968e+04 1.106385e+04
5.7 1.111365e+04 1.101200e+04 1.092420e+04 1.102585e+04
6.7 1.127178e+04 1.120285e+04 1.094768e+04 1.101661e+04
7.7 1.130959e+04 1.119085e+04 1.095897e+04 1.107770e+04
8.7 1.077706e+04 1.097159e+04 1.096242e+04 1.076789e+04
0.3 1.101116e+04 1.097213e+04 1.091044e+04 1.094946e+04
1.3 1.110101e+04 1.095289e+04 1.091389e+04 1.106201e+04
2.3 1.109747e+04 1.094330e+04 1.090968e+04 1.106385e+04
3.3 1.111365e+04 1.101200e+04 1.092420e+04 1.102585e+04
4.3 1.127178e+04 1.120285e+04 1.094768e+04 1.101661e+04
5.3 1.130959e+04 1.119085e+04 1.095897e+04 1.107770e+04
6.3 1.077706e+04 1.097159e+04 1.096242e+04 1.076789e+04
7.3 1.078004e+04 1.085465e+04 1.096326e+04 1.088865e+04
8.3 1.050670e+04 1.081631e+04 1.096343e+04 1.065381e+04
0.5 1.070299e+04 1.082759e+04 1.096221e+04 1.083761e+04
1.5 1.072377e+04 1.084991e+04 1.094030e+04 1.081416e+04
2.5 1.063650e+04 1.080673e+04 1.091882e+04 1.074859e+04
3.5 1.074004e+04 1.082626e+04 1.091703e+04 1.083082e+04
4.5 1.068406e+04 1.085391e+04 1.091105e+04 1.074121e+04
5.5 1.075342e+04 1.095627e+04 1.091534e+04 1.071249e+04
6.5 1.076504e+04 1.093136e+04 1.091371e+04 1.074739e+04
7.5 1.088980e+04 1.098157e+04 1.091242e+04 1.082065e+04
8.5 1.078501e+04 1.094325e+04 1.091440e+04 1.075616e+04
0.2 1.063650e+04 1.080673e+04 1.091882e+04 1.074859e+04
1.2 1.074004e+04 1.082626e+04 1.091703e+04 1.083082e+04
2.2 1.068406e+04 1.085391e+04 1.091105e+04 1.074121e+04
3.2 1.075342e+04 1.095627e+04 1.091534e+04 1.071249e+04
4.2 1.076504e+04 1.093136e+04 1.091371e+04 1.074739e+04
5.2 1.088980e+04 1.098157e+04 1.091242e+04 1.082065e+04
6.2 1.078501e+04 1.094325e+04 1.091440e+04 1.075616e+04
7.2 1.085824e+04 1.095382e+04 1.091029e+04 1.081471e+04
8.2 1.088546e+04 1.095804e+04 1.091441e+04 1.084184e+04
0.8 1.075342e+04 1.095627e+04 1.091534e+04 1.071249e+04
1.8 1.076504e+04 1.093136e+04 1.091371e+04 1.074739e+04
2.8 1.088980e+04 1.098157e+04 1.091242e+04 1.082065e+04
3.8 1.078501e+04 1.094325e+04 1.091440e+04 1.075616e+04
4.8 1.085824e+04 1.095382e+04 1.091029e+04 1.081471e+04
5.8 1.088546e+04 1.095804e+04 1.091441e+04 1.084184e+04
6.8 1.095563e+04 1.093589e+04 1.091048e+04 1.093021e+04
7.8 1.090963e+04 1.097619e+04 1.091394e+04 1.084739e+04
8.8 1.088115e+04 1.093919e+04 1.091205e+04 1.085400e+04
0.5 1.088980e+04 1.098157e+04 1.091242e+04 1.082065e+04
1.5 1.078501e+04 1.094325e+04 1.091440e+04 1.075616e+04
2.5 1.085824e+04 1.095382e+04 1.091029e+04 1.081471e+04
3.5 1.088546e+04 1.095804e+04 1.091441e+04 1.084184e+04
4.5 1.095563e+04 1.093589e+04 1.091048e+04 1.093021e+04
5.5 1.090963e+04 1.097619e+04 1.091394e+04 1.084739e+04
6.5 1.088115e+04 1.093919e+04 1.091205e+04 1.085400e+04
7.5 1.093296e+04 1.098637e+04 1.091242e+04 1.085901e+04
8.5 1.093775e+04 1.094583e+04 1.091354e+04 1.090546e+04
0.2 1.085824e+04 1.095382e+04 1.091029e+04 1.081471e+04
1.2 1.088546e+04 1.095804e+04 1.091441e+04 1.084184e+04
2.2 1.095563e+04 1.093589e+04 1.091048e+04 1.093021e+04
3.2 1.090963e+04 1.097619e+04 1.091394e+04 1.084739e+04
4.2 1.088115e+04 1.093919e+04 1.091205e+04 1.085400e+04
5.2 1.093296e+04 1.098637e+04 1.091242e+04 1.085901e+04
6.2 1.093775e+04 1.094583e+04 1.091354e+04 1.090546e+04
7.2 1.088319e+04 1.097055e+04 1.091064e+04 1.082327e+04
8.2 1.097259e+04 1.095705e+04 1.091454e+04 1.093008e+04
0.9 1.090963e+04 1.097619e+04 1.091394e+04 1.084739e+04
1.9 1.088115e+04 1.093919e+04 1.091205e+04 1.085400e+04
2.9 1.093296e+04 1.098637e+04 1.091242e+04 1.085901e+04
3.9 1.093775e+04 1.094583e+04 1.091354e+04 1.090546e+04
4.9 1.088319e+04 1.097055e+04 1.091064e+04 1.082327e+04
5.9 1.097259e+04 1.095705e+04 1.091454e+04 1.093008e+04
6.9 1.090901e+04 1.094133e+04 1.091044e+04 1.087811e+04
7.9 1.106295e+04 1.100733e+04 1.092367e+04 1.097929e+04
8.9 1.121845e+04 1.119213e+04 1.094767e+04 1.097400e+04
0.6 1.093296e+04 1.098637e+04 1.091242e+04 1.085901e+04
1.6 1.093775e+04 1.094583e+04 1.091354e+04 1.090546e+04
2.6 1.088319e+04 1.097055e+04 1.091064e+04 1.082327e+04
3.6 1.097259e+04 1.095705e+04 1.091454e+04 1.093008e+04
4.6 1.090901e+04 1.094133e+04 1.091044e+04 1.087811e+04
5.6 1.106295e+04 1.100733e+04 1.092367e+04 1.097929e+04
6.6 1.121845e+04 1.119213e+04 1.094767e+04 1.097400e+04
7.6 1.125393e+04 1.120330e+04 1.095968e+04 1.101031e+04
8.6 1.090041e+04 1.098233e+04 1.096354e+04 1.088163e+04
0.3 1.088319e+04 1.097055e+04 1.091064e+04 1.082327e+04
1.3 1.097259e+04 1.095705e+04 1.091454e+04 1.093008e+04
2.3 1.090901e+04 1.094133e+04 1.091044e+04 1.087811e+04
3.3 1.106295e+04 1.100733e+04 1.092367e+04 1.097929e+04
4.3 1.121845e+04 1.119213e+04 1.094767e+04 1.097400e+04
5.3 1.125393e+04 1.120330e+04 1.095968e+04 1.101031e+04
6.3 1.090041e+04 1.098233e+04 1.096354e+04 1.088163e+04
7.3 1.075864e+04 1.086024e+04 1.096465e+04 1.086305e+04
8.3 1.080583e+04 1.081907e+04 1.096506e+04 1.095182e+04
0.5 1.074783e+04 1.083031e+04 1.096515e+04 1.088267e+04
1.5 1.080286e+04 1.085266e+04 1.094369e+04 1.089388e+04
2.5 1.082636e+04 1.080883e+04 1.092270e+04 1.094022e+04
3.5 1.084911e+04 1.082665e+04 1.092081e+04 1.094327e+04
4.5 1.087360e+04 1.085844e+04 1.091564e+04 1.093081e+04
5.5 1.091595e+04 1.095095e+04 1.092012e+04 1.088512e+04
6.5 1.076858e+04 1.093539e+04 1.091879e+04 1.075197e+04
7.5 1.098983e+04 1.098913e+04 1.091993e+04 1.092062e+04
8.5 1.087959e+04 1.094456e+04 1.092223e+04 1.085726e+04
0.2 1.082636e+04 1.080883e+04 1.092270e+04 1.094022e+04
1.2 1.084911e+04 1.082665e+04 1.092081e+04 1.094327e+04
2.2 1.087360e+04 1.085844e+04 1.091564e+04 1.093081e+04
3.2 1.091595e+04 1.095095e+04 1.092012e+04 1.088512e+04
4.2 1.076858e+04 1.093539e+04 1.091879e+04 1.075197e+04
5.2 1.098983e+04 1.098913e+04 1.091993e+04 1.092062e+04
6.2 1.087959e+04 1.094456e+04 1.092223e+04 1.085726e+04
7.2 1.089174e+04 1.096382e+04 1.091968e+04 1.084760e+04
8.2 1.084557e+04 1.095346e+04 1.092451e+04 1.081662e+04
0.9 1.091595e+04 1.095095e+04 1.092012e+04 1.088512e+04
1.9 1.076858e+04 1.093539e+04 1.091879e+04 1.075197e+04
2.9 1.098983e+04 1.098913e+04 1.091993e+04 1.092062e+04
3.9 1.087959e+04 1.094456e+04 1.092223e+04 1.085726e+04
4.9 1.089174e+04 1.096382e+04 1.091968e+04 1.084760e+04
5.9 1.084557e+04 1.095346e+04 1.092451e+04 1.081662e+04
6.9 1.091211e+04 1.093458e+04 1.092141e+04 1.089893e+04
7.9 1.095818e+04 1.097060e+04 1.092706e+04 1.091465e+04
8.9 1.100836e+04 1.093018e+04 1.092575e+04 1.100393e+04
0.6 1.098983e+04 1.098913e+04 1.091993e+04 1.092062e+04
1.6 1.087959e+04 1.094456e+04 1.092223e+04 1.085726e+04
2.6 1.089174e+04 1.096382e+04 1.091968e+04 1.084760e+04
3.6 1.084557e+04 1.095346e+04 1.092451e+04 1.081662e+04
4.6 1.091211e+04 1.093458e+04 1.092141e+04 1.089893e+04
5.6 1.095818e+04 1.097060e+04 1.092706e+04 1.091465e+04
6.6 1.100836e+04 1.093018e+04 1.092575e+04 1.100393e+04
7.6 1.095537e+04 1.097505e+04 1.092760e+04 1.090792e+04
8.6 1.092969e+04 1.093169e+04 1.092930e+04 1.092730e+04
0.3 1.089174e+04 1.096382e+04 1.091968e+04 1.084760e+04
1.3 1.084557e+04 1.095346e+04 1.092451e+04 1.081662e+04
2.3 1.091211e+04 1.093458e+04 1.092141e+04 1.089893e+04
3.3 1.095818e+04 1.097060e+04 1.092706e+04 1.091465e+04
4.3 1.100836e+04 1.093018e+04 1.092575e+04 1.100393e+04
5.3 1.095537e+04 1.097505e+04 1.092760e+04 1.090792e+04
6.3 1.092969e+04 1.093169e+04 1.092930e+04 1.092730e+04
7.3 1.099050e+04 1.096403e+04 1.092824e+04 1.095471e+04
8.3 1.088614e+04 1.094140e+04 1.093434e+04 1.087908e+04
1.0 1.095818e+04 1.097060e+04 1.092706e+04 1.091465e+04
2.0 1.100836e+04 1.093018e+04 1.092575e+04 1.100393e+04
3.0 1.095537e+04 1.097505e+04 1.092760e+04 1.090792e+04
4.0 1.092969e+04 1.093169e+04 1.092930e+04 1.092730e+04
5.0 1.099050e+04 1.096403e+04 1.092824e+04 1.095471e+04
6.0 1.088614e+04 1.094140e+04 1.093434e+04 1.087908e+04
0.6 1.095537e+04 1.097505e+04 1.092760e+04 1.090792e+04
1.6 1.092969e+04 1.093169e+04 1.092930e+04 1.092730e+04
2.6 1.099050e+04 1.096403e+04 1.092824e+04 1.095471e+04
3.6 1.088614e+04 1.094140e+04 1.093434e+04 1.087908e+04
0.3 1.099050e+04 1.096403e+04 1.092824e+04 1.095471e+04
1.3 1.088614e+04 1.094140e+04 1.093434e+04 1.087908e+04
