0.5 9.576824e+03 9.593833e+03 9.693775e+03 9.676767e+03
1.5 9.667570e+03 9.623188e+03 9.681019e+03 9.725401e+03
2.5 9.615344e+03 9.640504e+03 9.638402e+03 9.613241e+03
3.5 9.545001e+03 9.593040e+03 9.593358e+03 9.545319e+03
4.5 9.660646e+03 9.576413e+03 9.556698e+03 9.640931e+03
5.5 9.612051e+03 9.572235e+03 9.532209e+03 9.572025e+03
6.5 9.576934e+03 9.560544e+03 9.522854e+03 9.539244e+03
7.5 9.634694e+03 9.587688e+03 9.520985e+03 9.567992e+03
8.5 9.598307e+03 9.560322e+03 9.523439e+03 9.561423e+03
0.2 9.615344e+03 9.640504e+03 9.638402e+03 9.613241e+03
1.2 9.545001e+03 9.593040e+03 9.593358e+03 9.545319e+03
2.2 9.660646e+03 9.576413e+03 9.556698e+03 9.640931e+03
3.2 9.612051e+03 9.572235e+03 9.532209e+03 9.572025e+03
4.2 9.576934e+03 9.560544e+03 9.522854e+03 9.539244e+03
5.2 9.634694e+03 9.587688e+03 9.520985e+03 9.567992e+03
6.2 9.598307e+03 9.560322e+03 9.523439e+03 9.561423e+03
7.2 9.583921e+03 9.588628e+03 9.522145e+03 9.517438e+03
8.2 9.607825e+03 9.564026e+03 9.524146e+03 9.567946e+03
0.9 9.612051e+03 9.572235e+03 9.532209e+03 9.572025e+03
1.9 9.576934e+03 9.560544e+03 9.522854e+03 9.539244e+03
2.9 9.634694e+03 9.587688e+03 9.520985e+03 9.567992e+03
3.9 9.598307e+03 9.560322e+03 9.523439e+03 9.561423e+03
4.9 9.583921e+03 9.588628e+03 9.522145e+03 9.517438e+03
5.9 9.607825e+03 9.564026e+03 9.524146e+03 9.567946e+03
6.9 9.539418e+03 9.575579e+03 9.523242e+03 9.487081e+03
7.9 9.606164e+03 9.575127e+03 9.523876e+03 9.554912e+03
8.9 9.518028e+03 9.569663e+03 9.523736e+03 9.472101e+03
0.6 9.634694e+03 9.587688e+03 9.520985e+03 9.567992e+03
1.6 9.598307e+03 9.560322e+03 9.523439e+03 9.561423e+03
2.6 9.583921e+03 9.588628e+03 9.522145e+03 9.517438e+03
3.6 9.607825e+03 9.564026e+03 9.524146e+03 9.567946e+03
4.6 9.539418e+03 9.575579e+03 9.523242e+03 9.487081e+03
5.6 9.606164e+03 9.575127e+03 9.523876e+03 9.554912e+03
6.6 9.518028e+03 9.569663e+03 9.523736e+03 9.472101e+03
7.6 9.557921e+03 9.589969e+03 9.522426e+03 9.490377e+03
8.6 9.490755e+03 9.566255e+03 9.523307e+03 9.447807e+03
0.3 9.583921e+03 9.588628e+03 9.522145e+03 9.517438e+03
1.3 9.607825e+03 9.564026e+03 9.524146e+03 9.567946e+03
2.3 9.539418e+03 9.575579e+03 9.523242e+03 9.487081e+03
3.3 9.606164e+03 9.575127e+03 9.523876e+03 9.554912e+03
4.3 9.518028e+03 9.569663e+03 9.523736e+03 9.472101e+03
5.3 9.557921e+03 9.589969e+03 9.522426e+03 9.490377e+03
6.3 9.490755e+03 9.566255e+03 9.523307e+03 9.447807e+03
7.3 9.570816e+03 9.595997e+03 9.520936e+03 9.495755e+03
8.3 9.535863e+03 9.566787e+03 9.522230e+03 9.491306e+03
1.0 9.606164e+03 9.575127e+03 9.523876e+03 9.554912e+03
2.0 9.518028e+03 9.569663e+03 9.523736e+03 9.472101e+03
3.0 9.557921e+03 9.589969e+03 9.522426e+03 9.490377e+03
4.0 9.490755e+03 9.566255e+03 9.523307e+03 9.447807e+03
5.0 9.570816e+03 9.595997e+03 9.520936e+03 9.495755e+03
6.0 9.535863e+03 9.566787e+03 9.522230e+03 9.491306e+03
7.0 9.613458e+03 9.583854e+03 9.520308e+03 9.549912e+03
8.0 9.555332e+03 9.589985e+03 9.527088e+03 9.492435e+03
9.0 9.650213e+03 9.584851e+03 9.561589e+03 9.626951e+03
0.7 9.557921e+03 9.589969e+03 9.522426e+03 9.490377e+03
1.7 9.490755e+03 9.566255e+03 9.523307e+03 9.447807e+03
2.7 9.570816e+03 9.595997e+03 9.520936e+03 9.495755e+03
3.7 9.535863e+03 9.566787e+03 9.522230e+03 9.491306e+03
4.7 9.613458e+03 9.583854e+03 9.520308e+03 9.549912e+03
5.7 9.555332e+03 9.589985e+03 9.527088e+03 9.492435e+03
6.7 9.650213e+03 9.584851e+03 9.561589e+03 9.626951e+03
7.7 9.644636e+03 9.553123e+03 9.611136e+03 9.702649e+03
8.7 9.540318e+03 9.514852e+03 9.653505e+03 9.678971e+03
0.4 9.570816e+03 9.595997e+03 9.520936e+03 9.495755e+03
1.4 9.535863e+03 9.566787e+03 9.522230e+03 9.491306e+03
2.4 9.613458e+03 9.583854e+03 9.520308e+03 9.549912e+03
3.4 9.555332e+03 9.589985e+03 9.527088e+03 9.492435e+03
4.4 9.650213e+03 9.584851e+03 9.561589e+03 9.626951e+03
5.4 9.644636e+03 9.553123e+03 9.611136e+03 9.702649e+03
6.4 9.540318e+03 9.514852e+03 9.653505e+03 9.678971e+03
7.4 9.537565e+03 9.528101e+03 9.684156e+03 9.693620e+03
8.4 9.552925e+03 9.556462e+03 9.701616e+03 9.698079e+03
0.5 9.590146e+03 9.611887e+03 9.704587e+03 9.682846e+03
1.5 9.554414e+03 9.642516e+03 9.687505e+03 9.599403e+03
2.5 9.627308e+03 9.657808e+03 9.641364e+03 9.610863e+03
3.5 9.580361e+03 9.605980e+03 9.593965e+03 9.568346e+03
4.5 9.521829e+03 9.589242e+03 9.555288e+03 9.487875e+03
5.5 9.570620e+03 9.582219e+03 9.529737e+03 9.518138e+03
6.5 9.593319e+03 9.569496e+03 9.519988e+03 9.543811e+03
7.5 9.574949e+03 9.597307e+03 9.517287e+03 9.494929e+03
8.5 9.511384e+03 9.569317e+03 9.518604e+03 9.460671e+03
0.2 9.627308e+03 9.657808e+03 9.641364e+03 9.610863e+03
1.2 9.580361e+03 9.605980e+03 9.593965e+03 9.568346e+03
2.2 9.521829e+03 9.589242e+03 9.555288e+03 9.487875e+03
3.2 9.570620e+03 9.582219e+03 9.529737e+03 9.518138e+03
4.2 9.593319e+03 9.569496e+03 9.519988e+03 9.543811e+03
5.2 9.574949e+03 9.597307e+03 9.517287e+03 9.494929e+03
6.2 9.511384e+03 9.569317e+03 9.518604e+03 9.460671e+03
7.2 9.589484e+03 9.596021e+03 9.516416e+03 9.509879e+03
8.2 9.636234e+03 9.572350e+03 9.517051e+03 9.580936e+03
0.9 9.570620e+03 9.582219e+03 9.529737e+03 9.518138e+03
1.9 9.593319e+03 9.569496e+03 9.519988e+03 9.543811e+03
2.9 9.574949e+03 9.597307e+03 9.517287e+03 9.494929e+03
3.9 9.511384e+03 9.569317e+03 9.518604e+03 9.460671e+03
4.9 9.589484e+03 9.596021e+03 9.516416e+03 9.509879e+03
5.9 9.636234e+03 9.572350e+03 9.517051e+03 9.580936e+03
6.9 9.421881e+03 9.582896e+03 9.515087e+03 9.354072e+03
7.9 9.497378e+03 9.577704e+03 9.516659e+03 9.436333e+03
8.9 9.509069e+03 9.570429e+03 9.518445e+03 9.457085e+03
0.6 9.574949e+03 9.597307e+03 9.517287e+03 9.494929e+03
1.6 9.511384e+03 9.569317e+03 9.518604e+03 9.460671e+03
2.6 9.589484e+03 9.596021e+03 9.516416e+03 9.509879e+03
3.6 9.636234e+03 9.572350e+03 9.517051e+03 9.580936e+03
4.6 9.421881e+03 9.582896e+03 9.515087e+03 9.354072e+03
5.6 9.497378e+03 9.577704e+03 9.516659e+03 9.436333e+03
6.6 9.509069e+03 9.570429e+03 9.518445e+03 9.457085e+03
7.6 9.458924e+03 9.594915e+03 9.517850e+03 9.381859e+03
8.6 9.512450e+03 9.570531e+03 9.518968e+03 9.460887e+03
0.3 9.589484e+03 9.596021e+03 9.516416e+03 9.509879e+03
1.3 9.636234e+03 9.572350e+03 9.517051e+03 9.580936e+03
2.3 9.421881e+03 9.582896e+03 9.515087e+03 9.354072e+03
3.3 9.497378e+03 9.577704e+03 9.516659e+03 9.436333e+03
4.3 9.509069e+03 9.570429e+03 9.518445e+03 9.457085e+03
5.3 9.458924e+03 9.594915e+03 9.517850e+03 9.381859e+03
6.3 9.512450e+03 9.570531e+03 9.518968e+03 9.460887e+03
7.3 9.592930e+03 9.599538e+03 9.516561e+03 9.509953e+03
8.3 9.557034e+03 9.569985e+03 9.517529e+03 9.504579e+03
0.9 9.497378e+03 9.577704e+03 9.516659e+03 9.436333e+03
1.9 9.509069e+03 9.570429e+03 9.518445e+03 9.457085e+03
2.9 9.458924e+03 9.594915e+03 9.517850e+03 9.381859e+03
3.9 9.512450e+03 9.570531e+03 9.518968e+03 9.460887e+03
4.9 9.592930e+03 9.599538e+03 9.516561e+03 9.509953e+03
5.9 9.557034e+03 9.569985e+03 9.517529e+03 9.504579e+03
6.9 9.583211e+03 9.584730e+03 9.515694e+03 9.514175e+03
7.9 9.472033e+03 9.592490e+03 9.522332e+03 9.401875e+03
8.9 9.592230e+03 9.585973e+03 9.556594e+03 9.562851e+03
0.7 9.458924e+03 9.594915e+03 9.517850e+03 9.381859e+03
1.7 9.512450e+03 9.570531e+03 9.518968e+03 9.460887e+03
2.7 9.592930e+03 9.599538e+03 9.516561e+03 9.509953e+03
3.7 9.557034e+03 9.569985e+03 9.517529e+03 9.504579e+03
4.7 9.583211e+03 9.584730e+03 9.515694e+03 9.514175e+03
5.7 9.472033e+03 9.592490e+03 9.522332e+03 9.401875e+03
6.7 9.592230e+03 9.585973e+03 9.556594e+03 9.562851e+03
7.7 9.454023e+03 9.555954e+03 9.606454e+03 9.504524e+03
8.7 9.339254e+03 9.516215e+03 9.649522e+03 9.472561e+03
0.3 9.592930e+03 9.599538e+03 9.516561e+03 9.509953e+03
1.3 9.557034e+03 9.569985e+03 9.517529e+03 9.504579e+03
2.3 9.583211e+03 9.584730e+03 9.515694e+03 9.514175e+03
3.3 9.472033e+03 9.592490e+03 9.522332e+03 9.401875e+03
4.3 9.592230e+03 9.585973e+03 9.556594e+03 9.562851e+03
5.3 9.454023e+03 9.555954e+03 9.606454e+03 9.504524e+03
6.3 9.339254e+03 9.516215e+03 9.649522e+03 9.472561e+03
7.3 9.681750e+03 9.528400e+03 9.680811e+03 9.834161e+03
8.3 9.698197e+03 9.556627e+03 9.698986e+03 9.840556e+03
0.5 9.714903e+03 9.611221e+03 9.703086e+03 9.806768e+03
1.5 9.672040e+03 9.644823e+03 9.685418e+03 9.712635e+03
2.5 9.733683e+03 9.659825e+03 9.638971e+03 9.712829e+03
3.5 9.639455e+03 9.603658e+03 9.592535e+03 9.628332e+03
4.5 9.641065e+03 9.588063e+03 9.554863e+03 9.607866e+03
5.5 9.617811e+03 9.582873e+03 9.530304e+03 9.565242e+03
6.5 9.541405e+03 9.566591e+03 9.522376e+03 9.497190e+03
7.5 9.594321e+03 9.600774e+03 9.519970e+03 9.513517e+03
8.5 9.551406e+03 9.568879e+03 9.521303e+03 9.503831e+03
0.2 9.733683e+03 9.659825e+03 9.638971e+03 9.712829e+03
1.2 9.639455e+03 9.603658e+03 9.592535e+03 9.628332e+03
2.2 9.641065e+03 9.588063e+03 9.554863e+03 9.607866e+03
3.2 9.617811e+03 9.582873e+03 9.530304e+03 9.565242e+03
4.2 9.541405e+03 9.566591e+03 9.522376e+03 9.497190e+03
5.2 9.594321e+03 9.600774e+03 9.519970e+03 9.513517e+03
6.2 9.551406e+03 9.568879e+03 9.521303e+03 9.503831e+03
7.2 9.624585e+03 9.594248e+03 9.518999e+03 9.549336e+03
8.2 9.607045e+03 9.573661e+03 9.519326e+03 9.552710e+03
0.8 9.617811e+03 9.582873e+03 9.530304e+03 9.565242e+03
1.8 9.541405e+03 9.566591e+03 9.522376e+03 9.497190e+03
2.8 9.594321e+03 9.600774e+03 9.519970e+03 9.513517e+03
3.8 9.551406e+03 9.568879e+03 9.521303e+03 9.503831e+03
4.8 9.624585e+03 9.594248e+03 9.518999e+03 9.549336e+03
5.8 9.607045e+03 9.573661e+03 9.519326e+03 9.552710e+03
6.8 9.614701e+03 9.579487e+03 9.517652e+03 9.552867e+03
7.8 9.629326e+03 9.583823e+03 9.517649e+03 9.563152e+03
8.8 9.589725e+03 9.572626e+03 9.517778e+03 9.534877e+03
0.5 9.594321e+03 9.600774e+03 9.519970e+03 9.513517e+03
1.5 9.551406e+03 9.568879e+03 9.521303e+03 9.503831e+03
2.5 9.624585e+03 9.594248e+03 9.518999e+03 9.549336e+03
3.5 9.607045e+03 9.573661e+03 9.519326e+03 9.552710e+03
4.5 9.614701e+03 9.579487e+03 9.517652e+03 9.552867e+03
5.5 9.629326e+03 9.583823e+03 9.517649e+03 9.563152e+03
6.5 9.589725e+03 9.572626e+03 9.517778e+03 9.534877e+03
7.5 9.727637e+03 9.596298e+03 9.516458e+03 9.647797e+03
8.5 9.636049e+03 9.568737e+03 9.518138e+03 9.585450e+03
0.2 9.624585e+03 9.594248e+03 9.518999e+03 9.549336e+03
1.2 9.607045e+03 9.573661e+03 9.519326e+03 9.552710e+03
2.2 9.614701e+03 9.579487e+03 9.517652e+03 9.552867e+03
3.2 9.629326e+03 9.583823e+03 9.517649e+03 9.563152e+03
4.2 9.589725e+03 9.572626e+03 9.517778e+03 9.534877e+03
5.2 9.727637e+03 9.596298e+03 9.516458e+03 9.647797e+03
6.2 9.636049e+03 9.568737e+03 9.518138e+03 9.585450e+03
7.2 9.635096e+03 9.596809e+03 9.516391e+03 9.554678e+03
8.2 9.553210e+03 9.569962e+03 9.518257e+03 9.501505e+03
0.9 9.629326e+03 9.583823e+03 9.517649e+03 9.563152e+03
1.9 9.589725e+03 9.572626e+03 9.517778e+03 9.534877e+03
2.9 9.727637e+03 9.596298e+03 9.516458e+03 9.647797e+03
3.9 9.636049e+03 9.568737e+03 9.518138e+03 9.585450e+03
4.9 9.635096e+03 9.596809e+03 9.516391e+03 9.554678e+03
5.9 9.553210e+03 9.569962e+03 9.518257e+03 9.501505e+03
6.9 9.713683e+03 9.582131e+03 9.517305e+03 9.648857e+03
7.9 9.636142e+03 9.593630e+03 9.523199e+03 9.565710e+03
8.9 9.597248e+03 9.584700e+03 9.556392e+03 9.568940e+03
0.6 9.727637e+03 9.596298e+03 9.516458e+03 9.647797e+03
1.6 9.636049e+03 9.568737e+03 9.518138e+03 9.585450e+03
2.6 9.635096e+03 9.596809e+03 9.516391e+03 9.554678e+03
3.6 9.553210e+03 9.569962e+03 9.518257e+03 9.501505e+03
4.6 9.713683e+03 9.582131e+03 9.517305e+03 9.648857e+03
5.6 9.636142e+03 9.593630e+03 9.523199e+03 9.565710e+03
6.6 9.597248e+03 9.584700e+03 9.556392e+03 9.568940e+03
7.6 9.538717e+03 9.558565e+03 9.606384e+03 9.586536e+03
8.6 9.508193e+03 9.516317e+03 9.650525e+03 9.642401e+03
0.3 9.635096e+03 9.596809e+03 9.516391e+03 9.554678e+03
1.3 9.553210e+03 9.569962e+03 9.518257e+03 9.501505e+03
2.3 9.713683e+03 9.582131e+03 9.517305e+03 9.648857e+03
3.3 9.636142e+03 9.593630e+03 9.523199e+03 9.565710e+03
4.3 9.597248e+03 9.584700e+03 9.556392e+03 9.568940e+03
5.3 9.538717e+03 9.558565e+03 9.606384e+03 9.586536e+03
6.3 9.508193e+03 9.516317e+03 9.650525e+03 9.642401e+03
7.3 9.504715e+03 9.526561e+03 9.682927e+03 9.661081e+03
8.3 9.594072e+03 9.554690e+03 9.702501e+03 9.741884e+03
0.5 9.571423e+03 9.610254e+03 9.710745e+03 9.671914e+03
1.5 9.599407e+03 9.643755e+03 9.694370e+03 9.650022e+03
2.5 9.635280e+03 9.658381e+03 9.649413e+03 9.626312e+03
3.5 9.569357e+03 9.603739e+03 9.604093e+03 9.569711e+03
4.5 9.606479e+03 9.588178e+03 9.567651e+03 9.585953e+03
5.5 9.573892e+03 9.579224e+03 9.544853e+03 9.539520e+03
6.5 9.506140e+03 9.568460e+03 9.537902e+03 9.475582e+03
7.5 9.597145e+03 9.596157e+03 9.538318e+03 9.539305e+03
8.5 9.583033e+03 9.565913e+03 9.543423e+03 9.560543e+03
0.2 9.635280e+03 9.658381e+03 9.649413e+03 9.626312e+03
1.2 9.569357e+03 9.603739e+03 9.604093e+03 9.569711e+03
2.2 9.606479e+03 9.588178e+03 9.567651e+03 9.585953e+03
3.2 9.573892e+03 9.579224e+03 9.544853e+03 9.539520e+03
4.2 9.506140e+03 9.568460e+03 9.537902e+03 9.475582e+03
5.2 9.597145e+03 9.596157e+03 9.538318e+03 9.539305e+03
6.2 9.583033e+03 9.565913e+03 9.543423e+03 9.560543e+03
7.2 9.582473e+03 9.594874e+03 9.544953e+03 9.532552e+03
8.2 9.615907e+03 9.569807e+03 9.549637e+03 9.595737e+03
0.9 9.573892e+03 9.579224e+03 9.544853e+03 9.539520e+03
1.9 9.506140e+03 9.568460e+03 9.537902e+03 9.475582e+03
2.9 9.597145e+03 9.596157e+03 9.538318e+03 9.539305e+03
3.9 9.583033e+03 9.565913e+03 9.543423e+03 9.560543e+03
4.9 9.582473e+03 9.594874e+03 9.544953e+03 9.532552e+03
5.9 9.615907e+03 9.569807e+03 9.549637e+03 9.595737e+03
6.9 9.629300e+03 9.580376e+03 9.551902e+03 9.600825e+03
7.9 9.605599e+03 9.578705e+03 9.556663e+03 9.583556e+03
8.9 9.547917e+03 9.571083e+03 9.561470e+03 9.538304e+03
0.6 9.597145e+03 9.596157e+03 9.538318e+03 9.539305e+03
1.6 9.583033e+03 9.565913e+03 9.543423e+03 9.560543e+03
2.6 9.582473e+03 9.594874e+03 9.544953e+03 9.532552e+03
3.6 9.615907e+03 9.569807e+03 9.549637e+03 9.595737e+03
4.6 9.629300e+03 9.580376e+03 9.551902e+03 9.600825e+03
5.6 9.605599e+03 9.578705e+03 9.556663e+03 9.583556e+03
6.6 9.547917e+03 9.571083e+03 9.561470e+03 9.538304e+03
7.6 9.605858e+03 9.593927e+03 9.564924e+03 9.576856e+03
8.6 9.552130e+03 9.569035e+03 9.570726e+03 9.553820e+03
0.3 9.582473e+03 9.594874e+03 9.544953e+03 9.532552e+03
1.3 9.615907e+03 9.569807e+03 9.549637e+03 9.595737e+03
2.3 9.629300e+03 9.580376e+03 9.551902e+03 9.600825e+03
3.3 9.605599e+03 9.578705e+03 9.556663e+03 9.583556e+03
4.3 9.547917e+03 9.571083e+03 9.561470e+03 9.538304e+03
5.3 9.605858e+03 9.593927e+03 9.564924e+03 9.576856e+03
6.3 9.552130e+03 9.569035e+03 9.570726e+03 9.553820e+03
7.3 9.605841e+03 9.599609e+03 9.573499e+03 9.579731e+03
8.3 9.622202e+03 9.565982e+03 9.581363e+03 9.637583e+03
1.0 9.605599e+03 9.578705e+03 9.556663e+03 9.583556e+03
2.0 9.547917e+03 9.571083e+03 9.561470e+03 9.538304e+03
3.0 9.605858e+03 9.593927e+03 9.564924e+03 9.576856e+03
4.0 9.552130e+03 9.569035e+03 9.570726e+03 9.553820e+03
5.0 9.605841e+03 9.599609e+03 9.573499e+03 9.579731e+03
6.0 9.622202e+03 9.565982e+03 9.581363e+03 9.637583e+03
0.6 9.605858e+03 9.593927e+03 9.564924e+03 9.576856e+03
1.6 9.552130e+03 9.569035e+03 9.570726e+03 9.553820e+03
2.6 9.605841e+03 9.599609e+03 9.573499e+03 9.579731e+03
3.6 9.622202e+03 9.565982e+03 9.581363e+03 9.637583e+03
0.3 9.605841e+03 9.599609e+03 9.573499e+03 9.579731e+03
1.3 9.622202e+03 9.565982e+03 9.581363e+03 9.637583e+03
