0.5 8.552642e+03 8.562887e+03 8.682695e+03 8.672449e+03
1.5 8.628859e+03 8.588121e+03 8.607981e+03 8.648719e+03
2.5 8.536704e+03 8.526525e+03 8.527226e+03 8.537405e+03
3.5 8.538604e+03 8.532457e+03 8.517778e+03 8.523925e+03
4.5 8.536083e+03 8.543718e+03 8.497114e+03 8.489479e+03
5.5 8.559879e+03 8.536068e+03 8.507129e+03 8.530940e+03
6.5 8.598603e+03 8.560337e+03 8.500347e+03 8.538613e+03
7.5 8.470741e+03 8.529311e+03 8.499928e+03 8.441358e+03
8.5 8.585232e+03 8.561657e+03 8.504067e+03 8.527642e+03
0.2 8.536704e+03 8.526525e+03 8.527226e+03 8.537405e+03
1.2 8.538604e+03 8.532457e+03 8.517778e+03 8.523925e+03
2.2 8.536083e+03 8.543718e+03 8.497114e+03 8.489479e+03
3.2 8.559879e+03 8.536068e+03 8.507129e+03 8.530940e+03
4.2 8.598603e+03 8.560337e+03 8.500347e+03 8.538613e+03
5.2 8.470741e+03 8.529311e+03 8.499928e+03 8.441358e+03
6.2 8.585232e+03 8.561657e+03 8.504067e+03 8.527642e+03
7.2 8.479515e+03 8.535305e+03 8.491746e+03 8.435955e+03
8.2 8.506100e+03 8.557068e+03 8.505201e+03 8.454232e+03
0.9 8.559879e+03 8.536068e+03 8.507129e+03 8.530940e+03
1.9 8.598603e+03 8.560337e+03 8.500347e+03 8.538613e+03
2.9 8.470741e+03 8.529311e+03 8.499928e+03 8.441358e+03
3.9 8.585232e+03 8.561657e+03 8.504067e+03 8.527642e+03
4.9 8.479515e+03 8.535305e+03 8.491746e+03 8.435955e+03
5.9 8.506100e+03 8.557068e+03 8.505201e+03 8.454232e+03
6.9 8.544434e+03 8.554158e+03 8.489148e+03 8.479423e+03
7.9 8.501963e+03 8.545599e+03 8.502367e+03 8.458731e+03
8.9 8.596891e+03 8.559869e+03 8.491933e+03 8.528954e+03
0.6 8.470741e+03 8.529311e+03 8.499928e+03 8.441358e+03
1.6 8.585232e+03 8.561657e+03 8.504067e+03 8.527642e+03
2.6 8.479515e+03 8.535305e+03 8.491746e+03 8.435955e+03
3.6 8.506100e+03 8.557068e+03 8.505201e+03 8.454232e+03
4.6 8.544434e+03 8.554158e+03 8.489148e+03 8.479423e+03
5.6 8.501963e+03 8.545599e+03 8.502367e+03 8.458731e+03
6.6 8.596891e+03 8.559869e+03 8.491933e+03 8.528954e+03
7.6 8.570028e+03 8.531857e+03 8.495064e+03 8.533236e+03
8.6 8.554502e+03 8.561635e+03 8.494874e+03 8.487741e+03
0.3 8.479515e+03 8.535305e+03 8.491746e+03 8.435955e+03
1.3 8.506100e+03 8.557068e+03 8.505201e+03 8.454232e+03
2.3 8.544434e+03 8.554158e+03 8.489148e+03 8.479423e+03
3.3 8.501963e+03 8.545599e+03 8.502367e+03 8.458731e+03
4.3 8.596891e+03 8.559869e+03 8.491933e+03 8.528954e+03
5.3 8.570028e+03 8.531857e+03 8.495064e+03 8.533236e+03
6.3 8.554502e+03 8.561635e+03 8.494874e+03 8.487741e+03
7.3 8.507226e+03 8.530350e+03 8.485656e+03 8.462531e+03
8.3 8.527355e+03 8.559058e+03 8.496474e+03 8.464771e+03
1.0 8.501963e+03 8.545599e+03 8.502367e+03 8.458731e+03
2.0 8.596891e+03 8.559869e+03 8.491933e+03 8.528954e+03
3.0 8.570028e+03 8.531857e+03 8.495064e+03 8.533236e+03
4.0 8.554502e+03 8.561635e+03 8.494874e+03 8.487741e+03
5.0 8.507226e+03 8.530350e+03 8.485656e+03 8.462531e+03
6.0 8.527355e+03 8.559058e+03 8.496474e+03 8.464771e+03
7.0 8.536663e+03 8.548590e+03 8.480362e+03 8.468435e+03
8.0 8.507193e+03 8.504428e+03 8.534588e+03 8.537354e+03
9.0 8.596438e+03 8.553573e+03 8.618112e+03 8.660978e+03
0.7 8.570028e+03 8.531857e+03 8.495064e+03 8.533236e+03
1.7 8.554502e+03 8.561635e+03 8.494874e+03 8.487741e+03
2.7 8.507226e+03 8.530350e+03 8.485656e+03 8.462531e+03
3.7 8.527355e+03 8.559058e+03 8.496474e+03 8.464771e+03
4.7 8.536663e+03 8.548590e+03 8.480362e+03 8.468435e+03
5.7 8.507193e+03 8.504428e+03 8.534588e+03 8.537354e+03
6.7 8.596438e+03 8.553573e+03 8.618112e+03 8.660978e+03
7.7 8.541634e+03 8.572573e+03 8.657254e+03 8.626315e+03
8.7 8.613879e+03 8.567888e+03 8.668725e+03 8.714716e+03
0.4 8.507226e+03 8.530350e+03 8.485656e+03 8.462531e+03
1.4 8.527355e+03 8.559058e+03 8.496474e+03 8.464771e+03
2.4 8.536663e+03 8.548590e+03 8.480362e+03 8.468435e+03
3.4 8.507193e+03 8.504428e+03 8.534588e+03 8.537354e+03
4.4 8.596438e+03 8.553573e+03 8.618112e+03 8.660978e+03
5.4 8.541634e+03 8.572573e+03 8.657254e+03 8.626315e+03
6.4 8.613879e+03 8.567888e+03 8.668725e+03 8.714716e+03
7.4 8.512242e+03 8.558674e+03 8.671091e+03 8.624659e+03
8.4 8.518795e+03 8.552247e+03 8.671141e+03 8.637689e+03
0.5 8.559799e+03 8.564408e+03 8.665933e+03 8.661323e+03
1.5 8.564482e+03 8.586648e+03 8.588138e+03 8.565972e+03
2.5 8.497995e+03 8.523847e+03 8.508248e+03 8.482396e+03
3.5 8.566160e+03 8.532969e+03 8.498738e+03 8.531929e+03
4.5 8.579773e+03 8.542846e+03 8.477644e+03 8.514572e+03
5.5 8.541181e+03 8.535745e+03 8.490336e+03 8.495771e+03
6.5 8.571186e+03 8.560982e+03 8.483439e+03 8.493643e+03
7.5 8.584195e+03 8.528875e+03 8.482374e+03 8.537694e+03
8.5 8.585966e+03 8.560853e+03 8.486673e+03 8.511785e+03
0.2 8.497995e+03 8.523847e+03 8.508248e+03 8.482396e+03
1.2 8.566160e+03 8.532969e+03 8.498738e+03 8.531929e+03
2.2 8.579773e+03 8.542846e+03 8.477644e+03 8.514572e+03
3.2 8.541181e+03 8.535745e+03 8.490336e+03 8.495771e+03
4.2 8.571186e+03 8.560982e+03 8.483439e+03 8.493643e+03
5.2 8.584195e+03 8.528875e+03 8.482374e+03 8.537694e+03
6.2 8.585966e+03 8.560853e+03 8.486673e+03 8.511785e+03
7.2 8.627232e+03 8.535276e+03 8.474836e+03 8.566792e+03
8.2 8.573944e+03 8.555793e+03 8.486811e+03 8.504963e+03
0.9 8.541181e+03 8.535745e+03 8.490336e+03 8.495771e+03
1.9 8.571186e+03 8.560982e+03 8.483439e+03 8.493643e+03
2.9 8.584195e+03 8.528875e+03 8.482374e+03 8.537694e+03
3.9 8.585966e+03 8.560853e+03 8.486673e+03 8.511785e+03
4.9 8.627232e+03 8.535276e+03 8.474836e+03 8.566792e+03
5.9 8.573944e+03 8.555793e+03 8.486811e+03 8.504963e+03
6.9 8.529023e+03 8.551728e+03 8.472678e+03 8.449974e+03
7.9 8.464511e+03 8.544786e+03 8.492458e+03 8.412184e+03
8.9 8.552174e+03 8.562097e+03 8.482949e+03 8.473026e+03
0.6 8.584195e+03 8.528875e+03 8.482374e+03 8.537694e+03
1.6 8.585966e+03 8.560853e+03 8.486673e+03 8.511785e+03
2.6 8.627232e+03 8.535276e+03 8.474836e+03 8.566792e+03
3.6 8.573944e+03 8.555793e+03 8.486811e+03 8.504963e+03
4.6 8.529023e+03 8.551728e+03 8.472678e+03 8.449974e+03
5.6 8.464511e+03 8.544786e+03 8.492458e+03 8.412184e+03
6.6 8.552174e+03 8.562097e+03 8.482949e+03 8.473026e+03
7.6 8.509622e+03 8.531004e+03 8.484078e+03 8.462696e+03
8.6 8.550211e+03 8.560871e+03 8.485057e+03 8.474397e+03
0.3 8.627232e+03 8.535276e+03 8.474836e+03 8.566792e+03
1.3 8.573944e+03 8.555793e+03 8.486811e+03 8.504963e+03
2.3 8.529023e+03 8.551728e+03 8.472678e+03 8.449974e+03
3.3 8.464511e+03 8.544786e+03 8.492458e+03 8.412184e+03
4.3 8.552174e+03 8.562097e+03 8.482949e+03 8.473026e+03
5.3 8.509622e+03 8.531004e+03 8.484078e+03 8.462696e+03
6.3 8.550211e+03 8.560871e+03 8.485057e+03 8.474397e+03
7.3 8.580692e+03 8.530481e+03 8.475715e+03 8.525926e+03
8.3 8.619845e+03 8.558040e+03 8.488213e+03 8.550018e+03
0.9 8.464511e+03 8.544786e+03 8.492458e+03 8.412184e+03
1.9 8.552174e+03 8.562097e+03 8.482949e+03 8.473026e+03
2.9 8.509622e+03 8.531004e+03 8.484078e+03 8.462696e+03
3.9 8.550211e+03 8.560871e+03 8.485057e+03 8.474397e+03
4.9 8.580692e+03 8.530481e+03 8.475715e+03 8.525926e+03
5.9 8.619845e+03 8.558040e+03 8.488213e+03 8.550018e+03
6.9 8.520657e+03 8.549811e+03 8.472956e+03 8.443803e+03
7.9 8.555642e+03 8.503439e+03 8.525575e+03 8.577777e+03
8.9 8.514026e+03 8.552335e+03 8.610662e+03 8.572353e+03
0.7 8.509622e+03 8.531004e+03 8.484078e+03 8.462696e+03
1.7 8.550211e+03 8.560871e+03 8.485057e+03 8.474397e+03
2.7 8.580692e+03 8.530481e+03 8.475715e+03 8.525926e+03
3.7 8.619845e+03 8.558040e+03 8.488213e+03 8.550018e+03
4.7 8.520657e+03 8.549811e+03 8.472956e+03 8.443803e+03
5.7 8.555642e+03 8.503439e+03 8.525575e+03 8.577777e+03
6.7 8.514026e+03 8.552335e+03 8.610662e+03 8.572353e+03
7.7 8.609323e+03 8.572316e+03 8.651537e+03 8.688544e+03
8.7 8.487903e+03 8.567933e+03 8.664055e+03 8.584025e+03
0.3 8.580692e+03 8.530481e+03 8.475715e+03 8.525926e+03
1.3 8.619845e+03 8.558040e+03 8.488213e+03 8.550018e+03
2.3 8.520657e+03 8.549811e+03 8.472956e+03 8.443803e+03
3.3 8.555642e+03 8.503439e+03 8.525575e+03 8.577777e+03
4.3 8.514026e+03 8.552335e+03 8.610662e+03 8.572353e+03
5.3 8.609323e+03 8.572316e+03 8.651537e+03 8.688544e+03
6.3 8.487903e+03 8.567933e+03 8.664055e+03 8.584025e+03
7.3 8.574939e+03 8.558736e+03 8.667106e+03 8.683310e+03
8.3 8.569030e+03 8.552203e+03 8.667695e+03 8.684523e+03
0.5 8.591674e+03 8.566132e+03 8.663276e+03 8.688817e+03
1.5 8.564522e+03 8.585405e+03 8.583909e+03 8.563027e+03
2.5 8.541265e+03 8.521160e+03 8.506095e+03 8.526200e+03
3.5 8.576578e+03 8.534138e+03 8.499601e+03 8.542042e+03
4.5 8.481473e+03 8.543872e+03 8.477943e+03 8.415544e+03
5.5 8.472265e+03 8.533257e+03 8.493480e+03 8.432488e+03
6.5 8.559648e+03 8.563590e+03 8.487555e+03 8.483613e+03
7.5 8.465874e+03 8.526602e+03 8.482900e+03 8.422172e+03
8.5 8.620646e+03 8.561223e+03 8.490073e+03 8.549496e+03
0.2 8.541265e+03 8.521160e+03 8.506095e+03 8.526200e+03
1.2 8.576578e+03 8.534138e+03 8.499601e+03 8.542042e+03
2.2 8.481473e+03 8.543872e+03 8.477943e+03 8.415544e+03
3.2 8.472265e+03 8.533257e+03 8.493480e+03 8.432488e+03
4.2 8.559648e+03 8.563590e+03 8.487555e+03 8.483613e+03
5.2 8.465874e+03 8.526602e+03 8.482900e+03 8.422172e+03
6.2 8.620646e+03 8.561223e+03 8.490073e+03 8.549496e+03
7.2 8.577957e+03 8.539418e+03 8.475178e+03 8.513717e+03
8.2 8.551494e+03 8.553775e+03 8.490104e+03 8.487823e+03
0.8 8.472265e+03 8.533257e+03 8.493480e+03 8.432488e+03
1.8 8.559648e+03 8.563590e+03 8.487555e+03 8.483613e+03
2.8 8.465874e+03 8.526602e+03 8.482900e+03 8.422172e+03
3.8 8.620646e+03 8.561223e+03 8.490073e+03 8.549496e+03
4.8 8.577957e+03 8.539418e+03 8.475178e+03 8.513717e+03
5.8 8.551494e+03 8.553775e+03 8.490104e+03 8.487823e+03
6.8 8.509873e+03 8.555801e+03 8.475844e+03 8.429916e+03
7.8 8.627044e+03 8.541280e+03 8.488412e+03 8.574175e+03
8.8 8.512710e+03 8.560049e+03 8.481539e+03 8.434200e+03
0.5 8.465874e+03 8.526602e+03 8.482900e+03 8.422172e+03
1.5 8.620646e+03 8.561223e+03 8.490073e+03 8.549496e+03
2.5 8.577957e+03 8.539418e+03 8.475178e+03 8.513717e+03
3.5 8.551494e+03 8.553775e+03 8.490104e+03 8.487823e+03
4.5 8.509873e+03 8.555801e+03 8.475844e+03 8.429916e+03
5.5 8.627044e+03 8.541280e+03 8.488412e+03 8.574175e+03
6.5 8.512710e+03 8.560049e+03 8.481539e+03 8.434200e+03
7.5 8.542620e+03 8.529181e+03 8.482888e+03 8.496327e+03
8.5 8.480608e+03 8.561113e+03 8.486946e+03 8.406442e+03
0.2 8.577957e+03 8.539418e+03 8.475178e+03 8.513717e+03
1.2 8.551494e+03 8.553775e+03 8.490104e+03 8.487823e+03
2.2 8.509873e+03 8.555801e+03 8.475844e+03 8.429916e+03
3.2 8.627044e+03 8.541280e+03 8.488412e+03 8.574175e+03
4.2 8.512710e+03 8.560049e+03 8.481539e+03 8.434200e+03
5.2 8.542620e+03 8.529181e+03 8.482888e+03 8.496327e+03
6.2 8.480608e+03 8.561113e+03 8.486946e+03 8.406442e+03
7.2 8.494993e+03 8.533263e+03 8.476450e+03 8.438180e+03
8.2 8.603589e+03 8.557092e+03 8.490570e+03 8.537066e+03
0.9 8.627044e+03 8.541280e+03 8.488412e+03 8.574175e+03
1.9 8.512710e+03 8.560049e+03 8.481539e+03 8.434200e+03
2.9 8.542620e+03 8.529181e+03 8.482888e+03 8.496327e+03
3.9 8.480608e+03 8.561113e+03 8.486946e+03 8.406442e+03
4.9 8.494993e+03 8.533263e+03 8.476450e+03 8.438180e+03
5.9 8.603589e+03 8.557092e+03 8.490570e+03 8.537066e+03
6.9 8.577203e+03 8.552456e+03 8.475712e+03 8.500459e+03
7.9 8.439122e+03 8.502182e+03 8.523650e+03 8.460590e+03
8.9 8.543051e+03 8.550194e+03 8.610618e+03 8.603474e+03
0.6 8.542620e+03 8.529181e+03 8.482888e+03 8.496327e+03
1.6 8.480608e+03 8.561113e+03 8.486946e+03 8.406442e+03
2.6 8.494993e+03 8.533263e+03 8.476450e+03 8.438180e+03
3.6 8.603589e+03 8.557092e+03 8.490570e+03 8.537066e+03
4.6 8.577203e+03 8.552456e+03 8.475712e+03 8.500459e+03
5.6 8.439122e+03 8.502182e+03 8.523650e+03 8.460590e+03
6.6 8.543051e+03 8.550194e+03 8.610618e+03 8.603474e+03
7.6 8.624036e+03 8.572138e+03 8.654129e+03 8.706027e+03
8.6 8.596009e+03 8.568353e+03 8.668120e+03 8.695776e+03
0.3 8.494993e+03 8.533263e+03 8.476450e+03 8.438180e+03
1.3 8.603589e+03 8.557092e+03 8.490570e+03 8.537066e+03
2.3 8.577203e+03 8.552456e+03 8.475712e+03 8.500459e+03
3.3 8.439122e+03 8.502182e+03 8.523650e+03 8.460590e+03
4.3 8.543051e+03 8.550194e+03 8.610618e+03 8.603474e+03
5.3 8.624036e+03 8.572138e+03 8.654129e+03 8.706027e+03
6.3 8.596009e+03 8.568353e+03 8.668120e+03 8.695776e+03
7.3 8.566208e+03 8.559164e+03 8.672132e+03 8.679176e+03
8.3 8.491454e+03 8.552390e+03 8.673615e+03 8.612679e+03
0.5 8.559521e+03 8.566189e+03 8.673948e+03 8.667280e+03
1.5 8.567274e+03 8.585485e+03 8.596192e+03 8.577981e+03
2.5 8.525019e+03 8.521652e+03 8.520132e+03 8.523498e+03
3.5 8.625741e+03 8.533958e+03 8.513292e+03 8.605075e+03
4.5 8.499286e+03 8.542509e+03 8.494572e+03 8.451348e+03
5.5 8.493610e+03 8.537426e+03 8.510777e+03 8.466962e+03
6.5 8.563143e+03 8.561030e+03 8.505957e+03 8.508069e+03
7.5 8.559031e+03 8.527772e+03 8.510088e+03 8.541347e+03
8.5 8.586977e+03 8.562598e+03 8.518425e+03 8.542804e+03
0.2 8.525019e+03 8.521652e+03 8.520132e+03 8.523498e+03
1.2 8.625741e+03 8.533958e+03 8.513292e+03 8.605075e+03
2.2 8.499286e+03 8.542509e+03 8.494572e+03 8.451348e+03
3.2 8.493610e+03 8.537426e+03 8.510777e+03 8.466962e+03
4.2 8.563143e+03 8.561030e+03 8.505957e+03 8.508069e+03
5.2 8.559031e+03 8.527772e+03 8.510088e+03 8.541347e+03
6.2 8.586977e+03 8.562598e+03 8.518425e+03 8.542804e+03
7.2 8.520475e+03 8.535369e+03 8.509198e+03 8.494304e+03
8.2 8.565015e+03 8.556758e+03 8.526691e+03 8.534948e+03
0.9 8.493610e+03 8.537426e+03 8.510777e+03 8.466962e+03
1.9 8.563143e+03 8.561030e+03 8.505957e+03 8.508069e+03
2.9 8.559031e+03 8.527772e+03 8.510088e+03 8.541347e+03
3.9 8.586977e+03 8.562598e+03 8.518425e+03 8.542804e+03
4.9 8.520475e+03 8.535369e+03 8.509198e+03 8.494304e+03
5.9 8.565015e+03 8.556758e+03 8.526691e+03 8.534948e+03
6.9 8.549972e+03 8.553922e+03 8.515450e+03 8.511500e+03
7.9 8.581289e+03 8.544735e+03 8.535952e+03 8.572507e+03
8.9 8.550820e+03 8.561410e+03 8.531170e+03 8.520580e+03
0.6 8.559031e+03 8.527772e+03 8.510088e+03 8.541347e+03
1.6 8.586977e+03 8.562598e+03 8.518425e+03 8.542804e+03
2.6 8.520475e+03 8.535369e+03 8.509198e+03 8.494304e+03
3.6 8.565015e+03 8.556758e+03 8.526691e+03 8.534948e+03
4.6 8.549972e+03 8.553922e+03 8.515450e+03 8.511500e+03
5.6 8.581289e+03 8.544735e+03 8.535952e+03 8.572507e+03
6.6 8.550820e+03 8.561410e+03 8.531170e+03 8.520580e+03
7.6 8.481386e+03 8.531441e+03 8.537885e+03 8.487830e+03
8.6 8.559100e+03 8.561831e+03 8.544046e+03 8.541315e+03
0.3 8.520475e+03 8.535369e+03 8.509198e+03 8.494304e+03
1.3 8.565015e+03 8.556758e+03 8.526691e+03 8.534948e+03
2.3 8.549972e+03 8.553922e+03 8.515450e+03 8.511500e+03
3.3 8.581289e+03 8.544735e+03 8.535952e+03 8.572507e+03
4.3 8.550820e+03 8.561410e+03 8.531170e+03 8.520580e+03
5.3 8.481386e+03 8.531441e+03 8.537885e+03 8.487830e+03
6.3 8.559100e+03 8.561831e+03 8.544046e+03 8.541315e+03
7.3 8.554309e+03 8.529575e+03 8.540210e+03 8.564943e+03
8.3 8.589054e+03 8.560507e+03 8.562329e+03 8.590875e+03
1.0 8.581289e+03 8.544735e+03 8.535952e+03 8.572507e+03
2.0 8.550820e+03 8.561410e+03 8.531170e+03 8.520580e+03
3.0 8.481386e+03 8.531441e+03 8.537885e+03 8.487830e+03
4.0 8.559100e+03 8.561831e+03 8.544046e+03 8.541315e+03
5.0 8.554309e+03 8.529575e+03 8.540210e+03 8.564943e+03
6.0 8.589054e+03 8.560507e+03 8.562329e+03 8.590875e+03
0.6 8.481386e+03 8.531441e+03 8.537885e+03 8.487830e+03
1.6 8.559100e+03 8.561831e+03 8.544046e+03 8.541315e+03
2.6 8.554309e+03 8.529575e+03 8.540210e+03 8.564943e+03
3.6 8.589054e+03 8.560507e+03 8.562329e+03 8.590875e+03
0.3 8.554309e+03 8.529575e+03 8.540210e+03 8.564943e+03
1.3 8.589054e+03 8.560507e+03 8.562329e+03 8.590875e+03
