0.5 9.786957e+03 9.669925e+03 9.697115e+03 9.814147e+03
1.5 9.699138e+03 9.654509e+03 9.684089e+03 9.728719e+03
2.5 9.643102e+03 9.642010e+03 9.683977e+03 9.685069e+03
3.5 9.627999e+03 9.619496e+03 9.691925e+03 9.700428e+03
4.5 9.643447e+03 9.673250e+03 9.695958e+03 9.666155e+03
5.5 9.637491e+03 9.692319e+03 9.697169e+03 9.642341e+03
6.5 9.674713e+03 9.723934e+03 9.697449e+03 9.648228e+03
7.5 9.671752e+03 9.721060e+03 9.697484e+03 9.648176e+03
0.1 9.669634e+03 9.693244e+03 9.697576e+03 9.673965e+03
1.1 9.695047e+03 9.718391e+03 9.690106e+03 9.666762e+03
2.1 9.808248e+03 9.800604e+03 9.675255e+03 9.682899e+03
3.1 9.828138e+03 9.840715e+03 9.680970e+03 9.668392e+03
4.1 9.862433e+03 9.802260e+03 9.691280e+03 9.751453e+03
5.1 9.749907e+03 9.738391e+03 9.695883e+03 9.707398e+03
6.1 9.717508e+03 9.684768e+03 9.697245e+03 9.729985e+03
7.1 9.690881e+03 9.651173e+03 9.697583e+03 9.737291e+03
0.5 9.708737e+03 9.626369e+03 9.696726e+03 9.779094e+03
1.5 9.702605e+03 9.614881e+03 9.683818e+03 9.771541e+03
2.5 9.680276e+03 9.604721e+03 9.683803e+03 9.759358e+03
3.5 9.667862e+03 9.588545e+03 9.691841e+03 9.771158e+03
4.5 9.694604e+03 9.646493e+03 9.695968e+03 9.744079e+03
5.5 9.694205e+03 9.667860e+03 9.697250e+03 9.723596e+03
6.5 9.685023e+03 9.704465e+03 9.697574e+03 9.678132e+03
7.5 9.746604e+03 9.702235e+03 9.697637e+03 9.742007e+03
0.1 9.741254e+03 9.690541e+03 9.697659e+03 9.748372e+03
1.1 9.733700e+03 9.714052e+03 9.690569e+03 9.710217e+03
2.1 9.750882e+03 9.796408e+03 9.675471e+03 9.629945e+03
3.1 9.809079e+03 9.839245e+03 9.680718e+03 9.650552e+03
4.1 9.860446e+03 9.802318e+03 9.691133e+03 9.749261e+03
5.1 9.765132e+03 9.738819e+03 9.695852e+03 9.722165e+03
6.1 9.635891e+03 9.684890e+03 9.697254e+03 9.648255e+03
7.1 9.546140e+03 9.651043e+03 9.697601e+03 9.592698e+03
0.5 9.541913e+03 9.625868e+03 9.696740e+03 9.612784e+03
1.5 9.543218e+03 9.614070e+03 9.683829e+03 9.612978e+03
2.5 9.593894e+03 9.602386e+03 9.683812e+03 9.675319e+03
3.5 9.610807e+03 9.588992e+03 9.691847e+03 9.713662e+03
4.5 9.603779e+03 9.649872e+03 9.695968e+03 9.649876e+03
5.5 9.571288e+03 9.668960e+03 9.697244e+03 9.599572e+03
6.5 9.590110e+03 9.706856e+03 9.697564e+03 9.580817e+03
7.5 9.617310e+03 9.703939e+03 9.697623e+03 9.610994e+03
0.0 9.731027e+03 9.692270e+03 9.697512e+03 9.736269e+03
1.0 9.762487e+03 9.711448e+03 9.691168e+03 9.742207e+03
2.0 9.815776e+03 9.793236e+03 9.675653e+03 9.698192e+03
3.0 9.872636e+03 9.840881e+03 9.679895e+03 9.711651e+03
4.0 9.868571e+03 9.806707e+03 9.690481e+03 9.752345e+03
5.0 9.667899e+03 9.743692e+03 9.695412e+03 9.619620e+03
6.0 9.598545e+03 9.688963e+03 9.696862e+03 9.606444e+03
7.0 9.649686e+03 9.654478e+03 9.697180e+03 9.692389e+03
0.5 9.606956e+03 9.628478e+03 9.696195e+03 9.674673e+03
1.5 9.579715e+03 9.616929e+03 9.683206e+03 9.645992e+03
2.5 9.555864e+03 9.605493e+03 9.683102e+03 9.633473e+03
3.5 9.538189e+03 9.592331e+03 9.691040e+03 9.636898e+03
4.5 9.583717e+03 9.651301e+03 9.695054e+03 9.627470e+03
5.5 9.619244e+03 9.672285e+03 9.696212e+03 9.643172e+03
6.5 9.656356e+03 9.709781e+03 9.696403e+03 9.642978e+03
7.5 9.678384e+03 9.705967e+03 9.696323e+03 9.668740e+03
