0.5 9.197745e+03 9.079896e+03 9.111093e+03 9.228941e+03
1.5 9.207597e+03 9.120157e+03 8.959970e+03 9.047410e+03
2.5 9.055941e+03 9.081848e+03 8.958668e+03 8.932762e+03
3.5 8.988523e+03 9.017713e+03 9.050878e+03 9.021688e+03
4.5 9.080041e+03 9.074821e+03 9.097666e+03 9.102885e+03
5.5 9.074963e+03 9.099951e+03 9.111721e+03 9.086732e+03
6.5 9.046931e+03 9.066452e+03 9.114965e+03 9.095443e+03
7.5 9.132425e+03 9.106722e+03 9.115375e+03 9.141078e+03
0.1 9.073091e+03 9.069588e+03 9.116440e+03 9.119942e+03
1.1 9.027984e+03 9.059475e+03 9.029775e+03 8.998284e+03
2.1 9.147480e+03 9.084034e+03 8.857468e+03 8.920915e+03
3.1 9.050632e+03 9.090460e+03 8.923779e+03 8.883952e+03
4.1 9.261437e+03 9.167720e+03 9.043398e+03 9.137114e+03
5.1 9.151760e+03 9.154776e+03 9.096797e+03 9.093781e+03
6.1 9.034923e+03 9.108563e+03 9.112597e+03 9.038958e+03
7.1 9.079325e+03 9.065590e+03 9.116526e+03 9.130261e+03
0.5 9.115847e+03 9.071538e+03 9.106579e+03 9.150887e+03
1.5 9.153380e+03 9.116313e+03 8.956817e+03 8.993883e+03
2.5 9.071671e+03 9.071449e+03 8.956642e+03 8.956863e+03
3.5 9.017418e+03 9.005323e+03 9.049898e+03 9.061993e+03
4.5 9.038686e+03 9.070800e+03 9.097785e+03 9.065671e+03
5.5 9.072928e+03 9.093129e+03 9.112663e+03 9.092461e+03
6.5 9.069052e+03 9.061578e+03 9.116421e+03 9.123895e+03
7.5 9.064620e+03 9.104225e+03 9.117152e+03 9.077547e+03
0.1 9.099870e+03 9.071719e+03 9.117408e+03 9.145559e+03
1.1 9.053542e+03 9.055689e+03 9.035146e+03 9.033000e+03
2.1 9.095338e+03 9.085585e+03 8.859982e+03 8.869736e+03
3.1 9.028872e+03 9.086993e+03 8.920854e+03 8.862733e+03
4.1 9.145835e+03 9.166188e+03 9.041686e+03 9.021332e+03
5.1 9.159717e+03 9.155079e+03 9.096443e+03 9.101081e+03
6.1 9.213418e+03 9.109141e+03 9.112708e+03 9.216986e+03
7.1 9.011159e+03 9.065983e+03 9.116726e+03 9.061902e+03
0.5 9.016140e+03 9.071132e+03 9.106738e+03 9.051746e+03
1.5 9.069201e+03 9.120255e+03 8.956946e+03 8.905893e+03
2.5 9.116496e+03 9.068193e+03 8.956747e+03 9.005051e+03
3.5 9.092303e+03 8.999007e+03 9.049977e+03 9.143273e+03
4.5 9.121781e+03 9.073986e+03 9.097790e+03 9.145585e+03
5.5 9.041646e+03 9.095561e+03 9.112595e+03 9.058680e+03
6.5 8.998197e+03 9.055572e+03 9.116301e+03 9.058926e+03
7.5 9.071554e+03 9.110170e+03 9.116989e+03 9.078372e+03
0.0 9.156848e+03 9.078419e+03 9.115696e+03 9.194125e+03
1.0 8.985564e+03 9.050879e+03 9.042099e+03 8.976784e+03
2.0 9.072310e+03 9.091086e+03 8.862085e+03 8.843309e+03
3.0 9.079751e+03 9.082500e+03 8.911310e+03 8.908561e+03
4.0 9.255276e+03 9.165096e+03 9.034124e+03 9.124304e+03
5.0 9.142669e+03 9.157700e+03 9.091338e+03 9.076307e+03
6.0 9.075244e+03 9.112333e+03 9.108158e+03 9.071068e+03
7.0 8.972652e+03 9.068843e+03 9.111845e+03 9.015655e+03
0.5 9.074132e+03 9.072498e+03 9.100419e+03 9.102053e+03
1.5 9.086489e+03 9.121853e+03 8.949720e+03 8.914356e+03
2.5 9.045683e+03 9.070049e+03 8.948511e+03 8.924145e+03
3.5 8.968482e+03 9.002069e+03 9.040611e+03 9.007024e+03
4.5 9.010683e+03 9.075508e+03 9.087179e+03 9.022354e+03
5.5 9.082531e+03 9.094785e+03 9.100618e+03 9.088365e+03
6.5 9.063227e+03 9.068377e+03 9.102835e+03 9.097685e+03
7.5 9.152715e+03 9.107148e+03 9.101908e+03 9.147475e+03
