0.5 7.437933e+03 7.381634e+03 7.249533e+03 7.305831e+03
1.5 7.391602e+03 7.370525e+03 7.269279e+03 7.290356e+03
2.5 7.407285e+03 7.394047e+03 7.335246e+03 7.348483e+03
3.5 7.392304e+03 7.461921e+03 7.404969e+03 7.335352e+03
4.5 7.398652e+03 7.461336e+03 7.461715e+03 7.399031e+03
5.5 7.424715e+03 7.445510e+03 7.499621e+03 7.478826e+03
6.5 7.415885e+03 7.433127e+03 7.514102e+03 7.496859e+03
7.5 7.380479e+03 7.395935e+03 7.516995e+03 7.501539e+03
8.5 7.368789e+03 7.427750e+03 7.513196e+03 7.454236e+03
0.2 7.407285e+03 7.394047e+03 7.335246e+03 7.348483e+03
1.2 7.392304e+03 7.461921e+03 7.404969e+03 7.335352e+03
2.2 7.398652e+03 7.461336e+03 7.461715e+03 7.399031e+03
3.2 7.424715e+03 7.445510e+03 7.499621e+03 7.478826e+03
4.2 7.415885e+03 7.433127e+03 7.514102e+03 7.496859e+03
5.2 7.380479e+03 7.395935e+03 7.516995e+03 7.501539e+03
6.2 7.368789e+03 7.427750e+03 7.513196e+03 7.454236e+03
7.2 7.446201e+03 7.391036e+03 7.515198e+03 7.570364e+03
8.2 7.394139e+03 7.423205e+03 7.512102e+03 7.483035e+03
0.9 7.424715e+03 7.445510e+03 7.499621e+03 7.478826e+03
1.9 7.415885e+03 7.433127e+03 7.514102e+03 7.496859e+03
2.9 7.380479e+03 7.395935e+03 7.516995e+03 7.501539e+03
3.9 7.368789e+03 7.427750e+03 7.513196e+03 7.454236e+03
4.9 7.446201e+03 7.391036e+03 7.515198e+03 7.570364e+03
5.9 7.394139e+03 7.423205e+03 7.512102e+03 7.483035e+03
6.9 7.433297e+03 7.404119e+03 7.513501e+03 7.542679e+03
7.9 7.426316e+03 7.408990e+03 7.512520e+03 7.529847e+03
8.9 7.427442e+03 7.411182e+03 7.512736e+03 7.528996e+03
0.6 7.380479e+03 7.395935e+03 7.516995e+03 7.501539e+03
1.6 7.368789e+03 7.427750e+03 7.513196e+03 7.454236e+03
2.6 7.446201e+03 7.391036e+03 7.515198e+03 7.570364e+03
3.6 7.394139e+03 7.423205e+03 7.512102e+03 7.483035e+03
4.6 7.433297e+03 7.404119e+03 7.513501e+03 7.542679e+03
5.6 7.426316e+03 7.408990e+03 7.512520e+03 7.529847e+03
6.6 7.427442e+03 7.411182e+03 7.512736e+03 7.528996e+03
7.6 7.404293e+03 7.389258e+03 7.514765e+03 7.529800e+03
8.6 7.434231e+03 7.415743e+03 7.513400e+03 7.531887e+03
0.3 7.446201e+03 7.391036e+03 7.515198e+03 7.570364e+03
1.3 7.394139e+03 7.423205e+03 7.512102e+03 7.483035e+03
2.3 7.433297e+03 7.404119e+03 7.513501e+03 7.542679e+03
3.3 7.426316e+03 7.408990e+03 7.512520e+03 7.529847e+03
4.3 7.427442e+03 7.411182e+03 7.512736e+03 7.528996e+03
5.3 7.404293e+03 7.389258e+03 7.514765e+03 7.529800e+03
6.3 7.434231e+03 7.415743e+03 7.513400e+03 7.531887e+03
7.3 7.466196e+03 7.378843e+03 7.517070e+03 7.604423e+03
8.3 7.444704e+03 7.415541e+03 7.515068e+03 7.544231e+03
1.0 7.426316e+03 7.408990e+03 7.512520e+03 7.529847e+03
2.0 7.427442e+03 7.411182e+03 7.512736e+03 7.528996e+03
3.0 7.404293e+03 7.389258e+03 7.514765e+03 7.529800e+03
4.0 7.434231e+03 7.415743e+03 7.513400e+03 7.531887e+03
5.0 7.466196e+03 7.378843e+03 7.517070e+03 7.604423e+03
6.0 7.444704e+03 7.415541e+03 7.515068e+03 7.544231e+03
7.0 7.395230e+03 7.390498e+03 7.518043e+03 7.522774e+03
8.0 7.411016e+03 7.402141e+03 7.507548e+03 7.516423e+03
9.0 7.446162e+03 7.431183e+03 7.454143e+03 7.469123e+03
0.7 7.404293e+03 7.389258e+03 7.514765e+03 7.529800e+03
1.7 7.434231e+03 7.415743e+03 7.513400e+03 7.531887e+03
2.7 7.466196e+03 7.378843e+03 7.517070e+03 7.604423e+03
3.7 7.444704e+03 7.415541e+03 7.515068e+03 7.544231e+03
4.7 7.395230e+03 7.390498e+03 7.518043e+03 7.522774e+03
5.7 7.411016e+03 7.402141e+03 7.507548e+03 7.516423e+03
6.7 7.446162e+03 7.431183e+03 7.454143e+03 7.469123e+03
7.7 7.519710e+03 7.546397e+03 7.377449e+03 7.350762e+03
8.7 7.632352e+03 7.632174e+03 7.311867e+03 7.312045e+03
0.4 7.466196e+03 7.378843e+03 7.517070e+03 7.604423e+03
1.4 7.444704e+03 7.415541e+03 7.515068e+03 7.544231e+03
2.4 7.395230e+03 7.390498e+03 7.518043e+03 7.522774e+03
3.4 7.411016e+03 7.402141e+03 7.507548e+03 7.516423e+03
4.4 7.446162e+03 7.431183e+03 7.454143e+03 7.469123e+03
5.4 7.519710e+03 7.546397e+03 7.377449e+03 7.350762e+03
6.4 7.632352e+03 7.632174e+03 7.311867e+03 7.312045e+03
7.4 7.464135e+03 7.587895e+03 7.264422e+03 7.140663e+03
8.4 7.437458e+03 7.504384e+03 7.237396e+03 7.170470e+03
0.5 7.404937e+03 7.346799e+03 7.232798e+03 7.290935e+03
1.5 7.392760e+03 7.334463e+03 7.259239e+03 7.317536e+03
2.5 7.372663e+03 7.361777e+03 7.330661e+03 7.341547e+03
3.5 7.413915e+03 7.435406e+03 7.404028e+03 7.382538e+03
4.5 7.391843e+03 7.435405e+03 7.463897e+03 7.420335e+03
5.5 7.391977e+03 7.424089e+03 7.503448e+03 7.471336e+03
6.5 7.411079e+03 7.412935e+03 7.518538e+03 7.516682e+03
7.5 7.425088e+03 7.375109e+03 7.522719e+03 7.572698e+03
8.5 7.423430e+03 7.408288e+03 7.520679e+03 7.535821e+03
0.2 7.372663e+03 7.361777e+03 7.330661e+03 7.341547e+03
1.2 7.413915e+03 7.435406e+03 7.404028e+03 7.382538e+03
2.2 7.391843e+03 7.435405e+03 7.463897e+03 7.420335e+03
3.2 7.391977e+03 7.424089e+03 7.503448e+03 7.471336e+03
4.2 7.411079e+03 7.412935e+03 7.518538e+03 7.516682e+03
5.2 7.425088e+03 7.375109e+03 7.522719e+03 7.572698e+03
6.2 7.423430e+03 7.408288e+03 7.520679e+03 7.535821e+03
7.2 7.437212e+03 7.374150e+03 7.524068e+03 7.587129e+03
8.2 7.418793e+03 7.405486e+03 7.523084e+03 7.536390e+03
0.9 7.391977e+03 7.424089e+03 7.503448e+03 7.471336e+03
1.9 7.411079e+03 7.412935e+03 7.518538e+03 7.516682e+03
2.9 7.425088e+03 7.375109e+03 7.522719e+03 7.572698e+03
3.9 7.423430e+03 7.408288e+03 7.520679e+03 7.535821e+03
4.9 7.437212e+03 7.374150e+03 7.524068e+03 7.587129e+03
5.9 7.418793e+03 7.405486e+03 7.523084e+03 7.536390e+03
6.9 7.408216e+03 7.388956e+03 7.526125e+03 7.545384e+03
7.9 7.394728e+03 7.401577e+03 7.523691e+03 7.516843e+03
8.9 7.387223e+03 7.405670e+03 7.520927e+03 7.502480e+03
0.6 7.425088e+03 7.375109e+03 7.522719e+03 7.572698e+03
1.6 7.423430e+03 7.408288e+03 7.520679e+03 7.535821e+03
2.6 7.437212e+03 7.374150e+03 7.524068e+03 7.587129e+03
3.6 7.418793e+03 7.405486e+03 7.523084e+03 7.536390e+03
4.6 7.408216e+03 7.388956e+03 7.526125e+03 7.545384e+03
5.6 7.394728e+03 7.401577e+03 7.523691e+03 7.516843e+03
6.6 7.387223e+03 7.405670e+03 7.520927e+03 7.502480e+03
7.6 7.382698e+03 7.378184e+03 7.521848e+03 7.526362e+03
8.6 7.374485e+03 7.406045e+03 7.520117e+03 7.488557e+03
0.3 7.437212e+03 7.374150e+03 7.524068e+03 7.587129e+03
1.3 7.418793e+03 7.405486e+03 7.523084e+03 7.536390e+03
2.3 7.408216e+03 7.388956e+03 7.526125e+03 7.545384e+03
3.3 7.394728e+03 7.401577e+03 7.523691e+03 7.516843e+03
4.3 7.387223e+03 7.405670e+03 7.520927e+03 7.502480e+03
5.3 7.382698e+03 7.378184e+03 7.521848e+03 7.526362e+03
6.3 7.374485e+03 7.406045e+03 7.520117e+03 7.488557e+03
7.3 7.359934e+03 7.370232e+03 7.523842e+03 7.513544e+03
8.3 7.386483e+03 7.408339e+03 7.522344e+03 7.500487e+03
0.9 7.394728e+03 7.401577e+03 7.523691e+03 7.516843e+03
1.9 7.387223e+03 7.405670e+03 7.520927e+03 7.502480e+03
2.9 7.382698e+03 7.378184e+03 7.521848e+03 7.526362e+03
3.9 7.374485e+03 7.406045e+03 7.520117e+03 7.488557e+03
4.9 7.359934e+03 7.370232e+03 7.523842e+03 7.513544e+03
5.9 7.386483e+03 7.408339e+03 7.522344e+03 7.500487e+03
6.9 7.387041e+03 7.386485e+03 7.525184e+03 7.525740e+03
7.9 7.379812e+03 7.396268e+03 7.514910e+03 7.498454e+03
8.9 7.365491e+03 7.426562e+03 7.461876e+03 7.400804e+03
0.7 7.382698e+03 7.378184e+03 7.521848e+03 7.526362e+03
1.7 7.374485e+03 7.406045e+03 7.520117e+03 7.488557e+03
2.7 7.359934e+03 7.370232e+03 7.523842e+03 7.513544e+03
3.7 7.386483e+03 7.408339e+03 7.522344e+03 7.500487e+03
4.7 7.387041e+03 7.386485e+03 7.525184e+03 7.525740e+03
5.7 7.379812e+03 7.396268e+03 7.514910e+03 7.498454e+03
6.7 7.365491e+03 7.426562e+03 7.461876e+03 7.400804e+03
7.7 7.433995e+03 7.539133e+03 7.384697e+03 7.279558e+03
8.7 7.823797e+03 7.628961e+03 7.318032e+03 7.512868e+03
0.3 7.359934e+03 7.370232e+03 7.523842e+03 7.513544e+03
1.3 7.386483e+03 7.408339e+03 7.522344e+03 7.500487e+03
2.3 7.387041e+03 7.386485e+03 7.525184e+03 7.525740e+03
3.3 7.379812e+03 7.396268e+03 7.514910e+03 7.498454e+03
4.3 7.365491e+03 7.426562e+03 7.461876e+03 7.400804e+03
5.3 7.433995e+03 7.539133e+03 7.384697e+03 7.279558e+03
6.3 7.823797e+03 7.628961e+03 7.318032e+03 7.512868e+03
7.3 7.761897e+03 7.587296e+03 7.269600e+03 7.444201e+03
8.3 7.552380e+03 7.504345e+03 7.241467e+03 7.289502e+03
0.5 7.332467e+03 7.346689e+03 7.235121e+03 7.220899e+03
1.5 7.369620e+03 7.330665e+03 7.262470e+03 7.301424e+03
2.5 7.415488e+03 7.359253e+03 7.334365e+03 7.390600e+03
3.5 7.409081e+03 7.438633e+03 7.406243e+03 7.376691e+03
4.5 7.357033e+03 7.436764e+03 7.464555e+03 7.384824e+03
5.5 7.365831e+03 7.424066e+03 7.502569e+03 7.444335e+03
6.5 7.365096e+03 7.416693e+03 7.514842e+03 7.463244e+03
7.5 7.376553e+03 7.370170e+03 7.518567e+03 7.524949e+03
8.5 7.397784e+03 7.408934e+03 7.516502e+03 7.505352e+03
0.2 7.415488e+03 7.359253e+03 7.334365e+03 7.390600e+03
1.2 7.409081e+03 7.438633e+03 7.406243e+03 7.376691e+03
2.2 7.357033e+03 7.436764e+03 7.464555e+03 7.384824e+03
3.2 7.365831e+03 7.424066e+03 7.502569e+03 7.444335e+03
4.2 7.365096e+03 7.416693e+03 7.514842e+03 7.463244e+03
5.2 7.376553e+03 7.370170e+03 7.518567e+03 7.524949e+03
6.2 7.397784e+03 7.408934e+03 7.516502e+03 7.505352e+03
7.2 7.402451e+03 7.375286e+03 7.520069e+03 7.547235e+03
8.2 7.407288e+03 7.404337e+03 7.519563e+03 7.522514e+03
0.8 7.365831e+03 7.424066e+03 7.502569e+03 7.444335e+03
1.8 7.365096e+03 7.416693e+03 7.514842e+03 7.463244e+03
2.8 7.376553e+03 7.370170e+03 7.518567e+03 7.524949e+03
3.8 7.397784e+03 7.408934e+03 7.516502e+03 7.505352e+03
4.8 7.402451e+03 7.375286e+03 7.520069e+03 7.547235e+03
5.8 7.407288e+03 7.404337e+03 7.519563e+03 7.522514e+03
6.8 7.418700e+03 7.393120e+03 7.522153e+03 7.547733e+03
7.8 7.442083e+03 7.392854e+03 7.522159e+03 7.571388e+03
8.8 7.406114e+03 7.403178e+03 7.521958e+03 7.524894e+03
0.5 7.376553e+03 7.370170e+03 7.518567e+03 7.524949e+03
1.5 7.397784e+03 7.408934e+03 7.516502e+03 7.505352e+03
2.5 7.402451e+03 7.375286e+03 7.520069e+03 7.547235e+03
3.5 7.407288e+03 7.404337e+03 7.519563e+03 7.522514e+03
4.5 7.418700e+03 7.393120e+03 7.522153e+03 7.547733e+03
5.5 7.442083e+03 7.392854e+03 7.522159e+03 7.571388e+03
6.5 7.406114e+03 7.403178e+03 7.521958e+03 7.524894e+03
7.5 7.412543e+03 7.377087e+03 7.524002e+03 7.559458e+03
8.5 7.432550e+03 7.409587e+03 7.521401e+03 7.544364e+03
0.2 7.402451e+03 7.375286e+03 7.520069e+03 7.547235e+03
1.2 7.407288e+03 7.404337e+03 7.519563e+03 7.522514e+03
2.2 7.418700e+03 7.393120e+03 7.522153e+03 7.547733e+03
3.2 7.442083e+03 7.392854e+03 7.522159e+03 7.571388e+03
4.2 7.406114e+03 7.403178e+03 7.521958e+03 7.524894e+03
5.2 7.412543e+03 7.377087e+03 7.524002e+03 7.559458e+03
6.2 7.432550e+03 7.409587e+03 7.521401e+03 7.544364e+03
7.2 7.443311e+03 7.374239e+03 7.524106e+03 7.593177e+03
8.2 7.466644e+03 7.409575e+03 7.521218e+03 7.578286e+03
0.9 7.442083e+03 7.392854e+03 7.522159e+03 7.571388e+03
1.9 7.406114e+03 7.403178e+03 7.521958e+03 7.524894e+03
2.9 7.412543e+03 7.377087e+03 7.524002e+03 7.559458e+03
3.9 7.432550e+03 7.409587e+03 7.521401e+03 7.544364e+03
4.9 7.443311e+03 7.374239e+03 7.524106e+03 7.593177e+03
5.9 7.466644e+03 7.409575e+03 7.521218e+03 7.578286e+03
6.9 7.435436e+03 7.390579e+03 7.522691e+03 7.567548e+03
7.9 7.357340e+03 7.395318e+03 7.513568e+03 7.475590e+03
8.9 7.423742e+03 7.427390e+03 7.462188e+03 7.458540e+03
0.6 7.412543e+03 7.377087e+03 7.524002e+03 7.559458e+03
1.6 7.432550e+03 7.409587e+03 7.521401e+03 7.544364e+03
2.6 7.443311e+03 7.374239e+03 7.524106e+03 7.593177e+03
3.6 7.466644e+03 7.409575e+03 7.521218e+03 7.578286e+03
4.6 7.435436e+03 7.390579e+03 7.522691e+03 7.567548e+03
5.6 7.357340e+03 7.395318e+03 7.513568e+03 7.475590e+03
6.6 7.423742e+03 7.427390e+03 7.462188e+03 7.458540e+03
7.6 7.488192e+03 7.533464e+03 7.384805e+03 7.339533e+03
8.6 7.781395e+03 7.630568e+03 7.316479e+03 7.467307e+03
0.3 7.443311e+03 7.374239e+03 7.524106e+03 7.593177e+03
1.3 7.466644e+03 7.409575e+03 7.521218e+03 7.578286e+03
2.3 7.435436e+03 7.390579e+03 7.522691e+03 7.567548e+03
3.3 7.357340e+03 7.395318e+03 7.513568e+03 7.475590e+03
4.3 7.423742e+03 7.427390e+03 7.462188e+03 7.458540e+03
5.3 7.488192e+03 7.533464e+03 7.384805e+03 7.339533e+03
6.3 7.781395e+03 7.630568e+03 7.316479e+03 7.467307e+03
7.3 7.559671e+03 7.593857e+03 7.266325e+03 7.232138e+03
8.3 7.401807e+03 7.511815e+03 7.236026e+03 7.126017e+03
0.5 7.356754e+03 7.352355e+03 7.223265e+03 7.227665e+03
1.5 7.313084e+03 7.337127e+03 7.248613e+03 7.224570e+03
2.5 7.302562e+03 7.366892e+03 7.318200e+03 7.253871e+03
3.5 7.341854e+03 7.444731e+03 7.388351e+03 7.285475e+03
4.5 7.358287e+03 7.444296e+03 7.444761e+03 7.358751e+03
5.5 7.374992e+03 7.436442e+03 7.480050e+03 7.418599e+03
6.5 7.398681e+03 7.423843e+03 7.490809e+03 7.465647e+03
7.5 7.396404e+03 7.388077e+03 7.490166e+03 7.498493e+03
8.5 7.418398e+03 7.425182e+03 7.482263e+03 7.475479e+03
0.2 7.302562e+03 7.366892e+03 7.318200e+03 7.253871e+03
1.2 7.341854e+03 7.444731e+03 7.388351e+03 7.285475e+03
2.2 7.358287e+03 7.444296e+03 7.444761e+03 7.358751e+03
3.2 7.374992e+03 7.436442e+03 7.480050e+03 7.418599e+03
4.2 7.398681e+03 7.423843e+03 7.490809e+03 7.465647e+03
5.2 7.396404e+03 7.388077e+03 7.490166e+03 7.498493e+03
6.2 7.418398e+03 7.425182e+03 7.482263e+03 7.475479e+03
7.2 7.375429e+03 7.389401e+03 7.479894e+03 7.465923e+03
8.2 7.421458e+03 7.424345e+03 7.472644e+03 7.469757e+03
0.9 7.374992e+03 7.436442e+03 7.480050e+03 7.418599e+03
1.9 7.398681e+03 7.423843e+03 7.490809e+03 7.465647e+03
2.9 7.396404e+03 7.388077e+03 7.490166e+03 7.498493e+03
3.9 7.418398e+03 7.425182e+03 7.482263e+03 7.475479e+03
4.9 7.375429e+03 7.389401e+03 7.479894e+03 7.465923e+03
5.9 7.421458e+03 7.424345e+03 7.472644e+03 7.469757e+03
6.9 7.440578e+03 7.408818e+03 7.469139e+03 7.500899e+03
7.9 7.470660e+03 7.418125e+03 7.461769e+03 7.514304e+03
8.9 7.460314e+03 7.425024e+03 7.454328e+03 7.489618e+03
0.6 7.396404e+03 7.388077e+03 7.490166e+03 7.498493e+03
1.6 7.418398e+03 7.425182e+03 7.482263e+03 7.475479e+03
2.6 7.375429e+03 7.389401e+03 7.479894e+03 7.465923e+03
3.6 7.421458e+03 7.424345e+03 7.472644e+03 7.469757e+03
4.6 7.440578e+03 7.408818e+03 7.469139e+03 7.500899e+03
5.6 7.470660e+03 7.418125e+03 7.461769e+03 7.514304e+03
6.6 7.460314e+03 7.425024e+03 7.454328e+03 7.489618e+03
7.6 7.477076e+03 7.401883e+03 7.448981e+03 7.524174e+03
8.6 7.461391e+03 7.432547e+03 7.440001e+03 7.468845e+03
0.3 7.375429e+03 7.389401e+03 7.479894e+03 7.465923e+03
1.3 7.421458e+03 7.424345e+03 7.472644e+03 7.469757e+03
2.3 7.440578e+03 7.408818e+03 7.469139e+03 7.500899e+03
3.3 7.470660e+03 7.418125e+03 7.461769e+03 7.514304e+03
4.3 7.460314e+03 7.425024e+03 7.454328e+03 7.489618e+03
5.3 7.477076e+03 7.401883e+03 7.448981e+03 7.524174e+03
6.3 7.461391e+03 7.432547e+03 7.440001e+03 7.468845e+03
7.3 7.440099e+03 7.397224e+03 7.435708e+03 7.478584e+03
8.3 7.427438e+03 7.443240e+03 7.423535e+03 7.407733e+03
1.0 7.470660e+03 7.418125e+03 7.461769e+03 7.514304e+03
2.0 7.460314e+03 7.425024e+03 7.454328e+03 7.489618e+03
3.0 7.477076e+03 7.401883e+03 7.448981e+03 7.524174e+03
4.0 7.461391e+03 7.432547e+03 7.440001e+03 7.468845e+03
5.0 7.440099e+03 7.397224e+03 7.435708e+03 7.478584e+03
6.0 7.427438e+03 7.443240e+03 7.423535e+03 7.407733e+03
0.6 7.477076e+03 7.401883e+03 7.448981e+03 7.524174e+03
1.6 7.461391e+03 7.432547e+03 7.440001e+03 7.468845e+03
2.6 7.440099e+03 7.397224e+03 7.435708e+03 7.478584e+03
3.6 7.427438e+03 7.443240e+03 7.423535e+03 7.407733e+03
0.3 7.440099e+03 7.397224e+03 7.435708e+03 7.478584e+03
1.3 7.427438e+03 7.443240e+03 7.423535e+03 7.407733e+03
