0.5 6.922473e+03 6.827850e+03 6.987658e+03 7.082282e+03
1.5 6.695305e+03 6.724374e+03 6.850798e+03 6.821729e+03
2.5 6.648053e+03 6.715583e+03 6.702871e+03 6.635341e+03
3.5 6.742545e+03 6.766942e+03 6.685563e+03 6.661167e+03
4.5 6.745660e+03 6.780943e+03 6.647712e+03 6.612429e+03
5.5 6.737787e+03 6.727451e+03 6.666057e+03 6.676394e+03
6.5 6.865152e+03 6.755796e+03 6.653635e+03 6.762991e+03
7.5 6.737976e+03 6.681770e+03 6.652866e+03 6.709072e+03
8.5 6.657495e+03 6.751198e+03 6.660448e+03 6.566744e+03
0.2 6.648053e+03 6.715583e+03 6.702871e+03 6.635341e+03
1.2 6.742545e+03 6.766942e+03 6.685563e+03 6.661167e+03
2.2 6.745660e+03 6.780943e+03 6.647712e+03 6.612429e+03
3.2 6.737787e+03 6.727451e+03 6.666057e+03 6.676394e+03
4.2 6.865152e+03 6.755796e+03 6.653635e+03 6.762991e+03
5.2 6.737976e+03 6.681770e+03 6.652866e+03 6.709072e+03
6.2 6.657495e+03 6.751198e+03 6.660448e+03 6.566744e+03
7.2 6.660241e+03 6.697770e+03 6.637879e+03 6.600350e+03
8.2 6.781696e+03 6.740735e+03 6.662525e+03 6.703486e+03
0.9 6.737787e+03 6.727451e+03 6.666057e+03 6.676394e+03
1.9 6.865152e+03 6.755796e+03 6.653635e+03 6.762991e+03
2.9 6.737976e+03 6.681770e+03 6.652866e+03 6.709072e+03
3.9 6.657495e+03 6.751198e+03 6.660448e+03 6.566744e+03
4.9 6.660241e+03 6.697770e+03 6.637879e+03 6.600350e+03
5.9 6.781696e+03 6.740735e+03 6.662525e+03 6.703486e+03
6.9 6.703780e+03 6.739703e+03 6.633119e+03 6.597197e+03
7.9 6.762286e+03 6.716359e+03 6.657334e+03 6.703260e+03
8.9 6.734892e+03 6.750872e+03 6.638220e+03 6.622240e+03
0.6 6.737976e+03 6.681770e+03 6.652866e+03 6.709072e+03
1.6 6.657495e+03 6.751198e+03 6.660448e+03 6.566744e+03
2.6 6.660241e+03 6.697770e+03 6.637879e+03 6.600350e+03
3.6 6.781696e+03 6.740735e+03 6.662525e+03 6.703486e+03
4.6 6.703780e+03 6.739703e+03 6.633119e+03 6.597197e+03
5.6 6.762286e+03 6.716359e+03 6.657334e+03 6.703260e+03
6.6 6.734892e+03 6.750872e+03 6.638220e+03 6.622240e+03
7.6 6.629126e+03 6.688325e+03 6.643957e+03 6.584758e+03
8.6 6.752848e+03 6.753213e+03 6.643609e+03 6.643244e+03
0.3 6.660241e+03 6.697770e+03 6.637879e+03 6.600350e+03
1.3 6.781696e+03 6.740735e+03 6.662525e+03 6.703486e+03
2.3 6.703780e+03 6.739703e+03 6.633119e+03 6.597197e+03
3.3 6.762286e+03 6.716359e+03 6.657334e+03 6.703260e+03
4.3 6.734892e+03 6.750872e+03 6.638220e+03 6.622240e+03
5.3 6.629126e+03 6.688325e+03 6.643957e+03 6.584758e+03
6.3 6.752848e+03 6.753213e+03 6.643609e+03 6.643244e+03
7.3 6.637861e+03 6.687645e+03 6.626723e+03 6.576939e+03
8.3 6.737200e+03 6.746440e+03 6.646540e+03 6.637300e+03
1.0 6.762286e+03 6.716359e+03 6.657334e+03 6.703260e+03
2.0 6.734892e+03 6.750872e+03 6.638220e+03 6.622240e+03
3.0 6.629126e+03 6.688325e+03 6.643957e+03 6.584758e+03
4.0 6.752848e+03 6.753213e+03 6.643609e+03 6.643244e+03
5.0 6.637861e+03 6.687645e+03 6.626723e+03 6.576939e+03
6.0 6.737200e+03 6.746440e+03 6.646540e+03 6.637300e+03
7.0 6.759094e+03 6.728935e+03 6.617025e+03 6.647183e+03
8.0 6.715261e+03 6.791796e+03 6.716356e+03 6.639822e+03
9.0 6.824758e+03 6.738375e+03 6.869356e+03 6.955740e+03
0.7 6.629126e+03 6.688325e+03 6.643957e+03 6.584758e+03
1.7 6.752848e+03 6.753213e+03 6.643609e+03 6.643244e+03
2.7 6.637861e+03 6.687645e+03 6.626723e+03 6.576939e+03
3.7 6.737200e+03 6.746440e+03 6.646540e+03 6.637300e+03
4.7 6.759094e+03 6.728935e+03 6.617025e+03 6.647183e+03
5.7 6.715261e+03 6.791796e+03 6.716356e+03 6.639822e+03
6.7 6.824758e+03 6.738375e+03 6.869356e+03 6.955740e+03
7.7 6.632437e+03 6.676019e+03 6.941055e+03 6.897473e+03
8.7 6.832555e+03 6.800856e+03 6.962069e+03 6.993768e+03
0.4 6.637861e+03 6.687645e+03 6.626723e+03 6.576939e+03
1.4 6.737200e+03 6.746440e+03 6.646540e+03 6.637300e+03
2.4 6.759094e+03 6.728935e+03 6.617025e+03 6.647183e+03
3.4 6.715261e+03 6.791796e+03 6.716356e+03 6.639822e+03
4.4 6.824758e+03 6.738375e+03 6.869356e+03 6.955740e+03
5.4 6.632437e+03 6.676019e+03 6.941055e+03 6.897473e+03
6.4 6.832555e+03 6.800856e+03 6.962069e+03 6.993768e+03
7.4 6.778708e+03 6.816261e+03 6.966403e+03 6.928849e+03
8.4 6.647806e+03 6.777082e+03 6.966495e+03 6.837219e+03
0.5 6.822516e+03 6.838147e+03 6.956954e+03 6.941322e+03
1.5 6.726145e+03 6.727948e+03 6.814449e+03 6.812645e+03
2.5 6.708629e+03 6.714928e+03 6.668107e+03 6.661808e+03
3.5 6.668324e+03 6.772456e+03 6.650686e+03 6.546555e+03
4.5 6.723394e+03 6.783095e+03 6.612048e+03 6.552346e+03
5.5 6.708713e+03 6.729457e+03 6.635295e+03 6.614551e+03
6.5 6.679808e+03 6.759697e+03 6.622662e+03 6.542773e+03
7.5 6.737495e+03 6.683318e+03 6.620711e+03 6.674889e+03
8.5 6.741627e+03 6.751717e+03 6.628586e+03 6.618495e+03
0.2 6.708629e+03 6.714928e+03 6.668107e+03 6.661808e+03
1.2 6.668324e+03 6.772456e+03 6.650686e+03 6.546555e+03
2.2 6.723394e+03 6.783095e+03 6.612048e+03 6.552346e+03
3.2 6.708713e+03 6.729457e+03 6.635295e+03 6.614551e+03
4.2 6.679808e+03 6.759697e+03 6.622662e+03 6.542773e+03
5.2 6.737495e+03 6.683318e+03 6.620711e+03 6.674889e+03
6.2 6.741627e+03 6.751717e+03 6.628586e+03 6.618495e+03
7.2 6.704013e+03 6.699744e+03 6.606903e+03 6.611171e+03
8.2 6.761071e+03 6.740377e+03 6.628839e+03 6.649534e+03
0.9 6.708713e+03 6.729457e+03 6.635295e+03 6.614551e+03
1.9 6.679808e+03 6.759697e+03 6.622662e+03 6.542773e+03
2.9 6.737495e+03 6.683318e+03 6.620711e+03 6.674889e+03
3.9 6.741627e+03 6.751717e+03 6.628586e+03 6.618495e+03
4.9 6.704013e+03 6.699744e+03 6.606903e+03 6.611171e+03
5.9 6.761071e+03 6.740377e+03 6.628839e+03 6.649534e+03
6.9 6.725263e+03 6.736083e+03 6.602951e+03 6.592131e+03
7.9 6.686416e+03 6.714331e+03 6.639184e+03 6.611269e+03
8.9 6.676958e+03 6.755622e+03 6.621764e+03 6.543099e+03
0.6 6.737495e+03 6.683318e+03 6.620711e+03 6.674889e+03
1.6 6.741627e+03 6.751717e+03 6.628586e+03 6.618495e+03
2.6 6.704013e+03 6.699744e+03 6.606903e+03 6.611171e+03
3.6 6.761071e+03 6.740377e+03 6.628839e+03 6.649534e+03
4.6 6.725263e+03 6.736083e+03 6.602951e+03 6.592131e+03
5.6 6.686416e+03 6.714331e+03 6.639184e+03 6.611269e+03
6.6 6.676958e+03 6.755622e+03 6.621764e+03 6.543099e+03
7.6 6.636774e+03 6.687335e+03 6.623832e+03 6.573272e+03
8.6 6.719502e+03 6.752220e+03 6.625626e+03 6.592908e+03
0.3 6.704013e+03 6.699744e+03 6.606903e+03 6.611171e+03
1.3 6.761071e+03 6.740377e+03 6.628839e+03 6.649534e+03
2.3 6.725263e+03 6.736083e+03 6.602951e+03 6.592131e+03
3.3 6.686416e+03 6.714331e+03 6.639184e+03 6.611269e+03
4.3 6.676958e+03 6.755622e+03 6.621764e+03 6.543099e+03
5.3 6.636774e+03 6.687335e+03 6.623832e+03 6.573272e+03
6.3 6.719502e+03 6.752220e+03 6.625626e+03 6.592908e+03
7.3 6.630084e+03 6.688821e+03 6.608513e+03 6.549776e+03
8.3 6.712255e+03 6.744666e+03 6.631407e+03 6.598996e+03
0.9 6.686416e+03 6.714331e+03 6.639184e+03 6.611269e+03
1.9 6.676958e+03 6.755622e+03 6.621764e+03 6.543099e+03
2.9 6.636774e+03 6.687335e+03 6.623832e+03 6.573272e+03
3.9 6.719502e+03 6.752220e+03 6.625626e+03 6.592908e+03
4.9 6.630084e+03 6.688821e+03 6.608513e+03 6.549776e+03
5.9 6.712255e+03 6.744666e+03 6.631407e+03 6.598996e+03
6.9 6.726366e+03 6.731795e+03 6.603459e+03 6.598031e+03
7.9 6.786199e+03 6.788670e+03 6.699846e+03 6.697374e+03
8.9 6.732950e+03 6.744986e+03 6.855709e+03 6.843674e+03
0.7 6.636774e+03 6.687335e+03 6.623832e+03 6.573272e+03
1.7 6.719502e+03 6.752220e+03 6.625626e+03 6.592908e+03
2.7 6.630084e+03 6.688821e+03 6.608513e+03 6.549776e+03
3.7 6.712255e+03 6.744666e+03 6.631407e+03 6.598996e+03
4.7 6.726366e+03 6.731795e+03 6.603459e+03 6.598031e+03
5.7 6.786199e+03 6.788670e+03 6.699846e+03 6.697374e+03
6.7 6.732950e+03 6.744986e+03 6.855709e+03 6.843674e+03
7.7 6.584298e+03 6.672506e+03 6.930584e+03 6.842376e+03
8.7 6.860755e+03 6.798834e+03 6.953514e+03 7.015435e+03
0.3 6.630084e+03 6.688821e+03 6.608513e+03 6.549776e+03
1.3 6.712255e+03 6.744666e+03 6.631407e+03 6.598996e+03
2.3 6.726366e+03 6.731795e+03 6.603459e+03 6.598031e+03
3.3 6.786199e+03 6.788670e+03 6.699846e+03 6.697374e+03
4.3 6.732950e+03 6.744986e+03 6.855709e+03 6.843674e+03
5.3 6.584298e+03 6.672506e+03 6.930584e+03 6.842376e+03
6.3 6.860755e+03 6.798834e+03 6.953514e+03 7.015435e+03
7.3 6.809023e+03 6.816654e+03 6.959103e+03 6.951472e+03
8.3 6.947745e+03 6.778098e+03 6.960182e+03 7.129829e+03
0.5 6.834597e+03 6.842113e+03 6.952086e+03 6.944570e+03
1.5 6.810135e+03 6.725943e+03 6.806704e+03 6.890896e+03
2.5 6.820785e+03 6.709078e+03 6.664163e+03 6.775871e+03
3.5 6.875718e+03 6.774159e+03 6.652268e+03 6.753827e+03
4.5 6.780501e+03 6.784854e+03 6.612594e+03 6.608242e+03
5.5 6.701679e+03 6.722764e+03 6.641054e+03 6.619969e+03
6.5 6.758936e+03 6.764114e+03 6.630202e+03 6.625024e+03
7.5 6.703598e+03 6.678443e+03 6.621675e+03 6.646830e+03
8.5 6.743931e+03 6.751650e+03 6.634814e+03 6.627095e+03
0.2 6.820785e+03 6.709078e+03 6.664163e+03 6.775871e+03
1.2 6.875718e+03 6.774159e+03 6.652268e+03 6.753827e+03
2.2 6.780501e+03 6.784854e+03 6.612594e+03 6.608242e+03
3.2 6.701679e+03 6.722764e+03 6.641054e+03 6.619969e+03
4.2 6.758936e+03 6.764114e+03 6.630202e+03 6.625024e+03
5.2 6.703598e+03 6.678443e+03 6.621675e+03 6.646830e+03
6.2 6.743931e+03 6.751650e+03 6.634814e+03 6.627095e+03
7.2 6.734728e+03 6.709024e+03 6.607530e+03 6.633234e+03
8.2 6.790599e+03 6.735219e+03 6.634871e+03 6.690251e+03
0.8 6.701679e+03 6.722764e+03 6.641054e+03 6.619969e+03
1.8 6.758936e+03 6.764114e+03 6.630202e+03 6.625024e+03
2.8 6.703598e+03 6.678443e+03 6.621675e+03 6.646830e+03
3.8 6.743931e+03 6.751650e+03 6.634814e+03 6.627095e+03
4.8 6.734728e+03 6.709024e+03 6.607530e+03 6.633234e+03
5.8 6.790599e+03 6.735219e+03 6.634871e+03 6.690251e+03
6.8 6.831886e+03 6.744351e+03 6.608750e+03 6.696284e+03
7.8 6.760638e+03 6.708394e+03 6.631771e+03 6.684014e+03
8.8 6.843899e+03 6.751777e+03 6.619181e+03 6.711303e+03
0.5 6.703598e+03 6.678443e+03 6.621675e+03 6.646830e+03
1.5 6.743931e+03 6.751650e+03 6.634814e+03 6.627095e+03
2.5 6.734728e+03 6.709024e+03 6.607530e+03 6.633234e+03
3.5 6.790599e+03 6.735219e+03 6.634871e+03 6.690251e+03
4.5 6.831886e+03 6.744351e+03 6.608750e+03 6.696284e+03
5.5 6.760638e+03 6.708394e+03 6.631771e+03 6.684014e+03
6.5 6.843899e+03 6.751777e+03 6.619181e+03 6.711303e+03
7.5 6.677418e+03 6.683894e+03 6.621652e+03 6.615176e+03
8.5 6.702271e+03 6.752404e+03 6.629087e+03 6.578954e+03
0.2 6.734728e+03 6.709024e+03 6.607530e+03 6.633234e+03
1.2 6.790599e+03 6.735219e+03 6.634871e+03 6.690251e+03
2.2 6.831886e+03 6.744351e+03 6.608750e+03 6.696284e+03
3.2 6.760638e+03 6.708394e+03 6.631771e+03 6.684014e+03
4.2 6.843899e+03 6.751777e+03 6.619181e+03 6.711303e+03
5.2 6.677418e+03 6.683894e+03 6.621652e+03 6.615176e+03
6.2 6.702271e+03 6.752404e+03 6.629087e+03 6.578954e+03
7.2 6.714570e+03 6.695152e+03 6.609859e+03 6.629277e+03
8.2 6.752323e+03 6.742572e+03 6.635724e+03 6.645474e+03
0.9 6.760638e+03 6.708394e+03 6.631771e+03 6.684014e+03
1.9 6.843899e+03 6.751777e+03 6.619181e+03 6.711303e+03
2.9 6.677418e+03 6.683894e+03 6.621652e+03 6.615176e+03
3.9 6.702271e+03 6.752404e+03 6.629087e+03 6.578954e+03
4.9 6.714570e+03 6.695152e+03 6.609859e+03 6.629277e+03
5.9 6.752323e+03 6.742572e+03 6.635724e+03 6.645474e+03
6.9 6.809074e+03 6.737612e+03 6.608509e+03 6.679970e+03
7.9 6.771716e+03 6.782745e+03 6.696320e+03 6.685291e+03
8.9 6.751110e+03 6.758876e+03 6.855628e+03 6.847862e+03
0.6 6.677418e+03 6.683894e+03 6.621652e+03 6.615176e+03
1.6 6.702271e+03 6.752404e+03 6.629087e+03 6.578954e+03
2.6 6.714570e+03 6.695152e+03 6.609859e+03 6.629277e+03
3.6 6.752323e+03 6.742572e+03 6.635724e+03 6.645474e+03
4.6 6.809074e+03 6.737612e+03 6.608509e+03 6.679970e+03
5.6 6.771716e+03 6.782745e+03 6.696320e+03 6.685291e+03
6.6 6.751110e+03 6.758876e+03 6.855628e+03 6.847862e+03
7.6 6.651342e+03 6.666728e+03 6.935332e+03 6.919946e+03
8.6 6.836694e+03 6.795533e+03 6.960960e+03 7.002122e+03
0.3 6.714570e+03 6.695152e+03 6.609859e+03 6.629277e+03
1.3 6.752323e+03 6.742572e+03 6.635724e+03 6.645474e+03
2.3 6.809074e+03 6.737612e+03 6.608509e+03 6.679970e+03
3.3 6.771716e+03 6.782745e+03 6.696320e+03 6.685291e+03
4.3 6.751110e+03 6.758876e+03 6.855628e+03 6.847862e+03
5.3 6.651342e+03 6.666728e+03 6.935332e+03 6.919946e+03
6.3 6.836694e+03 6.795533e+03 6.960960e+03 7.002122e+03
7.3 6.919023e+03 6.818467e+03 6.968310e+03 7.068866e+03
8.3 6.787827e+03 6.781397e+03 6.971026e+03 6.977455e+03
0.5 6.767816e+03 6.843996e+03 6.971636e+03 6.895456e+03
1.5 6.703298e+03 6.728172e+03 6.829202e+03 6.804328e+03
2.5 6.700520e+03 6.712561e+03 6.689876e+03 6.677835e+03
3.5 6.710427e+03 6.777288e+03 6.677347e+03 6.610486e+03
4.5 6.797034e+03 6.785475e+03 6.643055e+03 6.654614e+03
5.5 6.749237e+03 6.736474e+03 6.672740e+03 6.685504e+03
6.5 6.837990e+03 6.764007e+03 6.663910e+03 6.737893e+03
7.5 6.730197e+03 6.685028e+03 6.671477e+03 6.716646e+03
8.5 6.754911e+03 6.760138e+03 6.686750e+03 6.681522e+03
0.2 6.700520e+03 6.712561e+03 6.689876e+03 6.677835e+03
1.2 6.710427e+03 6.777288e+03 6.677347e+03 6.610486e+03
2.2 6.797034e+03 6.785475e+03 6.643055e+03 6.654614e+03
3.2 6.749237e+03 6.736474e+03 6.672740e+03 6.685504e+03
4.2 6.837990e+03 6.764007e+03 6.663910e+03 6.737893e+03
5.2 6.730197e+03 6.685028e+03 6.671477e+03 6.716646e+03
6.2 6.754911e+03 6.760138e+03 6.686750e+03 6.681522e+03
7.2 6.670185e+03 6.705574e+03 6.669848e+03 6.634459e+03
8.2 6.683728e+03 6.748316e+03 6.701891e+03 6.637303e+03
0.9 6.749237e+03 6.736474e+03 6.672740e+03 6.685504e+03
1.9 6.837990e+03 6.764007e+03 6.663910e+03 6.737893e+03
2.9 6.730197e+03 6.685028e+03 6.671477e+03 6.716646e+03
3.9 6.754911e+03 6.760138e+03 6.686750e+03 6.681522e+03
4.9 6.670185e+03 6.705574e+03 6.669848e+03 6.634459e+03
5.9 6.683728e+03 6.748316e+03 6.701891e+03 6.637303e+03
6.9 6.750693e+03 6.748030e+03 6.681299e+03 6.683963e+03
7.9 6.753932e+03 6.723265e+03 6.718856e+03 6.749522e+03
8.9 6.857332e+03 6.763715e+03 6.710096e+03 6.803713e+03
0.6 6.730197e+03 6.685028e+03 6.671477e+03 6.716646e+03
1.6 6.754911e+03 6.760138e+03 6.686750e+03 6.681522e+03
2.6 6.670185e+03 6.705574e+03 6.669848e+03 6.634459e+03
3.6 6.683728e+03 6.748316e+03 6.701891e+03 6.637303e+03
4.6 6.750693e+03 6.748030e+03 6.681299e+03 6.683963e+03
5.6 6.753932e+03 6.723265e+03 6.718856e+03 6.749522e+03
6.6 6.857332e+03 6.763715e+03 6.710096e+03 6.803713e+03
7.6 6.782156e+03 6.698400e+03 6.722397e+03 6.806153e+03
8.6 6.785038e+03 6.765321e+03 6.733681e+03 6.753398e+03
0.3 6.670185e+03 6.705574e+03 6.669848e+03 6.634459e+03
1.3 6.683728e+03 6.748316e+03 6.701891e+03 6.637303e+03
2.3 6.750693e+03 6.748030e+03 6.681299e+03 6.683963e+03
3.3 6.753932e+03 6.723265e+03 6.718856e+03 6.749522e+03
4.3 6.857332e+03 6.763715e+03 6.710096e+03 6.803713e+03
5.3 6.782156e+03 6.698400e+03 6.722397e+03 6.806153e+03
6.3 6.785038e+03 6.765321e+03 6.733681e+03 6.753398e+03
7.3 6.747235e+03 6.698832e+03 6.726654e+03 6.775058e+03
8.3 6.659975e+03 6.761820e+03 6.767172e+03 6.665327e+03
1.0 6.753932e+03 6.723265e+03 6.718856e+03 6.749522e+03
2.0 6.857332e+03 6.763715e+03 6.710096e+03 6.803713e+03
3.0 6.782156e+03 6.698400e+03 6.722397e+03 6.806153e+03
4.0 6.785038e+03 6.765321e+03 6.733681e+03 6.753398e+03
5.0 6.747235e+03 6.698832e+03 6.726654e+03 6.775058e+03
6.0 6.659975e+03 6.761820e+03 6.767172e+03 6.665327e+03
0.6 6.782156e+03 6.698400e+03 6.722397e+03 6.806153e+03
1.6 6.785038e+03 6.765321e+03 6.733681e+03 6.753398e+03
2.6 6.747235e+03 6.698832e+03 6.726654e+03 6.775058e+03
3.6 6.659975e+03 6.761820e+03 6.767172e+03 6.665327e+03
0.3 6.747235e+03 6.698832e+03 6.726654e+03 6.775058e+03
1.3 6.659975e+03 6.761820e+03 6.767172e+03 6.665327e+03
