0.5 7.493103e+03 7.418758e+03 7.424485e+03 7.498830e+03
1.5 7.434173e+03 7.377952e+03 7.483869e+03 7.540090e+03
2.5 7.387887e+03 7.366811e+03 7.417672e+03 7.438748e+03
3.5 7.403528e+03 7.390286e+03 7.406618e+03 7.419859e+03
4.5 7.388543e+03 7.458124e+03 7.406365e+03 7.336785e+03
5.5 7.394888e+03 7.457536e+03 7.406577e+03 7.343928e+03
6.5 7.420949e+03 7.441722e+03 7.406752e+03 7.385979e+03
7.5 7.412094e+03 7.429342e+03 7.406885e+03 7.389636e+03
0.1 7.391557e+03 7.386728e+03 7.407014e+03 7.411843e+03
1.1 7.407221e+03 7.398438e+03 7.482750e+03 7.491533e+03
2.1 7.442399e+03 7.427537e+03 7.488596e+03 7.503458e+03
3.1 7.515960e+03 7.542650e+03 7.417284e+03 7.390594e+03
4.1 7.628503e+03 7.628340e+03 7.407390e+03 7.407553e+03
5.1 7.460312e+03 7.584054e+03 7.406871e+03 7.283130e+03
6.1 7.433664e+03 7.500565e+03 7.406849e+03 7.339948e+03
7.1 7.382579e+03 7.422027e+03 7.406849e+03 7.367401e+03
0.5 7.389504e+03 7.380257e+03 7.426689e+03 7.435936e+03
1.5 7.401186e+03 7.343127e+03 7.485615e+03 7.543673e+03
2.5 7.389000e+03 7.330760e+03 7.419034e+03 7.477274e+03
3.5 7.368952e+03 7.358026e+03 7.407543e+03 7.418469e+03
4.5 7.410126e+03 7.431616e+03 7.406906e+03 7.385417e+03
5.5 7.388112e+03 7.431613e+03 7.406891e+03 7.363391e+03
6.5 7.388241e+03 7.420307e+03 7.406900e+03 7.374834e+03
7.5 7.407309e+03 7.409156e+03 7.406908e+03 7.405061e+03
0.1 7.383300e+03 7.382715e+03 7.406865e+03 7.407450e+03
1.1 7.376002e+03 7.392564e+03 7.480720e+03 7.464158e+03
2.1 7.361735e+03 7.422918e+03 7.490843e+03 7.429660e+03
3.1 7.430185e+03 7.535390e+03 7.417940e+03 7.312735e+03
4.1 7.820000e+03 7.625129e+03 7.407383e+03 7.602253e+03
5.1 7.757989e+03 7.583455e+03 7.406828e+03 7.581362e+03
6.1 7.548540e+03 7.500526e+03 7.406809e+03 7.454823e+03
7.1 7.366389e+03 7.421896e+03 7.406812e+03 7.351306e+03
0.5 7.306644e+03 7.378917e+03 7.426655e+03 7.354381e+03
1.5 7.328765e+03 7.343017e+03 7.485579e+03 7.471327e+03
2.5 7.365865e+03 7.326963e+03 7.418998e+03 7.457900e+03
3.5 7.411731e+03 7.355503e+03 7.407520e+03 7.463748e+03
4.5 7.405292e+03 7.434841e+03 7.406906e+03 7.377357e+03
5.5 7.353341e+03 7.432971e+03 7.406899e+03 7.327269e+03
6.5 7.362043e+03 7.420284e+03 7.406914e+03 7.348674e+03
7.5 7.361292e+03 7.412912e+03 7.406931e+03 7.355311e+03
0.0 7.431587e+03 7.386809e+03 7.407353e+03 7.452132e+03
1.0 7.353673e+03 7.391610e+03 7.477208e+03 7.439272e+03
2.0 7.420741e+03 7.423747e+03 7.495923e+03 7.492917e+03
3.0 7.484394e+03 7.529728e+03 7.420320e+03 7.374987e+03
4.0 7.777493e+03 7.626739e+03 7.408434e+03 7.559188e+03
5.0 7.555772e+03 7.590016e+03 7.407938e+03 7.373694e+03
6.0 7.398050e+03 7.507996e+03 7.408089e+03 7.298143e+03
7.0 7.377318e+03 7.429102e+03 7.408288e+03 7.356504e+03
0.5 7.350139e+03 7.383863e+03 7.428594e+03 7.394871e+03
1.5 7.353006e+03 7.348684e+03 7.487790e+03 7.492112e+03
2.5 7.309362e+03 7.333427e+03 7.421508e+03 7.397442e+03
3.5 7.298884e+03 7.363143e+03 7.410361e+03 7.346102e+03
4.5 7.338156e+03 7.440942e+03 7.410108e+03 7.307322e+03
5.5 7.354526e+03 7.440506e+03 7.410494e+03 7.324513e+03
6.5 7.371302e+03 7.432662e+03 7.410933e+03 7.349573e+03
7.5 7.394923e+03 7.420066e+03 7.411405e+03 7.386261e+03
