0.5 8.183249e+03 8.115174e+03 8.095535e+03 8.163610e+03
1.5 8.104281e+03 8.062893e+03 8.101862e+03 8.143250e+03
2.5 8.075045e+03 8.064761e+03 8.094809e+03 8.105093e+03
3.5 8.084436e+03 8.071402e+03 8.093632e+03 8.106665e+03
4.5 8.076305e+03 8.113647e+03 8.093605e+03 8.056263e+03
5.5 8.075953e+03 8.111731e+03 8.093627e+03 8.057849e+03
6.5 8.109112e+03 8.110141e+03 8.093646e+03 8.092616e+03
7.5 8.096148e+03 8.100212e+03 8.093660e+03 8.089596e+03
0.1 8.061167e+03 8.071469e+03 8.093674e+03 8.083371e+03
1.1 8.067499e+03 8.062589e+03 8.101743e+03 8.106653e+03
2.1 8.088741e+03 8.091951e+03 8.102366e+03 8.099156e+03
3.1 8.198574e+03 8.192241e+03 8.094768e+03 8.101102e+03
4.1 8.235618e+03 8.242244e+03 8.093714e+03 8.087088e+03
5.1 8.126811e+03 8.213760e+03 8.093658e+03 8.006710e+03
6.1 8.100448e+03 8.164019e+03 8.093656e+03 8.030084e+03
7.1 8.059975e+03 8.118679e+03 8.093656e+03 8.034951e+03
0.5 8.061964e+03 8.085621e+03 8.095770e+03 8.072113e+03
1.5 8.070515e+03 8.035473e+03 8.102048e+03 8.137090e+03
2.5 8.056540e+03 8.036863e+03 8.094954e+03 8.114631e+03
3.5 8.043919e+03 8.046781e+03 8.093730e+03 8.090868e+03
4.5 8.075022e+03 8.092527e+03 8.093662e+03 8.076158e+03
5.5 8.052525e+03 8.091364e+03 8.093661e+03 8.054822e+03
6.5 8.050413e+03 8.093323e+03 8.093662e+03 8.050752e+03
7.5 8.083682e+03 8.084087e+03 8.093662e+03 8.093257e+03
0.1 8.045787e+03 8.067668e+03 8.093658e+03 8.071777e+03
1.1 8.027768e+03 8.058333e+03 8.101527e+03 8.070962e+03
2.1 8.025098e+03 8.086965e+03 8.102605e+03 8.040738e+03
3.1 8.100774e+03 8.186885e+03 8.094838e+03 8.008728e+03
4.1 8.313623e+03 8.239667e+03 8.093713e+03 8.167669e+03
5.1 8.370249e+03 8.212782e+03 8.093654e+03 8.251121e+03
6.1 8.229798e+03 8.163413e+03 8.093652e+03 8.160037e+03
7.1 8.100879e+03 8.118081e+03 8.093652e+03 8.076450e+03
0.5 8.045019e+03 8.084472e+03 8.095766e+03 8.056313e+03
1.5 8.055134e+03 8.034714e+03 8.102044e+03 8.122465e+03
2.5 8.085120e+03 8.033911e+03 8.094951e+03 8.146159e+03
3.5 8.110188e+03 8.045345e+03 8.093728e+03 8.158570e+03
4.5 8.088385e+03 8.094734e+03 8.093662e+03 8.087313e+03
5.5 8.047468e+03 8.092193e+03 8.093661e+03 8.048937e+03
6.5 8.059632e+03 8.094377e+03 8.093663e+03 8.058918e+03
7.5 8.062150e+03 8.086814e+03 8.093665e+03 8.069000e+03
0.0 8.122484e+03 8.070096e+03 8.093710e+03 8.146098e+03
1.0 8.041412e+03 8.058795e+03 8.101153e+03 8.083770e+03
2.0 8.084833e+03 8.085294e+03 8.103147e+03 8.102685e+03
3.0 8.177941e+03 8.183396e+03 8.095091e+03 8.089636e+03
4.0 8.339017e+03 8.241138e+03 8.093825e+03 8.191704e+03
5.0 8.198197e+03 8.217143e+03 8.093772e+03 8.074826e+03
6.0 8.089260e+03 8.168278e+03 8.093788e+03 8.014770e+03
7.0 8.103109e+03 8.122825e+03 8.093809e+03 8.074094e+03
0.5 8.053601e+03 8.088126e+03 8.095973e+03 8.061448e+03
1.5 8.032969e+03 8.038901e+03 8.102280e+03 8.096349e+03
2.5 8.002212e+03 8.038689e+03 8.095218e+03 8.058741e+03
3.5 7.991022e+03 8.050892e+03 8.094030e+03 8.034161e+03
4.5 8.009793e+03 8.099028e+03 8.094003e+03 8.004768e+03
5.5 8.029094e+03 8.097915e+03 8.094044e+03 8.025223e+03
6.5 8.060142e+03 8.102072e+03 8.094091e+03 8.052162e+03
7.5 8.069221e+03 8.092134e+03 8.094142e+03 8.071228e+03
