0.5 9.575545e+03 9.465535e+03 9.442289e+03 9.552300e+03
1.5 9.475624e+03 9.436731e+03 9.454613e+03 9.493505e+03
2.5 9.419868e+03 9.422399e+03 9.474329e+03 9.471798e+03
3.5 9.411244e+03 9.401171e+03 9.479781e+03 9.489854e+03
4.5 9.414031e+03 9.435777e+03 9.473285e+03 9.451539e+03
5.5 9.407533e+03 9.444387e+03 9.463512e+03 9.426658e+03
6.5 9.445745e+03 9.471187e+03 9.452983e+03 9.427540e+03
7.5 9.437943e+03 9.465381e+03 9.444923e+03 9.417485e+03
0.1 9.421029e+03 9.444667e+03 9.441957e+03 9.418319e+03
1.1 9.439251e+03 9.460562e+03 9.446692e+03 9.425380e+03
2.1 9.538423e+03 9.522060e+03 9.470722e+03 9.487085e+03
3.1 9.576982e+03 9.567912e+03 9.493550e+03 9.502619e+03
4.1 9.580782e+03 9.545560e+03 9.494805e+03 9.530027e+03
5.1 9.499338e+03 9.505581e+03 9.482571e+03 9.476328e+03
6.1 9.470304e+03 9.472558e+03 9.467482e+03 9.465227e+03
7.1 9.446791e+03 9.452593e+03 9.451996e+03 9.446195e+03
0.5 9.460934e+03 9.432360e+03 9.441752e+03 9.470326e+03
1.5 9.453425e+03 9.405676e+03 9.453801e+03 9.501550e+03
2.5 9.431991e+03 9.392926e+03 9.473299e+03 9.512364e+03
3.5 9.422287e+03 9.376541e+03 9.478576e+03 9.524323e+03
4.5 9.439045e+03 9.413606e+03 9.471920e+03 9.497360e+03
5.5 9.433680e+03 9.424000e+03 9.462003e+03 9.471684e+03
6.5 9.427289e+03 9.454730e+03 9.451372e+03 9.423931e+03
7.5 9.480706e+03 9.449222e+03 9.443260e+03 9.474744e+03
0.1 9.458494e+03 9.441272e+03 9.441216e+03 9.458438e+03
1.1 9.448920e+03 9.456557e+03 9.445708e+03 9.438071e+03
2.1 9.464606e+03 9.517495e+03 9.469415e+03 9.416526e+03
3.1 9.521982e+03 9.565793e+03 9.492757e+03 9.448946e+03
4.1 9.547681e+03 9.544702e+03 9.494583e+03 9.497561e+03
5.1 9.562072e+03 9.505063e+03 9.482585e+03 9.539595e+03
6.1 9.468599e+03 9.471936e+03 9.467580e+03 9.464244e+03
7.1 9.399830e+03 9.451901e+03 9.452090e+03 9.400020e+03
0.5 9.382548e+03 9.431616e+03 9.441564e+03 9.392496e+03
1.5 9.381378e+03 9.404337e+03 9.453641e+03 9.430682e+03
2.5 9.414149e+03 9.390699e+03 9.473162e+03 9.496612e+03
3.5 9.421930e+03 9.376869e+03 9.478458e+03 9.523519e+03
4.5 9.398887e+03 9.415924e+03 9.471822e+03 9.454785e+03
5.5 9.367459e+03 9.424660e+03 9.461930e+03 9.404729e+03
6.5 9.377984e+03 9.457417e+03 9.451325e+03 9.371893e+03
7.5 9.395341e+03 9.450808e+03 9.443239e+03 9.387772e+03
0.0 9.488626e+03 9.442410e+03 9.441615e+03 9.487830e+03
1.0 9.504607e+03 9.455445e+03 9.445538e+03 9.494699e+03
2.0 9.529729e+03 9.514493e+03 9.468453e+03 9.483689e+03
3.0 9.599565e+03 9.566977e+03 9.492714e+03 9.525301e+03
4.0 9.604151e+03 9.548086e+03 9.495668e+03 9.551733e+03
5.0 9.465167e+03 9.508833e+03 9.484173e+03 9.440508e+03
6.0 9.413804e+03 9.475289e+03 9.469382e+03 9.407897e+03
7.0 9.456687e+03 9.454978e+03 9.453974e+03 9.455682e+03
0.5 9.406547e+03 9.434562e+03 9.443148e+03 9.415133e+03
1.5 9.369005e+03 9.407636e+03 9.455476e+03 9.416845e+03
2.5 9.342688e+03 9.394373e+03 9.475281e+03 9.423596e+03
3.5 9.328713e+03 9.380860e+03 9.480900e+03 9.428753e+03
4.5 9.357863e+03 9.418501e+03 9.474627e+03 9.413989e+03
5.5 9.383955e+03 9.429165e+03 9.465139e+03 9.419929e+03
6.5 9.423106e+03 9.460715e+03 9.454981e+03 9.417372e+03
7.5 9.432374e+03 9.454614e+03 9.447387e+03 9.425147e+03
