0.5 1.429877e+03 1.403183e+03 1.361803e+03 1.388496e+03
1.5 1.474068e+03 1.393563e+03 1.402305e+03 1.482810e+03
2.5 1.385057e+03 1.366001e+03 1.467104e+03 1.486160e+03
3.5 1.398474e+03 1.400015e+03 1.485022e+03 1.483482e+03
4.5 1.370707e+03 1.443557e+03 1.463674e+03 1.390825e+03
5.5 1.468200e+03 1.444562e+03 1.431555e+03 1.455192e+03
6.5 1.388591e+03 1.411176e+03 1.396949e+03 1.374364e+03
7.5 1.374856e+03 1.412781e+03 1.370459e+03 1.332535e+03
0.1 1.451131e+03 1.390448e+03 1.360712e+03 1.421394e+03
1.1 1.392177e+03 1.397774e+03 1.376273e+03 1.370676e+03
2.1 1.334255e+03 1.352713e+03 1.455248e+03 1.436791e+03
3.1 1.424734e+03 1.391605e+03 1.530273e+03 1.563403e+03
4.1 1.453870e+03 1.496876e+03 1.534398e+03 1.491392e+03
5.1 1.413776e+03 1.498325e+03 1.494192e+03 1.409643e+03
6.1 1.383764e+03 1.455603e+03 1.444601e+03 1.372762e+03
7.1 1.415853e+03 1.406417e+03 1.393706e+03 1.403141e+03
0.5 1.441814e+03 1.396048e+03 1.360038e+03 1.405804e+03
1.5 1.360715e+03 1.388519e+03 1.399638e+03 1.371834e+03
2.5 1.355414e+03 1.358137e+03 1.463717e+03 1.460994e+03
3.5 1.450021e+03 1.391427e+03 1.481063e+03 1.539657e+03
4.5 1.320055e+03 1.438875e+03 1.459187e+03 1.340367e+03
5.5 1.419140e+03 1.438773e+03 1.426595e+03 1.406961e+03
6.5 1.396097e+03 1.406362e+03 1.391653e+03 1.381388e+03
7.5 1.422492e+03 1.409042e+03 1.364995e+03 1.378444e+03
0.1 1.392714e+03 1.390369e+03 1.358277e+03 1.360623e+03
1.1 1.435100e+03 1.395954e+03 1.373039e+03 1.412185e+03
2.1 1.317186e+03 1.354001e+03 1.450953e+03 1.414139e+03
3.1 1.336113e+03 1.387064e+03 1.527670e+03 1.476719e+03
4.1 1.736673e+03 1.494673e+03 1.533668e+03 1.775669e+03
5.1 1.488623e+03 1.498272e+03 1.494239e+03 1.484589e+03
6.1 1.520127e+03 1.456135e+03 1.444924e+03 1.508916e+03
7.1 1.398224e+03 1.406907e+03 1.394015e+03 1.385332e+03
0.5 1.306157e+03 1.395563e+03 1.359420e+03 1.270014e+03
1.5 1.444408e+03 1.389989e+03 1.399111e+03 1.453530e+03
2.5 1.365211e+03 1.356428e+03 1.463269e+03 1.472052e+03
3.5 1.383139e+03 1.388455e+03 1.480673e+03 1.475357e+03
4.5 1.440760e+03 1.440172e+03 1.458864e+03 1.459453e+03
5.5 1.421377e+03 1.439688e+03 1.426355e+03 1.408043e+03
6.5 1.401007e+03 1.403585e+03 1.391500e+03 1.388922e+03
7.5 1.366663e+03 1.411551e+03 1.364923e+03 1.320036e+03
0.0 1.437504e+03 1.393440e+03 1.359587e+03 1.403650e+03
1.0 1.319521e+03 1.395233e+03 1.372480e+03 1.296768e+03
2.0 1.387691e+03 1.359606e+03 1.447793e+03 1.475878e+03
3.0 1.320007e+03 1.380664e+03 1.527525e+03 1.466868e+03
4.0 1.484703e+03 1.492423e+03 1.537234e+03 1.529514e+03
5.0 1.528936e+03 1.500333e+03 1.499456e+03 1.528059e+03
6.0 1.503800e+03 1.459346e+03 1.450845e+03 1.495299e+03
7.0 1.358657e+03 1.410049e+03 1.400205e+03 1.348813e+03
0.5 1.421228e+03 1.396812e+03 1.364627e+03 1.389043e+03
1.5 1.360472e+03 1.391472e+03 1.405143e+03 1.374143e+03
2.5 1.324296e+03 1.358176e+03 1.470234e+03 1.436353e+03
3.5 1.422993e+03 1.390915e+03 1.488700e+03 1.520778e+03
4.5 1.405906e+03 1.442116e+03 1.468082e+03 1.431873e+03
5.5 1.451309e+03 1.440890e+03 1.436900e+03 1.447318e+03
6.5 1.384379e+03 1.411054e+03 1.403514e+03 1.376840e+03
7.5 1.419034e+03 1.412303e+03 1.378556e+03 1.385287e+03
