0.5 1.474068e+03 1.393563e+03 1.320202e+03 1.400707e+03
1.5 1.385057e+03 1.366001e+03 1.422720e+03 1.441776e+03
2.5 1.398474e+03 1.400015e+03 1.425373e+03 1.423833e+03
3.5 1.370707e+03 1.443557e+03 1.422921e+03 1.350071e+03
4.5 1.468200e+03 1.444562e+03 1.441878e+03 1.465515e+03
5.5 1.388591e+03 1.411176e+03 1.412443e+03 1.389858e+03
6.5 1.374856e+03 1.412781e+03 1.442011e+03 1.404086e+03
7.5 1.412758e+03 1.373199e+03 1.408173e+03 1.447732e+03
8.5 1.361946e+03 1.407902e+03 1.439667e+03 1.393712e+03
0.2 1.398474e+03 1.400015e+03 1.425373e+03 1.423833e+03
1.2 1.370707e+03 1.443557e+03 1.422921e+03 1.350071e+03
2.2 1.468200e+03 1.444562e+03 1.441878e+03 1.465515e+03
3.2 1.388591e+03 1.411176e+03 1.412443e+03 1.389858e+03
4.2 1.374856e+03 1.412781e+03 1.442011e+03 1.404086e+03
5.2 1.412758e+03 1.373199e+03 1.408173e+03 1.447732e+03
6.2 1.361946e+03 1.407902e+03 1.439667e+03 1.393712e+03
7.2 1.381955e+03 1.378453e+03 1.423970e+03 1.427472e+03
8.2 1.367549e+03 1.402594e+03 1.433787e+03 1.398742e+03
0.9 1.388591e+03 1.411176e+03 1.412443e+03 1.389858e+03
1.9 1.374856e+03 1.412781e+03 1.442011e+03 1.404086e+03
2.9 1.412758e+03 1.373199e+03 1.408173e+03 1.447732e+03
3.9 1.361946e+03 1.407902e+03 1.439667e+03 1.393712e+03
4.9 1.381955e+03 1.378453e+03 1.423970e+03 1.427472e+03
5.9 1.367549e+03 1.402594e+03 1.433787e+03 1.398742e+03
6.9 1.422640e+03 1.398012e+03 1.447595e+03 1.472223e+03
7.9 1.393682e+03 1.389616e+03 1.424349e+03 1.428415e+03
8.9 1.407167e+03 1.403926e+03 1.450964e+03 1.454206e+03
0.6 1.412758e+03 1.373199e+03 1.408173e+03 1.447732e+03
1.6 1.361946e+03 1.407902e+03 1.439667e+03 1.393712e+03
2.6 1.381955e+03 1.378453e+03 1.423970e+03 1.427472e+03
3.6 1.367549e+03 1.402594e+03 1.433787e+03 1.398742e+03
4.6 1.422640e+03 1.398012e+03 1.447595e+03 1.472223e+03
5.6 1.393682e+03 1.389616e+03 1.424349e+03 1.428415e+03
6.6 1.407167e+03 1.403926e+03 1.450964e+03 1.454206e+03
7.6 1.412920e+03 1.374011e+03 1.416783e+03 1.455692e+03
8.6 1.373079e+03 1.405765e+03 1.449513e+03 1.416827e+03
0.3 1.381955e+03 1.378453e+03 1.423970e+03 1.427472e+03
1.3 1.367549e+03 1.402594e+03 1.433787e+03 1.398742e+03
2.3 1.422640e+03 1.398012e+03 1.447595e+03 1.472223e+03
3.3 1.393682e+03 1.389616e+03 1.424349e+03 1.428415e+03
4.3 1.407167e+03 1.403926e+03 1.450964e+03 1.454206e+03
5.3 1.412920e+03 1.374011e+03 1.416783e+03 1.455692e+03
6.3 1.373079e+03 1.405765e+03 1.449513e+03 1.416827e+03
7.3 1.380141e+03 1.371415e+03 1.424684e+03 1.433410e+03
8.3 1.428032e+03 1.402916e+03 1.444548e+03 1.469663e+03
1.0 1.393682e+03 1.389616e+03 1.424349e+03 1.428415e+03
2.0 1.407167e+03 1.403926e+03 1.450964e+03 1.454206e+03
3.0 1.412920e+03 1.374011e+03 1.416783e+03 1.455692e+03
4.0 1.373079e+03 1.405765e+03 1.449513e+03 1.416827e+03
5.0 1.380141e+03 1.371415e+03 1.424684e+03 1.433410e+03
6.0 1.428032e+03 1.402916e+03 1.444548e+03 1.469663e+03
7.0 1.451131e+03 1.390448e+03 1.449828e+03 1.510511e+03
8.0 1.392177e+03 1.397774e+03 1.346465e+03 1.340868e+03
9.0 1.334255e+03 1.352713e+03 1.323944e+03 1.305486e+03
0.7 1.412920e+03 1.374011e+03 1.416783e+03 1.455692e+03
1.7 1.373079e+03 1.405765e+03 1.449513e+03 1.416827e+03
2.7 1.380141e+03 1.371415e+03 1.424684e+03 1.433410e+03
3.7 1.428032e+03 1.402916e+03 1.444548e+03 1.469663e+03
4.7 1.451131e+03 1.390448e+03 1.449828e+03 1.510511e+03
5.7 1.392177e+03 1.397774e+03 1.346465e+03 1.340868e+03
6.7 1.334255e+03 1.352713e+03 1.323944e+03 1.305486e+03
7.7 1.424734e+03 1.391605e+03 1.323161e+03 1.356291e+03
8.7 1.453870e+03 1.496876e+03 1.323645e+03 1.280639e+03
0.4 1.380141e+03 1.371415e+03 1.424684e+03 1.433410e+03
1.4 1.428032e+03 1.402916e+03 1.444548e+03 1.469663e+03
2.4 1.451131e+03 1.390448e+03 1.449828e+03 1.510511e+03
3.4 1.392177e+03 1.397774e+03 1.346465e+03 1.340868e+03
4.4 1.334255e+03 1.352713e+03 1.323944e+03 1.305486e+03
5.4 1.424734e+03 1.391605e+03 1.323161e+03 1.356291e+03
6.4 1.453870e+03 1.496876e+03 1.323645e+03 1.280639e+03
7.4 1.413776e+03 1.498325e+03 1.324112e+03 1.239562e+03
8.4 1.383764e+03 1.455603e+03 1.324506e+03 1.252667e+03
0.5 1.360715e+03 1.388519e+03 1.344517e+03 1.316714e+03
1.5 1.355414e+03 1.358137e+03 1.445299e+03 1.442576e+03
2.5 1.450021e+03 1.391427e+03 1.444226e+03 1.502820e+03
3.5 1.320055e+03 1.438875e+03 1.444288e+03 1.325468e+03
4.5 1.419140e+03 1.438773e+03 1.461362e+03 1.441728e+03
5.5 1.396097e+03 1.406362e+03 1.429180e+03 1.418915e+03
6.5 1.422492e+03 1.409042e+03 1.459750e+03 1.473200e+03
7.5 1.365327e+03 1.368431e+03 1.425091e+03 1.421986e+03
8.5 1.445657e+03 1.403074e+03 1.455535e+03 1.498117e+03
0.2 1.450021e+03 1.391427e+03 1.444226e+03 1.502820e+03
1.2 1.320055e+03 1.438875e+03 1.444288e+03 1.325468e+03
2.2 1.419140e+03 1.438773e+03 1.461362e+03 1.441728e+03
3.2 1.396097e+03 1.406362e+03 1.429180e+03 1.418915e+03
4.2 1.422492e+03 1.409042e+03 1.459750e+03 1.473200e+03
5.2 1.365327e+03 1.368431e+03 1.425091e+03 1.421986e+03
6.2 1.445657e+03 1.403074e+03 1.455535e+03 1.498117e+03
7.2 1.336204e+03 1.374827e+03 1.439773e+03 1.401150e+03
8.2 1.383201e+03 1.397912e+03 1.449264e+03 1.434553e+03
0.9 1.396097e+03 1.406362e+03 1.429180e+03 1.418915e+03
1.9 1.422492e+03 1.409042e+03 1.459750e+03 1.473200e+03
2.9 1.365327e+03 1.368431e+03 1.425091e+03 1.421986e+03
3.9 1.445657e+03 1.403074e+03 1.455535e+03 1.498117e+03
4.9 1.336204e+03 1.374827e+03 1.439773e+03 1.401150e+03
5.9 1.383201e+03 1.397912e+03 1.449264e+03 1.434553e+03
6.9 1.423093e+03 1.392644e+03 1.459303e+03 1.489752e+03
7.9 1.372173e+03 1.386613e+03 1.431116e+03 1.416676e+03
8.9 1.405286e+03 1.404095e+03 1.460830e+03 1.462022e+03
0.6 1.365327e+03 1.368431e+03 1.425091e+03 1.421986e+03
1.6 1.445657e+03 1.403074e+03 1.455535e+03 1.498117e+03
2.6 1.336204e+03 1.374827e+03 1.439773e+03 1.401150e+03
3.6 1.383201e+03 1.397912e+03 1.449264e+03 1.434553e+03
4.6 1.423093e+03 1.392644e+03 1.459303e+03 1.489752e+03
5.6 1.372173e+03 1.386613e+03 1.431116e+03 1.416676e+03
6.6 1.405286e+03 1.404095e+03 1.460830e+03 1.462022e+03
7.6 1.367489e+03 1.370710e+03 1.425788e+03 1.422567e+03
8.6 1.367020e+03 1.402798e+03 1.457452e+03 1.421674e+03
0.3 1.336204e+03 1.374827e+03 1.439773e+03 1.401150e+03
1.3 1.383201e+03 1.397912e+03 1.449264e+03 1.434553e+03
2.3 1.423093e+03 1.392644e+03 1.459303e+03 1.489752e+03
3.3 1.372173e+03 1.386613e+03 1.431116e+03 1.416676e+03
4.3 1.405286e+03 1.404095e+03 1.460830e+03 1.462022e+03
5.3 1.367489e+03 1.370710e+03 1.425788e+03 1.422567e+03
6.3 1.367020e+03 1.402798e+03 1.457452e+03 1.421674e+03
7.3 1.410722e+03 1.369595e+03 1.433708e+03 1.474834e+03
8.3 1.405807e+03 1.400254e+03 1.450379e+03 1.455932e+03
0.9 1.372173e+03 1.386613e+03 1.431116e+03 1.416676e+03
1.9 1.405286e+03 1.404095e+03 1.460830e+03 1.462022e+03
2.9 1.367489e+03 1.370710e+03 1.425788e+03 1.422567e+03
3.9 1.367020e+03 1.402798e+03 1.457452e+03 1.421674e+03
4.9 1.410722e+03 1.369595e+03 1.433708e+03 1.474834e+03
5.9 1.405807e+03 1.400254e+03 1.450379e+03 1.455932e+03
6.9 1.392714e+03 1.390369e+03 1.457191e+03 1.459536e+03
7.9 1.435100e+03 1.395954e+03 1.353117e+03 1.392264e+03
8.9 1.317186e+03 1.354001e+03 1.328538e+03 1.291723e+03
0.7 1.367489e+03 1.370710e+03 1.425788e+03 1.422567e+03
1.7 1.367020e+03 1.402798e+03 1.457452e+03 1.421674e+03
2.7 1.410722e+03 1.369595e+03 1.433708e+03 1.474834e+03
3.7 1.405807e+03 1.400254e+03 1.450379e+03 1.455932e+03
4.7 1.392714e+03 1.390369e+03 1.457191e+03 1.459536e+03
5.7 1.435100e+03 1.395954e+03 1.353117e+03 1.392264e+03
6.7 1.317186e+03 1.354001e+03 1.328538e+03 1.291723e+03
7.7 1.336113e+03 1.387064e+03 1.327076e+03 1.276124e+03
8.7 1.736673e+03 1.494673e+03 1.327051e+03 1.569052e+03
0.3 1.410722e+03 1.369595e+03 1.433708e+03 1.474834e+03
1.3 1.405807e+03 1.400254e+03 1.450379e+03 1.455932e+03
2.3 1.392714e+03 1.390369e+03 1.457191e+03 1.459536e+03
3.3 1.435100e+03 1.395954e+03 1.353117e+03 1.392264e+03
4.3 1.317186e+03 1.354001e+03 1.328538e+03 1.291723e+03
5.3 1.336113e+03 1.387064e+03 1.327076e+03 1.276124e+03
6.3 1.736673e+03 1.494673e+03 1.327051e+03 1.569052e+03
7.3 1.488623e+03 1.498272e+03 1.327066e+03 1.317416e+03
8.3 1.520127e+03 1.456135e+03 1.327066e+03 1.391058e+03
0.5 1.444408e+03 1.389989e+03 1.348612e+03 1.403031e+03
1.5 1.365211e+03 1.356428e+03 1.447639e+03 1.456422e+03
2.5 1.383139e+03 1.388455e+03 1.442637e+03 1.437321e+03
3.5 1.440760e+03 1.440172e+03 1.444012e+03 1.444601e+03
4.5 1.421377e+03 1.439688e+03 1.461967e+03 1.443656e+03
5.5 1.401007e+03 1.403585e+03 1.423339e+03 1.420761e+03
6.5 1.366663e+03 1.411551e+03 1.459133e+03 1.414245e+03
7.5 1.418180e+03 1.365337e+03 1.423203e+03 1.476047e+03
8.5 1.380809e+03 1.403119e+03 1.453404e+03 1.431095e+03
0.2 1.383139e+03 1.388455e+03 1.442637e+03 1.437321e+03
1.2 1.440760e+03 1.440172e+03 1.444012e+03 1.444601e+03
2.2 1.421377e+03 1.439688e+03 1.461967e+03 1.443656e+03
3.2 1.401007e+03 1.403585e+03 1.423339e+03 1.420761e+03
4.2 1.366663e+03 1.411551e+03 1.459133e+03 1.414245e+03
5.2 1.418180e+03 1.365337e+03 1.423203e+03 1.476047e+03
6.2 1.380809e+03 1.403119e+03 1.453404e+03 1.431095e+03
7.2 1.399741e+03 1.378733e+03 1.444968e+03 1.465976e+03
8.2 1.400782e+03 1.395507e+03 1.444492e+03 1.449767e+03
0.8 1.401007e+03 1.403585e+03 1.423339e+03 1.420761e+03
1.8 1.366663e+03 1.411551e+03 1.459133e+03 1.414245e+03
2.8 1.418180e+03 1.365337e+03 1.423203e+03 1.476047e+03
3.8 1.380809e+03 1.403119e+03 1.453404e+03 1.431095e+03
4.8 1.399741e+03 1.378733e+03 1.444968e+03 1.465976e+03
5.8 1.400782e+03 1.395507e+03 1.444492e+03 1.449767e+03
6.8 1.439380e+03 1.396768e+03 1.461369e+03 1.503980e+03
7.8 1.344337e+03 1.382252e+03 1.432119e+03 1.394205e+03
8.8 1.433021e+03 1.401924e+03 1.459860e+03 1.490957e+03
0.5 1.418180e+03 1.365337e+03 1.423203e+03 1.476047e+03
1.5 1.380809e+03 1.403119e+03 1.453404e+03 1.431095e+03
2.5 1.399741e+03 1.378733e+03 1.444968e+03 1.465976e+03
3.5 1.400782e+03 1.395507e+03 1.444492e+03 1.449767e+03
4.5 1.439380e+03 1.396768e+03 1.461369e+03 1.503980e+03
5.5 1.344337e+03 1.382252e+03 1.432119e+03 1.394205e+03
6.5 1.433021e+03 1.401924e+03 1.459860e+03 1.490957e+03
7.5 1.394709e+03 1.369004e+03 1.424516e+03 1.450221e+03
8.5 1.440601e+03 1.403539e+03 1.455322e+03 1.492385e+03
0.2 1.399741e+03 1.378733e+03 1.444968e+03 1.465976e+03
1.2 1.400782e+03 1.395507e+03 1.444492e+03 1.449767e+03
2.2 1.439380e+03 1.396768e+03 1.461369e+03 1.503980e+03
3.2 1.344337e+03 1.382252e+03 1.432119e+03 1.394205e+03
4.2 1.433021e+03 1.401924e+03 1.459860e+03 1.490957e+03
5.2 1.394709e+03 1.369004e+03 1.424516e+03 1.450221e+03
6.2 1.440601e+03 1.403539e+03 1.455322e+03 1.492385e+03
7.2 1.403132e+03 1.372894e+03 1.435846e+03 1.466084e+03
8.2 1.309421e+03 1.399548e+03 1.447119e+03 1.356992e+03
0.9 1.344337e+03 1.382252e+03 1.432119e+03 1.394205e+03
1.9 1.433021e+03 1.401924e+03 1.459860e+03 1.490957e+03
2.9 1.394709e+03 1.369004e+03 1.424516e+03 1.450221e+03
3.9 1.440601e+03 1.403539e+03 1.455322e+03 1.492385e+03
4.9 1.403132e+03 1.372894e+03 1.435846e+03 1.466084e+03
5.9 1.309421e+03 1.399548e+03 1.447119e+03 1.356992e+03
6.9 1.437504e+03 1.393440e+03 1.457752e+03 1.501816e+03
7.9 1.319521e+03 1.395233e+03 1.354205e+03 1.278493e+03
8.9 1.387691e+03 1.359606e+03 1.326189e+03 1.354274e+03
0.6 1.394709e+03 1.369004e+03 1.424516e+03 1.450221e+03
1.6 1.440601e+03 1.403539e+03 1.455322e+03 1.492385e+03
2.6 1.403132e+03 1.372894e+03 1.435846e+03 1.466084e+03
3.6 1.309421e+03 1.399548e+03 1.447119e+03 1.356992e+03
4.6 1.437504e+03 1.393440e+03 1.457752e+03 1.501816e+03
5.6 1.319521e+03 1.395233e+03 1.354205e+03 1.278493e+03
6.6 1.387691e+03 1.359606e+03 1.326189e+03 1.354274e+03
7.6 1.320007e+03 1.380664e+03 1.324055e+03 1.263398e+03
8.6 1.484703e+03 1.492423e+03 1.323539e+03 1.315819e+03
0.3 1.403132e+03 1.372894e+03 1.435846e+03 1.466084e+03
1.3 1.309421e+03 1.399548e+03 1.447119e+03 1.356992e+03
2.3 1.437504e+03 1.393440e+03 1.457752e+03 1.501816e+03
3.3 1.319521e+03 1.395233e+03 1.354205e+03 1.278493e+03
4.3 1.387691e+03 1.359606e+03 1.326189e+03 1.354274e+03
5.3 1.320007e+03 1.380664e+03 1.324055e+03 1.263398e+03
6.3 1.484703e+03 1.492423e+03 1.323539e+03 1.315819e+03
7.3 1.528936e+03 1.500333e+03 1.322997e+03 1.351600e+03
8.3 1.503800e+03 1.459346e+03 1.322364e+03 1.366818e+03
0.5 1.360472e+03 1.391472e+03 1.340391e+03 1.309392e+03
1.5 1.324296e+03 1.358176e+03 1.438252e+03 1.404372e+03
2.5 1.422993e+03 1.390915e+03 1.432431e+03 1.464509e+03
3.5 1.405906e+03 1.442116e+03 1.433927e+03 1.397718e+03
4.5 1.451309e+03 1.440890e+03 1.447953e+03 1.458371e+03
5.5 1.384379e+03 1.411054e+03 1.415319e+03 1.388645e+03
6.5 1.419034e+03 1.412303e+03 1.443069e+03 1.449801e+03
7.5 1.360827e+03 1.371060e+03 1.402875e+03 1.392642e+03
8.5 1.388385e+03 1.409219e+03 1.433636e+03 1.412803e+03
0.2 1.422993e+03 1.390915e+03 1.432431e+03 1.464509e+03
1.2 1.405906e+03 1.442116e+03 1.433927e+03 1.397718e+03
2.2 1.451309e+03 1.440890e+03 1.447953e+03 1.458371e+03
3.2 1.384379e+03 1.411054e+03 1.415319e+03 1.388645e+03
4.2 1.419034e+03 1.412303e+03 1.443069e+03 1.449801e+03
5.2 1.360827e+03 1.371060e+03 1.402875e+03 1.392642e+03
6.2 1.388385e+03 1.409219e+03 1.433636e+03 1.412803e+03
7.2 1.421005e+03 1.379558e+03 1.414846e+03 1.456292e+03
8.2 1.379836e+03 1.404274e+03 1.421034e+03 1.396596e+03
0.9 1.384379e+03 1.411054e+03 1.415319e+03 1.388645e+03
1.9 1.419034e+03 1.412303e+03 1.443069e+03 1.449801e+03
2.9 1.360827e+03 1.371060e+03 1.402875e+03 1.392642e+03
3.9 1.388385e+03 1.409219e+03 1.433636e+03 1.412803e+03
4.9 1.421005e+03 1.379558e+03 1.414846e+03 1.456292e+03
5.9 1.379836e+03 1.404274e+03 1.421034e+03 1.396596e+03
6.9 1.392474e+03 1.400819e+03 1.431069e+03 1.422723e+03
7.9 1.348331e+03 1.392838e+03 1.401026e+03 1.356520e+03
8.9 1.420025e+03 1.410571e+03 1.426229e+03 1.435683e+03
0.6 1.360827e+03 1.371060e+03 1.402875e+03 1.392642e+03
1.6 1.388385e+03 1.409219e+03 1.433636e+03 1.412803e+03
2.6 1.421005e+03 1.379558e+03 1.414846e+03 1.456292e+03
3.6 1.379836e+03 1.404274e+03 1.421034e+03 1.396596e+03
4.6 1.392474e+03 1.400819e+03 1.431069e+03 1.422723e+03
5.6 1.348331e+03 1.392838e+03 1.401026e+03 1.356520e+03
6.6 1.420025e+03 1.410571e+03 1.426229e+03 1.435683e+03
7.6 1.400859e+03 1.379317e+03 1.388081e+03 1.409623e+03
8.6 1.440895e+03 1.412848e+03 1.416697e+03 1.444744e+03
0.3 1.421005e+03 1.379558e+03 1.414846e+03 1.456292e+03
1.3 1.379836e+03 1.404274e+03 1.421034e+03 1.396596e+03
2.3 1.392474e+03 1.400819e+03 1.431069e+03 1.422723e+03
3.3 1.348331e+03 1.392838e+03 1.401026e+03 1.356520e+03
4.3 1.420025e+03 1.410571e+03 1.426229e+03 1.435683e+03
5.3 1.400859e+03 1.379317e+03 1.388081e+03 1.409623e+03
6.3 1.440895e+03 1.412848e+03 1.416697e+03 1.444744e+03
7.3 1.418397e+03 1.378548e+03 1.387186e+03 1.427035e+03
8.3 1.395845e+03 1.413835e+03 1.400029e+03 1.382038e+03
1.0 1.348331e+03 1.392838e+03 1.401026e+03 1.356520e+03
2.0 1.420025e+03 1.410571e+03 1.426229e+03 1.435683e+03
3.0 1.400859e+03 1.379317e+03 1.388081e+03 1.409623e+03
4.0 1.440895e+03 1.412848e+03 1.416697e+03 1.444744e+03
5.0 1.418397e+03 1.378548e+03 1.387186e+03 1.427035e+03
6.0 1.395845e+03 1.413835e+03 1.400029e+03 1.382038e+03
0.6 1.400859e+03 1.379317e+03 1.388081e+03 1.409623e+03
1.6 1.440895e+03 1.412848e+03 1.416697e+03 1.444744e+03
2.6 1.418397e+03 1.378548e+03 1.387186e+03 1.427035e+03
3.6 1.395845e+03 1.413835e+03 1.400029e+03 1.382038e+03
0.3 1.418397e+03 1.378548e+03 1.387186e+03 1.427035e+03
1.3 1.395845e+03 1.413835e+03 1.400029e+03 1.382038e+03
