0.5 6.372509e+03 6.210602e+03 6.282775e+03 6.444682e+03
1.5 6.076933e+03 6.091718e+03 6.116773e+03 6.101988e+03
2.5 5.937819e+03 6.004123e+03 6.115343e+03 6.049039e+03
3.5 6.019862e+03 6.031265e+03 6.216631e+03 6.205228e+03
4.5 6.138773e+03 6.202376e+03 6.268026e+03 6.204423e+03
5.5 6.271154e+03 6.266398e+03 6.283465e+03 6.288221e+03
6.5 6.315895e+03 6.345103e+03 6.287028e+03 6.257820e+03
7.5 6.370399e+03 6.343454e+03 6.287479e+03 6.314425e+03
0.1 6.202585e+03 6.282924e+03 6.288648e+03 6.208310e+03
1.1 6.370492e+03 6.324340e+03 6.193451e+03 6.239603e+03
2.1 6.288130e+03 6.349369e+03 6.004179e+03 5.942941e+03
3.1 6.413041e+03 6.422862e+03 6.077019e+03 6.067197e+03
4.1 6.670906e+03 6.428687e+03 6.208415e+03 6.450634e+03
5.1 6.305008e+03 6.330150e+03 6.267072e+03 6.241930e+03
6.1 6.216904e+03 6.223687e+03 6.284427e+03 6.277645e+03
7.1 6.177939e+03 6.153789e+03 6.288743e+03 6.312893e+03
0.5 6.083242e+03 6.109088e+03 6.277817e+03 6.251971e+03
1.5 6.112674e+03 6.000658e+03 6.113309e+03 6.225325e+03
2.5 6.091991e+03 5.919578e+03 6.113117e+03 6.285530e+03
3.5 6.065144e+03 5.961949e+03 6.215556e+03 6.318751e+03
4.5 6.141189e+03 6.143672e+03 6.268158e+03 6.265675e+03
5.5 6.072439e+03 6.213643e+03 6.284500e+03 6.143296e+03
6.5 6.161835e+03 6.303987e+03 6.288628e+03 6.146477e+03
7.5 6.313594e+03 6.304081e+03 6.289431e+03 6.298944e+03
0.1 6.236499e+03 6.278696e+03 6.289713e+03 6.247515e+03
1.1 6.199730e+03 6.318687e+03 6.199351e+03 6.080393e+03
2.1 6.206694e+03 6.345397e+03 6.006941e+03 5.868238e+03
3.1 6.313748e+03 6.418498e+03 6.073806e+03 5.969055e+03
4.1 6.555457e+03 6.428029e+03 6.206534e+03 6.333963e+03
5.1 6.401068e+03 6.331365e+03 6.266683e+03 6.336386e+03
6.1 6.434044e+03 6.224498e+03 6.284550e+03 6.494096e+03
7.1 6.103478e+03 6.154028e+03 6.288963e+03 6.238413e+03
0.5 5.979647e+03 6.108410e+03 6.277992e+03 6.149229e+03
1.5 5.979215e+03 5.999346e+03 6.113452e+03 6.093321e+03
2.5 5.986901e+03 5.914790e+03 6.113233e+03 6.185345e+03
3.5 6.049851e+03 5.963290e+03 6.215642e+03 6.302202e+03
4.5 6.236647e+03 6.151526e+03 6.268163e+03 6.353284e+03
5.5 6.089360e+03 6.216181e+03 6.284425e+03 6.157604e+03
6.5 6.142622e+03 6.308947e+03 6.288496e+03 6.122171e+03
7.5 6.100252e+03 6.307452e+03 6.289251e+03 6.082051e+03
0.0 6.372500e+03 6.281232e+03 6.287832e+03 6.379100e+03
1.0 6.345560e+03 6.315811e+03 6.206989e+03 6.236737e+03
2.0 6.407933e+03 6.344902e+03 6.009250e+03 6.072280e+03
3.0 6.437722e+03 6.415640e+03 6.063322e+03 6.085404e+03
4.0 6.441363e+03 6.431570e+03 6.198228e+03 6.208021e+03
5.0 6.215188e+03 6.337990e+03 6.261075e+03 6.138274e+03
6.0 6.002973e+03 6.229703e+03 6.279551e+03 6.052821e+03
7.0 6.082145e+03 6.157455e+03 6.283602e+03 6.208292e+03
0.5 5.998174e+03 6.108816e+03 6.271050e+03 6.160409e+03
1.5 6.067209e+03 5.999490e+03 6.105514e+03 6.173232e+03
2.5 5.857179e+03 5.914561e+03 6.104186e+03 6.046804e+03
3.5 5.884422e+03 5.962559e+03 6.205354e+03 6.127217e+03
4.5 5.962861e+03 6.145461e+03 6.256507e+03 6.073907e+03
5.5 6.037027e+03 6.213089e+03 6.271269e+03 6.095207e+03
6.5 6.142785e+03 6.303954e+03 6.273704e+03 6.112535e+03
7.5 6.329814e+03 6.298764e+03 6.272686e+03 6.303736e+03
