0.5 1.429877e+03 1.403183e+03 1.415008e+03 1.441701e+03
1.5 1.474068e+03 1.393563e+03 1.517292e+03 1.597797e+03
2.5 1.385057e+03 1.366001e+03 1.403272e+03 1.422328e+03
3.5 1.398474e+03 1.400015e+03 1.384232e+03 1.382692e+03
4.5 1.370707e+03 1.443557e+03 1.383797e+03 1.310948e+03
5.5 1.468200e+03 1.444562e+03 1.384161e+03 1.407799e+03
6.5 1.388591e+03 1.411176e+03 1.384463e+03 1.361878e+03
7.5 1.374856e+03 1.412781e+03 1.384693e+03 1.346768e+03
0.1 1.451131e+03 1.390448e+03 1.384914e+03 1.445597e+03
1.1 1.392177e+03 1.397774e+03 1.515364e+03 1.509767e+03
2.1 1.334255e+03 1.352713e+03 1.525434e+03 1.506976e+03
3.1 1.424734e+03 1.391605e+03 1.402605e+03 1.435734e+03
4.1 1.453870e+03 1.496876e+03 1.385562e+03 1.342556e+03
5.1 1.413776e+03 1.498325e+03 1.384668e+03 1.300119e+03
6.1 1.383764e+03 1.455603e+03 1.384631e+03 1.312792e+03
7.1 1.415853e+03 1.406417e+03 1.384631e+03 1.394067e+03
0.5 1.441814e+03 1.396048e+03 1.418804e+03 1.464570e+03
1.5 1.360715e+03 1.388519e+03 1.520299e+03 1.492495e+03
2.5 1.355414e+03 1.358137e+03 1.405619e+03 1.402896e+03
3.5 1.450021e+03 1.391427e+03 1.385826e+03 1.444420e+03
4.5 1.320055e+03 1.438875e+03 1.384729e+03 1.265909e+03
5.5 1.419140e+03 1.438773e+03 1.384703e+03 1.365070e+03
6.5 1.396097e+03 1.406362e+03 1.384718e+03 1.374453e+03
7.5 1.422492e+03 1.409042e+03 1.384732e+03 1.398181e+03
0.1 1.392714e+03 1.390369e+03 1.384659e+03 1.387004e+03
1.1 1.435100e+03 1.395954e+03 1.511867e+03 1.551014e+03
2.1 1.317186e+03 1.354001e+03 1.529305e+03 1.492490e+03
3.1 1.336113e+03 1.387064e+03 1.403734e+03 1.352783e+03
4.1 1.736673e+03 1.494673e+03 1.385550e+03 1.627551e+03
5.1 1.488623e+03 1.498272e+03 1.384594e+03 1.374945e+03
6.1 1.520127e+03 1.456135e+03 1.384562e+03 1.448555e+03
7.1 1.398224e+03 1.406907e+03 1.384568e+03 1.375885e+03
0.5 1.306157e+03 1.395563e+03 1.418744e+03 1.329338e+03
1.5 1.444408e+03 1.389989e+03 1.520238e+03 1.574657e+03
2.5 1.365211e+03 1.356428e+03 1.405556e+03 1.414339e+03
3.5 1.383139e+03 1.388455e+03 1.385786e+03 1.380470e+03
4.5 1.440760e+03 1.440172e+03 1.384729e+03 1.385317e+03
5.5 1.421377e+03 1.439688e+03 1.384717e+03 1.366405e+03
6.5 1.401007e+03 1.403585e+03 1.384743e+03 1.382165e+03
7.5 1.366663e+03 1.411551e+03 1.384772e+03 1.339885e+03
0.0 1.437504e+03 1.393440e+03 1.385498e+03 1.429562e+03
1.0 1.319521e+03 1.395233e+03 1.505819e+03 1.430107e+03
2.0 1.387691e+03 1.359606e+03 1.538054e+03 1.566139e+03
3.0 1.320007e+03 1.380664e+03 1.407834e+03 1.347177e+03
4.0 1.484703e+03 1.492423e+03 1.387361e+03 1.379641e+03
5.0 1.528936e+03 1.500333e+03 1.386506e+03 1.415109e+03
6.0 1.503800e+03 1.459346e+03 1.386767e+03 1.431221e+03
7.0 1.358657e+03 1.410049e+03 1.387110e+03 1.335718e+03
0.5 1.421228e+03 1.396812e+03 1.422085e+03 1.446501e+03
1.5 1.360472e+03 1.391472e+03 1.524046e+03 1.493046e+03
2.5 1.324296e+03 1.358176e+03 1.409879e+03 1.375998e+03
3.5 1.422993e+03 1.390915e+03 1.390679e+03 1.422757e+03
4.5 1.405906e+03 1.442116e+03 1.390244e+03 1.354035e+03
5.5 1.451309e+03 1.440890e+03 1.390908e+03 1.401327e+03
6.5 1.384379e+03 1.411054e+03 1.391665e+03 1.364990e+03
7.5 1.419034e+03 1.412303e+03 1.392477e+03 1.399209e+03
