0.5 1.112524e+04 1.104002e+04 1.118887e+04 1.127408e+04
1.5 1.114816e+04 1.105816e+04 1.106588e+04 1.115588e+04
2.5 1.106578e+04 1.111811e+04 1.120298e+04 1.115065e+04
3.5 1.111226e+04 1.112607e+04 1.122587e+04 1.121207e+04
4.5 1.113521e+04 1.115834e+04 1.122639e+04 1.120326e+04
5.5 1.128791e+04 1.119909e+04 1.122595e+04 1.131477e+04
6.5 1.133550e+04 1.127286e+04 1.122559e+04 1.128823e+04
7.5 1.123127e+04 1.126671e+04 1.122532e+04 1.118988e+04
0.1 1.108480e+04 1.127180e+04 1.122505e+04 1.103805e+04
1.1 1.124031e+04 1.128902e+04 1.106820e+04 1.101949e+04
2.1 1.137014e+04 1.138920e+04 1.105609e+04 1.103703e+04
3.1 1.132761e+04 1.134121e+04 1.120378e+04 1.119018e+04
4.1 1.122739e+04 1.114648e+04 1.122427e+04 1.130518e+04
5.1 1.115561e+04 1.104590e+04 1.122535e+04 1.133505e+04
6.1 1.102816e+04 1.101360e+04 1.122539e+04 1.123994e+04
7.1 1.093811e+04 1.101783e+04 1.122539e+04 1.114567e+04
0.5 1.107184e+04 1.099905e+04 1.118430e+04 1.125709e+04
1.5 1.108593e+04 1.102207e+04 1.106227e+04 1.112613e+04
2.5 1.108110e+04 1.109182e+04 1.120015e+04 1.118943e+04
3.5 1.108703e+04 1.110902e+04 1.122395e+04 1.120197e+04
4.5 1.114566e+04 1.114217e+04 1.122527e+04 1.122877e+04
5.5 1.120552e+04 1.118804e+04 1.122530e+04 1.124279e+04
6.5 1.137783e+04 1.126527e+04 1.122529e+04 1.133785e+04
7.5 1.135344e+04 1.125867e+04 1.122527e+04 1.132003e+04
0.1 1.121155e+04 1.127432e+04 1.122536e+04 1.116259e+04
1.1 1.123826e+04 1.129215e+04 1.107240e+04 1.101852e+04
2.1 1.130546e+04 1.138910e+04 1.105144e+04 1.096780e+04
3.1 1.135913e+04 1.134978e+04 1.120242e+04 1.121176e+04
4.1 1.098039e+04 1.115343e+04 1.122429e+04 1.105124e+04
5.1 1.115398e+04 1.105027e+04 1.122543e+04 1.132914e+04
6.1 1.098630e+04 1.101638e+04 1.122547e+04 1.119539e+04
7.1 1.103743e+04 1.101987e+04 1.122547e+04 1.124302e+04
0.5 1.096763e+04 1.100091e+04 1.118437e+04 1.115110e+04
1.5 1.096212e+04 1.102129e+04 1.106234e+04 1.100317e+04
2.5 1.118825e+04 1.109448e+04 1.120023e+04 1.129400e+04
3.5 1.119504e+04 1.111553e+04 1.122400e+04 1.130352e+04
4.5 1.121287e+04 1.114456e+04 1.122527e+04 1.129358e+04
5.5 1.122487e+04 1.118811e+04 1.122529e+04 1.126204e+04
6.5 1.126175e+04 1.126947e+04 1.122526e+04 1.121753e+04
7.5 1.114198e+04 1.125399e+04 1.122522e+04 1.111321e+04
0.0 1.120433e+04 1.127061e+04 1.122435e+04 1.115807e+04
1.0 1.128730e+04 1.128964e+04 1.107968e+04 1.107733e+04
2.0 1.143491e+04 1.137993e+04 1.104092e+04 1.109590e+04
3.0 1.150261e+04 1.135836e+04 1.119749e+04 1.134174e+04
4.0 1.104801e+04 1.115951e+04 1.122211e+04 1.111061e+04
5.0 1.091480e+04 1.105125e+04 1.122314e+04 1.108668e+04
6.0 1.098010e+04 1.101419e+04 1.122282e+04 1.118874e+04
7.0 1.104574e+04 1.101606e+04 1.122241e+04 1.125209e+04
0.5 1.103311e+04 1.099603e+04 1.118036e+04 1.121744e+04
1.5 1.094233e+04 1.101537e+04 1.105776e+04 1.098472e+04
2.5 1.097292e+04 1.108734e+04 1.119503e+04 1.108061e+04
3.5 1.107841e+04 1.110645e+04 1.121812e+04 1.119008e+04
4.5 1.106003e+04 1.113401e+04 1.121864e+04 1.114466e+04
5.5 1.123940e+04 1.117896e+04 1.121784e+04 1.127829e+04
6.5 1.120486e+04 1.125123e+04 1.121693e+04 1.117056e+04
7.5 1.125272e+04 1.124271e+04 1.121596e+04 1.122596e+04
