0.5 1.015894e+04 1.005609e+04 1.020393e+04 1.030678e+04
1.5 1.021147e+04 1.013239e+04 1.014160e+04 1.022068e+04
2.5 1.010501e+04 1.008832e+04 1.007422e+04 1.009091e+04
3.5 1.013435e+04 1.008679e+04 1.006634e+04 1.011390e+04
4.5 1.001841e+04 1.006353e+04 1.004910e+04 1.000397e+04
5.5 1.004599e+04 1.009786e+04 1.005745e+04 1.000558e+04
6.5 9.929495e+03 1.006602e+04 1.005179e+04 9.915269e+03
7.5 9.942345e+03 1.009031e+04 1.005144e+04 9.903478e+03
8.5 9.844927e+03 1.006763e+04 1.005490e+04 9.832198e+03
0.2 1.010501e+04 1.008832e+04 1.007422e+04 1.009091e+04
1.2 1.013435e+04 1.008679e+04 1.006634e+04 1.011390e+04
2.2 1.001841e+04 1.006353e+04 1.004910e+04 1.000397e+04
3.2 1.004599e+04 1.009786e+04 1.005745e+04 1.000558e+04
4.2 9.929495e+03 1.006602e+04 1.005179e+04 9.915269e+03
5.2 9.942345e+03 1.009031e+04 1.005144e+04 9.903478e+03
6.2 9.844927e+03 1.006763e+04 1.005490e+04 9.832198e+03
7.2 9.984443e+03 1.007017e+04 1.004462e+04 9.958891e+03
8.2 1.000474e+04 1.007216e+04 1.005584e+04 9.988421e+03
0.9 1.004599e+04 1.009786e+04 1.005745e+04 1.000558e+04
1.9 9.929495e+03 1.006602e+04 1.005179e+04 9.915269e+03
2.9 9.942345e+03 1.009031e+04 1.005144e+04 9.903478e+03
3.9 9.844927e+03 1.006763e+04 1.005490e+04 9.832198e+03
4.9 9.984443e+03 1.007017e+04 1.004462e+04 9.958891e+03
5.9 1.000474e+04 1.007216e+04 1.005584e+04 9.988421e+03
6.9 1.011933e+04 1.004871e+04 1.004245e+04 1.011307e+04
7.9 1.009249e+04 1.007687e+04 1.005348e+04 1.006909e+04
8.9 1.012913e+04 1.004778e+04 1.004477e+04 1.012612e+04
0.6 9.942345e+03 1.009031e+04 1.005144e+04 9.903478e+03
1.6 9.844927e+03 1.006763e+04 1.005490e+04 9.832198e+03
2.6 9.984443e+03 1.007017e+04 1.004462e+04 9.958891e+03
3.6 1.000474e+04 1.007216e+04 1.005584e+04 9.988421e+03
4.6 1.011933e+04 1.004871e+04 1.004245e+04 1.011307e+04
5.6 1.009249e+04 1.007687e+04 1.005348e+04 1.006909e+04
6.6 1.012913e+04 1.004778e+04 1.004477e+04 1.012612e+04
7.6 1.021303e+04 1.007737e+04 1.004739e+04 1.018304e+04
8.6 1.019267e+04 1.005136e+04 1.004723e+04 1.018854e+04
0.3 9.984443e+03 1.007017e+04 1.004462e+04 9.958891e+03
1.3 1.000474e+04 1.007216e+04 1.005584e+04 9.988421e+03
2.3 1.011933e+04 1.004871e+04 1.004245e+04 1.011307e+04
3.3 1.009249e+04 1.007687e+04 1.005348e+04 1.006909e+04
4.3 1.012913e+04 1.004778e+04 1.004477e+04 1.012612e+04
5.3 1.021303e+04 1.007737e+04 1.004739e+04 1.018304e+04
6.3 1.019267e+04 1.005136e+04 1.004723e+04 1.018854e+04
7.3 1.018163e+04 1.006432e+04 1.003954e+04 1.015685e+04
8.3 1.005884e+04 1.005701e+04 1.004856e+04 1.005039e+04
1.0 1.009249e+04 1.007687e+04 1.005348e+04 1.006909e+04
2.0 1.012913e+04 1.004778e+04 1.004477e+04 1.012612e+04
3.0 1.021303e+04 1.007737e+04 1.004739e+04 1.018304e+04
4.0 1.019267e+04 1.005136e+04 1.004723e+04 1.018854e+04
5.0 1.018163e+04 1.006432e+04 1.003954e+04 1.015685e+04
6.0 1.005884e+04 1.005701e+04 1.004856e+04 1.005039e+04
7.0 1.004454e+04 1.004070e+04 1.003512e+04 1.003896e+04
8.0 1.001116e+04 1.000018e+04 1.008036e+04 1.009135e+04
9.0 1.010250e+04 1.015861e+04 1.015005e+04 1.009394e+04
0.7 1.021303e+04 1.007737e+04 1.004739e+04 1.018304e+04
1.7 1.019267e+04 1.005136e+04 1.004723e+04 1.018854e+04
2.7 1.018163e+04 1.006432e+04 1.003954e+04 1.015685e+04
3.7 1.005884e+04 1.005701e+04 1.004856e+04 1.005039e+04
4.7 1.004454e+04 1.004070e+04 1.003512e+04 1.003896e+04
5.7 1.001116e+04 1.000018e+04 1.008036e+04 1.009135e+04
6.7 1.010250e+04 1.015861e+04 1.015005e+04 1.009394e+04
7.7 1.032426e+04 1.034593e+04 1.018270e+04 1.016103e+04
8.7 1.032813e+04 1.029308e+04 1.019228e+04 1.022734e+04
0.4 1.018163e+04 1.006432e+04 1.003954e+04 1.015685e+04
1.4 1.005884e+04 1.005701e+04 1.004856e+04 1.005039e+04
2.4 1.004454e+04 1.004070e+04 1.003512e+04 1.003896e+04
3.4 1.001116e+04 1.000018e+04 1.008036e+04 1.009135e+04
4.4 1.010250e+04 1.015861e+04 1.015005e+04 1.009394e+04
5.4 1.032426e+04 1.034593e+04 1.018270e+04 1.016103e+04
6.4 1.032813e+04 1.029308e+04 1.019228e+04 1.022734e+04
7.4 1.013525e+04 1.023100e+04 1.019425e+04 1.009850e+04
8.4 1.009688e+04 1.019050e+04 1.019429e+04 1.010067e+04
0.5 1.007790e+04 1.001089e+04 1.018995e+04 1.025696e+04
1.5 1.020940e+04 1.008951e+04 1.012504e+04 1.024493e+04
2.5 1.004051e+04 1.005220e+04 1.005839e+04 1.004670e+04
3.5 1.019029e+04 1.005083e+04 1.005045e+04 1.018992e+04
4.5 1.013447e+04 1.003025e+04 1.003285e+04 1.013707e+04
5.5 1.004020e+04 1.006980e+04 1.004344e+04 1.001384e+04
6.5 1.009309e+04 1.003753e+04 1.003769e+04 1.009325e+04
7.5 1.016475e+04 1.006270e+04 1.003680e+04 1.013885e+04
8.5 9.997514e+03 1.004199e+04 1.004038e+04 9.995904e+03
0.2 1.004051e+04 1.005220e+04 1.005839e+04 1.004670e+04
1.2 1.019029e+04 1.005083e+04 1.005045e+04 1.018992e+04
2.2 1.013447e+04 1.003025e+04 1.003285e+04 1.013707e+04
3.2 1.004020e+04 1.006980e+04 1.004344e+04 1.001384e+04
4.2 1.009309e+04 1.003753e+04 1.003769e+04 1.009325e+04
5.2 1.016475e+04 1.006270e+04 1.003680e+04 1.013885e+04
6.2 9.997514e+03 1.004199e+04 1.004038e+04 9.995904e+03
7.2 1.007056e+04 1.004586e+04 1.003051e+04 1.005521e+04
8.2 1.021432e+04 1.004812e+04 1.004050e+04 1.020670e+04
0.9 1.004020e+04 1.006980e+04 1.004344e+04 1.001384e+04
1.9 1.009309e+04 1.003753e+04 1.003769e+04 1.009325e+04
2.9 1.016475e+04 1.006270e+04 1.003680e+04 1.013885e+04
3.9 9.997514e+03 1.004199e+04 1.004038e+04 9.995904e+03
4.9 1.007056e+04 1.004586e+04 1.003051e+04 1.005521e+04
5.9 1.021432e+04 1.004812e+04 1.004050e+04 1.020670e+04
6.9 1.002981e+04 1.003021e+04 1.002871e+04 1.002830e+04
7.9 1.010812e+04 1.006704e+04 1.004521e+04 1.008629e+04
8.9 1.011854e+04 1.003500e+04 1.003728e+04 1.012081e+04
0.6 1.016475e+04 1.006270e+04 1.003680e+04 1.013885e+04
1.6 9.997514e+03 1.004199e+04 1.004038e+04 9.995904e+03
2.6 1.007056e+04 1.004586e+04 1.003051e+04 1.005521e+04
3.6 1.021432e+04 1.004812e+04 1.004050e+04 1.020670e+04
4.6 1.002981e+04 1.003021e+04 1.002871e+04 1.002830e+04
5.6 1.010812e+04 1.006704e+04 1.004521e+04 1.008629e+04
6.6 1.011854e+04 1.003500e+04 1.003728e+04 1.012081e+04
7.6 1.008887e+04 1.006318e+04 1.003822e+04 1.006391e+04
8.6 1.007768e+04 1.003892e+04 1.003904e+04 1.007779e+04
0.3 1.007056e+04 1.004586e+04 1.003051e+04 1.005521e+04
1.3 1.021432e+04 1.004812e+04 1.004050e+04 1.020670e+04
2.3 1.002981e+04 1.003021e+04 1.002871e+04 1.002830e+04
3.3 1.010812e+04 1.006704e+04 1.004521e+04 1.008629e+04
4.3 1.011854e+04 1.003500e+04 1.003728e+04 1.012081e+04
5.3 1.008887e+04 1.006318e+04 1.003822e+04 1.006391e+04
6.3 1.007768e+04 1.003892e+04 1.003904e+04 1.007779e+04
7.3 1.015396e+04 1.005113e+04 1.003124e+04 1.013407e+04
8.3 1.014419e+04 1.004805e+04 1.004167e+04 1.013781e+04
0.9 1.010812e+04 1.006704e+04 1.004521e+04 1.008629e+04
1.9 1.011854e+04 1.003500e+04 1.003728e+04 1.012081e+04
2.9 1.008887e+04 1.006318e+04 1.003822e+04 1.006391e+04
3.9 1.007768e+04 1.003892e+04 1.003904e+04 1.007779e+04
4.9 1.015396e+04 1.005113e+04 1.003124e+04 1.013407e+04
5.9 1.014419e+04 1.004805e+04 1.004167e+04 1.013781e+04
6.9 1.011546e+04 1.003145e+04 1.002894e+04 1.011295e+04
7.9 1.008396e+04 9.992950e+03 1.007284e+04 1.016385e+04
8.9 1.011209e+04 1.014370e+04 1.014383e+04 1.011222e+04
0.7 1.008887e+04 1.006318e+04 1.003822e+04 1.006391e+04
1.7 1.007768e+04 1.003892e+04 1.003904e+04 1.007779e+04
2.7 1.015396e+04 1.005113e+04 1.003124e+04 1.013407e+04
3.7 1.014419e+04 1.004805e+04 1.004167e+04 1.013781e+04
4.7 1.011546e+04 1.003145e+04 1.002894e+04 1.011295e+04
5.7 1.008396e+04 9.992950e+03 1.007284e+04 1.016385e+04
6.7 1.011209e+04 1.014370e+04 1.014383e+04 1.011222e+04
7.7 1.034367e+04 1.034040e+04 1.017794e+04 1.018120e+04
8.7 1.029549e+04 1.029022e+04 1.018838e+04 1.019365e+04
0.3 1.015396e+04 1.005113e+04 1.003124e+04 1.013407e+04
1.3 1.014419e+04 1.004805e+04 1.004167e+04 1.013781e+04
2.3 1.011546e+04 1.003145e+04 1.002894e+04 1.011295e+04
3.3 1.008396e+04 9.992950e+03 1.007284e+04 1.016385e+04
4.3 1.011209e+04 1.014370e+04 1.014383e+04 1.011222e+04
5.3 1.034367e+04 1.034040e+04 1.017794e+04 1.018120e+04
6.3 1.029549e+04 1.029022e+04 1.018838e+04 1.019365e+04
7.3 1.023392e+04 1.022831e+04 1.019093e+04 1.019654e+04
8.3 1.023492e+04 1.018787e+04 1.019142e+04 1.023846e+04
0.5 9.911655e+03 1.000653e+04 1.018773e+04 1.009285e+04
1.5 1.003991e+04 1.008568e+04 1.012151e+04 1.007575e+04
2.5 1.001640e+04 1.005334e+04 1.005659e+04 1.001966e+04
3.5 1.003109e+04 1.005274e+04 1.005117e+04 1.002952e+04
4.5 9.941568e+03 1.003028e+04 1.003310e+04 9.944388e+03
5.5 9.986227e+03 1.007641e+04 1.004606e+04 9.955877e+03
6.5 9.964628e+03 1.003958e+04 1.004112e+04 9.966170e+03
7.5 9.961111e+03 1.006252e+04 1.003724e+04 9.935829e+03
8.5 9.976324e+03 1.004440e+04 1.004322e+04 9.975147e+03
0.2 1.001640e+04 1.005334e+04 1.005659e+04 1.001966e+04
1.2 1.003109e+04 1.005274e+04 1.005117e+04 1.002952e+04
2.2 9.941568e+03 1.003028e+04 1.003310e+04 9.944388e+03
3.2 9.986227e+03 1.007641e+04 1.004606e+04 9.955877e+03
4.2 9.964628e+03 1.003958e+04 1.004112e+04 9.966170e+03
5.2 9.961111e+03 1.006252e+04 1.003724e+04 9.935829e+03
6.2 9.976324e+03 1.004440e+04 1.004322e+04 9.975147e+03
7.2 9.998048e+03 1.004017e+04 1.003079e+04 9.988672e+03
8.2 1.002134e+04 1.005273e+04 1.004325e+04 1.001185e+04
0.8 9.986227e+03 1.007641e+04 1.004606e+04 9.955877e+03
1.8 9.964628e+03 1.003958e+04 1.004112e+04 9.966170e+03
2.8 9.961111e+03 1.006252e+04 1.003724e+04 9.935829e+03
3.8 9.976324e+03 1.004440e+04 1.004322e+04 9.975147e+03
4.8 9.998048e+03 1.004017e+04 1.003079e+04 9.988672e+03
5.8 1.002134e+04 1.005273e+04 1.004325e+04 1.001185e+04
6.8 1.005979e+04 1.002927e+04 1.003135e+04 1.006187e+04
7.8 1.001949e+04 1.006214e+04 1.004183e+04 9.999185e+03
8.8 9.952645e+03 1.003510e+04 1.003610e+04 9.953641e+03
0.5 9.961111e+03 1.006252e+04 1.003724e+04 9.935829e+03
1.5 9.976324e+03 1.004440e+04 1.004322e+04 9.975147e+03
2.5 9.998048e+03 1.004017e+04 1.003079e+04 9.988672e+03
3.5 1.002134e+04 1.005273e+04 1.004325e+04 1.001185e+04
4.5 1.005979e+04 1.002927e+04 1.003135e+04 1.006187e+04
5.5 1.001949e+04 1.006214e+04 1.004183e+04 9.999185e+03
6.5 9.952645e+03 1.003510e+04 1.003610e+04 9.953641e+03
7.5 9.960001e+03 1.006426e+04 1.003723e+04 9.932969e+03
8.5 1.000447e+04 1.004278e+04 1.004061e+04 1.000231e+04
0.2 9.998048e+03 1.004017e+04 1.003079e+04 9.988672e+03
1.2 1.002134e+04 1.005273e+04 1.004325e+04 1.001185e+04
2.2 1.005979e+04 1.002927e+04 1.003135e+04 1.006187e+04
3.2 1.001949e+04 1.006214e+04 1.004183e+04 9.999185e+03
4.2 9.952645e+03 1.003510e+04 1.003610e+04 9.953641e+03
5.2 9.960001e+03 1.006426e+04 1.003723e+04 9.932969e+03
6.2 1.000447e+04 1.004278e+04 1.004061e+04 1.000231e+04
7.2 1.012350e+04 1.005023e+04 1.003185e+04 1.010512e+04
8.2 1.007585e+04 1.005192e+04 1.004364e+04 1.006757e+04
0.9 1.001949e+04 1.006214e+04 1.004183e+04 9.999185e+03
1.9 9.952645e+03 1.003510e+04 1.003610e+04 9.953641e+03
2.9 9.960001e+03 1.006426e+04 1.003723e+04 9.932969e+03
3.9 1.000447e+04 1.004278e+04 1.004061e+04 1.000231e+04
4.9 1.012350e+04 1.005023e+04 1.003185e+04 1.010512e+04
5.9 1.007585e+04 1.005192e+04 1.004364e+04 1.006757e+04
6.9 1.007431e+04 1.003208e+04 1.003124e+04 1.007348e+04
7.9 1.001267e+04 9.995878e+03 1.007124e+04 1.008803e+04
8.9 1.006325e+04 1.012944e+04 1.014379e+04 1.007760e+04
0.6 9.960001e+03 1.006426e+04 1.003723e+04 9.932969e+03
1.6 1.000447e+04 1.004278e+04 1.004061e+04 1.000231e+04
2.6 1.012350e+04 1.005023e+04 1.003185e+04 1.010512e+04
3.6 1.007585e+04 1.005192e+04 1.004364e+04 1.006757e+04
4.6 1.007431e+04 1.003208e+04 1.003124e+04 1.007348e+04
5.6 1.001267e+04 9.995878e+03 1.007124e+04 1.008803e+04
6.6 1.006325e+04 1.012944e+04 1.014379e+04 1.007760e+04
7.6 1.040263e+04 1.034298e+04 1.018010e+04 1.023975e+04
8.6 1.043669e+04 1.029769e+04 1.019177e+04 1.033078e+04
0.3 1.012350e+04 1.005023e+04 1.003185e+04 1.010512e+04
1.3 1.007585e+04 1.005192e+04 1.004364e+04 1.006757e+04
2.3 1.007431e+04 1.003208e+04 1.003124e+04 1.007348e+04
3.3 1.001267e+04 9.995878e+03 1.007124e+04 1.008803e+04
4.3 1.006325e+04 1.012944e+04 1.014379e+04 1.007760e+04
5.3 1.040263e+04 1.034298e+04 1.018010e+04 1.023975e+04
6.3 1.043669e+04 1.029769e+04 1.019177e+04 1.033078e+04
7.3 1.023423e+04 1.023543e+04 1.019512e+04 1.019392e+04
8.3 1.010698e+04 1.019468e+04 1.019636e+04 1.010865e+04
0.5 1.007028e+04 1.001559e+04 1.019663e+04 1.025133e+04
1.5 1.000116e+04 1.009600e+04 1.013176e+04 1.003691e+04
2.5 1.004794e+04 1.006465e+04 1.006830e+04 1.005159e+04
3.5 9.898857e+03 1.006289e+04 1.006259e+04 9.898566e+03
4.5 9.896072e+03 1.004503e+04 1.004697e+04 9.898012e+03
5.5 9.997739e+03 1.008591e+04 1.006050e+04 9.972322e+03
6.5 1.006628e+04 1.005556e+04 1.005647e+04 1.006720e+04
7.5 1.005203e+04 1.008711e+04 1.005992e+04 1.002484e+04
8.5 9.996604e+03 1.006686e+04 1.006688e+04 9.996622e+03
0.2 1.004794e+04 1.006465e+04 1.006830e+04 1.005159e+04
1.2 9.898857e+03 1.006289e+04 1.006259e+04 9.898566e+03
2.2 9.896072e+03 1.004503e+04 1.004697e+04 9.898012e+03
3.2 9.997739e+03 1.008591e+04 1.006050e+04 9.972322e+03
4.2 1.006628e+04 1.005556e+04 1.005647e+04 1.006720e+04
5.2 1.005203e+04 1.008711e+04 1.005992e+04 1.002484e+04
6.2 9.996604e+03 1.006686e+04 1.006688e+04 9.996622e+03
7.2 1.006496e+04 1.007270e+04 1.005918e+04 1.005145e+04
8.2 1.011403e+04 1.007932e+04 1.007377e+04 1.010848e+04
0.9 9.997739e+03 1.008591e+04 1.006050e+04 9.972322e+03
1.9 1.006628e+04 1.005556e+04 1.005647e+04 1.006720e+04
2.9 1.005203e+04 1.008711e+04 1.005992e+04 1.002484e+04
3.9 9.996604e+03 1.006686e+04 1.006688e+04 9.996622e+03
4.9 1.006496e+04 1.007270e+04 1.005918e+04 1.005145e+04
5.9 1.011403e+04 1.007932e+04 1.007377e+04 1.010848e+04
6.9 1.012568e+04 1.006082e+04 1.006439e+04 1.012926e+04
7.9 1.016684e+04 1.009756e+04 1.008150e+04 1.015078e+04
8.9 1.006105e+04 1.007102e+04 1.007751e+04 1.006755e+04
0.6 1.005203e+04 1.008711e+04 1.005992e+04 1.002484e+04
1.6 9.996604e+03 1.006686e+04 1.006688e+04 9.996622e+03
2.6 1.006496e+04 1.007270e+04 1.005918e+04 1.005145e+04
3.6 1.011403e+04 1.007932e+04 1.007377e+04 1.010848e+04
4.6 1.012568e+04 1.006082e+04 1.006439e+04 1.012926e+04
5.6 1.016684e+04 1.009756e+04 1.008150e+04 1.015078e+04
6.6 1.006105e+04 1.007102e+04 1.007751e+04 1.006755e+04
7.6 1.010040e+04 1.010360e+04 1.008311e+04 1.007992e+04
8.6 1.004931e+04 1.008294e+04 1.008825e+04 1.005462e+04
0.3 1.006496e+04 1.007270e+04 1.005918e+04 1.005145e+04
1.3 1.011403e+04 1.007932e+04 1.007377e+04 1.010848e+04
2.3 1.012568e+04 1.006082e+04 1.006439e+04 1.012926e+04
3.3 1.016684e+04 1.009756e+04 1.008150e+04 1.015078e+04
4.3 1.006105e+04 1.007102e+04 1.007751e+04 1.006755e+04
5.3 1.010040e+04 1.010360e+04 1.008311e+04 1.007992e+04
6.3 1.004931e+04 1.008294e+04 1.008825e+04 1.005462e+04
7.3 1.014930e+04 1.010078e+04 1.008505e+04 1.013357e+04
8.3 1.019270e+04 1.010411e+04 1.010351e+04 1.019210e+04
1.0 1.016684e+04 1.009756e+04 1.008150e+04 1.015078e+04
2.0 1.006105e+04 1.007102e+04 1.007751e+04 1.006755e+04
3.0 1.010040e+04 1.010360e+04 1.008311e+04 1.007992e+04
4.0 1.004931e+04 1.008294e+04 1.008825e+04 1.005462e+04
5.0 1.014930e+04 1.010078e+04 1.008505e+04 1.013357e+04
6.0 1.019270e+04 1.010411e+04 1.010351e+04 1.019210e+04
0.6 1.010040e+04 1.010360e+04 1.008311e+04 1.007992e+04
1.6 1.004931e+04 1.008294e+04 1.008825e+04 1.005462e+04
2.6 1.014930e+04 1.010078e+04 1.008505e+04 1.013357e+04
3.6 1.019270e+04 1.010411e+04 1.010351e+04 1.019210e+04
0.3 1.014930e+04 1.010078e+04 1.008505e+04 1.013357e+04
1.3 1.019270e+04 1.010411e+04 1.010351e+04 1.019210e+04
