0.5 9.205165e+03 9.117768e+03 8.932425e+03 9.019823e+03
1.5 9.053465e+03 9.079458e+03 8.948885e+03 8.922893e+03
2.5 8.986064e+03 9.015287e+03 9.003872e+03 8.974649e+03
3.5 9.077636e+03 9.072392e+03 9.061991e+03 9.067235e+03
4.5 9.072564e+03 9.097527e+03 9.109292e+03 9.084329e+03
5.5 9.044493e+03 9.064036e+03 9.140889e+03 9.121346e+03
6.5 9.130001e+03 9.104314e+03 9.152960e+03 9.178647e+03
7.5 9.025985e+03 9.024315e+03 9.155371e+03 9.157041e+03
8.5 8.979697e+03 9.102634e+03 9.152205e+03 9.029268e+03
0.2 8.986064e+03 9.015287e+03 9.003872e+03 8.974649e+03
1.2 9.077636e+03 9.072392e+03 9.061991e+03 9.067235e+03
2.2 9.072564e+03 9.097527e+03 9.109292e+03 9.084329e+03
3.2 9.044493e+03 9.064036e+03 9.140889e+03 9.121346e+03
4.2 9.130001e+03 9.104314e+03 9.152960e+03 9.178647e+03
5.2 9.025985e+03 9.024315e+03 9.155371e+03 9.157041e+03
6.2 8.979697e+03 9.102634e+03 9.152205e+03 9.029268e+03
7.2 9.010924e+03 9.037181e+03 9.153874e+03 9.127616e+03
8.2 9.095321e+03 9.091199e+03 9.151292e+03 9.155414e+03
0.9 9.044493e+03 9.064036e+03 9.140889e+03 9.121346e+03
1.9 9.130001e+03 9.104314e+03 9.152960e+03 9.178647e+03
2.9 9.025985e+03 9.024315e+03 9.155371e+03 9.157041e+03
3.9 8.979697e+03 9.102634e+03 9.152205e+03 9.029268e+03
4.9 9.010924e+03 9.037181e+03 9.153874e+03 9.127616e+03
5.9 9.095321e+03 9.091199e+03 9.151292e+03 9.155414e+03
6.9 9.057661e+03 9.082021e+03 9.152459e+03 9.128099e+03
7.9 9.075893e+03 9.062719e+03 9.151642e+03 9.164815e+03
8.9 9.081835e+03 9.095806e+03 9.151821e+03 9.137851e+03
0.6 9.025985e+03 9.024315e+03 9.155371e+03 9.157041e+03
1.6 8.979697e+03 9.102634e+03 9.152205e+03 9.029268e+03
2.6 9.010924e+03 9.037181e+03 9.153874e+03 9.127616e+03
3.6 9.095321e+03 9.091199e+03 9.151292e+03 9.155414e+03
4.6 9.057661e+03 9.082021e+03 9.152459e+03 9.128099e+03
5.6 9.075893e+03 9.062719e+03 9.151642e+03 9.164815e+03
6.6 9.081835e+03 9.095806e+03 9.151821e+03 9.137851e+03
7.6 8.965850e+03 9.028449e+03 9.153512e+03 9.090914e+03
8.6 9.101814e+03 9.100320e+03 9.152375e+03 9.153868e+03
0.3 9.010924e+03 9.037181e+03 9.153874e+03 9.127616e+03
1.3 9.095321e+03 9.091199e+03 9.151292e+03 9.155414e+03
2.3 9.057661e+03 9.082021e+03 9.152459e+03 9.128099e+03
3.3 9.075893e+03 9.062719e+03 9.151642e+03 9.164815e+03
4.3 9.081835e+03 9.095806e+03 9.151821e+03 9.137851e+03
5.3 8.965850e+03 9.028449e+03 9.153512e+03 9.090914e+03
6.3 9.101814e+03 9.100320e+03 9.152375e+03 9.153868e+03
7.3 9.029868e+03 9.023603e+03 9.155434e+03 9.161699e+03
8.3 9.103569e+03 9.094302e+03 9.153765e+03 9.163031e+03
1.0 9.075893e+03 9.062719e+03 9.151642e+03 9.164815e+03
2.0 9.081835e+03 9.095806e+03 9.151821e+03 9.137851e+03
3.0 8.965850e+03 9.028449e+03 9.153512e+03 9.090914e+03
4.0 9.101814e+03 9.100320e+03 9.152375e+03 9.153868e+03
5.0 9.029868e+03 9.023603e+03 9.155434e+03 9.161699e+03
6.0 9.103569e+03 9.094302e+03 9.153765e+03 9.163031e+03
7.0 9.070790e+03 9.067179e+03 9.156245e+03 9.159856e+03
8.0 9.025617e+03 9.057061e+03 9.147496e+03 9.116053e+03
9.0 9.145049e+03 9.081650e+03 9.102981e+03 9.166379e+03
0.7 8.965850e+03 9.028449e+03 9.153512e+03 9.090914e+03
1.7 9.101814e+03 9.100320e+03 9.152375e+03 9.153868e+03
2.7 9.029868e+03 9.023603e+03 9.155434e+03 9.161699e+03
3.7 9.103569e+03 9.094302e+03 9.153765e+03 9.163031e+03
4.7 9.070790e+03 9.067179e+03 9.156245e+03 9.159856e+03
5.7 9.025617e+03 9.057061e+03 9.147496e+03 9.116053e+03
6.7 9.145049e+03 9.081650e+03 9.102981e+03 9.166379e+03
7.7 9.048195e+03 9.088069e+03 9.039052e+03 8.999178e+03
8.7 9.258932e+03 9.165305e+03 8.984384e+03 9.078011e+03
0.4 9.029868e+03 9.023603e+03 9.155434e+03 9.161699e+03
1.4 9.103569e+03 9.094302e+03 9.153765e+03 9.163031e+03
2.4 9.070790e+03 9.067179e+03 9.156245e+03 9.159856e+03
3.4 9.025617e+03 9.057061e+03 9.147496e+03 9.116053e+03
4.4 9.145049e+03 9.081650e+03 9.102981e+03 9.166379e+03
5.4 9.048195e+03 9.088069e+03 9.039052e+03 8.999178e+03
6.4 9.258932e+03 9.165305e+03 8.984384e+03 9.078011e+03
7.4 9.149351e+03 9.152356e+03 8.944837e+03 8.941831e+03
8.4 9.032550e+03 9.106148e+03 8.922309e+03 8.848711e+03
0.5 9.150911e+03 9.113922e+03 8.918476e+03 8.955464e+03
1.5 9.069306e+03 9.069058e+03 8.940516e+03 8.940765e+03
2.5 9.014951e+03 9.002896e+03 9.000050e+03 9.012105e+03
3.5 9.036269e+03 9.068370e+03 9.061207e+03 9.029106e+03
4.5 9.070455e+03 9.090704e+03 9.111111e+03 9.090861e+03
5.5 9.066481e+03 9.059161e+03 9.144079e+03 9.151399e+03
6.5 9.062195e+03 9.101817e+03 9.156658e+03 9.117036e+03
7.5 9.104486e+03 9.019357e+03 9.160143e+03 9.245272e+03
8.5 9.096209e+03 9.097234e+03 9.158443e+03 9.157418e+03
0.2 9.014951e+03 9.002896e+03 9.000050e+03 9.012105e+03
1.2 9.036269e+03 9.068370e+03 9.061207e+03 9.029106e+03
2.2 9.070455e+03 9.090704e+03 9.111111e+03 9.090861e+03
3.2 9.066481e+03 9.059161e+03 9.144079e+03 9.151399e+03
4.2 9.062195e+03 9.101817e+03 9.156658e+03 9.117036e+03
5.2 9.104486e+03 9.019357e+03 9.160143e+03 9.245272e+03
6.2 9.096209e+03 9.097234e+03 9.158443e+03 9.157418e+03
7.2 9.057686e+03 9.034128e+03 9.161267e+03 9.184824e+03
8.2 9.124737e+03 9.085467e+03 9.160447e+03 9.199716e+03
0.9 9.066481e+03 9.059161e+03 9.144079e+03 9.151399e+03
1.9 9.062195e+03 9.101817e+03 9.156658e+03 9.117036e+03
2.9 9.104486e+03 9.019357e+03 9.160143e+03 9.245272e+03
3.9 9.096209e+03 9.097234e+03 9.158443e+03 9.157418e+03
4.9 9.057686e+03 9.034128e+03 9.161267e+03 9.184824e+03
5.9 9.124737e+03 9.085467e+03 9.160447e+03 9.199716e+03
6.9 9.077856e+03 9.074226e+03 9.162982e+03 9.166612e+03
7.9 9.041421e+03 9.059641e+03 9.160953e+03 9.142733e+03
8.9 9.068129e+03 9.099742e+03 9.158649e+03 9.127035e+03
0.6 9.104486e+03 9.019357e+03 9.160143e+03 9.245272e+03
1.6 9.096209e+03 9.097234e+03 9.158443e+03 9.157418e+03
2.6 9.057686e+03 9.034128e+03 9.161267e+03 9.184824e+03
3.6 9.124737e+03 9.085467e+03 9.160447e+03 9.199716e+03
4.6 9.077856e+03 9.074226e+03 9.162982e+03 9.166612e+03
5.6 9.041421e+03 9.059641e+03 9.160953e+03 9.142733e+03
6.6 9.068129e+03 9.099742e+03 9.158649e+03 9.127035e+03
7.6 8.999114e+03 9.024510e+03 9.159417e+03 9.134020e+03
8.6 9.111253e+03 9.096829e+03 9.157974e+03 9.172398e+03
0.3 9.057686e+03 9.034128e+03 9.161267e+03 9.184824e+03
1.3 9.124737e+03 9.085467e+03 9.160447e+03 9.199716e+03
2.3 9.077856e+03 9.074226e+03 9.162982e+03 9.166612e+03
3.3 9.041421e+03 9.059641e+03 9.160953e+03 9.142733e+03
4.3 9.068129e+03 9.099742e+03 9.158649e+03 9.127035e+03
5.3 8.999114e+03 9.024510e+03 9.159417e+03 9.134020e+03
6.3 9.111253e+03 9.096829e+03 9.157974e+03 9.172398e+03
7.3 9.020147e+03 9.022430e+03 9.161079e+03 9.158796e+03
8.3 9.099430e+03 9.090838e+03 9.159830e+03 9.168422e+03
0.9 9.041421e+03 9.059641e+03 9.160953e+03 9.142733e+03
1.9 9.068129e+03 9.099742e+03 9.158649e+03 9.127035e+03
2.9 8.999114e+03 9.024510e+03 9.159417e+03 9.134020e+03
3.9 9.111253e+03 9.096829e+03 9.157974e+03 9.172398e+03
4.9 9.020147e+03 9.022430e+03 9.161079e+03 9.158796e+03
5.9 9.099430e+03 9.090838e+03 9.159830e+03 9.168422e+03
6.9 9.097436e+03 9.069310e+03 9.162197e+03 9.190324e+03
7.9 9.051079e+03 9.053273e+03 9.153634e+03 9.151439e+03
8.9 9.092909e+03 9.083200e+03 9.109426e+03 9.119135e+03
0.7 8.999114e+03 9.024510e+03 9.159417e+03 9.134020e+03
1.7 9.111253e+03 9.096829e+03 9.157974e+03 9.172398e+03
2.7 9.020147e+03 9.022430e+03 9.161079e+03 9.158796e+03
3.7 9.099430e+03 9.090838e+03 9.159830e+03 9.168422e+03
4.7 9.097436e+03 9.069310e+03 9.162197e+03 9.190324e+03
5.7 9.051079e+03 9.053273e+03 9.153634e+03 9.151439e+03
6.7 9.092909e+03 9.083200e+03 9.109426e+03 9.119135e+03
7.7 9.026492e+03 9.084602e+03 9.045093e+03 8.986983e+03
8.7 9.143462e+03 9.163773e+03 8.989524e+03 8.969212e+03
0.3 9.020147e+03 9.022430e+03 9.161079e+03 9.158796e+03
1.3 9.099430e+03 9.090838e+03 9.159830e+03 9.168422e+03
2.3 9.097436e+03 9.069310e+03 9.162197e+03 9.190324e+03
3.3 9.051079e+03 9.053273e+03 9.153634e+03 9.151439e+03
4.3 9.092909e+03 9.083200e+03 9.109426e+03 9.119135e+03
5.3 9.026492e+03 9.084602e+03 9.045093e+03 8.986983e+03
6.3 9.143462e+03 9.163773e+03 8.989524e+03 8.969212e+03
7.3 9.157373e+03 9.152659e+03 8.949152e+03 8.953867e+03
8.3 9.210994e+03 9.106726e+03 8.925702e+03 9.029970e+03
0.5 9.066821e+03 9.117864e+03 8.920412e+03 8.869370e+03
1.5 9.114137e+03 9.065801e+03 8.943209e+03 8.991546e+03
2.5 9.089912e+03 8.996579e+03 9.003138e+03 9.096471e+03
3.5 9.119402e+03 9.071556e+03 9.063053e+03 9.110899e+03
4.5 9.039297e+03 9.093136e+03 9.111660e+03 9.057821e+03
5.5 8.995794e+03 9.053154e+03 9.143347e+03 9.085986e+03
6.5 9.069090e+03 9.107762e+03 9.153576e+03 9.114904e+03
7.5 8.993647e+03 9.012869e+03 9.156681e+03 9.137459e+03
8.5 9.090527e+03 9.097604e+03 9.154960e+03 9.147884e+03
0.2 9.089912e+03 8.996579e+03 9.003138e+03 9.096471e+03
1.2 9.119402e+03 9.071556e+03 9.063053e+03 9.110899e+03
2.2 9.039297e+03 9.093136e+03 9.111660e+03 9.057821e+03
3.2 8.995794e+03 9.053154e+03 9.143347e+03 9.085986e+03
4.2 9.069090e+03 9.107762e+03 9.153576e+03 9.114904e+03
5.2 8.993647e+03 9.012869e+03 9.156681e+03 9.137459e+03
6.2 9.090527e+03 9.097604e+03 9.154960e+03 9.147884e+03
7.2 9.071023e+03 9.043318e+03 9.157934e+03 9.185639e+03
8.2 9.107272e+03 9.080242e+03 9.157512e+03 9.184541e+03
0.8 8.995794e+03 9.053154e+03 9.143347e+03 9.085986e+03
1.8 9.069090e+03 9.107762e+03 9.153576e+03 9.114904e+03
2.8 8.993647e+03 9.012869e+03 9.156681e+03 9.137459e+03
3.8 9.090527e+03 9.097604e+03 9.154960e+03 9.147884e+03
4.8 9.071023e+03 9.043318e+03 9.157934e+03 9.185639e+03
5.8 9.107272e+03 9.080242e+03 9.157512e+03 9.184541e+03
6.8 9.150866e+03 9.083722e+03 9.159671e+03 9.226816e+03
7.8 9.076412e+03 9.050259e+03 9.159676e+03 9.185829e+03
8.8 9.149302e+03 9.094900e+03 9.159508e+03 9.213911e+03
0.5 8.993647e+03 9.012869e+03 9.156681e+03 9.137459e+03
1.5 9.090527e+03 9.097604e+03 9.154960e+03 9.147884e+03
2.5 9.071023e+03 9.043318e+03 9.157934e+03 9.185639e+03
3.5 9.107272e+03 9.080242e+03 9.157512e+03 9.184541e+03
4.5 9.150866e+03 9.083722e+03 9.159671e+03 9.226816e+03
5.5 9.076412e+03 9.050259e+03 9.159676e+03 9.185829e+03
6.5 9.149302e+03 9.094900e+03 9.159508e+03 9.213911e+03
7.5 9.007965e+03 9.020557e+03 9.161212e+03 9.148620e+03
8.5 9.063027e+03 9.098209e+03 9.159044e+03 9.123862e+03
0.2 9.071023e+03 9.043318e+03 9.157934e+03 9.185639e+03
1.2 9.107272e+03 9.080242e+03 9.157512e+03 9.184541e+03
2.2 9.150866e+03 9.083722e+03 9.159671e+03 9.226816e+03
3.2 9.076412e+03 9.050259e+03 9.159676e+03 9.185829e+03
4.2 9.149302e+03 9.094900e+03 9.159508e+03 9.213911e+03
5.2 9.007965e+03 9.020557e+03 9.161212e+03 9.148620e+03
6.2 9.063027e+03 9.098209e+03 9.159044e+03 9.123862e+03
7.2 9.073727e+03 9.029657e+03 9.161299e+03 9.205368e+03
8.2 9.106447e+03 9.089002e+03 9.158891e+03 9.176337e+03
0.9 9.076412e+03 9.050259e+03 9.159676e+03 9.185829e+03
1.9 9.149302e+03 9.094900e+03 9.159508e+03 9.213911e+03
2.9 9.007965e+03 9.020557e+03 9.161212e+03 9.148620e+03
3.9 9.063027e+03 9.098209e+03 9.159044e+03 9.123862e+03
4.9 9.073727e+03 9.029657e+03 9.161299e+03 9.205368e+03
5.9 9.106447e+03 9.089002e+03 9.158891e+03 9.176337e+03
6.9 9.154396e+03 9.076010e+03 9.160119e+03 9.238504e+03
7.9 8.983189e+03 9.048463e+03 9.152515e+03 9.087241e+03
8.9 9.070107e+03 9.088700e+03 9.109686e+03 9.091093e+03
0.6 9.007965e+03 9.020557e+03 9.161212e+03 9.148620e+03
1.6 9.063027e+03 9.098209e+03 9.159044e+03 9.123862e+03
2.6 9.073727e+03 9.029657e+03 9.161299e+03 9.205368e+03
3.6 9.106447e+03 9.089002e+03 9.158891e+03 9.176337e+03
4.6 9.154396e+03 9.076010e+03 9.160119e+03 9.238504e+03
5.6 8.983189e+03 9.048463e+03 9.152515e+03 9.087241e+03
6.6 9.070107e+03 9.088700e+03 9.109686e+03 9.091093e+03
7.6 9.077419e+03 9.080112e+03 9.045183e+03 9.042491e+03
8.6 9.252763e+03 9.162682e+03 8.988230e+03 9.078311e+03
0.3 9.073727e+03 9.029657e+03 9.161299e+03 9.205368e+03
1.3 9.106447e+03 9.089002e+03 9.158891e+03 9.176337e+03
2.3 9.154396e+03 9.076010e+03 9.160119e+03 9.238504e+03
3.3 8.983189e+03 9.048463e+03 9.152515e+03 9.087241e+03
4.3 9.070107e+03 9.088700e+03 9.109686e+03 9.091093e+03
5.3 9.077419e+03 9.080112e+03 9.045183e+03 9.042491e+03
6.3 9.252763e+03 9.162682e+03 8.988230e+03 9.078311e+03
7.3 9.140249e+03 9.155280e+03 8.946422e+03 8.931391e+03
8.3 9.072822e+03 9.109918e+03 8.921166e+03 8.884070e+03
0.5 9.084083e+03 9.119463e+03 8.910530e+03 8.875150e+03
1.5 9.043303e+03 9.067657e+03 8.931658e+03 8.907304e+03
2.5 8.966030e+03 8.999642e+03 8.989664e+03 8.956052e+03
3.5 9.008320e+03 9.073079e+03 9.048139e+03 8.983380e+03
4.5 9.080142e+03 9.092360e+03 9.095160e+03 9.082942e+03
5.5 9.060803e+03 9.065960e+03 9.124575e+03 9.119418e+03
6.5 9.150377e+03 9.104741e+03 9.133543e+03 9.179180e+03
7.5 9.031365e+03 9.019976e+03 9.133007e+03 9.144397e+03
8.5 9.069321e+03 9.104938e+03 9.126420e+03 9.090803e+03
0.2 8.966030e+03 8.999642e+03 8.989664e+03 8.956052e+03
1.2 9.008320e+03 9.073079e+03 9.048139e+03 8.983380e+03
2.2 9.080142e+03 9.092360e+03 9.095160e+03 9.082942e+03
3.2 9.060803e+03 9.065960e+03 9.124575e+03 9.119418e+03
4.2 9.150377e+03 9.104741e+03 9.133543e+03 9.179180e+03
5.2 9.031365e+03 9.019976e+03 9.133007e+03 9.144397e+03
6.2 9.069321e+03 9.104938e+03 9.126420e+03 9.090803e+03
7.2 9.004211e+03 9.037825e+03 9.124446e+03 9.090831e+03
8.2 9.037577e+03 9.091710e+03 9.118402e+03 9.064269e+03
0.9 9.060803e+03 9.065960e+03 9.124575e+03 9.119418e+03
1.9 9.150377e+03 9.104741e+03 9.133543e+03 9.179180e+03
2.9 9.031365e+03 9.019976e+03 9.133007e+03 9.144397e+03
3.9 9.069321e+03 9.104938e+03 9.126420e+03 9.090803e+03
4.9 9.004211e+03 9.037825e+03 9.124446e+03 9.090831e+03
5.9 9.037577e+03 9.091710e+03 9.118402e+03 9.064269e+03
6.9 9.106734e+03 9.083546e+03 9.115480e+03 9.138668e+03
7.9 9.096128e+03 9.063615e+03 9.109337e+03 9.141851e+03
8.9 9.204983e+03 9.102971e+03 9.103135e+03 9.205147e+03
0.6 9.031365e+03 9.019976e+03 9.133007e+03 9.144397e+03
1.6 9.069321e+03 9.104938e+03 9.126420e+03 9.090803e+03
2.6 9.004211e+03 9.037825e+03 9.124446e+03 9.090831e+03
3.6 9.037577e+03 9.091710e+03 9.118402e+03 9.064269e+03
4.6 9.106734e+03 9.083546e+03 9.115480e+03 9.138668e+03
5.6 9.096128e+03 9.063615e+03 9.109337e+03 9.141851e+03
6.6 9.204983e+03 9.102971e+03 9.103135e+03 9.205147e+03
7.6 9.087965e+03 9.031133e+03 9.098678e+03 9.155510e+03
8.6 9.112541e+03 9.105219e+03 9.091192e+03 9.098514e+03
0.3 9.004211e+03 9.037825e+03 9.124446e+03 9.090831e+03
1.3 9.037577e+03 9.091710e+03 9.118402e+03 9.064269e+03
2.3 9.106734e+03 9.083546e+03 9.115480e+03 9.138668e+03
3.3 9.096128e+03 9.063615e+03 9.109337e+03 9.141851e+03
4.3 9.204983e+03 9.102971e+03 9.103135e+03 9.205147e+03
5.3 9.087965e+03 9.031133e+03 9.098678e+03 9.155510e+03
6.3 9.112541e+03 9.105219e+03 9.091192e+03 9.098514e+03
7.3 9.067973e+03 9.026751e+03 9.087614e+03 9.128836e+03
8.3 9.028583e+03 9.103833e+03 9.077467e+03 9.002217e+03
1.0 9.096128e+03 9.063615e+03 9.109337e+03 9.141851e+03
2.0 9.204983e+03 9.102971e+03 9.103135e+03 9.205147e+03
3.0 9.087965e+03 9.031133e+03 9.098678e+03 9.155510e+03
4.0 9.112541e+03 9.105219e+03 9.091192e+03 9.098514e+03
5.0 9.067973e+03 9.026751e+03 9.087614e+03 9.128836e+03
6.0 9.028583e+03 9.103833e+03 9.077467e+03 9.002217e+03
0.6 9.087965e+03 9.031133e+03 9.098678e+03 9.155510e+03
1.6 9.112541e+03 9.105219e+03 9.091192e+03 9.098514e+03
2.6 9.067973e+03 9.026751e+03 9.087614e+03 9.128836e+03
3.6 9.028583e+03 9.103833e+03 9.077467e+03 9.002217e+03
0.3 9.067973e+03 9.026751e+03 9.087614e+03 9.128836e+03
1.3 9.028583e+03 9.103833e+03 9.077467e+03 9.002217e+03
