0.5 9.147620e+03 9.264179e+03 8.519053e+03 8.402493e+03
1.5 9.328944e+03 9.285041e+03 8.941955e+03 8.985859e+03
2.5 9.469999e+03 9.427806e+03 9.399052e+03 9.441245e+03
3.5 9.191642e+03 9.299097e+03 9.452535e+03 9.345080e+03
4.5 9.399601e+03 9.246737e+03 9.569496e+03 9.722360e+03
5.5 9.530885e+03 9.282529e+03 9.512808e+03 9.761164e+03
6.5 9.258842e+03 9.207103e+03 9.551195e+03 9.602934e+03
7.5 9.333370e+03 9.353864e+03 9.553569e+03 9.533076e+03
8.5 9.534303e+03 9.207046e+03 9.530143e+03 9.857400e+03
0.2 9.469999e+03 9.427806e+03 9.399052e+03 9.441245e+03
1.2 9.191642e+03 9.299097e+03 9.452535e+03 9.345080e+03
2.2 9.399601e+03 9.246737e+03 9.569496e+03 9.722360e+03
3.2 9.530885e+03 9.282529e+03 9.512808e+03 9.761164e+03
4.2 9.258842e+03 9.207103e+03 9.551195e+03 9.602934e+03
5.2 9.333370e+03 9.353864e+03 9.553569e+03 9.533076e+03
6.2 9.534303e+03 9.207046e+03 9.530143e+03 9.857400e+03
7.2 9.039719e+03 9.338413e+03 9.599881e+03 9.301187e+03
8.2 9.186331e+03 9.227649e+03 9.523723e+03 9.482406e+03
0.9 9.530885e+03 9.282529e+03 9.512808e+03 9.761164e+03
1.9 9.258842e+03 9.207103e+03 9.551195e+03 9.602934e+03
2.9 9.333370e+03 9.353864e+03 9.553569e+03 9.533076e+03
3.9 9.534303e+03 9.207046e+03 9.530143e+03 9.857400e+03
4.9 9.039719e+03 9.338413e+03 9.599881e+03 9.301187e+03
5.9 9.186331e+03 9.227649e+03 9.523723e+03 9.482406e+03
6.9 9.401719e+03 9.258665e+03 9.614588e+03 9.757642e+03
7.9 9.304236e+03 9.282636e+03 9.539765e+03 9.561365e+03
8.9 8.951437e+03 9.230857e+03 9.598825e+03 9.319405e+03
0.6 9.333370e+03 9.353864e+03 9.553569e+03 9.533076e+03
1.6 9.534303e+03 9.207046e+03 9.530143e+03 9.857400e+03
2.6 9.039719e+03 9.338413e+03 9.599881e+03 9.301187e+03
3.6 9.186331e+03 9.227649e+03 9.523723e+03 9.482406e+03
4.6 9.401719e+03 9.258665e+03 9.614588e+03 9.757642e+03
5.6 9.304236e+03 9.282636e+03 9.539765e+03 9.561365e+03
6.6 8.951437e+03 9.230857e+03 9.598825e+03 9.319405e+03
7.6 9.451159e+03 9.351540e+03 9.581098e+03 9.680716e+03
8.6 9.119098e+03 9.219407e+03 9.582175e+03 9.481866e+03
0.3 9.039719e+03 9.338413e+03 9.599881e+03 9.301187e+03
1.3 9.186331e+03 9.227649e+03 9.523723e+03 9.482406e+03
2.3 9.401719e+03 9.258665e+03 9.614588e+03 9.757642e+03
3.3 9.304236e+03 9.282636e+03 9.539765e+03 9.561365e+03
4.3 8.951437e+03 9.230857e+03 9.598825e+03 9.319405e+03
5.3 9.451159e+03 9.351540e+03 9.581098e+03 9.680716e+03
6.3 9.119098e+03 9.219407e+03 9.582175e+03 9.481866e+03
7.3 9.180719e+03 9.367953e+03 9.634353e+03 9.447120e+03
8.3 9.049529e+03 9.228225e+03 9.573119e+03 9.394423e+03
1.0 9.304236e+03 9.282636e+03 9.539765e+03 9.561365e+03
2.0 8.951437e+03 9.230857e+03 9.598825e+03 9.319405e+03
3.0 9.451159e+03 9.351540e+03 9.581098e+03 9.680716e+03
4.0 9.119098e+03 9.219407e+03 9.582175e+03 9.481866e+03
5.0 9.180719e+03 9.367953e+03 9.634353e+03 9.447120e+03
6.0 9.049529e+03 9.228225e+03 9.573119e+03 9.394423e+03
7.0 8.985266e+03 9.291832e+03 9.664320e+03 9.357755e+03
8.0 9.614713e+03 9.402578e+03 9.357383e+03 9.569518e+03
9.0 9.207839e+03 9.327768e+03 8.884610e+03 8.764680e+03
0.7 9.451159e+03 9.351540e+03 9.581098e+03 9.680716e+03
1.7 9.119098e+03 9.219407e+03 9.582175e+03 9.481866e+03
2.7 9.180719e+03 9.367953e+03 9.634353e+03 9.447120e+03
3.7 9.049529e+03 9.228225e+03 9.573119e+03 9.394423e+03
4.7 8.985266e+03 9.291832e+03 9.664320e+03 9.357755e+03
5.7 9.614713e+03 9.402578e+03 9.357383e+03 9.569518e+03
6.7 9.207839e+03 9.327768e+03 8.884610e+03 8.764680e+03
7.7 9.360439e+03 9.187854e+03 8.663057e+03 8.835643e+03
8.7 9.091124e+03 9.036286e+03 8.598124e+03 8.652961e+03
0.4 9.180719e+03 9.367953e+03 9.634353e+03 9.447120e+03
1.4 9.049529e+03 9.228225e+03 9.573119e+03 9.394423e+03
2.4 8.985266e+03 9.291832e+03 9.664320e+03 9.357755e+03
3.4 9.614713e+03 9.402578e+03 9.357383e+03 9.569518e+03
4.4 9.207839e+03 9.327768e+03 8.884610e+03 8.764680e+03
5.4 9.360439e+03 9.187854e+03 8.663057e+03 8.835643e+03
6.4 9.091124e+03 9.036286e+03 8.598124e+03 8.652961e+03
7.4 9.428577e+03 9.069744e+03 8.584733e+03 8.943566e+03
8.4 9.144756e+03 9.161276e+03 8.584449e+03 8.567929e+03
0.5 9.091090e+03 9.296067e+03 8.613932e+03 8.408955e+03
1.5 9.265541e+03 9.328450e+03 9.054276e+03 8.991367e+03
2.5 9.678544e+03 9.471124e+03 9.506475e+03 9.713895e+03
3.5 9.393497e+03 9.324830e+03 9.560306e+03 9.628972e+03
4.5 9.178314e+03 9.276345e+03 9.679700e+03 9.581670e+03
5.5 9.004652e+03 9.305124e+03 9.607864e+03 9.307392e+03
6.5 9.476637e+03 9.224926e+03 9.646900e+03 9.898610e+03
7.5 9.187348e+03 9.376146e+03 9.652928e+03 9.464130e+03
8.5 8.999375e+03 9.229208e+03 9.628597e+03 9.398764e+03
0.2 9.678544e+03 9.471124e+03 9.506475e+03 9.713895e+03
1.2 9.393497e+03 9.324830e+03 9.560306e+03 9.628972e+03
2.2 9.178314e+03 9.276345e+03 9.679700e+03 9.581670e+03
3.2 9.004652e+03 9.305124e+03 9.607864e+03 9.307392e+03
4.2 9.476637e+03 9.224926e+03 9.646900e+03 9.898610e+03
5.2 9.187348e+03 9.376146e+03 9.652928e+03 9.464130e+03
6.2 8.999375e+03 9.229208e+03 9.628597e+03 9.398764e+03
7.2 9.154901e+03 9.355210e+03 9.695598e+03 9.495289e+03
8.2 9.441289e+03 9.249883e+03 9.627814e+03 9.819220e+03
0.9 9.004652e+03 9.305124e+03 9.607864e+03 9.307392e+03
1.9 9.476637e+03 9.224926e+03 9.646900e+03 9.898610e+03
2.9 9.187348e+03 9.376146e+03 9.652928e+03 9.464130e+03
3.9 8.999375e+03 9.229208e+03 9.628597e+03 9.398764e+03
4.9 9.154901e+03 9.355210e+03 9.695598e+03 9.495289e+03
5.9 9.441289e+03 9.249883e+03 9.627814e+03 9.819220e+03
6.9 9.638231e+03 9.282265e+03 9.707810e+03 1.006378e+04
7.9 9.233521e+03 9.292148e+03 9.595848e+03 9.537221e+03
8.9 9.089704e+03 9.227784e+03 9.649676e+03 9.511596e+03
0.6 9.187348e+03 9.376146e+03 9.652928e+03 9.464130e+03
1.6 8.999375e+03 9.229208e+03 9.628597e+03 9.398764e+03
2.6 9.154901e+03 9.355210e+03 9.695598e+03 9.495289e+03
3.6 9.441289e+03 9.249883e+03 9.627814e+03 9.819220e+03
4.6 9.638231e+03 9.282265e+03 9.707810e+03 1.006378e+04
5.6 9.233521e+03 9.292148e+03 9.595848e+03 9.537221e+03
6.6 9.089704e+03 9.227784e+03 9.649676e+03 9.511596e+03
7.6 9.318490e+03 9.365327e+03 9.643284e+03 9.596448e+03
8.6 9.001729e+03 9.231517e+03 9.637741e+03 9.407953e+03
0.3 9.154901e+03 9.355210e+03 9.695598e+03 9.495289e+03
1.3 9.441289e+03 9.249883e+03 9.627814e+03 9.819220e+03
2.3 9.638231e+03 9.282265e+03 9.707810e+03 1.006378e+04
3.3 9.233521e+03 9.292148e+03 9.595848e+03 9.537221e+03
4.3 9.089704e+03 9.227784e+03 9.649676e+03 9.511596e+03
5.3 9.318490e+03 9.365327e+03 9.643284e+03 9.596448e+03
6.3 9.001729e+03 9.231517e+03 9.637741e+03 9.407953e+03
7.3 9.217498e+03 9.375948e+03 9.690622e+03 9.532172e+03
8.3 9.447386e+03 9.238804e+03 9.619879e+03 9.828461e+03
0.9 9.233521e+03 9.292148e+03 9.595848e+03 9.537221e+03
1.9 9.089704e+03 9.227784e+03 9.649676e+03 9.511596e+03
2.9 9.318490e+03 9.365327e+03 9.643284e+03 9.596448e+03
3.9 9.001729e+03 9.231517e+03 9.637741e+03 9.407953e+03
4.9 9.217498e+03 9.375948e+03 9.690622e+03 9.532172e+03
5.9 9.447386e+03 9.238804e+03 9.619879e+03 9.828461e+03
6.9 9.042341e+03 9.291369e+03 9.706238e+03 9.457210e+03
7.9 9.142816e+03 9.410848e+03 9.408401e+03 9.140369e+03
8.9 9.423056e+03 9.332116e+03 8.926780e+03 9.017720e+03
0.7 9.318490e+03 9.365327e+03 9.643284e+03 9.596448e+03
1.7 9.001729e+03 9.231517e+03 9.637741e+03 9.407953e+03
2.7 9.217498e+03 9.375948e+03 9.690622e+03 9.532172e+03
3.7 9.447386e+03 9.238804e+03 9.619879e+03 9.828461e+03
4.7 9.042341e+03 9.291369e+03 9.706238e+03 9.457210e+03
5.7 9.142816e+03 9.410848e+03 9.408401e+03 9.140369e+03
6.7 9.423056e+03 9.332116e+03 8.926780e+03 9.017720e+03
7.7 9.290557e+03 9.197766e+03 8.695413e+03 8.788205e+03
8.7 8.175908e+03 9.041001e+03 8.624561e+03 7.759468e+03
0.3 9.217498e+03 9.375948e+03 9.690622e+03 9.532172e+03
1.3 9.447386e+03 9.238804e+03 9.619879e+03 9.828461e+03
2.3 9.042341e+03 9.291369e+03 9.706238e+03 9.457210e+03
3.3 9.142816e+03 9.410848e+03 9.408401e+03 9.140369e+03
4.3 9.423056e+03 9.332116e+03 8.926780e+03 9.017720e+03
5.3 9.290557e+03 9.197766e+03 8.695413e+03 8.788205e+03
6.3 8.175908e+03 9.041001e+03 8.624561e+03 7.759468e+03
7.3 9.067035e+03 9.070740e+03 8.607289e+03 8.603584e+03
8.3 9.386527e+03 9.161701e+03 8.603955e+03 8.828781e+03
0.5 9.414222e+03 9.290194e+03 8.628971e+03 8.752999e+03
1.5 9.549237e+03 9.336951e+03 9.078208e+03 9.290494e+03
2.5 9.512168e+03 9.483235e+03 9.518661e+03 9.547594e+03
3.5 9.430287e+03 9.317275e+03 9.555419e+03 9.668430e+03
4.5 9.342053e+03 9.271327e+03 9.678010e+03 9.748735e+03
5.5 9.590930e+03 9.313725e+03 9.590068e+03 9.867274e+03
6.5 9.250469e+03 9.211688e+03 9.623601e+03 9.662382e+03
7.5 9.325101e+03 9.389340e+03 9.649951e+03 9.585712e+03
8.5 9.233384e+03 9.227162e+03 9.609351e+03 9.615573e+03
0.2 9.512168e+03 9.483235e+03 9.518661e+03 9.547594e+03
1.2 9.430287e+03 9.317275e+03 9.555419e+03 9.668430e+03
2.2 9.342053e+03 9.271327e+03 9.678010e+03 9.748735e+03
3.2 9.590930e+03 9.313725e+03 9.590068e+03 9.867274e+03
4.2 9.250469e+03 9.211688e+03 9.623601e+03 9.662382e+03
5.2 9.325101e+03 9.389340e+03 9.649951e+03 9.585712e+03
6.2 9.233384e+03 9.227162e+03 9.609351e+03 9.615573e+03
7.2 9.307282e+03 9.339649e+03 9.693659e+03 9.661292e+03
8.2 9.183271e+03 9.258155e+03 9.609174e+03 9.534290e+03
0.8 9.590930e+03 9.313725e+03 9.590068e+03 9.867274e+03
1.8 9.250469e+03 9.211688e+03 9.623601e+03 9.662382e+03
2.8 9.325101e+03 9.389340e+03 9.649951e+03 9.585712e+03
3.8 9.233384e+03 9.227162e+03 9.609351e+03 9.615573e+03
4.8 9.307282e+03 9.339649e+03 9.693659e+03 9.661292e+03
5.8 9.183271e+03 9.258155e+03 9.609174e+03 9.534290e+03
6.8 9.166560e+03 9.263727e+03 9.689890e+03 9.592723e+03
7.8 9.482710e+03 9.314149e+03 9.618755e+03 9.787316e+03
8.8 9.578622e+03 9.238077e+03 9.657657e+03 9.998202e+03
0.5 9.325101e+03 9.389340e+03 9.649951e+03 9.585712e+03
1.5 9.233384e+03 9.227162e+03 9.609351e+03 9.615573e+03
2.5 9.307282e+03 9.339649e+03 9.693659e+03 9.661292e+03
3.5 9.183271e+03 9.258155e+03 9.609174e+03 9.534290e+03
4.5 9.166560e+03 9.263727e+03 9.689890e+03 9.592723e+03
5.5 9.482710e+03 9.314149e+03 9.618755e+03 9.787316e+03
6.5 9.578622e+03 9.238077e+03 9.657657e+03 9.998202e+03
7.5 9.510247e+03 9.373425e+03 9.650021e+03 9.786843e+03
8.5 9.383165e+03 9.227406e+03 9.627048e+03 9.782807e+03
0.2 9.307282e+03 9.339649e+03 9.693659e+03 9.661292e+03
1.2 9.183271e+03 9.258155e+03 9.609174e+03 9.534290e+03
2.2 9.166560e+03 9.263727e+03 9.689890e+03 9.592723e+03
3.2 9.482710e+03 9.314149e+03 9.618755e+03 9.787316e+03
4.2 9.578622e+03 9.238077e+03 9.657657e+03 9.998202e+03
5.2 9.510247e+03 9.373425e+03 9.650021e+03 9.786843e+03
6.2 9.383165e+03 9.227406e+03 9.627048e+03 9.782807e+03
7.2 9.191359e+03 9.362598e+03 9.686462e+03 9.515223e+03
8.2 9.219289e+03 9.241401e+03 9.606540e+03 9.584428e+03
0.9 9.482710e+03 9.314149e+03 9.618755e+03 9.787316e+03
1.9 9.578622e+03 9.238077e+03 9.657657e+03 9.998202e+03
2.9 9.510247e+03 9.373425e+03 9.650021e+03 9.786843e+03
3.9 9.383165e+03 9.227406e+03 9.627048e+03 9.782807e+03
4.9 9.191359e+03 9.362598e+03 9.686462e+03 9.515223e+03
5.9 9.219289e+03 9.241401e+03 9.606540e+03 9.584428e+03
6.9 9.114506e+03 9.278492e+03 9.690636e+03 9.526650e+03
7.9 9.485359e+03 9.415476e+03 9.419296e+03 9.489179e+03
8.9 9.709610e+03 9.330328e+03 8.927032e+03 9.306313e+03
0.6 9.510247e+03 9.373425e+03 9.650021e+03 9.786843e+03
1.6 9.383165e+03 9.227406e+03 9.627048e+03 9.782807e+03
2.6 9.191359e+03 9.362598e+03 9.686462e+03 9.515223e+03
3.6 9.219289e+03 9.241401e+03 9.606540e+03 9.584428e+03
4.6 9.114506e+03 9.278492e+03 9.690636e+03 9.526650e+03
5.6 9.485359e+03 9.415476e+03 9.419296e+03 9.489179e+03
6.6 9.709610e+03 9.330328e+03 8.927032e+03 9.306313e+03
7.6 9.253032e+03 9.208344e+03 8.680743e+03 8.725432e+03
8.6 8.786694e+03 9.042439e+03 8.601551e+03 8.345806e+03
0.3 9.191359e+03 9.362598e+03 9.686462e+03 9.515223e+03
1.3 9.219289e+03 9.241401e+03 9.606540e+03 9.584428e+03
2.3 9.114506e+03 9.278492e+03 9.690636e+03 9.526650e+03
3.3 9.485359e+03 9.415476e+03 9.419296e+03 9.489179e+03
4.3 9.709610e+03 9.330328e+03 8.927032e+03 9.306313e+03
5.3 9.253032e+03 9.208344e+03 8.680743e+03 8.725432e+03
6.3 8.786694e+03 9.042439e+03 8.601551e+03 8.345806e+03
7.3 9.126339e+03 9.065181e+03 8.578839e+03 8.639997e+03
8.3 9.434621e+03 9.155427e+03 8.570448e+03 8.849641e+03
0.5 9.122242e+03 9.286818e+03 8.568564e+03 8.403987e+03
1.5 9.155485e+03 9.333056e+03 9.008686e+03 8.831115e+03
2.5 9.120858e+03 9.477126e+03 9.439209e+03 9.082940e+03
3.5 9.542276e+03 9.315779e+03 9.477924e+03 9.704421e+03
4.5 9.251943e+03 9.272995e+03 9.583887e+03 9.562834e+03
5.5 9.434084e+03 9.291681e+03 9.492159e+03 9.634562e+03
6.5 9.059780e+03 9.219455e+03 9.519444e+03 9.359769e+03
7.5 9.678534e+03 9.373177e+03 9.496062e+03 9.801419e+03
8.5 9.358743e+03 9.212927e+03 9.448868e+03 9.594684e+03
0.2 9.120858e+03 9.477126e+03 9.439209e+03 9.082940e+03
1.2 9.542276e+03 9.315779e+03 9.477924e+03 9.704421e+03
2.2 9.251943e+03 9.272995e+03 9.583887e+03 9.562834e+03
3.2 9.434084e+03 9.291681e+03 9.492159e+03 9.634562e+03
4.2 9.059780e+03 9.219455e+03 9.519444e+03 9.359769e+03
5.2 9.678534e+03 9.373177e+03 9.496062e+03 9.801419e+03
6.2 9.358743e+03 9.212927e+03 9.448868e+03 9.594684e+03
7.2 9.301279e+03 9.347377e+03 9.501095e+03 9.454997e+03
8.2 9.287388e+03 9.236000e+03 9.402081e+03 9.453469e+03
0.9 9.434084e+03 9.291681e+03 9.492159e+03 9.634562e+03
1.9 9.059780e+03 9.219455e+03 9.519444e+03 9.359769e+03
2.9 9.678534e+03 9.373177e+03 9.496062e+03 9.801419e+03
3.9 9.358743e+03 9.212927e+03 9.448868e+03 9.594684e+03
4.9 9.301279e+03 9.347377e+03 9.501095e+03 9.454997e+03
5.9 9.287388e+03 9.236000e+03 9.402081e+03 9.453469e+03
6.9 9.308828e+03 9.264006e+03 9.465710e+03 9.510532e+03
7.9 9.183913e+03 9.286473e+03 9.349661e+03 9.247100e+03
8.9 9.068260e+03 9.222513e+03 9.376729e+03 9.222477e+03
0.6 9.678534e+03 9.373177e+03 9.496062e+03 9.801419e+03
1.6 9.358743e+03 9.212927e+03 9.448868e+03 9.594684e+03
2.6 9.301279e+03 9.347377e+03 9.501095e+03 9.454997e+03
3.6 9.287388e+03 9.236000e+03 9.402081e+03 9.453469e+03
4.6 9.308828e+03 9.264006e+03 9.465710e+03 9.510532e+03
5.6 9.183913e+03 9.286473e+03 9.349661e+03 9.247100e+03
6.6 9.068260e+03 9.222513e+03 9.376729e+03 9.222477e+03
7.6 9.539668e+03 9.352713e+03 9.338718e+03 9.525673e+03
8.6 9.373372e+03 9.215371e+03 9.303849e+03 9.461849e+03
0.3 9.301279e+03 9.347377e+03 9.501095e+03 9.454997e+03
1.3 9.287388e+03 9.236000e+03 9.402081e+03 9.453469e+03
2.3 9.308828e+03 9.264006e+03 9.465710e+03 9.510532e+03
3.3 9.183913e+03 9.286473e+03 9.349661e+03 9.247100e+03
4.3 9.068260e+03 9.222513e+03 9.376729e+03 9.222477e+03
5.3 9.539668e+03 9.352713e+03 9.338718e+03 9.525673e+03
6.3 9.373372e+03 9.215371e+03 9.303849e+03 9.461849e+03
7.3 9.196774e+03 9.367102e+03 9.325563e+03 9.155235e+03
8.3 9.356881e+03 9.210995e+03 9.200362e+03 9.346248e+03
1.0 9.183913e+03 9.286473e+03 9.349661e+03 9.247100e+03
2.0 9.068260e+03 9.222513e+03 9.376729e+03 9.222477e+03
3.0 9.539668e+03 9.352713e+03 9.338718e+03 9.525673e+03
4.0 9.373372e+03 9.215371e+03 9.303849e+03 9.461849e+03
5.0 9.196774e+03 9.367102e+03 9.325563e+03 9.155235e+03
6.0 9.356881e+03 9.210995e+03 9.200362e+03 9.346248e+03
0.6 9.539668e+03 9.352713e+03 9.338718e+03 9.525673e+03
1.6 9.373372e+03 9.215371e+03 9.303849e+03 9.461849e+03
2.6 9.196774e+03 9.367102e+03 9.325563e+03 9.155235e+03
3.6 9.356881e+03 9.210995e+03 9.200362e+03 9.346248e+03
0.3 9.196774e+03 9.367102e+03 9.325563e+03 9.155235e+03
1.3 9.356881e+03 9.210995e+03 9.200362e+03 9.346248e+03
