0.5 8.552642e+03 8.562887e+03 8.472813e+03 8.462567e+03
1.5 8.628859e+03 8.588121e+03 8.567761e+03 8.608499e+03
2.5 8.536704e+03 8.526525e+03 8.570219e+03 8.580398e+03
3.5 8.538604e+03 8.532457e+03 8.567947e+03 8.574095e+03
4.5 8.536083e+03 8.543718e+03 8.585505e+03 8.577870e+03
5.5 8.559879e+03 8.536068e+03 8.558243e+03 8.582054e+03
6.5 8.598603e+03 8.560337e+03 8.585628e+03 8.623893e+03
7.5 8.470741e+03 8.529311e+03 8.554288e+03 8.495719e+03
8.5 8.585232e+03 8.561657e+03 8.583457e+03 8.607033e+03
0.2 8.536704e+03 8.526525e+03 8.570219e+03 8.580398e+03
1.2 8.538604e+03 8.532457e+03 8.567947e+03 8.574095e+03
2.2 8.536083e+03 8.543718e+03 8.585505e+03 8.577870e+03
3.2 8.559879e+03 8.536068e+03 8.558243e+03 8.582054e+03
4.2 8.598603e+03 8.560337e+03 8.585628e+03 8.623893e+03
5.2 8.470741e+03 8.529311e+03 8.554288e+03 8.495719e+03
6.2 8.585232e+03 8.561657e+03 8.583457e+03 8.607033e+03
7.2 8.479515e+03 8.535305e+03 8.568919e+03 8.513129e+03
8.2 8.506100e+03 8.557068e+03 8.578011e+03 8.527043e+03
0.9 8.559879e+03 8.536068e+03 8.558243e+03 8.582054e+03
1.9 8.598603e+03 8.560337e+03 8.585628e+03 8.623893e+03
2.9 8.470741e+03 8.529311e+03 8.554288e+03 8.495719e+03
3.9 8.585232e+03 8.561657e+03 8.583457e+03 8.607033e+03
4.9 8.479515e+03 8.535305e+03 8.568919e+03 8.513129e+03
5.9 8.506100e+03 8.557068e+03 8.578011e+03 8.527043e+03
6.9 8.544434e+03 8.554158e+03 8.590800e+03 8.581076e+03
7.9 8.501963e+03 8.545599e+03 8.569270e+03 8.525634e+03
8.9 8.596891e+03 8.559869e+03 8.593920e+03 8.630942e+03
0.6 8.470741e+03 8.529311e+03 8.554288e+03 8.495719e+03
1.6 8.585232e+03 8.561657e+03 8.583457e+03 8.607033e+03
2.6 8.479515e+03 8.535305e+03 8.568919e+03 8.513129e+03
3.6 8.506100e+03 8.557068e+03 8.578011e+03 8.527043e+03
4.6 8.544434e+03 8.554158e+03 8.590800e+03 8.581076e+03
5.6 8.501963e+03 8.545599e+03 8.569270e+03 8.525634e+03
6.6 8.596891e+03 8.559869e+03 8.593920e+03 8.630942e+03
7.6 8.570028e+03 8.531857e+03 8.562263e+03 8.600434e+03
8.6 8.554502e+03 8.561635e+03 8.592576e+03 8.585443e+03
0.3 8.479515e+03 8.535305e+03 8.568919e+03 8.513129e+03
1.3 8.506100e+03 8.557068e+03 8.578011e+03 8.527043e+03
2.3 8.544434e+03 8.554158e+03 8.590800e+03 8.581076e+03
3.3 8.501963e+03 8.545599e+03 8.569270e+03 8.525634e+03
4.3 8.596891e+03 8.559869e+03 8.593920e+03 8.630942e+03
5.3 8.570028e+03 8.531857e+03 8.562263e+03 8.600434e+03
6.3 8.554502e+03 8.561635e+03 8.592576e+03 8.585443e+03
7.3 8.507226e+03 8.530350e+03 8.569581e+03 8.546456e+03
8.3 8.527355e+03 8.559058e+03 8.587977e+03 8.556274e+03
1.0 8.501963e+03 8.545599e+03 8.569270e+03 8.525634e+03
2.0 8.596891e+03 8.559869e+03 8.593920e+03 8.630942e+03
3.0 8.570028e+03 8.531857e+03 8.562263e+03 8.600434e+03
4.0 8.554502e+03 8.561635e+03 8.592576e+03 8.585443e+03
5.0 8.507226e+03 8.530350e+03 8.569581e+03 8.546456e+03
6.0 8.527355e+03 8.559058e+03 8.587977e+03 8.556274e+03
7.0 8.536663e+03 8.548590e+03 8.592868e+03 8.580941e+03
8.0 8.507193e+03 8.504428e+03 8.497137e+03 8.499903e+03
9.0 8.596438e+03 8.553573e+03 8.476278e+03 8.519144e+03
0.7 8.570028e+03 8.531857e+03 8.562263e+03 8.600434e+03
1.7 8.554502e+03 8.561635e+03 8.592576e+03 8.585443e+03
2.7 8.507226e+03 8.530350e+03 8.569581e+03 8.546456e+03
3.7 8.527355e+03 8.559058e+03 8.587977e+03 8.556274e+03
4.7 8.536663e+03 8.548590e+03 8.592868e+03 8.580941e+03
5.7 8.507193e+03 8.504428e+03 8.497137e+03 8.499903e+03
6.7 8.596438e+03 8.553573e+03 8.476278e+03 8.519144e+03
7.7 8.541634e+03 8.572573e+03 8.475554e+03 8.444615e+03
8.7 8.613879e+03 8.567888e+03 8.476002e+03 8.521993e+03
0.4 8.507226e+03 8.530350e+03 8.569581e+03 8.546456e+03
1.4 8.527355e+03 8.559058e+03 8.587977e+03 8.556274e+03
2.4 8.536663e+03 8.548590e+03 8.592868e+03 8.580941e+03
3.4 8.507193e+03 8.504428e+03 8.497137e+03 8.499903e+03
4.4 8.596438e+03 8.553573e+03 8.476278e+03 8.519144e+03
5.4 8.541634e+03 8.572573e+03 8.475554e+03 8.444615e+03
6.4 8.613879e+03 8.567888e+03 8.476002e+03 8.521993e+03
7.4 8.512242e+03 8.558674e+03 8.476434e+03 8.430002e+03
8.4 8.518795e+03 8.552247e+03 8.476799e+03 8.443347e+03
0.5 8.559799e+03 8.564408e+03 8.495333e+03 8.490724e+03
1.5 8.564482e+03 8.586648e+03 8.588673e+03 8.566508e+03
2.5 8.497995e+03 8.523847e+03 8.587680e+03 8.561828e+03
3.5 8.566160e+03 8.532969e+03 8.587737e+03 8.620928e+03
4.5 8.579773e+03 8.542846e+03 8.603550e+03 8.640477e+03
5.5 8.541181e+03 8.535745e+03 8.573745e+03 8.579180e+03
6.5 8.571186e+03 8.560982e+03 8.602058e+03 8.612261e+03
7.5 8.584195e+03 8.528875e+03 8.569957e+03 8.625277e+03
8.5 8.585966e+03 8.560853e+03 8.598153e+03 8.623265e+03
0.2 8.497995e+03 8.523847e+03 8.587680e+03 8.561828e+03
1.2 8.566160e+03 8.532969e+03 8.587737e+03 8.620928e+03
2.2 8.579773e+03 8.542846e+03 8.603550e+03 8.640477e+03
3.2 8.541181e+03 8.535745e+03 8.573745e+03 8.579180e+03
4.2 8.571186e+03 8.560982e+03 8.602058e+03 8.612261e+03
5.2 8.584195e+03 8.528875e+03 8.569957e+03 8.625277e+03
6.2 8.585966e+03 8.560853e+03 8.598153e+03 8.623265e+03
7.2 8.627232e+03 8.535276e+03 8.583555e+03 8.675511e+03
8.2 8.573944e+03 8.555793e+03 8.592345e+03 8.610497e+03
0.9 8.541181e+03 8.535745e+03 8.573745e+03 8.579180e+03
1.9 8.571186e+03 8.560982e+03 8.602058e+03 8.612261e+03
2.9 8.584195e+03 8.528875e+03 8.569957e+03 8.625277e+03
3.9 8.585966e+03 8.560853e+03 8.598153e+03 8.623265e+03
4.9 8.627232e+03 8.535276e+03 8.583555e+03 8.675511e+03
5.9 8.573944e+03 8.555793e+03 8.592345e+03 8.610497e+03
6.9 8.529023e+03 8.551728e+03 8.601643e+03 8.578939e+03
7.9 8.464511e+03 8.544786e+03 8.575537e+03 8.495262e+03
8.9 8.552174e+03 8.562097e+03 8.603058e+03 8.593135e+03
0.6 8.584195e+03 8.528875e+03 8.569957e+03 8.625277e+03
1.6 8.585966e+03 8.560853e+03 8.598153e+03 8.623265e+03
2.6 8.627232e+03 8.535276e+03 8.583555e+03 8.675511e+03
3.6 8.573944e+03 8.555793e+03 8.592345e+03 8.610497e+03
4.6 8.529023e+03 8.551728e+03 8.601643e+03 8.578939e+03
5.6 8.464511e+03 8.544786e+03 8.575537e+03 8.495262e+03
6.6 8.552174e+03 8.562097e+03 8.603058e+03 8.593135e+03
7.6 8.509622e+03 8.531004e+03 8.570603e+03 8.549221e+03
8.6 8.550211e+03 8.560871e+03 8.599928e+03 8.589268e+03
0.3 8.627232e+03 8.535276e+03 8.583555e+03 8.675511e+03
1.3 8.573944e+03 8.555793e+03 8.592345e+03 8.610497e+03
2.3 8.529023e+03 8.551728e+03 8.601643e+03 8.578939e+03
3.3 8.464511e+03 8.544786e+03 8.575537e+03 8.495262e+03
4.3 8.552174e+03 8.562097e+03 8.603058e+03 8.593135e+03
5.3 8.509622e+03 8.531004e+03 8.570603e+03 8.549221e+03
6.3 8.550211e+03 8.560871e+03 8.599928e+03 8.589268e+03
7.3 8.580692e+03 8.530481e+03 8.577938e+03 8.628149e+03
8.3 8.619845e+03 8.558040e+03 8.593378e+03 8.655183e+03
0.9 8.464511e+03 8.544786e+03 8.575537e+03 8.495262e+03
1.9 8.552174e+03 8.562097e+03 8.603058e+03 8.593135e+03
2.9 8.509622e+03 8.531004e+03 8.570603e+03 8.549221e+03
3.9 8.550211e+03 8.560871e+03 8.599928e+03 8.589268e+03
4.9 8.580692e+03 8.530481e+03 8.577938e+03 8.628149e+03
5.9 8.619845e+03 8.558040e+03 8.593378e+03 8.655183e+03
6.9 8.520657e+03 8.549811e+03 8.599687e+03 8.570533e+03
7.9 8.555642e+03 8.503439e+03 8.503298e+03 8.555500e+03
8.9 8.514026e+03 8.552335e+03 8.480534e+03 8.442224e+03
0.7 8.509622e+03 8.531004e+03 8.570603e+03 8.549221e+03
1.7 8.550211e+03 8.560871e+03 8.599928e+03 8.589268e+03
2.7 8.580692e+03 8.530481e+03 8.577938e+03 8.628149e+03
3.7 8.619845e+03 8.558040e+03 8.593378e+03 8.655183e+03
4.7 8.520657e+03 8.549811e+03 8.599687e+03 8.570533e+03
5.7 8.555642e+03 8.503439e+03 8.503298e+03 8.555500e+03
6.7 8.514026e+03 8.552335e+03 8.480534e+03 8.442224e+03
7.7 8.609323e+03 8.572316e+03 8.479179e+03 8.516186e+03
8.7 8.487903e+03 8.567933e+03 8.479157e+03 8.399127e+03
0.3 8.580692e+03 8.530481e+03 8.577938e+03 8.628149e+03
1.3 8.619845e+03 8.558040e+03 8.593378e+03 8.655183e+03
2.3 8.520657e+03 8.549811e+03 8.599687e+03 8.570533e+03
3.3 8.555642e+03 8.503439e+03 8.503298e+03 8.555500e+03
4.3 8.514026e+03 8.552335e+03 8.480534e+03 8.442224e+03
5.3 8.609323e+03 8.572316e+03 8.479179e+03 8.516186e+03
6.3 8.487903e+03 8.567933e+03 8.479157e+03 8.399127e+03
7.3 8.574939e+03 8.558736e+03 8.479170e+03 8.495373e+03
8.3 8.569030e+03 8.552203e+03 8.479170e+03 8.495998e+03
0.5 8.591674e+03 8.566132e+03 8.499126e+03 8.524667e+03
1.5 8.564522e+03 8.585405e+03 8.590840e+03 8.569958e+03
2.5 8.541265e+03 8.521160e+03 8.586208e+03 8.606313e+03
3.5 8.576578e+03 8.534138e+03 8.587482e+03 8.629922e+03
4.5 8.481473e+03 8.543872e+03 8.604111e+03 8.541711e+03
5.5 8.472265e+03 8.533257e+03 8.568334e+03 8.507343e+03
6.5 8.559648e+03 8.563590e+03 8.601485e+03 8.597543e+03
7.5 8.465874e+03 8.526602e+03 8.568209e+03 8.507481e+03
8.5 8.620646e+03 8.561223e+03 8.596180e+03 8.655604e+03
0.2 8.541265e+03 8.521160e+03 8.586208e+03 8.606313e+03
1.2 8.576578e+03 8.534138e+03 8.587482e+03 8.629922e+03
2.2 8.481473e+03 8.543872e+03 8.604111e+03 8.541711e+03
3.2 8.472265e+03 8.533257e+03 8.568334e+03 8.507343e+03
4.2 8.559648e+03 8.563590e+03 8.601485e+03 8.597543e+03
5.2 8.465874e+03 8.526602e+03 8.568209e+03 8.507481e+03
6.2 8.620646e+03 8.561223e+03 8.596180e+03 8.655604e+03
7.2 8.577957e+03 8.539418e+03 8.588367e+03 8.626906e+03
8.2 8.551494e+03 8.553775e+03 8.587926e+03 8.585645e+03
0.8 8.472265e+03 8.533257e+03 8.568334e+03 8.507343e+03
1.8 8.559648e+03 8.563590e+03 8.601485e+03 8.597543e+03
2.8 8.465874e+03 8.526602e+03 8.568209e+03 8.507481e+03
3.8 8.620646e+03 8.561223e+03 8.596180e+03 8.655604e+03
4.8 8.577957e+03 8.539418e+03 8.588367e+03 8.626906e+03
5.8 8.551494e+03 8.553775e+03 8.587926e+03 8.585645e+03
6.8 8.509873e+03 8.555801e+03 8.603556e+03 8.557628e+03
7.8 8.627044e+03 8.541280e+03 8.576466e+03 8.662230e+03
8.8 8.512710e+03 8.560049e+03 8.602159e+03 8.554820e+03
0.5 8.465874e+03 8.526602e+03 8.568209e+03 8.507481e+03
1.5 8.620646e+03 8.561223e+03 8.596180e+03 8.655604e+03
2.5 8.577957e+03 8.539418e+03 8.588367e+03 8.626906e+03
3.5 8.551494e+03 8.553775e+03 8.587926e+03 8.585645e+03
4.5 8.509873e+03 8.555801e+03 8.603556e+03 8.557628e+03
5.5 8.627044e+03 8.541280e+03 8.576466e+03 8.662230e+03
6.5 8.512710e+03 8.560049e+03 8.602159e+03 8.554820e+03
7.5 8.542620e+03 8.529181e+03 8.569424e+03 8.582864e+03
8.5 8.480608e+03 8.561113e+03 8.597957e+03 8.517452e+03
0.2 8.577957e+03 8.539418e+03 8.588367e+03 8.626906e+03
1.2 8.551494e+03 8.553775e+03 8.587926e+03 8.585645e+03
2.2 8.509873e+03 8.555801e+03 8.603556e+03 8.557628e+03
3.2 8.627044e+03 8.541280e+03 8.576466e+03 8.662230e+03
4.2 8.512710e+03 8.560049e+03 8.602159e+03 8.554820e+03
5.2 8.542620e+03 8.529181e+03 8.569424e+03 8.582864e+03
6.2 8.480608e+03 8.561113e+03 8.597957e+03 8.517452e+03
7.2 8.494993e+03 8.533263e+03 8.579918e+03 8.541648e+03
8.2 8.603589e+03 8.557092e+03 8.590359e+03 8.636856e+03
0.9 8.627044e+03 8.541280e+03 8.576466e+03 8.662230e+03
1.9 8.512710e+03 8.560049e+03 8.602159e+03 8.554820e+03
2.9 8.542620e+03 8.529181e+03 8.569424e+03 8.582864e+03
3.9 8.480608e+03 8.561113e+03 8.597957e+03 8.517452e+03
4.9 8.494993e+03 8.533263e+03 8.579918e+03 8.541648e+03
5.9 8.603589e+03 8.557092e+03 8.590359e+03 8.636856e+03
6.9 8.577203e+03 8.552456e+03 8.600207e+03 8.624954e+03
7.9 8.439122e+03 8.502182e+03 8.504305e+03 8.441245e+03
8.9 8.543051e+03 8.550194e+03 8.478358e+03 8.471214e+03
0.6 8.542620e+03 8.529181e+03 8.569424e+03 8.582864e+03
1.6 8.480608e+03 8.561113e+03 8.597957e+03 8.517452e+03
2.6 8.494993e+03 8.533263e+03 8.579918e+03 8.541648e+03
3.6 8.603589e+03 8.557092e+03 8.590359e+03 8.636856e+03
4.6 8.577203e+03 8.552456e+03 8.600207e+03 8.624954e+03
5.6 8.439122e+03 8.502182e+03 8.504305e+03 8.441245e+03
6.6 8.543051e+03 8.550194e+03 8.478358e+03 8.471214e+03
7.6 8.624036e+03 8.572138e+03 8.476382e+03 8.528280e+03
8.6 8.596009e+03 8.568353e+03 8.475904e+03 8.503560e+03
0.3 8.494993e+03 8.533263e+03 8.579918e+03 8.541648e+03
1.3 8.603589e+03 8.557092e+03 8.590359e+03 8.636856e+03
2.3 8.577203e+03 8.552456e+03 8.600207e+03 8.624954e+03
3.3 8.439122e+03 8.502182e+03 8.504305e+03 8.441245e+03
4.3 8.543051e+03 8.550194e+03 8.478358e+03 8.471214e+03
5.3 8.624036e+03 8.572138e+03 8.476382e+03 8.528280e+03
6.3 8.596009e+03 8.568353e+03 8.475904e+03 8.503560e+03
7.3 8.566208e+03 8.559164e+03 8.475401e+03 8.482445e+03
8.3 8.491454e+03 8.552390e+03 8.474816e+03 8.413879e+03
0.5 8.559521e+03 8.566189e+03 8.491512e+03 8.484844e+03
1.5 8.567274e+03 8.585485e+03 8.582147e+03 8.563936e+03
2.5 8.525019e+03 8.521652e+03 8.576756e+03 8.580122e+03
3.5 8.625741e+03 8.533958e+03 8.578141e+03 8.669924e+03
4.5 8.499286e+03 8.542509e+03 8.591131e+03 8.547908e+03
5.5 8.493610e+03 8.537426e+03 8.560907e+03 8.517092e+03
6.5 8.563143e+03 8.561030e+03 8.586608e+03 8.588721e+03
7.5 8.559031e+03 8.527772e+03 8.549382e+03 8.580642e+03
8.5 8.586977e+03 8.562598e+03 8.577871e+03 8.602250e+03
0.2 8.525019e+03 8.521652e+03 8.576756e+03 8.580122e+03
1.2 8.625741e+03 8.533958e+03 8.578141e+03 8.669924e+03
2.2 8.499286e+03 8.542509e+03 8.591131e+03 8.547908e+03
3.2 8.493610e+03 8.537426e+03 8.560907e+03 8.517092e+03
4.2 8.563143e+03 8.561030e+03 8.586608e+03 8.588721e+03
5.2 8.559031e+03 8.527772e+03 8.549382e+03 8.580642e+03
6.2 8.586977e+03 8.562598e+03 8.577871e+03 8.602250e+03
7.2 8.520475e+03 8.535369e+03 8.560469e+03 8.545574e+03
8.2 8.565015e+03 8.556758e+03 8.566200e+03 8.574457e+03
0.9 8.493610e+03 8.537426e+03 8.560907e+03 8.517092e+03
1.9 8.563143e+03 8.561030e+03 8.586608e+03 8.588721e+03
2.9 8.559031e+03 8.527772e+03 8.549382e+03 8.580642e+03
3.9 8.586977e+03 8.562598e+03 8.577871e+03 8.602250e+03
4.9 8.520475e+03 8.535369e+03 8.560469e+03 8.545574e+03
5.9 8.565015e+03 8.556758e+03 8.566200e+03 8.574457e+03
6.9 8.549972e+03 8.553922e+03 8.575493e+03 8.571543e+03
7.9 8.581289e+03 8.544735e+03 8.547670e+03 8.584224e+03
8.9 8.550820e+03 8.561410e+03 8.571011e+03 8.560421e+03
0.6 8.559031e+03 8.527772e+03 8.549382e+03 8.580642e+03
1.6 8.586977e+03 8.562598e+03 8.577871e+03 8.602250e+03
2.6 8.520475e+03 8.535369e+03 8.560469e+03 8.545574e+03
3.6 8.565015e+03 8.556758e+03 8.566200e+03 8.574457e+03
4.6 8.549972e+03 8.553922e+03 8.575493e+03 8.571543e+03
5.6 8.581289e+03 8.544735e+03 8.547670e+03 8.584224e+03
6.6 8.550820e+03 8.561410e+03 8.571011e+03 8.560421e+03
7.6 8.481386e+03 8.531441e+03 8.535680e+03 8.485625e+03
8.6 8.559100e+03 8.561831e+03 8.562183e+03 8.559452e+03
0.3 8.520475e+03 8.535369e+03 8.560469e+03 8.545574e+03
1.3 8.565015e+03 8.556758e+03 8.566200e+03 8.574457e+03
2.3 8.549972e+03 8.553922e+03 8.575493e+03 8.571543e+03
3.3 8.581289e+03 8.544735e+03 8.547670e+03 8.584224e+03
4.3 8.550820e+03 8.561410e+03 8.571011e+03 8.560421e+03
5.3 8.481386e+03 8.531441e+03 8.535680e+03 8.485625e+03
6.3 8.559100e+03 8.561831e+03 8.562183e+03 8.559452e+03
7.3 8.554309e+03 8.529575e+03 8.534851e+03 8.559584e+03
8.3 8.589054e+03 8.560507e+03 8.546745e+03 8.575292e+03
1.0 8.581289e+03 8.544735e+03 8.547670e+03 8.584224e+03
2.0 8.550820e+03 8.561410e+03 8.571011e+03 8.560421e+03
3.0 8.481386e+03 8.531441e+03 8.535680e+03 8.485625e+03
4.0 8.559100e+03 8.561831e+03 8.562183e+03 8.559452e+03
5.0 8.554309e+03 8.529575e+03 8.534851e+03 8.559584e+03
6.0 8.589054e+03 8.560507e+03 8.546745e+03 8.575292e+03
0.6 8.481386e+03 8.531441e+03 8.535680e+03 8.485625e+03
1.6 8.559100e+03 8.561831e+03 8.562183e+03 8.559452e+03
2.6 8.554309e+03 8.529575e+03 8.534851e+03 8.559584e+03
3.6 8.589054e+03 8.560507e+03 8.546745e+03 8.575292e+03
0.3 8.554309e+03 8.529575e+03 8.534851e+03 8.559584e+03
1.3 8.589054e+03 8.560507e+03 8.546745e+03 8.575292e+03
