0.5 8.114903e+03 8.073554e+03 8.071560e+03 8.112909e+03
1.5 8.085670e+03 8.075386e+03 8.113681e+03 8.123966e+03
2.5 8.095147e+03 8.082073e+03 8.114771e+03 8.127845e+03
3.5 8.086949e+03 8.124336e+03 8.113764e+03 8.076377e+03
4.5 8.086540e+03 8.122410e+03 8.121552e+03 8.085682e+03
5.5 8.119871e+03 8.120808e+03 8.109459e+03 8.108522e+03
6.5 8.106990e+03 8.110875e+03 8.121607e+03 8.117722e+03
7.5 8.069088e+03 8.092728e+03 8.107704e+03 8.084064e+03
8.5 8.076992e+03 8.108622e+03 8.120644e+03 8.089014e+03
0.2 8.095147e+03 8.082073e+03 8.114771e+03 8.127845e+03
1.2 8.086949e+03 8.124336e+03 8.113764e+03 8.076377e+03
2.2 8.086540e+03 8.122410e+03 8.121552e+03 8.085682e+03
3.2 8.119871e+03 8.120808e+03 8.109459e+03 8.108522e+03
4.2 8.106990e+03 8.110875e+03 8.121607e+03 8.117722e+03
5.2 8.069088e+03 8.092728e+03 8.107704e+03 8.084064e+03
6.2 8.076992e+03 8.108622e+03 8.120644e+03 8.089014e+03
7.2 8.139153e+03 8.086727e+03 8.114195e+03 8.166621e+03
8.2 8.086496e+03 8.106658e+03 8.118228e+03 8.098067e+03
0.9 8.119871e+03 8.120808e+03 8.109459e+03 8.108522e+03
1.9 8.106990e+03 8.110875e+03 8.121607e+03 8.117722e+03
2.9 8.069088e+03 8.092728e+03 8.107704e+03 8.084064e+03
3.9 8.076992e+03 8.108622e+03 8.120644e+03 8.089014e+03
4.9 8.139153e+03 8.086727e+03 8.114195e+03 8.166621e+03
5.9 8.086496e+03 8.106658e+03 8.118228e+03 8.098067e+03
6.9 8.106507e+03 8.091447e+03 8.123902e+03 8.138962e+03
7.9 8.107268e+03 8.098836e+03 8.114350e+03 8.122783e+03
8.9 8.081428e+03 8.095692e+03 8.125286e+03 8.111021e+03
0.6 8.069088e+03 8.092728e+03 8.107704e+03 8.084064e+03
1.6 8.076992e+03 8.108622e+03 8.120644e+03 8.089014e+03
2.6 8.139153e+03 8.086727e+03 8.114195e+03 8.166621e+03
3.6 8.086496e+03 8.106658e+03 8.118228e+03 8.098067e+03
4.6 8.106507e+03 8.091447e+03 8.123902e+03 8.138962e+03
5.6 8.107268e+03 8.098836e+03 8.114350e+03 8.122783e+03
6.6 8.081428e+03 8.095692e+03 8.125286e+03 8.111021e+03
7.6 8.082366e+03 8.086977e+03 8.111242e+03 8.106631e+03
8.6 8.107132e+03 8.099088e+03 8.124689e+03 8.132734e+03
0.3 8.139153e+03 8.086727e+03 8.114195e+03 8.166621e+03
1.3 8.086496e+03 8.106658e+03 8.118228e+03 8.098067e+03
2.3 8.106507e+03 8.091447e+03 8.123902e+03 8.138962e+03
3.3 8.107268e+03 8.098836e+03 8.114350e+03 8.122783e+03
4.3 8.081428e+03 8.095692e+03 8.125286e+03 8.111021e+03
5.3 8.082366e+03 8.086977e+03 8.111242e+03 8.106631e+03
6.3 8.107132e+03 8.099088e+03 8.124689e+03 8.132734e+03
7.3 8.146762e+03 8.078668e+03 8.114488e+03 8.182582e+03
8.3 8.107171e+03 8.099885e+03 8.122649e+03 8.129936e+03
1.0 8.107268e+03 8.098836e+03 8.114350e+03 8.122783e+03
2.0 8.081428e+03 8.095692e+03 8.125286e+03 8.111021e+03
3.0 8.082366e+03 8.086977e+03 8.111242e+03 8.106631e+03
4.0 8.107132e+03 8.099088e+03 8.124689e+03 8.132734e+03
5.0 8.146762e+03 8.078668e+03 8.114488e+03 8.182582e+03
6.0 8.107171e+03 8.099885e+03 8.122649e+03 8.129936e+03
7.0 8.071794e+03 8.082127e+03 8.124819e+03 8.114485e+03
8.0 8.078104e+03 8.073198e+03 8.082351e+03 8.087257e+03
9.0 8.099113e+03 8.102432e+03 8.073098e+03 8.069779e+03
0.7 8.082366e+03 8.086977e+03 8.111242e+03 8.106631e+03
1.7 8.107132e+03 8.099088e+03 8.124689e+03 8.132734e+03
2.7 8.146762e+03 8.078668e+03 8.114488e+03 8.182582e+03
3.7 8.107171e+03 8.099885e+03 8.122649e+03 8.129936e+03
4.7 8.071794e+03 8.082127e+03 8.124819e+03 8.114485e+03
5.7 8.078104e+03 8.073198e+03 8.082351e+03 8.087257e+03
6.7 8.099113e+03 8.102432e+03 8.073098e+03 8.069779e+03
7.7 8.209209e+03 8.202796e+03 8.072776e+03 8.079189e+03
8.7 8.245865e+03 8.252938e+03 8.072975e+03 8.065902e+03
0.4 8.146762e+03 8.078668e+03 8.114488e+03 8.182582e+03
1.4 8.107171e+03 8.099885e+03 8.122649e+03 8.129936e+03
2.4 8.071794e+03 8.082127e+03 8.124819e+03 8.114485e+03
3.4 8.078104e+03 8.073198e+03 8.082351e+03 8.087257e+03
4.4 8.099113e+03 8.102432e+03 8.073098e+03 8.069779e+03
5.4 8.209209e+03 8.202796e+03 8.072776e+03 8.079189e+03
6.4 8.245865e+03 8.252938e+03 8.072975e+03 8.065902e+03
7.4 8.137670e+03 8.224521e+03 8.073167e+03 7.986316e+03
8.4 8.110985e+03 8.174802e+03 8.073329e+03 8.009512e+03
0.5 8.081071e+03 8.046136e+03 8.081551e+03 8.116486e+03
1.5 8.067121e+03 8.047488e+03 8.122958e+03 8.142592e+03
2.5 8.054614e+03 8.057451e+03 8.122517e+03 8.119680e+03
3.5 8.085624e+03 8.103215e+03 8.122543e+03 8.104952e+03
4.5 8.063087e+03 8.102041e+03 8.129558e+03 8.090603e+03
5.5 8.060905e+03 8.103988e+03 8.116335e+03 8.073253e+03
6.5 8.094364e+03 8.094748e+03 8.128896e+03 8.128512e+03
7.5 8.106550e+03 8.076321e+03 8.114655e+03 8.144883e+03
8.5 8.097910e+03 8.093280e+03 8.127164e+03 8.131794e+03
0.2 8.054614e+03 8.057451e+03 8.122517e+03 8.119680e+03
1.2 8.085624e+03 8.103215e+03 8.122543e+03 8.104952e+03
2.2 8.063087e+03 8.102041e+03 8.129558e+03 8.090603e+03
3.2 8.060905e+03 8.103988e+03 8.116335e+03 8.073253e+03
4.2 8.094364e+03 8.094748e+03 8.128896e+03 8.128512e+03
5.2 8.106550e+03 8.076321e+03 8.114655e+03 8.144883e+03
6.2 8.097910e+03 8.093280e+03 8.127164e+03 8.131794e+03
7.2 8.112748e+03 8.073079e+03 8.120688e+03 8.160357e+03
8.2 8.101587e+03 8.092443e+03 8.124587e+03 8.133732e+03
0.9 8.060905e+03 8.103988e+03 8.116335e+03 8.073253e+03
1.9 8.094364e+03 8.094748e+03 8.128896e+03 8.128512e+03
2.9 8.106550e+03 8.076321e+03 8.114655e+03 8.144883e+03
3.9 8.097910e+03 8.093280e+03 8.127164e+03 8.131794e+03
4.9 8.112748e+03 8.073079e+03 8.120688e+03 8.160357e+03
5.9 8.101587e+03 8.092443e+03 8.124587e+03 8.133732e+03
6.9 8.084948e+03 8.079550e+03 8.128712e+03 8.134109e+03
7.9 8.071313e+03 8.092994e+03 8.117131e+03 8.095450e+03
8.9 8.063697e+03 8.090615e+03 8.129339e+03 8.102421e+03
0.6 8.106550e+03 8.076321e+03 8.114655e+03 8.144883e+03
1.6 8.097910e+03 8.093280e+03 8.127164e+03 8.131794e+03
2.6 8.112748e+03 8.073079e+03 8.120688e+03 8.160357e+03
3.6 8.101587e+03 8.092443e+03 8.124587e+03 8.133732e+03
4.6 8.084948e+03 8.079550e+03 8.128712e+03 8.134109e+03
5.6 8.071313e+03 8.092994e+03 8.117131e+03 8.095450e+03
6.6 8.063697e+03 8.090615e+03 8.129339e+03 8.102421e+03
7.6 8.068734e+03 8.078309e+03 8.114942e+03 8.105366e+03
8.6 8.050450e+03 8.091494e+03 8.127951e+03 8.086907e+03
0.3 8.112748e+03 8.073079e+03 8.120688e+03 8.160357e+03
1.3 8.101587e+03 8.092443e+03 8.124587e+03 8.133732e+03
2.3 8.084948e+03 8.079550e+03 8.128712e+03 8.134109e+03
3.3 8.071313e+03 8.092994e+03 8.117131e+03 8.095450e+03
4.3 8.063697e+03 8.090615e+03 8.129339e+03 8.102421e+03
5.3 8.068734e+03 8.078309e+03 8.114942e+03 8.105366e+03
6.3 8.050450e+03 8.091494e+03 8.127951e+03 8.086907e+03
7.3 8.050057e+03 8.071569e+03 8.118196e+03 8.096684e+03
8.3 8.069034e+03 8.094232e+03 8.125045e+03 8.099847e+03
0.9 8.071313e+03 8.092994e+03 8.117131e+03 8.095450e+03
1.9 8.063697e+03 8.090615e+03 8.129339e+03 8.102421e+03
2.9 8.068734e+03 8.078309e+03 8.114942e+03 8.105366e+03
3.9 8.050450e+03 8.091494e+03 8.127951e+03 8.086907e+03
4.9 8.050057e+03 8.071569e+03 8.118196e+03 8.096684e+03
5.9 8.069034e+03 8.094232e+03 8.125045e+03 8.099847e+03
6.9 8.056308e+03 8.078323e+03 8.127844e+03 8.105828e+03
7.9 8.038258e+03 8.068942e+03 8.085084e+03 8.054400e+03
8.9 8.035696e+03 8.097445e+03 8.074985e+03 8.013236e+03
0.7 8.068734e+03 8.078309e+03 8.114942e+03 8.105366e+03
1.7 8.050450e+03 8.091494e+03 8.127951e+03 8.086907e+03
2.7 8.050057e+03 8.071569e+03 8.118196e+03 8.096684e+03
3.7 8.069034e+03 8.094232e+03 8.125045e+03 8.099847e+03
4.7 8.056308e+03 8.078323e+03 8.127844e+03 8.105828e+03
5.7 8.038258e+03 8.068942e+03 8.085084e+03 8.054400e+03
6.7 8.035696e+03 8.097445e+03 8.074985e+03 8.013236e+03
7.7 8.111284e+03 8.197434e+03 8.074385e+03 7.988234e+03
8.7 8.323906e+03 8.250357e+03 8.074375e+03 8.147924e+03
0.3 8.050057e+03 8.071569e+03 8.118196e+03 8.096684e+03
1.3 8.069034e+03 8.094232e+03 8.125045e+03 8.099847e+03
2.3 8.056308e+03 8.078323e+03 8.127844e+03 8.105828e+03
3.3 8.038258e+03 8.068942e+03 8.085084e+03 8.054400e+03
4.3 8.035696e+03 8.097445e+03 8.074985e+03 8.013236e+03
5.3 8.111284e+03 8.197434e+03 8.074385e+03 7.988234e+03
6.3 8.323906e+03 8.250357e+03 8.074375e+03 8.147924e+03
7.3 8.381609e+03 8.223540e+03 8.074380e+03 8.232450e+03
8.3 8.241055e+03 8.174194e+03 8.074380e+03 8.141241e+03
0.5 8.065968e+03 8.045376e+03 8.083233e+03 8.103825e+03
1.5 8.095952e+03 8.044534e+03 8.123919e+03 8.175337e+03
2.5 8.121021e+03 8.056014e+03 8.121865e+03 8.186872e+03
3.5 8.099104e+03 8.105422e+03 8.122429e+03 8.116111e+03
4.5 8.058167e+03 8.102870e+03 8.129806e+03 8.085103e+03
5.5 8.070243e+03 8.105042e+03 8.113935e+03 8.079136e+03
6.5 8.072856e+03 8.097477e+03 8.128642e+03 8.104021e+03
7.5 8.084908e+03 8.073444e+03 8.113880e+03 8.125344e+03
8.5 8.090209e+03 8.094176e+03 8.126288e+03 8.122321e+03
0.2 8.121021e+03 8.056014e+03 8.121865e+03 8.186872e+03
1.2 8.099104e+03 8.105422e+03 8.122429e+03 8.116111e+03
2.2 8.058167e+03 8.102870e+03 8.129806e+03 8.085103e+03
3.2 8.070243e+03 8.105042e+03 8.113935e+03 8.079136e+03
4.2 8.072856e+03 8.097477e+03 8.128642e+03 8.104021e+03
5.2 8.084908e+03 8.073444e+03 8.113880e+03 8.125344e+03
6.2 8.090209e+03 8.094176e+03 8.126288e+03 8.122321e+03
7.2 8.114630e+03 8.073000e+03 8.122822e+03 8.164452e+03
8.2 8.110763e+03 8.092542e+03 8.122627e+03 8.140847e+03
0.8 8.070243e+03 8.105042e+03 8.113935e+03 8.079136e+03
1.8 8.072856e+03 8.097477e+03 8.128642e+03 8.104021e+03
2.8 8.084908e+03 8.073444e+03 8.113880e+03 8.125344e+03
3.8 8.090209e+03 8.094176e+03 8.126288e+03 8.122321e+03
4.8 8.114630e+03 8.073000e+03 8.122822e+03 8.164452e+03
5.8 8.110763e+03 8.092542e+03 8.122627e+03 8.140847e+03
6.8 8.122402e+03 8.082003e+03 8.129561e+03 8.169959e+03
7.8 8.139918e+03 8.086920e+03 8.117543e+03 8.170541e+03
8.8 8.098243e+03 8.088976e+03 8.128941e+03 8.138207e+03
0.5 8.084908e+03 8.073444e+03 8.113880e+03 8.125344e+03
1.5 8.090209e+03 8.094176e+03 8.126288e+03 8.122321e+03
2.5 8.114630e+03 8.073000e+03 8.122822e+03 8.164452e+03
3.5 8.110763e+03 8.092542e+03 8.122627e+03 8.140847e+03
4.5 8.122402e+03 8.082003e+03 8.129561e+03 8.169959e+03
5.5 8.139918e+03 8.086920e+03 8.117543e+03 8.170541e+03
6.5 8.098243e+03 8.088976e+03 8.128941e+03 8.138207e+03
7.5 8.115703e+03 8.077605e+03 8.114419e+03 8.152518e+03
8.5 8.128207e+03 8.094039e+03 8.127076e+03 8.161245e+03
0.2 8.114630e+03 8.073000e+03 8.122822e+03 8.164452e+03
1.2 8.110763e+03 8.092542e+03 8.122627e+03 8.140847e+03
2.2 8.122402e+03 8.082003e+03 8.129561e+03 8.169959e+03
3.2 8.139918e+03 8.086920e+03 8.117543e+03 8.170541e+03
4.2 8.098243e+03 8.088976e+03 8.128941e+03 8.138207e+03
5.2 8.115703e+03 8.077605e+03 8.114419e+03 8.152518e+03
6.2 8.128207e+03 8.094039e+03 8.127076e+03 8.161245e+03
7.2 8.143894e+03 8.073670e+03 8.119074e+03 8.189298e+03
8.2 8.159456e+03 8.095414e+03 8.123706e+03 8.187748e+03
0.9 8.139918e+03 8.086920e+03 8.117543e+03 8.170541e+03
1.9 8.098243e+03 8.088976e+03 8.128941e+03 8.138207e+03
2.9 8.115703e+03 8.077605e+03 8.114419e+03 8.152518e+03
3.9 8.128207e+03 8.094039e+03 8.127076e+03 8.161245e+03
4.9 8.143894e+03 8.073670e+03 8.119074e+03 8.189298e+03
5.9 8.159456e+03 8.095414e+03 8.123706e+03 8.187748e+03
6.9 8.133364e+03 8.080752e+03 8.128075e+03 8.180687e+03
7.9 8.052228e+03 8.069410e+03 8.085531e+03 8.068349e+03
8.9 8.095279e+03 8.095778e+03 8.074020e+03 8.073521e+03
0.6 8.115703e+03 8.077605e+03 8.114419e+03 8.152518e+03
1.6 8.128207e+03 8.094039e+03 8.127076e+03 8.161245e+03
2.6 8.143894e+03 8.073670e+03 8.119074e+03 8.189298e+03
3.6 8.159456e+03 8.095414e+03 8.123706e+03 8.187748e+03
4.6 8.133364e+03 8.080752e+03 8.128075e+03 8.180687e+03
5.6 8.052228e+03 8.069410e+03 8.085531e+03 8.068349e+03
6.6 8.095279e+03 8.095778e+03 8.074020e+03 8.073521e+03
7.6 8.188685e+03 8.193937e+03 8.073144e+03 8.067891e+03
8.6 8.349785e+03 8.251822e+03 8.072932e+03 8.170895e+03
0.3 8.143894e+03 8.073670e+03 8.119074e+03 8.189298e+03
1.3 8.159456e+03 8.095414e+03 8.123706e+03 8.187748e+03
2.3 8.133364e+03 8.080752e+03 8.128075e+03 8.180687e+03
3.3 8.052228e+03 8.069410e+03 8.085531e+03 8.068349e+03
4.3 8.095279e+03 8.095778e+03 8.074020e+03 8.073521e+03
5.3 8.188685e+03 8.193937e+03 8.073144e+03 8.067891e+03
6.3 8.349785e+03 8.251822e+03 8.072932e+03 8.170895e+03
7.3 8.209177e+03 8.227899e+03 8.072709e+03 8.053987e+03
8.3 8.100102e+03 8.179058e+03 8.072449e+03 7.993493e+03
0.5 8.043539e+03 8.049563e+03 8.079855e+03 8.073832e+03
1.5 8.012720e+03 8.049312e+03 8.120063e+03 8.083472e+03
2.5 8.001548e+03 8.061560e+03 8.117671e+03 8.057659e+03
3.5 8.020244e+03 8.109715e+03 8.118286e+03 8.028815e+03
4.5 8.039662e+03 8.108592e+03 8.124048e+03 8.055119e+03
5.5 8.070677e+03 8.112736e+03 8.110641e+03 8.068581e+03
6.5 8.079799e+03 8.102795e+03 8.122042e+03 8.099046e+03
7.5 8.087533e+03 8.086478e+03 8.105528e+03 8.106583e+03
8.5 8.090044e+03 8.105770e+03 8.118166e+03 8.102440e+03
0.2 8.001548e+03 8.061560e+03 8.117671e+03 8.057659e+03
1.2 8.020244e+03 8.109715e+03 8.118286e+03 8.028815e+03
2.2 8.039662e+03 8.108592e+03 8.124048e+03 8.055119e+03
3.2 8.070677e+03 8.112736e+03 8.110641e+03 8.068581e+03
4.2 8.079799e+03 8.102795e+03 8.122042e+03 8.099046e+03
5.2 8.087533e+03 8.086478e+03 8.105528e+03 8.106583e+03
6.2 8.090044e+03 8.105770e+03 8.118166e+03 8.102440e+03
7.2 8.063552e+03 8.084743e+03 8.110446e+03 8.089255e+03
8.2 8.110453e+03 8.106831e+03 8.112989e+03 8.116611e+03
0.9 8.070677e+03 8.112736e+03 8.110641e+03 8.068581e+03
1.9 8.079799e+03 8.102795e+03 8.122042e+03 8.099046e+03
2.9 8.087533e+03 8.086478e+03 8.105528e+03 8.106583e+03
3.9 8.090044e+03 8.105770e+03 8.118166e+03 8.102440e+03
4.9 8.063552e+03 8.084743e+03 8.110446e+03 8.089255e+03
5.9 8.110453e+03 8.106831e+03 8.112989e+03 8.116611e+03
6.9 8.132681e+03 8.094305e+03 8.117111e+03 8.155487e+03
7.9 8.155051e+03 8.105495e+03 8.104768e+03 8.154324e+03
8.9 8.139708e+03 8.105397e+03 8.115123e+03 8.149433e+03
0.6 8.087533e+03 8.086478e+03 8.105528e+03 8.106583e+03
1.6 8.090044e+03 8.105770e+03 8.118166e+03 8.102440e+03
2.6 8.063552e+03 8.084743e+03 8.110446e+03 8.089255e+03
3.6 8.110453e+03 8.106831e+03 8.112989e+03 8.116611e+03
4.6 8.132681e+03 8.094305e+03 8.117111e+03 8.155487e+03
5.6 8.155051e+03 8.105495e+03 8.104768e+03 8.154324e+03
6.6 8.139708e+03 8.105397e+03 8.115123e+03 8.149433e+03
7.6 8.149610e+03 8.096167e+03 8.099449e+03 8.152892e+03
8.6 8.135529e+03 8.111377e+03 8.111207e+03 8.135358e+03
0.3 8.063552e+03 8.084743e+03 8.110446e+03 8.089255e+03
1.3 8.110453e+03 8.106831e+03 8.112989e+03 8.116611e+03
2.3 8.132681e+03 8.094305e+03 8.117111e+03 8.155487e+03
3.3 8.155051e+03 8.105495e+03 8.104768e+03 8.154324e+03
4.3 8.139708e+03 8.105397e+03 8.115123e+03 8.149433e+03
5.3 8.149610e+03 8.096167e+03 8.099449e+03 8.152892e+03
6.3 8.135529e+03 8.111377e+03 8.111207e+03 8.135358e+03
7.3 8.122018e+03 8.092394e+03 8.099082e+03 8.128706e+03
8.3 8.120813e+03 8.120692e+03 8.104358e+03 8.104479e+03
1.0 8.155051e+03 8.105495e+03 8.104768e+03 8.154324e+03
2.0 8.139708e+03 8.105397e+03 8.115123e+03 8.149433e+03
3.0 8.149610e+03 8.096167e+03 8.099449e+03 8.152892e+03
4.0 8.135529e+03 8.111377e+03 8.111207e+03 8.135358e+03
5.0 8.122018e+03 8.092394e+03 8.099082e+03 8.128706e+03
6.0 8.120813e+03 8.120692e+03 8.104358e+03 8.104479e+03
0.6 8.149610e+03 8.096167e+03 8.099449e+03 8.152892e+03
1.6 8.135529e+03 8.111377e+03 8.111207e+03 8.135358e+03
2.6 8.122018e+03 8.092394e+03 8.099082e+03 8.128706e+03
3.6 8.120813e+03 8.120692e+03 8.104358e+03 8.104479e+03
0.3 8.122018e+03 8.092394e+03 8.099082e+03 8.128706e+03
1.3 8.120813e+03 8.120692e+03 8.104358e+03 8.104479e+03
