0.5 9.766001e+03 9.694419e+03 9.714823e+03 9.786405e+03
1.5 9.778831e+03 9.747639e+03 9.572351e+03 9.603543e+03
2.5 9.701452e+03 9.657465e+03 9.571124e+03 9.615112e+03
3.5 9.640538e+03 9.673578e+03 9.658055e+03 9.625015e+03
4.5 9.692768e+03 9.704291e+03 9.702165e+03 9.690642e+03
5.5 9.636207e+03 9.708126e+03 9.715416e+03 9.643497e+03
6.5 9.788791e+03 9.674699e+03 9.718474e+03 9.832565e+03
7.5 9.884642e+03 9.684193e+03 9.718861e+03 9.919309e+03
0.1 9.576850e+03 9.671057e+03 9.719864e+03 9.625657e+03
1.1 9.627754e+03 9.738906e+03 9.638161e+03 9.527009e+03
2.1 9.726606e+03 9.680986e+03 9.475717e+03 9.521337e+03
3.1 9.650875e+03 9.624503e+03 9.538232e+03 9.564604e+03
4.1 9.753033e+03 9.713392e+03 9.651004e+03 9.690645e+03
5.1 9.650912e+03 9.731144e+03 9.701347e+03 9.621115e+03
6.1 9.631087e+03 9.710005e+03 9.716242e+03 9.637324e+03
7.1 9.597391e+03 9.679842e+03 9.719946e+03 9.637494e+03
0.5 9.676165e+03 9.700679e+03 9.710568e+03 9.686054e+03
1.5 9.736521e+03 9.754907e+03 9.569379e+03 9.550993e+03
2.5 9.696629e+03 9.661151e+03 9.569214e+03 9.604692e+03
3.5 9.658330e+03 9.674665e+03 9.657132e+03 9.640798e+03
4.5 9.622483e+03 9.708085e+03 9.702278e+03 9.616677e+03
5.5 9.641516e+03 9.710091e+03 9.716304e+03 9.647729e+03
6.5 9.602756e+03 9.676268e+03 9.719847e+03 9.646335e+03
7.5 9.741812e+03 9.686618e+03 9.720536e+03 9.775730e+03
0.1 9.594565e+03 9.672297e+03 9.720778e+03 9.643046e+03
1.1 9.724357e+03 9.736862e+03 9.643224e+03 9.630720e+03
2.1 9.594791e+03 9.686083e+03 9.478088e+03 9.386796e+03
3.1 9.456824e+03 9.622084e+03 9.535475e+03 9.370215e+03
4.1 9.836064e+03 9.711780e+03 9.649390e+03 9.773674e+03
5.1 9.730925e+03 9.731182e+03 9.701013e+03 9.700756e+03
6.1 9.851274e+03 9.710547e+03 9.716347e+03 9.857074e+03
7.1 9.802126e+03 9.680371e+03 9.720135e+03 9.841890e+03
0.5 9.651832e+03 9.700507e+03 9.710718e+03 9.662043e+03
1.5 9.769609e+03 9.756811e+03 9.569501e+03 9.582300e+03
2.5 9.692933e+03 9.660199e+03 9.569314e+03 9.602047e+03
3.5 9.811296e+03 9.671681e+03 9.657206e+03 9.796821e+03
4.5 9.778076e+03 9.708679e+03 9.702282e+03 9.771679e+03
5.5 9.724019e+03 9.710841e+03 9.716239e+03 9.729417e+03
6.5 9.617280e+03 9.672795e+03 9.719733e+03 9.664218e+03
7.5 9.694291e+03 9.688674e+03 9.720382e+03 9.725999e+03
0.0 9.675358e+03 9.675233e+03 9.719164e+03 9.719289e+03
1.0 9.884395e+03 9.733130e+03 9.649780e+03 9.801044e+03
2.0 9.703443e+03 9.697018e+03 9.480070e+03 9.486496e+03
3.0 9.660333e+03 9.618408e+03 9.526477e+03 9.568403e+03
4.0 9.749499e+03 9.709356e+03 9.642260e+03 9.682404e+03
5.0 9.700964e+03 9.732259e+03 9.696200e+03 9.664904e+03
6.0 9.652032e+03 9.712813e+03 9.712056e+03 9.651276e+03
7.0 9.622081e+03 9.682804e+03 9.715533e+03 9.654810e+03
0.5 9.703232e+03 9.701922e+03 9.704760e+03 9.706071e+03
1.5 9.737955e+03 9.758483e+03 9.562688e+03 9.542160e+03
2.5 9.625750e+03 9.662164e+03 9.561549e+03 9.525134e+03
3.5 9.642254e+03 9.674403e+03 9.648376e+03 9.616227e+03
4.5 9.633662e+03 9.711496e+03 9.692278e+03 9.614444e+03
5.5 9.653463e+03 9.712504e+03 9.704948e+03 9.645907e+03
6.5 9.737170e+03 9.681131e+03 9.707038e+03 9.763077e+03
7.5 9.763597e+03 9.690466e+03 9.706165e+03 9.779295e+03
