0.5 6.076589e+03 6.091227e+03 5.814535e+03 5.799898e+03
1.5 5.937485e+03 6.003752e+03 5.864185e+03 5.797918e+03
2.5 6.019522e+03 6.030971e+03 6.030051e+03 6.018602e+03
3.5 6.138425e+03 6.202076e+03 6.205362e+03 6.141711e+03
4.5 6.270798e+03 6.266083e+03 6.348042e+03 6.352756e+03
5.5 6.315536e+03 6.344756e+03 6.443352e+03 6.414131e+03
6.5 6.370035e+03 6.343105e+03 6.479762e+03 6.506692e+03
7.5 6.238508e+03 6.326513e+03 6.487037e+03 6.399032e+03
8.5 6.198961e+03 6.344073e+03 6.477485e+03 6.332373e+03
0.2 6.019522e+03 6.030971e+03 6.030051e+03 6.018602e+03
1.2 6.138425e+03 6.202076e+03 6.205362e+03 6.141711e+03
2.2 6.270798e+03 6.266083e+03 6.348042e+03 6.352756e+03
3.2 6.315536e+03 6.344756e+03 6.443352e+03 6.414131e+03
4.2 6.370035e+03 6.343105e+03 6.479762e+03 6.506692e+03
5.2 6.238508e+03 6.326513e+03 6.487037e+03 6.399032e+03
6.2 6.198961e+03 6.344073e+03 6.477485e+03 6.332373e+03
7.2 6.447645e+03 6.302353e+03 6.482520e+03 6.627812e+03
8.2 6.354371e+03 6.341853e+03 6.474734e+03 6.487252e+03
0.9 6.315536e+03 6.344756e+03 6.443352e+03 6.414131e+03
1.9 6.370035e+03 6.343105e+03 6.479762e+03 6.506692e+03
2.9 6.238508e+03 6.326513e+03 6.487037e+03 6.399032e+03
3.9 6.198961e+03 6.344073e+03 6.477485e+03 6.332373e+03
4.9 6.447645e+03 6.302353e+03 6.482520e+03 6.627812e+03
5.9 6.354371e+03 6.341853e+03 6.474734e+03 6.487252e+03
6.9 6.403783e+03 6.299811e+03 6.478253e+03 6.582225e+03
7.9 6.324625e+03 6.329111e+03 6.475787e+03 6.471301e+03
8.9 6.283540e+03 6.307878e+03 6.476328e+03 6.451990e+03
0.6 6.238508e+03 6.326513e+03 6.487037e+03 6.399032e+03
1.6 6.198961e+03 6.344073e+03 6.477485e+03 6.332373e+03
2.6 6.447645e+03 6.302353e+03 6.482520e+03 6.627812e+03
3.6 6.354371e+03 6.341853e+03 6.474734e+03 6.487252e+03
4.6 6.403783e+03 6.299811e+03 6.478253e+03 6.582225e+03
5.6 6.324625e+03 6.329111e+03 6.475787e+03 6.471301e+03
6.6 6.283540e+03 6.307878e+03 6.476328e+03 6.451990e+03
7.6 6.324038e+03 6.307545e+03 6.481430e+03 6.497924e+03
8.6 6.330402e+03 6.317914e+03 6.477998e+03 6.490486e+03
0.3 6.447645e+03 6.302353e+03 6.482520e+03 6.627812e+03
1.3 6.354371e+03 6.341853e+03 6.474734e+03 6.487252e+03
2.3 6.403783e+03 6.299811e+03 6.478253e+03 6.582225e+03
3.3 6.324625e+03 6.329111e+03 6.475787e+03 6.471301e+03
4.3 6.283540e+03 6.307878e+03 6.476328e+03 6.451990e+03
5.3 6.324038e+03 6.307545e+03 6.481430e+03 6.497924e+03
6.3 6.330402e+03 6.317914e+03 6.477998e+03 6.490486e+03
7.3 6.419116e+03 6.286286e+03 6.487227e+03 6.620058e+03
8.3 6.388301e+03 6.324607e+03 6.482192e+03 6.545886e+03
1.0 6.324625e+03 6.329111e+03 6.475787e+03 6.471301e+03
2.0 6.283540e+03 6.307878e+03 6.476328e+03 6.451990e+03
3.0 6.324038e+03 6.307545e+03 6.481430e+03 6.497924e+03
4.0 6.330402e+03 6.317914e+03 6.477998e+03 6.490486e+03
5.0 6.419116e+03 6.286286e+03 6.487227e+03 6.620058e+03
6.0 6.388301e+03 6.324607e+03 6.482192e+03 6.545886e+03
7.0 6.202232e+03 6.282584e+03 6.489672e+03 6.409320e+03
8.0 6.370126e+03 6.323810e+03 6.463283e+03 6.509599e+03
9.0 6.287770e+03 6.348701e+03 6.329005e+03 6.268074e+03
0.7 6.324038e+03 6.307545e+03 6.481430e+03 6.497924e+03
1.7 6.330402e+03 6.317914e+03 6.477998e+03 6.490486e+03
2.7 6.419116e+03 6.286286e+03 6.487227e+03 6.620058e+03
3.7 6.388301e+03 6.324607e+03 6.482192e+03 6.545886e+03
4.7 6.202232e+03 6.282584e+03 6.489672e+03 6.409320e+03
5.7 6.370126e+03 6.323810e+03 6.463283e+03 6.509599e+03
6.7 6.287770e+03 6.348701e+03 6.329005e+03 6.268074e+03
7.7 6.412676e+03 6.422362e+03 6.136166e+03 6.126480e+03
8.7 6.670522e+03 6.428323e+03 5.971266e+03 6.213465e+03
0.4 6.419116e+03 6.286286e+03 6.487227e+03 6.620058e+03
1.4 6.388301e+03 6.324607e+03 6.482192e+03 6.545886e+03
2.4 6.202232e+03 6.282584e+03 6.489672e+03 6.409320e+03
3.4 6.370126e+03 6.323810e+03 6.463283e+03 6.509599e+03
4.4 6.287770e+03 6.348701e+03 6.329005e+03 6.268074e+03
5.4 6.412676e+03 6.422362e+03 6.136166e+03 6.126480e+03
6.4 6.670522e+03 6.428323e+03 5.971266e+03 6.213465e+03
7.4 6.304650e+03 6.329853e+03 5.851974e+03 5.826771e+03
8.4 6.216551e+03 6.223416e+03 5.784018e+03 5.777154e+03
0.5 6.112329e+03 6.000184e+03 5.772458e+03 5.884602e+03
1.5 6.091646e+03 5.919222e+03 5.838941e+03 6.011364e+03
2.5 6.064802e+03 5.961667e+03 6.018522e+03 6.121657e+03
3.5 6.140840e+03 6.143384e+03 6.202996e+03 6.200453e+03
4.5 6.072093e+03 6.213340e+03 6.353529e+03 6.212282e+03
5.5 6.161485e+03 6.303649e+03 6.452975e+03 6.310812e+03
6.5 6.313232e+03 6.303741e+03 6.490918e+03 6.500409e+03
7.5 6.442248e+03 6.288117e+03 6.501430e+03 6.655560e+03
8.5 6.482763e+03 6.310354e+03 6.496302e+03 6.668711e+03
0.2 6.064802e+03 5.961667e+03 6.018522e+03 6.121657e+03
1.2 6.140840e+03 6.143384e+03 6.202996e+03 6.200453e+03
2.2 6.072093e+03 6.213340e+03 6.353529e+03 6.212282e+03
3.2 6.161485e+03 6.303649e+03 6.452975e+03 6.310812e+03
4.2 6.313232e+03 6.303741e+03 6.490918e+03 6.500409e+03
5.2 6.442248e+03 6.288117e+03 6.501430e+03 6.655560e+03
6.2 6.482763e+03 6.310354e+03 6.496302e+03 6.668711e+03
7.2 6.356833e+03 6.273871e+03 6.504821e+03 6.587783e+03
8.2 6.373512e+03 6.314031e+03 6.502347e+03 6.561828e+03
0.9 6.161485e+03 6.303649e+03 6.452975e+03 6.310812e+03
1.9 6.313232e+03 6.303741e+03 6.490918e+03 6.500409e+03
2.9 6.442248e+03 6.288117e+03 6.501430e+03 6.655560e+03
3.9 6.482763e+03 6.310354e+03 6.496302e+03 6.668711e+03
4.9 6.356833e+03 6.273871e+03 6.504821e+03 6.587783e+03
5.9 6.373512e+03 6.314031e+03 6.502347e+03 6.561828e+03
6.9 6.362231e+03 6.280879e+03 6.509994e+03 6.591346e+03
7.9 6.414993e+03 6.325610e+03 6.503875e+03 6.593258e+03
8.9 6.214904e+03 6.301433e+03 6.496923e+03 6.410394e+03
0.6 6.442248e+03 6.288117e+03 6.501430e+03 6.655560e+03
1.6 6.482763e+03 6.310354e+03 6.496302e+03 6.668711e+03
2.6 6.356833e+03 6.273871e+03 6.504821e+03 6.587783e+03
3.6 6.373512e+03 6.314031e+03 6.502347e+03 6.561828e+03
4.6 6.362231e+03 6.280879e+03 6.509994e+03 6.591346e+03
5.6 6.414993e+03 6.325610e+03 6.503875e+03 6.593258e+03
6.6 6.214904e+03 6.301433e+03 6.496923e+03 6.410394e+03
7.6 6.301971e+03 6.291694e+03 6.499240e+03 6.509517e+03
8.6 6.289195e+03 6.304607e+03 6.494888e+03 6.479476e+03
0.3 6.356833e+03 6.273871e+03 6.504821e+03 6.587783e+03
1.3 6.373512e+03 6.314031e+03 6.502347e+03 6.561828e+03
2.3 6.362231e+03 6.280879e+03 6.509994e+03 6.591346e+03
3.3 6.414993e+03 6.325610e+03 6.503875e+03 6.593258e+03
4.3 6.214904e+03 6.301433e+03 6.496923e+03 6.410394e+03
5.3 6.301971e+03 6.291694e+03 6.499240e+03 6.509517e+03
6.3 6.289195e+03 6.304607e+03 6.494888e+03 6.479476e+03
7.3 6.222255e+03 6.273395e+03 6.504255e+03 6.453115e+03
8.3 6.271316e+03 6.317131e+03 6.500486e+03 6.454671e+03
0.9 6.414993e+03 6.325610e+03 6.503875e+03 6.593258e+03
1.9 6.214904e+03 6.301433e+03 6.496923e+03 6.410394e+03
2.9 6.301971e+03 6.291694e+03 6.499240e+03 6.509517e+03
3.9 6.289195e+03 6.304607e+03 6.494888e+03 6.479476e+03
4.9 6.222255e+03 6.273395e+03 6.504255e+03 6.453115e+03
5.9 6.271316e+03 6.317131e+03 6.500486e+03 6.454671e+03
6.9 6.236153e+03 6.278356e+03 6.507628e+03 6.465425e+03
7.9 6.199386e+03 6.318165e+03 6.481796e+03 6.363017e+03
8.9 6.206351e+03 6.344727e+03 6.348447e+03 6.210070e+03
0.7 6.301971e+03 6.291694e+03 6.499240e+03 6.509517e+03
1.7 6.289195e+03 6.304607e+03 6.494888e+03 6.479476e+03
2.7 6.222255e+03 6.273395e+03 6.504255e+03 6.453115e+03
3.7 6.271316e+03 6.317131e+03 6.500486e+03 6.454671e+03
4.7 6.236153e+03 6.278356e+03 6.507628e+03 6.465425e+03
5.7 6.199386e+03 6.318165e+03 6.481796e+03 6.363017e+03
6.7 6.206351e+03 6.344727e+03 6.348447e+03 6.210070e+03
7.7 6.313397e+03 6.417994e+03 6.154390e+03 6.049794e+03
8.7 6.555090e+03 6.427662e+03 5.986769e+03 6.114197e+03
0.3 6.222255e+03 6.273395e+03 6.504255e+03 6.453115e+03
1.3 6.271316e+03 6.317131e+03 6.500486e+03 6.454671e+03
2.3 6.236153e+03 6.278356e+03 6.507628e+03 6.465425e+03
3.3 6.199386e+03 6.318165e+03 6.481796e+03 6.363017e+03
4.3 6.206351e+03 6.344727e+03 6.348447e+03 6.210070e+03
5.3 6.313397e+03 6.417994e+03 6.154390e+03 6.049794e+03
6.3 6.555090e+03 6.427662e+03 5.986769e+03 6.114197e+03
7.3 6.400718e+03 6.331066e+03 5.864991e+03 5.934642e+03
8.3 6.433693e+03 6.224226e+03 5.794256e+03 6.003723e+03
0.5 5.978899e+03 5.998873e+03 5.778298e+03 5.758324e+03
1.5 5.986585e+03 5.914434e+03 5.847064e+03 5.919215e+03
2.5 6.049530e+03 5.963007e+03 6.027835e+03 6.114357e+03
3.5 6.236318e+03 6.151237e+03 6.208565e+03 6.293647e+03
4.5 6.089042e+03 6.215877e+03 6.355184e+03 6.228350e+03
5.5 6.142303e+03 6.308607e+03 6.450765e+03 6.284461e+03
6.5 6.099937e+03 6.307112e+03 6.481623e+03 6.274448e+03
7.5 6.123364e+03 6.278302e+03 6.490989e+03 6.336052e+03
8.5 6.201320e+03 6.309604e+03 6.485797e+03 6.377514e+03
0.2 6.049530e+03 5.963007e+03 6.027835e+03 6.114357e+03
1.2 6.236318e+03 6.151237e+03 6.208565e+03 6.293647e+03
2.2 6.089042e+03 6.215877e+03 6.355184e+03 6.228350e+03
3.2 6.142303e+03 6.308607e+03 6.450765e+03 6.284461e+03
4.2 6.099937e+03 6.307112e+03 6.481623e+03 6.274448e+03
5.2 6.123364e+03 6.278302e+03 6.490989e+03 6.336052e+03
6.2 6.201320e+03 6.309604e+03 6.485797e+03 6.377514e+03
7.2 6.214886e+03 6.267036e+03 6.494766e+03 6.442617e+03
8.2 6.373084e+03 6.313375e+03 6.493494e+03 6.553204e+03
0.8 6.142303e+03 6.308607e+03 6.450765e+03 6.284461e+03
1.8 6.099937e+03 6.307112e+03 6.481623e+03 6.274448e+03
2.8 6.123364e+03 6.278302e+03 6.490989e+03 6.336052e+03
3.8 6.201320e+03 6.309604e+03 6.485797e+03 6.377514e+03
4.8 6.214886e+03 6.267036e+03 6.494766e+03 6.442617e+03
5.8 6.373084e+03 6.313375e+03 6.493494e+03 6.553204e+03
6.8 6.292095e+03 6.281709e+03 6.500008e+03 6.510394e+03
7.8 6.523004e+03 6.308977e+03 6.500021e+03 6.714049e+03
8.8 6.304437e+03 6.298848e+03 6.499517e+03 6.505106e+03
0.5 6.123364e+03 6.278302e+03 6.490989e+03 6.336052e+03
1.5 6.201320e+03 6.309604e+03 6.485797e+03 6.377514e+03
2.5 6.214886e+03 6.267036e+03 6.494766e+03 6.442617e+03
3.5 6.373084e+03 6.313375e+03 6.493494e+03 6.553204e+03
4.5 6.292095e+03 6.281709e+03 6.500008e+03 6.510394e+03
5.5 6.523004e+03 6.308977e+03 6.500021e+03 6.714049e+03
6.5 6.304437e+03 6.298848e+03 6.499517e+03 6.505106e+03
7.5 6.296513e+03 6.292520e+03 6.504656e+03 6.508649e+03
8.5 6.305604e+03 6.312733e+03 6.498116e+03 6.490988e+03
0.2 6.214886e+03 6.267036e+03 6.494766e+03 6.442617e+03
1.2 6.373084e+03 6.313375e+03 6.493494e+03 6.553204e+03
2.2 6.292095e+03 6.281709e+03 6.500008e+03 6.510394e+03
3.2 6.523004e+03 6.308977e+03 6.500021e+03 6.714049e+03
4.2 6.304437e+03 6.298848e+03 6.499517e+03 6.505106e+03
5.2 6.296513e+03 6.292520e+03 6.504656e+03 6.508649e+03
6.2 6.305604e+03 6.312733e+03 6.498116e+03 6.490988e+03
7.2 6.411281e+03 6.277140e+03 6.504917e+03 6.639057e+03
8.2 6.454443e+03 6.320142e+03 6.497655e+03 6.631956e+03
0.9 6.523004e+03 6.308977e+03 6.500021e+03 6.714049e+03
1.9 6.304437e+03 6.298848e+03 6.499517e+03 6.505106e+03
2.9 6.296513e+03 6.292520e+03 6.504656e+03 6.508649e+03
3.9 6.305604e+03 6.312733e+03 6.498116e+03 6.490988e+03
4.9 6.411281e+03 6.277140e+03 6.504917e+03 6.639057e+03
5.9 6.454443e+03 6.320142e+03 6.497655e+03 6.631956e+03
6.9 6.372184e+03 6.280891e+03 6.501358e+03 6.592651e+03
7.9 6.345249e+03 6.315299e+03 6.478420e+03 6.508370e+03
8.9 6.405817e+03 6.344228e+03 6.349231e+03 6.410820e+03
0.6 6.296513e+03 6.292520e+03 6.504656e+03 6.508649e+03
1.6 6.305604e+03 6.312733e+03 6.498116e+03 6.490988e+03
2.6 6.411281e+03 6.277140e+03 6.504917e+03 6.639057e+03
3.6 6.454443e+03 6.320142e+03 6.497655e+03 6.631956e+03
4.6 6.372184e+03 6.280891e+03 6.501358e+03 6.592651e+03
5.6 6.345249e+03 6.315299e+03 6.478420e+03 6.508370e+03
6.6 6.405817e+03 6.344228e+03 6.349231e+03 6.410820e+03
7.6 6.437404e+03 6.415124e+03 6.154662e+03 6.176942e+03
8.6 6.441047e+03 6.431195e+03 5.982865e+03 5.992717e+03
0.3 6.411281e+03 6.277140e+03 6.504917e+03 6.639057e+03
1.3 6.454443e+03 6.320142e+03 6.497655e+03 6.631956e+03
2.3 6.372184e+03 6.280891e+03 6.501358e+03 6.592651e+03
3.3 6.345249e+03 6.315299e+03 6.478420e+03 6.508370e+03
4.3 6.405817e+03 6.344228e+03 6.349231e+03 6.410820e+03
5.3 6.437404e+03 6.415124e+03 6.154662e+03 6.176942e+03
6.3 6.441047e+03 6.431195e+03 5.982865e+03 5.992717e+03
7.3 6.214885e+03 6.337685e+03 5.856756e+03 5.733956e+03
8.3 6.002682e+03 6.229426e+03 5.780573e+03 5.553828e+03
0.5 6.066909e+03 5.999011e+03 5.748489e+03 5.816387e+03
1.5 5.856892e+03 5.914198e+03 5.812222e+03 5.754915e+03
2.5 5.884132e+03 5.962268e+03 5.987192e+03 5.909056e+03
3.5 5.962560e+03 6.145163e+03 6.163578e+03 5.980975e+03
4.5 6.036718e+03 6.212775e+03 6.305413e+03 6.129355e+03
5.5 6.142464e+03 6.303605e+03 6.394144e+03 6.233003e+03
6.5 6.329477e+03 6.298413e+03 6.421195e+03 6.452259e+03
7.5 6.331591e+03 6.285091e+03 6.419578e+03 6.466078e+03
8.5 6.329707e+03 6.305955e+03 6.399709e+03 6.423460e+03
0.2 5.884132e+03 5.962268e+03 5.987192e+03 5.909056e+03
1.2 5.962560e+03 6.145163e+03 6.163578e+03 5.980975e+03
2.2 6.036718e+03 6.212775e+03 6.305413e+03 6.129355e+03
3.2 6.142464e+03 6.303605e+03 6.394144e+03 6.233003e+03
4.2 6.329477e+03 6.298413e+03 6.421195e+03 6.452259e+03
5.2 6.331591e+03 6.285091e+03 6.419578e+03 6.466078e+03
6.2 6.329707e+03 6.305955e+03 6.399709e+03 6.423460e+03
7.2 6.091121e+03 6.262351e+03 6.393752e+03 6.222522e+03
8.2 6.223624e+03 6.303415e+03 6.375523e+03 6.295732e+03
0.9 6.142464e+03 6.303605e+03 6.394144e+03 6.233003e+03
1.9 6.329477e+03 6.298413e+03 6.421195e+03 6.452259e+03
2.9 6.331591e+03 6.285091e+03 6.419578e+03 6.466078e+03
3.9 6.329707e+03 6.305955e+03 6.399709e+03 6.423460e+03
4.9 6.091121e+03 6.262351e+03 6.393752e+03 6.222522e+03
5.9 6.223624e+03 6.303415e+03 6.375523e+03 6.295732e+03
6.9 6.300515e+03 6.263473e+03 6.366709e+03 6.403751e+03
7.9 6.296119e+03 6.297651e+03 6.348178e+03 6.346646e+03
8.9 6.338565e+03 6.275291e+03 6.329469e+03 6.392743e+03
0.6 6.331591e+03 6.285091e+03 6.419578e+03 6.466078e+03
1.6 6.329707e+03 6.305955e+03 6.399709e+03 6.423460e+03
2.6 6.091121e+03 6.262351e+03 6.393752e+03 6.222522e+03
3.6 6.223624e+03 6.303415e+03 6.375523e+03 6.295732e+03
4.6 6.300515e+03 6.263473e+03 6.366709e+03 6.403751e+03
5.6 6.296119e+03 6.297651e+03 6.348178e+03 6.346646e+03
6.6 6.338565e+03 6.275291e+03 6.329469e+03 6.392743e+03
7.6 6.286097e+03 6.266841e+03 6.316025e+03 6.335280e+03
8.6 6.388436e+03 6.277417e+03 6.293446e+03 6.404464e+03
0.3 6.091121e+03 6.262351e+03 6.393752e+03 6.222522e+03
1.3 6.223624e+03 6.303415e+03 6.375523e+03 6.295732e+03
2.3 6.300515e+03 6.263473e+03 6.366709e+03 6.403751e+03
3.3 6.296119e+03 6.297651e+03 6.348178e+03 6.346646e+03
4.3 6.338565e+03 6.275291e+03 6.329469e+03 6.392743e+03
5.3 6.286097e+03 6.266841e+03 6.316025e+03 6.335280e+03
6.3 6.388436e+03 6.277417e+03 6.293446e+03 6.404464e+03
7.3 6.372411e+03 6.241864e+03 6.282651e+03 6.413198e+03
8.3 6.345443e+03 6.288728e+03 6.252045e+03 6.308759e+03
1.0 6.296119e+03 6.297651e+03 6.348178e+03 6.346646e+03
2.0 6.338565e+03 6.275291e+03 6.329469e+03 6.392743e+03
3.0 6.286097e+03 6.266841e+03 6.316025e+03 6.335280e+03
4.0 6.388436e+03 6.277417e+03 6.293446e+03 6.404464e+03
5.0 6.372411e+03 6.241864e+03 6.282651e+03 6.413198e+03
6.0 6.345443e+03 6.288728e+03 6.252045e+03 6.308759e+03
0.6 6.286097e+03 6.266841e+03 6.316025e+03 6.335280e+03
1.6 6.388436e+03 6.277417e+03 6.293446e+03 6.404464e+03
2.6 6.372411e+03 6.241864e+03 6.282651e+03 6.413198e+03
3.6 6.345443e+03 6.288728e+03 6.252045e+03 6.308759e+03
0.3 6.372411e+03 6.241864e+03 6.282651e+03 6.413198e+03
1.3 6.345443e+03 6.288728e+03 6.252045e+03 6.308759e+03
