0.5 9.224187e+03 9.220179e+03 9.333572e+03 9.337581e+03
1.5 9.147620e+03 9.264179e+03 9.275264e+03 9.158704e+03
2.5 9.328944e+03 9.285041e+03 9.181976e+03 9.225880e+03
3.5 9.469999e+03 9.427806e+03 9.156179e+03 9.198373e+03
4.5 9.191642e+03 9.299097e+03 9.186914e+03 9.079459e+03
5.5 9.399601e+03 9.246737e+03 9.233154e+03 9.386018e+03
6.5 9.530885e+03 9.282529e+03 9.282975e+03 9.531331e+03
7.5 9.258842e+03 9.207103e+03 9.321110e+03 9.372850e+03
0.1 8.985266e+03 9.291832e+03 9.335143e+03 9.028578e+03
1.1 9.614713e+03 9.402578e+03 9.312741e+03 9.524876e+03
2.1 9.207839e+03 9.327768e+03 9.199044e+03 9.079115e+03
3.1 9.360439e+03 9.187854e+03 9.091034e+03 9.263619e+03
4.1 9.091124e+03 9.036286e+03 9.085096e+03 9.139933e+03
5.1 9.428577e+03 9.069744e+03 9.142978e+03 9.501811e+03
6.1 9.144756e+03 9.161276e+03 9.214373e+03 9.197853e+03
7.1 9.076475e+03 9.239751e+03 9.287644e+03 9.124367e+03
0.5 9.309027e+03 9.261785e+03 9.336114e+03 9.383355e+03
1.5 9.091090e+03 9.296067e+03 9.279104e+03 9.074127e+03
2.5 9.265541e+03 9.328450e+03 9.186852e+03 9.123943e+03
3.5 9.678544e+03 9.471124e+03 9.161880e+03 9.369300e+03
4.5 9.393497e+03 9.324830e+03 9.193373e+03 9.262039e+03
5.5 9.178314e+03 9.276345e+03 9.240294e+03 9.142264e+03
6.5 9.004652e+03 9.305124e+03 9.290598e+03 8.990127e+03
7.5 9.476637e+03 9.224926e+03 9.328977e+03 9.580688e+03
0.1 9.042341e+03 9.291369e+03 9.338649e+03 9.089621e+03
1.1 9.142816e+03 9.410848e+03 9.317397e+03 9.049365e+03
2.1 9.423056e+03 9.332116e+03 9.205227e+03 9.296166e+03
3.1 9.290557e+03 9.197766e+03 9.094782e+03 9.187573e+03
4.1 8.175908e+03 9.041001e+03 9.086146e+03 8.221052e+03
5.1 9.067035e+03 9.070740e+03 9.142911e+03 9.139206e+03
6.1 9.386527e+03 9.161701e+03 9.213907e+03 9.438733e+03
7.1 9.079285e+03 9.240407e+03 9.287199e+03 9.126077e+03
0.5 9.574777e+03 9.263485e+03 9.337004e+03 9.648295e+03
1.5 9.414222e+03 9.290194e+03 9.279861e+03 9.403889e+03
2.5 9.549237e+03 9.336951e+03 9.187496e+03 9.399782e+03
3.5 9.512168e+03 9.483235e+03 9.162441e+03 9.191374e+03
4.5 9.430287e+03 9.317275e+03 9.193838e+03 9.306849e+03
5.5 9.342053e+03 9.271327e+03 9.240640e+03 9.311365e+03
6.5 9.590930e+03 9.313725e+03 9.290819e+03 9.568024e+03
7.5 9.250469e+03 9.211688e+03 9.329080e+03 9.367861e+03
0.0 9.114506e+03 9.278492e+03 9.336763e+03 9.172777e+03
1.0 9.485359e+03 9.415476e+03 9.318201e+03 9.388084e+03
2.0 9.709610e+03 9.330328e+03 9.209777e+03 9.589059e+03
3.0 9.253032e+03 9.208344e+03 9.094990e+03 9.139678e+03
4.0 8.786694e+03 9.042439e+03 9.081012e+03 8.825267e+03
5.0 9.126339e+03 9.065181e+03 9.135400e+03 9.196558e+03
6.0 9.434621e+03 9.155427e+03 9.205382e+03 9.484576e+03
7.0 9.334742e+03 9.234946e+03 9.278286e+03 9.378082e+03
0.5 9.115488e+03 9.260581e+03 9.329507e+03 9.184414e+03
1.5 9.122242e+03 9.286818e+03 9.271179e+03 9.106602e+03
2.5 9.155485e+03 9.333056e+03 9.177470e+03 8.999899e+03
3.5 9.120858e+03 9.477126e+03 9.150884e+03 8.794616e+03
4.5 9.542276e+03 9.315779e+03 9.180567e+03 9.407064e+03
5.5 9.251943e+03 9.272995e+03 9.225459e+03 9.204407e+03
6.5 9.434084e+03 9.291681e+03 9.273523e+03 9.415926e+03
7.5 9.059780e+03 9.219455e+03 9.309454e+03 9.149779e+03
