0.5 1.100286e+04 1.085399e+04 1.091364e+04 1.106252e+04
1.5 1.086809e+04 1.088382e+04 1.077214e+04 1.075641e+04
2.5 1.082852e+04 1.089481e+04 1.092988e+04 1.086358e+04
3.5 1.079437e+04 1.083472e+04 1.095622e+04 1.091587e+04
4.5 1.084701e+04 1.085623e+04 1.095682e+04 1.094760e+04
5.5 1.078424e+04 1.088152e+04 1.095632e+04 1.085904e+04
6.5 1.092088e+04 1.097086e+04 1.095590e+04 1.090593e+04
7.5 1.081672e+04 1.095613e+04 1.095558e+04 1.081617e+04
0.1 1.084739e+04 1.094669e+04 1.095528e+04 1.085598e+04
1.1 1.094907e+04 1.101614e+04 1.077480e+04 1.070774e+04
2.1 1.124667e+04 1.120937e+04 1.076087e+04 1.079817e+04
3.1 1.113057e+04 1.118570e+04 1.093080e+04 1.087567e+04
4.1 1.112783e+04 1.096749e+04 1.095438e+04 1.111472e+04
5.1 1.105292e+04 1.085299e+04 1.095562e+04 1.115555e+04
6.1 1.101463e+04 1.081602e+04 1.095567e+04 1.115428e+04
7.1 1.099549e+04 1.081984e+04 1.095567e+04 1.113132e+04
0.5 1.093983e+04 1.079767e+04 1.090839e+04 1.105055e+04
1.5 1.094994e+04 1.083075e+04 1.076798e+04 1.088716e+04
2.5 1.100927e+04 1.085026e+04 1.092663e+04 1.108564e+04
3.5 1.103729e+04 1.080105e+04 1.095401e+04 1.119026e+04
4.5 1.100010e+04 1.082306e+04 1.095553e+04 1.113257e+04
5.5 1.096489e+04 1.085368e+04 1.095557e+04 1.106678e+04
6.5 1.103671e+04 1.094887e+04 1.095555e+04 1.104339e+04
7.5 1.110226e+04 1.093345e+04 1.095553e+04 1.112434e+04
0.1 1.109747e+04 1.094330e+04 1.095563e+04 1.110980e+04
1.1 1.111365e+04 1.101200e+04 1.077964e+04 1.088130e+04
2.1 1.127178e+04 1.120285e+04 1.075552e+04 1.082445e+04
3.1 1.130959e+04 1.119085e+04 1.092924e+04 1.104798e+04
4.1 1.077706e+04 1.097159e+04 1.095440e+04 1.075987e+04
5.1 1.078004e+04 1.085465e+04 1.095572e+04 1.088111e+04
6.1 1.050670e+04 1.081631e+04 1.095576e+04 1.064615e+04
7.1 1.067007e+04 1.081968e+04 1.095575e+04 1.080615e+04
0.5 1.065609e+04 1.079791e+04 1.090847e+04 1.076666e+04
1.5 1.070299e+04 1.082759e+04 1.076806e+04 1.064346e+04
2.5 1.072377e+04 1.084991e+04 1.092672e+04 1.080058e+04
3.5 1.063650e+04 1.080673e+04 1.095407e+04 1.078384e+04
4.5 1.074004e+04 1.082626e+04 1.095553e+04 1.086932e+04
5.5 1.068406e+04 1.085391e+04 1.095555e+04 1.078570e+04
6.5 1.075342e+04 1.095627e+04 1.095551e+04 1.075266e+04
7.5 1.076504e+04 1.093136e+04 1.095547e+04 1.078915e+04
0.0 1.090901e+04 1.094133e+04 1.095447e+04 1.092214e+04
1.0 1.106295e+04 1.100733e+04 1.078801e+04 1.084363e+04
2.0 1.121845e+04 1.119213e+04 1.074341e+04 1.076974e+04
3.0 1.125393e+04 1.120330e+04 1.092357e+04 1.097420e+04
4.0 1.090041e+04 1.098233e+04 1.095189e+04 1.086997e+04
5.0 1.075864e+04 1.086024e+04 1.095307e+04 1.085147e+04
6.0 1.080583e+04 1.081907e+04 1.095271e+04 1.093948e+04
7.0 1.082759e+04 1.082148e+04 1.095224e+04 1.095835e+04
0.5 1.074477e+04 1.080054e+04 1.090385e+04 1.084808e+04
1.5 1.074783e+04 1.083031e+04 1.076279e+04 1.068031e+04
2.5 1.080286e+04 1.085266e+04 1.092074e+04 1.087093e+04
3.5 1.082636e+04 1.080883e+04 1.094730e+04 1.096482e+04
4.5 1.084911e+04 1.082665e+04 1.094790e+04 1.097036e+04
5.5 1.087360e+04 1.085844e+04 1.094698e+04 1.096215e+04
6.5 1.091595e+04 1.095095e+04 1.094594e+04 1.091094e+04
7.5 1.076858e+04 1.093539e+04 1.094481e+04 1.077800e+04
