0.5 9.699138e+03 9.654509e+03 9.510377e+03 9.555006e+03
1.5 9.643102e+03 9.642010e+03 9.531541e+03 9.532633e+03
2.5 9.627999e+03 9.619496e+03 9.602245e+03 9.610749e+03
3.5 9.643447e+03 9.673250e+03 9.676975e+03 9.647172e+03
4.5 9.637491e+03 9.692319e+03 9.737796e+03 9.682967e+03
5.5 9.674713e+03 9.723934e+03 9.778424e+03 9.729203e+03
6.5 9.671752e+03 9.721060e+03 9.793945e+03 9.744636e+03
7.5 9.611457e+03 9.714195e+03 9.797046e+03 9.694307e+03
8.5 9.632345e+03 9.721440e+03 9.792974e+03 9.703879e+03
0.2 9.627999e+03 9.619496e+03 9.602245e+03 9.610749e+03
1.2 9.643447e+03 9.673250e+03 9.676975e+03 9.647172e+03
2.2 9.637491e+03 9.692319e+03 9.737796e+03 9.682967e+03
3.2 9.674713e+03 9.723934e+03 9.778424e+03 9.729203e+03
4.2 9.671752e+03 9.721060e+03 9.793945e+03 9.744636e+03
5.2 9.611457e+03 9.714195e+03 9.797046e+03 9.694307e+03
6.2 9.632345e+03 9.721440e+03 9.792974e+03 9.703879e+03
7.2 9.736569e+03 9.703250e+03 9.795120e+03 9.828440e+03
8.2 9.711866e+03 9.720588e+03 9.791801e+03 9.783079e+03
0.9 9.674713e+03 9.723934e+03 9.778424e+03 9.729203e+03
1.9 9.671752e+03 9.721060e+03 9.793945e+03 9.744636e+03
2.9 9.611457e+03 9.714195e+03 9.797046e+03 9.694307e+03
3.9 9.632345e+03 9.721440e+03 9.792974e+03 9.703879e+03
4.9 9.736569e+03 9.703250e+03 9.795120e+03 9.828440e+03
5.9 9.711866e+03 9.720588e+03 9.791801e+03 9.783079e+03
6.9 9.740246e+03 9.701612e+03 9.793301e+03 9.831935e+03
7.9 9.733781e+03 9.715057e+03 9.792250e+03 9.810974e+03
8.9 9.711324e+03 9.705020e+03 9.792481e+03 9.798785e+03
0.6 9.611457e+03 9.714195e+03 9.797046e+03 9.694307e+03
1.6 9.632345e+03 9.721440e+03 9.792974e+03 9.703879e+03
2.6 9.736569e+03 9.703250e+03 9.795120e+03 9.828440e+03
3.6 9.711866e+03 9.720588e+03 9.791801e+03 9.783079e+03
4.6 9.740246e+03 9.701612e+03 9.793301e+03 9.831935e+03
5.6 9.733781e+03 9.715057e+03 9.792250e+03 9.810974e+03
6.6 9.711324e+03 9.705020e+03 9.792481e+03 9.798785e+03
7.6 9.698375e+03 9.705456e+03 9.794656e+03 9.787574e+03
8.6 9.737694e+03 9.709305e+03 9.793193e+03 9.821582e+03
0.3 9.736569e+03 9.703250e+03 9.795120e+03 9.828440e+03
1.3 9.711866e+03 9.720588e+03 9.791801e+03 9.783079e+03
2.3 9.740246e+03 9.701612e+03 9.793301e+03 9.831935e+03
3.3 9.733781e+03 9.715057e+03 9.792250e+03 9.810974e+03
4.3 9.711324e+03 9.705020e+03 9.792481e+03 9.798785e+03
5.3 9.698375e+03 9.705456e+03 9.794656e+03 9.787574e+03
6.3 9.737694e+03 9.709305e+03 9.793193e+03 9.821582e+03
7.3 9.749673e+03 9.695637e+03 9.797127e+03 9.851163e+03
8.3 9.722748e+03 9.712145e+03 9.794980e+03 9.805583e+03
1.0 9.733781e+03 9.715057e+03 9.792250e+03 9.810974e+03
2.0 9.711324e+03 9.705020e+03 9.792481e+03 9.798785e+03
3.0 9.698375e+03 9.705456e+03 9.794656e+03 9.787574e+03
4.0 9.737694e+03 9.709305e+03 9.793193e+03 9.821582e+03
5.0 9.749673e+03 9.695637e+03 9.797127e+03 9.851163e+03
6.0 9.722748e+03 9.712145e+03 9.794980e+03 9.805583e+03
7.0 9.669634e+03 9.693244e+03 9.798169e+03 9.774558e+03
8.0 9.695047e+03 9.718391e+03 9.786920e+03 9.763576e+03
9.0 9.808248e+03 9.800604e+03 9.729681e+03 9.737325e+03
0.7 9.698375e+03 9.705456e+03 9.794656e+03 9.787574e+03
1.7 9.737694e+03 9.709305e+03 9.793193e+03 9.821582e+03
2.7 9.749673e+03 9.695637e+03 9.797127e+03 9.851163e+03
3.7 9.722748e+03 9.712145e+03 9.794980e+03 9.805583e+03
4.7 9.669634e+03 9.693244e+03 9.798169e+03 9.774558e+03
5.7 9.695047e+03 9.718391e+03 9.786920e+03 9.763576e+03
6.7 9.808248e+03 9.800604e+03 9.729681e+03 9.737325e+03
7.7 9.828138e+03 9.840715e+03 9.647479e+03 9.634902e+03
8.7 9.862433e+03 9.802260e+03 9.577187e+03 9.637360e+03
0.4 9.749673e+03 9.695637e+03 9.797127e+03 9.851163e+03
1.4 9.722748e+03 9.712145e+03 9.794980e+03 9.805583e+03
2.4 9.669634e+03 9.693244e+03 9.798169e+03 9.774558e+03
3.4 9.695047e+03 9.718391e+03 9.786920e+03 9.763576e+03
4.4 9.808248e+03 9.800604e+03 9.729681e+03 9.737325e+03
5.4 9.828138e+03 9.840715e+03 9.647479e+03 9.634902e+03
6.4 9.862433e+03 9.802260e+03 9.577187e+03 9.637360e+03
7.4 9.749907e+03 9.738391e+03 9.526336e+03 9.537851e+03
8.4 9.717508e+03 9.684768e+03 9.497368e+03 9.530109e+03
0.5 9.702605e+03 9.614881e+03 9.492440e+03 9.580164e+03
1.5 9.680276e+03 9.604721e+03 9.520780e+03 9.596336e+03
2.5 9.667862e+03 9.588545e+03 9.597331e+03 9.676648e+03
3.5 9.694604e+03 9.646493e+03 9.675967e+03 9.724078e+03
4.5 9.694205e+03 9.667860e+03 9.740135e+03 9.766480e+03
5.5 9.685023e+03 9.704465e+03 9.782526e+03 9.763083e+03
6.5 9.746604e+03 9.702235e+03 9.798700e+03 9.843069e+03
7.5 9.767916e+03 9.695725e+03 9.803181e+03 9.875372e+03
8.5 9.754438e+03 9.704981e+03 9.800995e+03 9.850452e+03
0.2 9.667862e+03 9.588545e+03 9.597331e+03 9.676648e+03
1.2 9.694604e+03 9.646493e+03 9.675967e+03 9.724078e+03
2.2 9.694205e+03 9.667860e+03 9.740135e+03 9.766480e+03
3.2 9.685023e+03 9.704465e+03 9.782526e+03 9.763083e+03
4.2 9.746604e+03 9.702235e+03 9.798700e+03 9.843069e+03
5.2 9.767916e+03 9.695725e+03 9.803181e+03 9.875372e+03
6.2 9.754438e+03 9.704981e+03 9.800995e+03 9.850452e+03
7.2 9.749566e+03 9.689069e+03 9.804626e+03 9.865123e+03
8.2 9.758660e+03 9.706659e+03 9.803572e+03 9.855573e+03
0.9 9.685023e+03 9.704465e+03 9.782526e+03 9.763083e+03
1.9 9.746604e+03 9.702235e+03 9.798700e+03 9.843069e+03
2.9 9.767916e+03 9.695725e+03 9.803181e+03 9.875372e+03
3.9 9.754438e+03 9.704981e+03 9.800995e+03 9.850452e+03
4.9 9.749566e+03 9.689069e+03 9.804626e+03 9.865123e+03
5.9 9.758660e+03 9.706659e+03 9.803572e+03 9.855573e+03
6.9 9.738409e+03 9.691662e+03 9.806831e+03 9.853578e+03
7.9 9.726791e+03 9.712122e+03 9.804223e+03 9.818891e+03
8.9 9.720148e+03 9.700888e+03 9.801260e+03 9.820520e+03
0.6 9.767916e+03 9.695725e+03 9.803181e+03 9.875372e+03
1.6 9.754438e+03 9.704981e+03 9.800995e+03 9.850452e+03
2.6 9.749566e+03 9.689069e+03 9.804626e+03 9.865123e+03
3.6 9.758660e+03 9.706659e+03 9.803572e+03 9.855573e+03
4.6 9.738409e+03 9.691662e+03 9.806831e+03 9.853578e+03
5.6 9.726791e+03 9.712122e+03 9.804223e+03 9.818891e+03
6.6 9.720148e+03 9.700888e+03 9.801260e+03 9.820520e+03
7.6 9.726015e+03 9.697295e+03 9.802247e+03 9.830967e+03
8.6 9.727852e+03 9.702375e+03 9.800392e+03 9.825870e+03
0.3 9.749566e+03 9.689069e+03 9.804626e+03 9.865123e+03
1.3 9.758660e+03 9.706659e+03 9.803572e+03 9.855573e+03
2.3 9.738409e+03 9.691662e+03 9.806831e+03 9.853578e+03
3.3 9.726791e+03 9.712122e+03 9.804223e+03 9.818891e+03
4.3 9.720148e+03 9.700888e+03 9.801260e+03 9.820520e+03
5.3 9.726015e+03 9.697295e+03 9.802247e+03 9.830967e+03
6.3 9.727852e+03 9.702375e+03 9.800392e+03 9.825870e+03
7.3 9.721074e+03 9.688935e+03 9.804385e+03 9.836525e+03
8.3 9.766069e+03 9.707950e+03 9.802779e+03 9.860897e+03
0.9 9.726791e+03 9.712122e+03 9.804223e+03 9.818891e+03
1.9 9.720148e+03 9.700888e+03 9.801260e+03 9.820520e+03
2.9 9.726015e+03 9.697295e+03 9.802247e+03 9.830967e+03
3.9 9.727852e+03 9.702375e+03 9.800392e+03 9.825870e+03
4.9 9.721074e+03 9.688935e+03 9.804385e+03 9.836525e+03
5.9 9.766069e+03 9.707950e+03 9.802779e+03 9.860897e+03
6.9 9.741254e+03 9.690541e+03 9.805823e+03 9.856535e+03
7.9 9.733700e+03 9.714052e+03 9.794812e+03 9.814459e+03
8.9 9.750882e+03 9.796408e+03 9.737969e+03 9.692442e+03
0.7 9.726015e+03 9.697295e+03 9.802247e+03 9.830967e+03
1.7 9.727852e+03 9.702375e+03 9.800392e+03 9.825870e+03
2.7 9.721074e+03 9.688935e+03 9.804385e+03 9.836525e+03
3.7 9.766069e+03 9.707950e+03 9.802779e+03 9.860897e+03
4.7 9.741254e+03 9.690541e+03 9.805823e+03 9.856535e+03
5.7 9.733700e+03 9.714052e+03 9.794812e+03 9.814459e+03
6.7 9.750882e+03 9.796408e+03 9.737969e+03 9.692442e+03
7.7 9.809079e+03 9.839245e+03 9.655247e+03 9.625081e+03
8.7 9.860446e+03 9.802318e+03 9.583795e+03 9.641924e+03
0.3 9.721074e+03 9.688935e+03 9.804385e+03 9.836525e+03
1.3 9.766069e+03 9.707950e+03 9.802779e+03 9.860897e+03
2.3 9.741254e+03 9.690541e+03 9.805823e+03 9.856535e+03
3.3 9.733700e+03 9.714052e+03 9.794812e+03 9.814459e+03
4.3 9.750882e+03 9.796408e+03 9.737969e+03 9.692442e+03
5.3 9.809079e+03 9.839245e+03 9.655247e+03 9.625081e+03
6.3 9.860446e+03 9.802318e+03 9.583795e+03 9.641924e+03
7.3 9.765132e+03 9.738819e+03 9.531885e+03 9.558198e+03
8.3 9.635891e+03 9.684890e+03 9.501732e+03 9.452734e+03
0.5 9.543218e+03 9.614070e+03 9.494930e+03 9.424079e+03
1.5 9.593894e+03 9.602386e+03 9.524243e+03 9.515750e+03
2.5 9.610807e+03 9.588992e+03 9.601301e+03 9.623115e+03
3.5 9.603779e+03 9.649872e+03 9.678341e+03 9.632248e+03
4.5 9.571288e+03 9.668960e+03 9.740840e+03 9.643168e+03
5.5 9.590110e+03 9.706856e+03 9.781584e+03 9.664838e+03
6.5 9.617310e+03 9.703939e+03 9.794738e+03 9.708109e+03
7.5 9.628213e+03 9.691661e+03 9.798730e+03 9.735283e+03
8.5 9.644810e+03 9.704946e+03 9.796517e+03 9.736381e+03
0.2 9.610807e+03 9.588992e+03 9.601301e+03 9.623115e+03
1.2 9.603779e+03 9.649872e+03 9.678341e+03 9.632248e+03
2.2 9.571288e+03 9.668960e+03 9.740840e+03 9.643168e+03
3.2 9.590110e+03 9.706856e+03 9.781584e+03 9.664838e+03
4.2 9.617310e+03 9.703939e+03 9.794738e+03 9.708109e+03
5.2 9.628213e+03 9.691661e+03 9.798730e+03 9.735283e+03
6.2 9.644810e+03 9.704946e+03 9.796517e+03 9.736381e+03
7.2 9.668755e+03 9.686196e+03 9.800340e+03 9.782900e+03
8.2 9.676544e+03 9.706748e+03 9.799798e+03 9.769595e+03
0.8 9.590110e+03 9.706856e+03 9.781584e+03 9.664838e+03
1.8 9.617310e+03 9.703939e+03 9.794738e+03 9.708109e+03
2.8 9.628213e+03 9.691661e+03 9.798730e+03 9.735283e+03
3.8 9.644810e+03 9.704946e+03 9.796517e+03 9.736381e+03
4.8 9.668755e+03 9.686196e+03 9.800340e+03 9.782900e+03
5.8 9.676544e+03 9.706748e+03 9.799798e+03 9.769595e+03
6.8 9.696221e+03 9.692321e+03 9.802575e+03 9.806475e+03
7.8 9.716080e+03 9.705033e+03 9.802580e+03 9.813627e+03
8.8 9.702002e+03 9.699987e+03 9.802365e+03 9.804380e+03
0.5 9.628213e+03 9.691661e+03 9.798730e+03 9.735283e+03
1.5 9.644810e+03 9.704946e+03 9.796517e+03 9.736381e+03
2.5 9.668755e+03 9.686196e+03 9.800340e+03 9.782900e+03
3.5 9.676544e+03 9.706748e+03 9.799798e+03 9.769595e+03
4.5 9.696221e+03 9.692321e+03 9.802575e+03 9.806475e+03
5.5 9.716080e+03 9.705033e+03 9.802580e+03 9.813627e+03
6.5 9.702002e+03 9.699987e+03 9.802365e+03 9.804380e+03
7.5 9.699293e+03 9.697900e+03 9.804556e+03 9.805948e+03
8.5 9.726387e+03 9.706301e+03 9.801768e+03 9.821854e+03
0.2 9.668755e+03 9.686196e+03 9.800340e+03 9.782900e+03
1.2 9.676544e+03 9.706748e+03 9.799798e+03 9.769595e+03
2.2 9.696221e+03 9.692321e+03 9.802575e+03 9.806475e+03
3.2 9.716080e+03 9.705033e+03 9.802580e+03 9.813627e+03
4.2 9.702002e+03 9.699987e+03 9.802365e+03 9.804380e+03
5.2 9.699293e+03 9.697900e+03 9.804556e+03 9.805948e+03
6.2 9.726387e+03 9.706301e+03 9.801768e+03 9.821854e+03
7.2 9.728160e+03 9.690921e+03 9.804667e+03 9.841906e+03
8.2 9.746885e+03 9.709844e+03 9.801572e+03 9.838613e+03
0.9 9.716080e+03 9.705033e+03 9.802580e+03 9.813627e+03
1.9 9.702002e+03 9.699987e+03 9.802365e+03 9.804380e+03
2.9 9.699293e+03 9.697900e+03 9.804556e+03 9.805948e+03
3.9 9.726387e+03 9.706301e+03 9.801768e+03 9.821854e+03
4.9 9.728160e+03 9.690921e+03 9.804667e+03 9.841906e+03
5.9 9.746885e+03 9.709844e+03 9.801572e+03 9.838613e+03
6.9 9.731027e+03 9.692270e+03 9.803150e+03 9.841908e+03
7.9 9.762487e+03 9.711448e+03 9.793372e+03 9.844411e+03
8.9 9.815776e+03 9.793236e+03 9.738303e+03 9.760843e+03
0.6 9.699293e+03 9.697900e+03 9.804556e+03 9.805948e+03
1.6 9.726387e+03 9.706301e+03 9.801768e+03 9.821854e+03
2.6 9.728160e+03 9.690921e+03 9.804667e+03 9.841906e+03
3.6 9.746885e+03 9.709844e+03 9.801572e+03 9.838613e+03
4.6 9.731027e+03 9.692270e+03 9.803150e+03 9.841908e+03
5.6 9.762487e+03 9.711448e+03 9.793372e+03 9.844411e+03
6.6 9.815776e+03 9.793236e+03 9.738303e+03 9.760843e+03
7.6 9.872636e+03 9.840881e+03 9.655363e+03 9.687119e+03
8.6 9.868571e+03 9.806707e+03 9.582131e+03 9.643995e+03
0.3 9.728160e+03 9.690921e+03 9.804667e+03 9.841906e+03
1.3 9.746885e+03 9.709844e+03 9.801572e+03 9.838613e+03
2.3 9.731027e+03 9.692270e+03 9.803150e+03 9.841908e+03
3.3 9.762487e+03 9.711448e+03 9.793372e+03 9.844411e+03
4.3 9.815776e+03 9.793236e+03 9.738303e+03 9.760843e+03
5.3 9.872636e+03 9.840881e+03 9.655363e+03 9.687119e+03
6.3 9.868571e+03 9.806707e+03 9.582131e+03 9.643995e+03
7.3 9.667899e+03 9.743692e+03 9.528374e+03 9.452582e+03
8.3 9.598545e+03 9.688963e+03 9.495900e+03 9.405482e+03
0.5 9.579715e+03 9.616929e+03 9.482223e+03 9.445009e+03
1.5 9.555864e+03 9.605493e+03 9.509391e+03 9.459762e+03
2.5 9.538189e+03 9.592331e+03 9.583976e+03 9.529834e+03
3.5 9.583717e+03 9.651301e+03 9.659164e+03 9.591580e+03
4.5 9.619244e+03 9.672285e+03 9.719624e+03 9.666584e+03
5.5 9.656356e+03 9.709781e+03 9.757448e+03 9.704022e+03
6.5 9.678384e+03 9.705967e+03 9.768979e+03 9.741395e+03
7.5 9.679624e+03 9.701347e+03 9.768290e+03 9.746567e+03
8.5 9.671836e+03 9.710825e+03 9.759820e+03 9.720831e+03
0.2 9.538189e+03 9.592331e+03 9.583976e+03 9.529834e+03
1.2 9.583717e+03 9.651301e+03 9.659164e+03 9.591580e+03
2.2 9.619244e+03 9.672285e+03 9.719624e+03 9.666584e+03
3.2 9.656356e+03 9.709781e+03 9.757448e+03 9.704022e+03
4.2 9.678384e+03 9.705967e+03 9.768979e+03 9.741395e+03
5.2 9.679624e+03 9.701347e+03 9.768290e+03 9.746567e+03
6.2 9.671836e+03 9.710825e+03 9.759820e+03 9.720831e+03
7.2 9.643577e+03 9.692703e+03 9.757281e+03 9.708154e+03
8.2 9.688828e+03 9.711665e+03 9.749510e+03 9.726674e+03
0.9 9.656356e+03 9.709781e+03 9.757448e+03 9.704022e+03
1.9 9.678384e+03 9.705967e+03 9.768979e+03 9.741395e+03
2.9 9.679624e+03 9.701347e+03 9.768290e+03 9.746567e+03
3.9 9.671836e+03 9.710825e+03 9.759820e+03 9.720831e+03
4.9 9.643577e+03 9.692703e+03 9.757281e+03 9.708154e+03
5.9 9.688828e+03 9.711665e+03 9.749510e+03 9.726674e+03
6.9 9.730597e+03 9.694617e+03 9.745753e+03 9.781733e+03
7.9 9.745080e+03 9.711414e+03 9.737854e+03 9.771520e+03
8.9 9.748978e+03 9.702081e+03 9.729879e+03 9.776775e+03
0.6 9.679624e+03 9.701347e+03 9.768290e+03 9.746567e+03
1.6 9.671836e+03 9.710825e+03 9.759820e+03 9.720831e+03
2.6 9.643577e+03 9.692703e+03 9.757281e+03 9.708154e+03
3.6 9.688828e+03 9.711665e+03 9.749510e+03 9.726674e+03
4.6 9.730597e+03 9.694617e+03 9.745753e+03 9.781733e+03
5.6 9.745080e+03 9.711414e+03 9.737854e+03 9.771520e+03
6.6 9.748978e+03 9.702081e+03 9.729879e+03 9.776775e+03
7.6 9.738371e+03 9.700229e+03 9.724148e+03 9.762289e+03
8.6 9.729520e+03 9.705523e+03 9.714523e+03 9.738520e+03
0.3 9.643577e+03 9.692703e+03 9.757281e+03 9.708154e+03
1.3 9.688828e+03 9.711665e+03 9.749510e+03 9.726674e+03
2.3 9.730597e+03 9.694617e+03 9.745753e+03 9.781733e+03
3.3 9.745080e+03 9.711414e+03 9.737854e+03 9.771520e+03
4.3 9.748978e+03 9.702081e+03 9.729879e+03 9.776775e+03
5.3 9.738371e+03 9.700229e+03 9.724148e+03 9.762289e+03
6.3 9.729520e+03 9.705523e+03 9.714523e+03 9.738520e+03
7.3 9.702364e+03 9.691534e+03 9.709921e+03 9.720751e+03
8.3 9.710965e+03 9.713406e+03 9.696875e+03 9.694433e+03
1.0 9.745080e+03 9.711414e+03 9.737854e+03 9.771520e+03
2.0 9.748978e+03 9.702081e+03 9.729879e+03 9.776775e+03
3.0 9.738371e+03 9.700229e+03 9.724148e+03 9.762289e+03
4.0 9.729520e+03 9.705523e+03 9.714523e+03 9.738520e+03
5.0 9.702364e+03 9.691534e+03 9.709921e+03 9.720751e+03
6.0 9.710965e+03 9.713406e+03 9.696875e+03 9.694433e+03
0.6 9.738371e+03 9.700229e+03 9.724148e+03 9.762289e+03
1.6 9.729520e+03 9.705523e+03 9.714523e+03 9.738520e+03
2.6 9.702364e+03 9.691534e+03 9.709921e+03 9.720751e+03
3.6 9.710965e+03 9.713406e+03 9.696875e+03 9.694433e+03
0.3 9.702364e+03 9.691534e+03 9.709921e+03 9.720751e+03
1.3 9.710965e+03 9.713406e+03 9.696875e+03 9.694433e+03
