0.5 9.699138e+03 9.654509e+03 9.883457e+03 9.928087e+03
1.5 9.643102e+03 9.642010e+03 9.777572e+03 9.778664e+03
2.5 9.627999e+03 9.619496e+03 9.663125e+03 9.671628e+03
3.5 9.643447e+03 9.673250e+03 9.649734e+03 9.619931e+03
4.5 9.637491e+03 9.692319e+03 9.620449e+03 9.565621e+03
5.5 9.674713e+03 9.723934e+03 9.634642e+03 9.585422e+03
6.5 9.671752e+03 9.721060e+03 9.625031e+03 9.575723e+03
7.5 9.611457e+03 9.714195e+03 9.624437e+03 9.521698e+03
8.5 9.632345e+03 9.721440e+03 9.630302e+03 9.541208e+03
0.2 9.627999e+03 9.619496e+03 9.663125e+03 9.671628e+03
1.2 9.643447e+03 9.673250e+03 9.649734e+03 9.619931e+03
2.2 9.637491e+03 9.692319e+03 9.620449e+03 9.565621e+03
3.2 9.674713e+03 9.723934e+03 9.634642e+03 9.585422e+03
4.2 9.671752e+03 9.721060e+03 9.625031e+03 9.575723e+03
5.2 9.611457e+03 9.714195e+03 9.624437e+03 9.521698e+03
6.2 9.632345e+03 9.721440e+03 9.630302e+03 9.541208e+03
7.2 9.736569e+03 9.703250e+03 9.612841e+03 9.646161e+03
8.2 9.711866e+03 9.720588e+03 9.631909e+03 9.623188e+03
0.9 9.674713e+03 9.723934e+03 9.634642e+03 9.585422e+03
1.9 9.671752e+03 9.721060e+03 9.625031e+03 9.575723e+03
2.9 9.611457e+03 9.714195e+03 9.624437e+03 9.521698e+03
3.9 9.632345e+03 9.721440e+03 9.630302e+03 9.541208e+03
4.9 9.736569e+03 9.703250e+03 9.612841e+03 9.646161e+03
5.9 9.711866e+03 9.720588e+03 9.631909e+03 9.623188e+03
6.9 9.740246e+03 9.701612e+03 9.609159e+03 9.647792e+03
7.9 9.733781e+03 9.715057e+03 9.627893e+03 9.646618e+03
8.9 9.711324e+03 9.705020e+03 9.613106e+03 9.619410e+03
0.6 9.611457e+03 9.714195e+03 9.624437e+03 9.521698e+03
1.6 9.632345e+03 9.721440e+03 9.630302e+03 9.541208e+03
2.6 9.736569e+03 9.703250e+03 9.612841e+03 9.646161e+03
3.6 9.711866e+03 9.720588e+03 9.631909e+03 9.623188e+03
4.6 9.740246e+03 9.701612e+03 9.609159e+03 9.647792e+03
5.6 9.733781e+03 9.715057e+03 9.627893e+03 9.646618e+03
6.6 9.711324e+03 9.705020e+03 9.613106e+03 9.619410e+03
7.6 9.698375e+03 9.705456e+03 9.617544e+03 9.610463e+03
8.6 9.737694e+03 9.709305e+03 9.617274e+03 9.645664e+03
0.3 9.736569e+03 9.703250e+03 9.612841e+03 9.646161e+03
1.3 9.711866e+03 9.720588e+03 9.631909e+03 9.623188e+03
2.3 9.740246e+03 9.701612e+03 9.609159e+03 9.647792e+03
3.3 9.733781e+03 9.715057e+03 9.627893e+03 9.646618e+03
4.3 9.711324e+03 9.705020e+03 9.613106e+03 9.619410e+03
5.3 9.698375e+03 9.705456e+03 9.617544e+03 9.610463e+03
6.3 9.737694e+03 9.709305e+03 9.617274e+03 9.645664e+03
7.3 9.749673e+03 9.695637e+03 9.604210e+03 9.658247e+03
8.3 9.722748e+03 9.712145e+03 9.619542e+03 9.630145e+03
1.0 9.733781e+03 9.715057e+03 9.627893e+03 9.646618e+03
2.0 9.711324e+03 9.705020e+03 9.613106e+03 9.619410e+03
3.0 9.698375e+03 9.705456e+03 9.617544e+03 9.610463e+03
4.0 9.737694e+03 9.709305e+03 9.617274e+03 9.645664e+03
5.0 9.749673e+03 9.695637e+03 9.604210e+03 9.658247e+03
6.0 9.722748e+03 9.712145e+03 9.619542e+03 9.630145e+03
7.0 9.669634e+03 9.693244e+03 9.596707e+03 9.573097e+03
8.0 9.695047e+03 9.718391e+03 9.673558e+03 9.650213e+03
9.0 9.808248e+03 9.800604e+03 9.791930e+03 9.799574e+03
0.7 9.698375e+03 9.705456e+03 9.617544e+03 9.610463e+03
1.7 9.737694e+03 9.709305e+03 9.617274e+03 9.645664e+03
2.7 9.749673e+03 9.695637e+03 9.604210e+03 9.658247e+03
3.7 9.722748e+03 9.712145e+03 9.619542e+03 9.630145e+03
4.7 9.669634e+03 9.693244e+03 9.596707e+03 9.573097e+03
5.7 9.695047e+03 9.718391e+03 9.673558e+03 9.650213e+03
6.7 9.808248e+03 9.800604e+03 9.791930e+03 9.799574e+03
7.7 9.828138e+03 9.840715e+03 9.847402e+03 9.834824e+03
8.7 9.862433e+03 9.802260e+03 9.863660e+03 9.923833e+03
0.4 9.749673e+03 9.695637e+03 9.604210e+03 9.658247e+03
1.4 9.722748e+03 9.712145e+03 9.619542e+03 9.630145e+03
2.4 9.669634e+03 9.693244e+03 9.596707e+03 9.573097e+03
3.4 9.695047e+03 9.718391e+03 9.673558e+03 9.650213e+03
4.4 9.808248e+03 9.800604e+03 9.791930e+03 9.799574e+03
5.4 9.828138e+03 9.840715e+03 9.847402e+03 9.834824e+03
6.4 9.862433e+03 9.802260e+03 9.863660e+03 9.923833e+03
7.4 9.749907e+03 9.738391e+03 9.867013e+03 9.878528e+03
8.4 9.717508e+03 9.684768e+03 9.867084e+03 9.899824e+03
0.5 9.702605e+03 9.614881e+03 9.859702e+03 9.947425e+03
1.5 9.680276e+03 9.604721e+03 9.749449e+03 9.825005e+03
2.5 9.667862e+03 9.588545e+03 9.636228e+03 9.715546e+03
3.5 9.694604e+03 9.646493e+03 9.622750e+03 9.670861e+03
4.5 9.694205e+03 9.667860e+03 9.592856e+03 9.619201e+03
5.5 9.685023e+03 9.704465e+03 9.610842e+03 9.591400e+03
6.5 9.746604e+03 9.702235e+03 9.601069e+03 9.645438e+03
7.5 9.767916e+03 9.695725e+03 9.599559e+03 9.671751e+03
8.5 9.754438e+03 9.704981e+03 9.605651e+03 9.655108e+03
0.2 9.667862e+03 9.588545e+03 9.636228e+03 9.715546e+03
1.2 9.694604e+03 9.646493e+03 9.622750e+03 9.670861e+03
2.2 9.694205e+03 9.667860e+03 9.592856e+03 9.619201e+03
3.2 9.685023e+03 9.704465e+03 9.610842e+03 9.591400e+03
4.2 9.746604e+03 9.702235e+03 9.601069e+03 9.645438e+03
5.2 9.767916e+03 9.695725e+03 9.599559e+03 9.671751e+03
6.2 9.754438e+03 9.704981e+03 9.605651e+03 9.655108e+03
7.2 9.749566e+03 9.689069e+03 9.588876e+03 9.649373e+03
8.2 9.758660e+03 9.706659e+03 9.605847e+03 9.657848e+03
0.9 9.685023e+03 9.704465e+03 9.610842e+03 9.591400e+03
1.9 9.746604e+03 9.702235e+03 9.601069e+03 9.645438e+03
2.9 9.767916e+03 9.695725e+03 9.599559e+03 9.671751e+03
3.9 9.754438e+03 9.704981e+03 9.605651e+03 9.655108e+03
4.9 9.749566e+03 9.689069e+03 9.588876e+03 9.649373e+03
5.9 9.758660e+03 9.706659e+03 9.605847e+03 9.657848e+03
6.9 9.738409e+03 9.691662e+03 9.585818e+03 9.632565e+03
7.9 9.726791e+03 9.712122e+03 9.613851e+03 9.628519e+03
8.9 9.720148e+03 9.700888e+03 9.600374e+03 9.619634e+03
0.6 9.767916e+03 9.695725e+03 9.599559e+03 9.671751e+03
1.6 9.754438e+03 9.704981e+03 9.605651e+03 9.655108e+03
2.6 9.749566e+03 9.689069e+03 9.588876e+03 9.649373e+03
3.6 9.758660e+03 9.706659e+03 9.605847e+03 9.657848e+03
4.6 9.738409e+03 9.691662e+03 9.585818e+03 9.632565e+03
5.6 9.726791e+03 9.712122e+03 9.613851e+03 9.628519e+03
6.6 9.720148e+03 9.700888e+03 9.600374e+03 9.619634e+03
7.6 9.726015e+03 9.697295e+03 9.601974e+03 9.630693e+03
8.6 9.727852e+03 9.702375e+03 9.603362e+03 9.628839e+03
0.3 9.749566e+03 9.689069e+03 9.588876e+03 9.649373e+03
1.3 9.758660e+03 9.706659e+03 9.605847e+03 9.657848e+03
2.3 9.738409e+03 9.691662e+03 9.585818e+03 9.632565e+03
3.3 9.726791e+03 9.712122e+03 9.613851e+03 9.628519e+03
4.3 9.720148e+03 9.700888e+03 9.600374e+03 9.619634e+03
5.3 9.726015e+03 9.697295e+03 9.601974e+03 9.630693e+03
6.3 9.727852e+03 9.702375e+03 9.603362e+03 9.628839e+03
7.3 9.721074e+03 9.688935e+03 9.590122e+03 9.622261e+03
8.3 9.766069e+03 9.707950e+03 9.607834e+03 9.665953e+03
0.9 9.726791e+03 9.712122e+03 9.613851e+03 9.628519e+03
1.9 9.720148e+03 9.700888e+03 9.600374e+03 9.619634e+03
2.9 9.726015e+03 9.697295e+03 9.601974e+03 9.630693e+03
3.9 9.727852e+03 9.702375e+03 9.603362e+03 9.628839e+03
4.9 9.721074e+03 9.688935e+03 9.590122e+03 9.622261e+03
5.9 9.766069e+03 9.707950e+03 9.607834e+03 9.665953e+03
6.9 9.741254e+03 9.690541e+03 9.586212e+03 9.636924e+03
7.9 9.733700e+03 9.714052e+03 9.660784e+03 9.680432e+03
8.9 9.750882e+03 9.796408e+03 9.781371e+03 9.735845e+03
0.7 9.726015e+03 9.697295e+03 9.601974e+03 9.630693e+03
1.7 9.727852e+03 9.702375e+03 9.603362e+03 9.628839e+03
2.7 9.721074e+03 9.688935e+03 9.590122e+03 9.622261e+03
3.7 9.766069e+03 9.707950e+03 9.607834e+03 9.665953e+03
4.7 9.741254e+03 9.690541e+03 9.586212e+03 9.636924e+03
5.7 9.733700e+03 9.714052e+03 9.660784e+03 9.680432e+03
6.7 9.750882e+03 9.796408e+03 9.781371e+03 9.735845e+03
7.7 9.809079e+03 9.839245e+03 9.839301e+03 9.809134e+03
8.7 9.860446e+03 9.802318e+03 9.857040e+03 9.915169e+03
0.3 9.721074e+03 9.688935e+03 9.590122e+03 9.622261e+03
1.3 9.766069e+03 9.707950e+03 9.607834e+03 9.665953e+03
2.3 9.741254e+03 9.690541e+03 9.586212e+03 9.636924e+03
3.3 9.733700e+03 9.714052e+03 9.660784e+03 9.680432e+03
4.3 9.750882e+03 9.796408e+03 9.781371e+03 9.735845e+03
5.3 9.809079e+03 9.839245e+03 9.839301e+03 9.809134e+03
6.3 9.860446e+03 9.802318e+03 9.857040e+03 9.915169e+03
7.3 9.765132e+03 9.738819e+03 9.861365e+03 9.887678e+03
8.3 9.635891e+03 9.684890e+03 9.862200e+03 9.813201e+03
0.5 9.543218e+03 9.614070e+03 9.855936e+03 9.785085e+03
1.5 9.593894e+03 9.602386e+03 9.743457e+03 9.734964e+03
2.5 9.610807e+03 9.588992e+03 9.633177e+03 9.654991e+03
3.5 9.603779e+03 9.649872e+03 9.623974e+03 9.577881e+03
4.5 9.571288e+03 9.668960e+03 9.593279e+03 9.495607e+03
5.5 9.590110e+03 9.706856e+03 9.615298e+03 9.498552e+03
6.5 9.617310e+03 9.703939e+03 9.606902e+03 9.520273e+03
7.5 9.628213e+03 9.691661e+03 9.600305e+03 9.536857e+03
8.5 9.644810e+03 9.704946e+03 9.610470e+03 9.550334e+03
0.2 9.610807e+03 9.588992e+03 9.633177e+03 9.654991e+03
1.2 9.603779e+03 9.649872e+03 9.623974e+03 9.577881e+03
2.2 9.571288e+03 9.668960e+03 9.593279e+03 9.495607e+03
3.2 9.590110e+03 9.706856e+03 9.615298e+03 9.498552e+03
4.2 9.617310e+03 9.703939e+03 9.606902e+03 9.520273e+03
5.2 9.628213e+03 9.691661e+03 9.600305e+03 9.536857e+03
6.2 9.644810e+03 9.704946e+03 9.610470e+03 9.550334e+03
7.2 9.668755e+03 9.686196e+03 9.589361e+03 9.571920e+03
8.2 9.676544e+03 9.706748e+03 9.610514e+03 9.580311e+03
0.8 9.590110e+03 9.706856e+03 9.615298e+03 9.498552e+03
1.8 9.617310e+03 9.703939e+03 9.606902e+03 9.520273e+03
2.8 9.628213e+03 9.691661e+03 9.600305e+03 9.536857e+03
3.8 9.644810e+03 9.704946e+03 9.610470e+03 9.550334e+03
4.8 9.668755e+03 9.686196e+03 9.589361e+03 9.571920e+03
5.8 9.676544e+03 9.706748e+03 9.610514e+03 9.580311e+03
6.8 9.696221e+03 9.692321e+03 9.590305e+03 9.594205e+03
7.8 9.716080e+03 9.705033e+03 9.608115e+03 9.619162e+03
8.8 9.702002e+03 9.699987e+03 9.598375e+03 9.600390e+03
0.5 9.628213e+03 9.691661e+03 9.600305e+03 9.536857e+03
1.5 9.644810e+03 9.704946e+03 9.610470e+03 9.550334e+03
2.5 9.668755e+03 9.686196e+03 9.589361e+03 9.571920e+03
3.5 9.676544e+03 9.706748e+03 9.610514e+03 9.580311e+03
4.5 9.696221e+03 9.692321e+03 9.590305e+03 9.594205e+03
5.5 9.716080e+03 9.705033e+03 9.608115e+03 9.619162e+03
6.5 9.702002e+03 9.699987e+03 9.598375e+03 9.600390e+03
7.5 9.699293e+03 9.697900e+03 9.600287e+03 9.601679e+03
8.5 9.726387e+03 9.706301e+03 9.606039e+03 9.626125e+03
0.2 9.668755e+03 9.686196e+03 9.589361e+03 9.571920e+03
1.2 9.676544e+03 9.706748e+03 9.610514e+03 9.580311e+03
2.2 9.696221e+03 9.692321e+03 9.590305e+03 9.594205e+03
3.2 9.716080e+03 9.705033e+03 9.608115e+03 9.619162e+03
4.2 9.702002e+03 9.699987e+03 9.598375e+03 9.600390e+03
5.2 9.699293e+03 9.697900e+03 9.600287e+03 9.601679e+03
6.2 9.726387e+03 9.706301e+03 9.606039e+03 9.626125e+03
7.2 9.728160e+03 9.690921e+03 9.591163e+03 9.628402e+03
8.2 9.746885e+03 9.709844e+03 9.611174e+03 9.648215e+03
0.9 9.716080e+03 9.705033e+03 9.608115e+03 9.619162e+03
1.9 9.702002e+03 9.699987e+03 9.598375e+03 9.600390e+03
2.9 9.699293e+03 9.697900e+03 9.600287e+03 9.601679e+03
3.9 9.726387e+03 9.706301e+03 9.606039e+03 9.626125e+03
4.9 9.728160e+03 9.690921e+03 9.591163e+03 9.628402e+03
5.9 9.746885e+03 9.709844e+03 9.611174e+03 9.648215e+03
6.9 9.731027e+03 9.692270e+03 9.590118e+03 9.628876e+03
7.9 9.762487e+03 9.711448e+03 9.658056e+03 9.709095e+03
8.9 9.815776e+03 9.793236e+03 9.781308e+03 9.803848e+03
0.6 9.699293e+03 9.697900e+03 9.600287e+03 9.601679e+03
1.6 9.726387e+03 9.706301e+03 9.606039e+03 9.626125e+03
2.6 9.728160e+03 9.690921e+03 9.591163e+03 9.628402e+03
3.6 9.746885e+03 9.709844e+03 9.611174e+03 9.648215e+03
4.6 9.731027e+03 9.692270e+03 9.590118e+03 9.628876e+03
5.6 9.762487e+03 9.711448e+03 9.658056e+03 9.709095e+03
6.6 9.815776e+03 9.793236e+03 9.781308e+03 9.803848e+03
7.6 9.872636e+03 9.840881e+03 9.842974e+03 9.874729e+03
8.6 9.868571e+03 9.806707e+03 9.862802e+03 9.924665e+03
0.3 9.728160e+03 9.690921e+03 9.591163e+03 9.628402e+03
1.3 9.746885e+03 9.709844e+03 9.611174e+03 9.648215e+03
2.3 9.731027e+03 9.692270e+03 9.590118e+03 9.628876e+03
3.3 9.762487e+03 9.711448e+03 9.658056e+03 9.709095e+03
4.3 9.815776e+03 9.793236e+03 9.781308e+03 9.803848e+03
5.3 9.872636e+03 9.840881e+03 9.842974e+03 9.874729e+03
6.3 9.868571e+03 9.806707e+03 9.862802e+03 9.924665e+03
7.3 9.667899e+03 9.743692e+03 9.868488e+03 9.792696e+03
8.3 9.598545e+03 9.688963e+03 9.870589e+03 9.780171e+03
0.5 9.579715e+03 9.616929e+03 9.871061e+03 9.833847e+03
1.5 9.555864e+03 9.605493e+03 9.760864e+03 9.711235e+03
2.5 9.538189e+03 9.592331e+03 9.653070e+03 9.598928e+03
3.5 9.583717e+03 9.651301e+03 9.643377e+03 9.575792e+03
4.5 9.619244e+03 9.672285e+03 9.616846e+03 9.563805e+03
5.5 9.656356e+03 9.709781e+03 9.639813e+03 9.586387e+03
6.5 9.678384e+03 9.705967e+03 9.632981e+03 9.605397e+03
7.5 9.679624e+03 9.701347e+03 9.638835e+03 9.617112e+03
8.5 9.671836e+03 9.710825e+03 9.650652e+03 9.611663e+03
0.2 9.538189e+03 9.592331e+03 9.653070e+03 9.598928e+03
1.2 9.583717e+03 9.651301e+03 9.643377e+03 9.575792e+03
2.2 9.619244e+03 9.672285e+03 9.616846e+03 9.563805e+03
3.2 9.656356e+03 9.709781e+03 9.639813e+03 9.586387e+03
4.2 9.678384e+03 9.705967e+03 9.632981e+03 9.605397e+03
5.2 9.679624e+03 9.701347e+03 9.638835e+03 9.617112e+03
6.2 9.671836e+03 9.710825e+03 9.650652e+03 9.611663e+03
7.2 9.643577e+03 9.692703e+03 9.637575e+03 9.588449e+03
8.2 9.688828e+03 9.711665e+03 9.662366e+03 9.639530e+03
0.9 9.656356e+03 9.709781e+03 9.639813e+03 9.586387e+03
1.9 9.678384e+03 9.705967e+03 9.632981e+03 9.605397e+03
2.9 9.679624e+03 9.701347e+03 9.638835e+03 9.617112e+03
3.9 9.671836e+03 9.710825e+03 9.650652e+03 9.611663e+03
4.9 9.643577e+03 9.692703e+03 9.637575e+03 9.588449e+03
5.9 9.688828e+03 9.711665e+03 9.662366e+03 9.639530e+03
6.9 9.730597e+03 9.694617e+03 9.646435e+03 9.682415e+03
7.9 9.745080e+03 9.711414e+03 9.675491e+03 9.709157e+03
8.9 9.748978e+03 9.702081e+03 9.668714e+03 9.715610e+03
0.6 9.679624e+03 9.701347e+03 9.638835e+03 9.617112e+03
1.6 9.671836e+03 9.710825e+03 9.650652e+03 9.611663e+03
2.6 9.643577e+03 9.692703e+03 9.637575e+03 9.588449e+03
3.6 9.688828e+03 9.711665e+03 9.662366e+03 9.639530e+03
4.6 9.730597e+03 9.694617e+03 9.646435e+03 9.682415e+03
5.6 9.745080e+03 9.711414e+03 9.675491e+03 9.709157e+03
6.6 9.748978e+03 9.702081e+03 9.668714e+03 9.715610e+03
7.6 9.738371e+03 9.700229e+03 9.678231e+03 9.716372e+03
8.6 9.729520e+03 9.705523e+03 9.686961e+03 9.710958e+03
0.3 9.643577e+03 9.692703e+03 9.637575e+03 9.588449e+03
1.3 9.688828e+03 9.711665e+03 9.662366e+03 9.639530e+03
2.3 9.730597e+03 9.694617e+03 9.646435e+03 9.682415e+03
3.3 9.745080e+03 9.711414e+03 9.675491e+03 9.709157e+03
4.3 9.748978e+03 9.702081e+03 9.668714e+03 9.715610e+03
5.3 9.738371e+03 9.700229e+03 9.678231e+03 9.716372e+03
6.3 9.729520e+03 9.705523e+03 9.686961e+03 9.710958e+03
7.3 9.702364e+03 9.691534e+03 9.681525e+03 9.692355e+03
8.3 9.710965e+03 9.713406e+03 9.712872e+03 9.710431e+03
1.0 9.745080e+03 9.711414e+03 9.675491e+03 9.709157e+03
2.0 9.748978e+03 9.702081e+03 9.668714e+03 9.715610e+03
3.0 9.738371e+03 9.700229e+03 9.678231e+03 9.716372e+03
4.0 9.729520e+03 9.705523e+03 9.686961e+03 9.710958e+03
5.0 9.702364e+03 9.691534e+03 9.681525e+03 9.692355e+03
6.0 9.710965e+03 9.713406e+03 9.712872e+03 9.710431e+03
0.6 9.738371e+03 9.700229e+03 9.678231e+03 9.716372e+03
1.6 9.729520e+03 9.705523e+03 9.686961e+03 9.710958e+03
2.6 9.702364e+03 9.691534e+03 9.681525e+03 9.692355e+03
3.6 9.710965e+03 9.713406e+03 9.712872e+03 9.710431e+03
0.3 9.702364e+03 9.691534e+03 9.681525e+03 9.692355e+03
1.3 9.710965e+03 9.713406e+03 9.712872e+03 9.710431e+03
