0.5 6.833277e+03 6.747536e+03 6.702229e+03 6.787969e+03
1.5 6.922473e+03 6.827850e+03 6.742740e+03 6.837363e+03
2.5 6.695305e+03 6.724374e+03 6.807552e+03 6.778483e+03
3.5 6.648053e+03 6.715583e+03 6.825475e+03 6.757944e+03
4.5 6.742545e+03 6.766942e+03 6.804122e+03 6.779725e+03
5.5 6.745660e+03 6.780943e+03 6.771996e+03 6.736713e+03
6.5 6.737787e+03 6.727451e+03 6.737382e+03 6.747718e+03
7.5 6.865152e+03 6.755796e+03 6.710887e+03 6.820243e+03
0.1 6.759094e+03 6.728935e+03 6.701137e+03 6.731296e+03
1.1 6.715261e+03 6.791796e+03 6.716702e+03 6.640167e+03
2.1 6.824758e+03 6.738375e+03 6.795694e+03 6.882078e+03
3.1 6.632437e+03 6.676019e+03 6.870736e+03 6.827153e+03
4.1 6.832555e+03 6.800856e+03 6.874861e+03 6.906560e+03
5.1 6.778708e+03 6.816261e+03 6.834647e+03 6.797093e+03
6.1 6.647806e+03 6.777082e+03 6.785044e+03 6.655768e+03
7.1 6.727031e+03 6.728779e+03 6.734138e+03 6.732391e+03
0.5 6.754840e+03 6.755017e+03 6.700463e+03 6.700286e+03
1.5 6.822516e+03 6.838147e+03 6.740072e+03 6.724440e+03
2.5 6.726145e+03 6.727948e+03 6.804165e+03 6.802362e+03
3.5 6.708629e+03 6.714928e+03 6.821514e+03 6.815215e+03
4.5 6.668324e+03 6.772456e+03 6.799634e+03 6.695503e+03
5.5 6.723394e+03 6.783095e+03 6.767035e+03 6.707334e+03
6.5 6.708713e+03 6.729457e+03 6.732086e+03 6.711341e+03
7.5 6.679808e+03 6.759697e+03 6.705421e+03 6.625532e+03
0.1 6.726366e+03 6.731795e+03 6.698702e+03 6.693273e+03
1.1 6.786199e+03 6.788670e+03 6.713467e+03 6.710995e+03
2.1 6.732950e+03 6.744986e+03 6.791399e+03 6.779363e+03
3.1 6.584298e+03 6.672506e+03 6.868132e+03 6.779924e+03
4.1 6.860755e+03 6.798834e+03 6.874132e+03 6.936053e+03
5.1 6.809023e+03 6.816654e+03 6.834694e+03 6.827063e+03
6.1 6.947745e+03 6.778098e+03 6.785368e+03 6.955015e+03
7.1 6.704266e+03 6.729689e+03 6.734447e+03 6.709025e+03
0.5 6.754634e+03 6.754822e+03 6.699845e+03 6.699657e+03
1.5 6.834597e+03 6.842113e+03 6.739545e+03 6.732029e+03
2.5 6.810135e+03 6.725943e+03 6.803717e+03 6.887909e+03
3.5 6.820785e+03 6.709078e+03 6.821125e+03 6.932832e+03
4.5 6.875718e+03 6.774159e+03 6.799311e+03 6.900871e+03
5.5 6.780501e+03 6.784854e+03 6.766795e+03 6.762442e+03
6.5 6.701679e+03 6.722764e+03 6.731932e+03 6.710847e+03
7.5 6.758936e+03 6.764114e+03 6.705350e+03 6.700171e+03
0.0 6.809074e+03 6.737612e+03 6.700012e+03 6.771473e+03
1.0 6.771716e+03 6.782745e+03 6.712908e+03 6.701879e+03
2.0 6.751110e+03 6.758876e+03 6.788237e+03 6.780471e+03
3.0 6.651342e+03 6.666728e+03 6.867987e+03 6.852602e+03
4.0 6.836694e+03 6.795533e+03 6.877699e+03 6.918860e+03
5.0 6.919023e+03 6.818467e+03 6.839912e+03 6.940468e+03
6.0 6.787827e+03 6.781397e+03 6.791291e+03 6.797720e+03
7.0 6.611852e+03 6.733022e+03 6.740639e+03 6.619470e+03
0.5 6.726971e+03 6.756399e+03 6.705053e+03 6.675625e+03
1.5 6.767816e+03 6.843996e+03 6.745578e+03 6.669398e+03
2.5 6.703298e+03 6.728172e+03 6.810683e+03 6.785809e+03
3.5 6.700520e+03 6.712561e+03 6.829154e+03 6.817113e+03
4.5 6.710427e+03 6.777288e+03 6.808531e+03 6.741671e+03
5.5 6.797034e+03 6.785475e+03 6.777342e+03 6.788900e+03
6.5 6.749237e+03 6.736474e+03 6.743949e+03 6.756713e+03
7.5 6.837990e+03 6.764007e+03 6.718985e+03 6.792968e+03
