0.5 9.547827e+03 9.566595e+03 9.564470e+03 9.545703e+03
1.5 9.577287e+03 9.594291e+03 9.650523e+03 9.633519e+03
2.5 9.668037e+03 9.623656e+03 9.651264e+03 9.695646e+03
3.5 9.615810e+03 9.640971e+03 9.598758e+03 9.573597e+03
4.5 9.545459e+03 9.593502e+03 9.572116e+03 9.524073e+03
5.5 9.661112e+03 9.576873e+03 9.564113e+03 9.648352e+03
6.5 9.612516e+03 9.572698e+03 9.562266e+03 9.602083e+03
7.5 9.577395e+03 9.561005e+03 9.562032e+03 9.578421e+03
0.1 9.613921e+03 9.584317e+03 9.561426e+03 9.591029e+03
1.1 9.555793e+03 9.590443e+03 9.610775e+03 9.576124e+03
2.1 9.650677e+03 9.585317e+03 9.708890e+03 9.774250e+03
3.1 9.645103e+03 9.553594e+03 9.671131e+03 9.762640e+03
4.1 9.540782e+03 9.515312e+03 9.603018e+03 9.628487e+03
5.1 9.538028e+03 9.528559e+03 9.572610e+03 9.582079e+03
6.1 9.553384e+03 9.556923e+03 9.563614e+03 9.560075e+03
7.1 9.534084e+03 9.579752e+03 9.561376e+03 9.515708e+03
0.5 9.541502e+03 9.587532e+03 9.567041e+03 9.521011e+03
1.5 9.590610e+03 9.612345e+03 9.652319e+03 9.630584e+03
2.5 9.554873e+03 9.642984e+03 9.652418e+03 9.564308e+03
3.5 9.627773e+03 9.658276e+03 9.599316e+03 9.568814e+03
4.5 9.580825e+03 9.606442e+03 9.572048e+03 9.546431e+03
5.5 9.522291e+03 9.589702e+03 9.563576e+03 9.496165e+03
6.5 9.571082e+03 9.582682e+03 9.561436e+03 9.549836e+03
7.5 9.593784e+03 9.569957e+03 9.561020e+03 9.584847e+03
0.1 9.583673e+03 9.585193e+03 9.560874e+03 9.559354e+03
1.1 9.472489e+03 9.592948e+03 9.607716e+03 9.487257e+03
2.1 9.592693e+03 9.586439e+03 9.707459e+03 9.713713e+03
3.1 9.454479e+03 9.556425e+03 9.672797e+03 9.570851e+03
4.1 9.339707e+03 9.516675e+03 9.603992e+03 9.427024e+03
5.1 9.682216e+03 9.528858e+03 9.572812e+03 9.726170e+03
6.1 9.698666e+03 9.557087e+03 9.563550e+03 9.705129e+03
7.1 9.580997e+03 9.579991e+03 9.561262e+03 9.562268e+03
0.5 9.650068e+03 9.588042e+03 9.566950e+03 9.628976e+03
1.5 9.715372e+03 9.611679e+03 9.652245e+03 9.755939e+03
2.5 9.672510e+03 9.645291e+03 9.652358e+03 9.679577e+03
3.5 9.734153e+03 9.660293e+03 9.599271e+03 9.673132e+03
4.5 9.639921e+03 9.604119e+03 9.572045e+03 9.607847e+03
5.5 9.641531e+03 9.588522e+03 9.563615e+03 9.616624e+03
6.5 9.618273e+03 9.583336e+03 9.561505e+03 9.596442e+03
7.5 9.541864e+03 9.567052e+03 9.561113e+03 9.535926e+03
0.0 9.714155e+03 9.582593e+03 9.561849e+03 9.693411e+03
1.0 9.636604e+03 9.594089e+03 9.603757e+03 9.646271e+03
2.0 9.597729e+03 9.585165e+03 9.706261e+03 9.718825e+03
3.0 9.539177e+03 9.559037e+03 9.678231e+03 9.658371e+03
4.0 9.508653e+03 9.516778e+03 9.608298e+03 9.600174e+03
5.0 9.505175e+03 9.527019e+03 9.575719e+03 9.553875e+03
6.0 9.594537e+03 9.555150e+03 9.566142e+03 9.605529e+03
7.0 9.574565e+03 9.578355e+03 9.564042e+03 9.560252e+03
0.5 9.532496e+03 9.587175e+03 9.570548e+03 9.515870e+03
1.5 9.571884e+03 9.610711e+03 9.656360e+03 9.617532e+03
2.5 9.599869e+03 9.644223e+03 9.657048e+03 9.612694e+03
3.5 9.635744e+03 9.658849e+03 9.604604e+03 9.581500e+03
4.5 9.569821e+03 9.604201e+03 9.578088e+03 9.543708e+03
5.5 9.606944e+03 9.588638e+03 9.570435e+03 9.588742e+03
6.5 9.574354e+03 9.579687e+03 9.569173e+03 9.563839e+03
7.5 9.506600e+03 9.568920e+03 9.569700e+03 9.507380e+03
