0.5 1.114872e+04 1.107639e+04 1.130406e+04 1.137639e+04
1.5 1.106634e+04 1.104951e+04 1.124822e+04 1.126505e+04
2.5 1.111282e+04 1.107583e+04 1.118786e+04 1.122485e+04
3.5 1.113577e+04 1.116024e+04 1.118079e+04 1.115633e+04
4.5 1.128847e+04 1.121985e+04 1.116535e+04 1.123397e+04
5.5 1.133607e+04 1.127623e+04 1.117284e+04 1.123267e+04
6.5 1.123184e+04 1.129105e+04 1.116777e+04 1.110855e+04
7.5 1.127585e+04 1.129354e+04 1.116745e+04 1.114977e+04
8.5 1.132083e+04 1.129257e+04 1.117055e+04 1.119880e+04
0.2 1.111282e+04 1.107583e+04 1.118786e+04 1.122485e+04
1.2 1.113577e+04 1.116024e+04 1.118079e+04 1.115633e+04
2.2 1.128847e+04 1.121985e+04 1.116535e+04 1.123397e+04
3.2 1.133607e+04 1.127623e+04 1.117284e+04 1.123267e+04
4.2 1.123184e+04 1.129105e+04 1.116777e+04 1.110855e+04
5.2 1.127585e+04 1.129354e+04 1.116745e+04 1.114977e+04
6.2 1.132083e+04 1.129257e+04 1.117055e+04 1.119880e+04
7.2 1.135539e+04 1.128553e+04 1.116134e+04 1.123120e+04
8.2 1.133825e+04 1.129181e+04 1.117139e+04 1.121784e+04
0.9 1.133607e+04 1.127623e+04 1.117284e+04 1.123267e+04
1.9 1.123184e+04 1.129105e+04 1.116777e+04 1.110855e+04
2.9 1.127585e+04 1.129354e+04 1.116745e+04 1.114977e+04
3.9 1.132083e+04 1.129257e+04 1.117055e+04 1.119880e+04
4.9 1.135539e+04 1.128553e+04 1.116134e+04 1.123120e+04
5.9 1.133825e+04 1.129181e+04 1.117139e+04 1.121784e+04
6.9 1.124147e+04 1.128206e+04 1.115940e+04 1.111881e+04
7.9 1.121035e+04 1.128996e+04 1.116928e+04 1.108966e+04
8.9 1.121401e+04 1.128323e+04 1.116148e+04 1.109225e+04
0.6 1.127585e+04 1.129354e+04 1.116745e+04 1.114977e+04
1.6 1.132083e+04 1.129257e+04 1.117055e+04 1.119880e+04
2.6 1.135539e+04 1.128553e+04 1.116134e+04 1.123120e+04
3.6 1.133825e+04 1.129181e+04 1.117139e+04 1.121784e+04
4.6 1.124147e+04 1.128206e+04 1.115940e+04 1.111881e+04
5.6 1.121035e+04 1.128996e+04 1.116928e+04 1.108966e+04
6.6 1.121401e+04 1.128323e+04 1.116148e+04 1.109225e+04
7.6 1.119246e+04 1.128723e+04 1.116382e+04 1.106905e+04
8.6 1.123980e+04 1.128626e+04 1.116368e+04 1.111722e+04
0.3 1.135539e+04 1.128553e+04 1.116134e+04 1.123120e+04
1.3 1.133825e+04 1.129181e+04 1.117139e+04 1.121784e+04
2.3 1.124147e+04 1.128206e+04 1.115940e+04 1.111881e+04
3.3 1.121035e+04 1.128996e+04 1.116928e+04 1.108966e+04
4.3 1.121401e+04 1.128323e+04 1.116148e+04 1.109225e+04
5.3 1.119246e+04 1.128723e+04 1.116382e+04 1.106905e+04
6.3 1.123980e+04 1.128626e+04 1.116368e+04 1.111722e+04
7.3 1.125311e+04 1.128346e+04 1.115679e+04 1.112644e+04
8.3 1.116179e+04 1.128950e+04 1.116487e+04 1.103717e+04
1.0 1.121035e+04 1.128996e+04 1.116928e+04 1.108966e+04
2.0 1.121401e+04 1.128323e+04 1.116148e+04 1.109225e+04
3.0 1.119246e+04 1.128723e+04 1.116382e+04 1.106905e+04
4.0 1.123980e+04 1.128626e+04 1.116368e+04 1.111722e+04
5.0 1.125311e+04 1.128346e+04 1.115679e+04 1.112644e+04
6.0 1.116179e+04 1.128950e+04 1.116487e+04 1.103717e+04
7.0 1.108536e+04 1.128152e+04 1.115283e+04 1.095666e+04
8.0 1.124087e+04 1.130521e+04 1.119336e+04 1.112902e+04
9.0 1.137071e+04 1.129686e+04 1.125579e+04 1.132964e+04
0.7 1.119246e+04 1.128723e+04 1.116382e+04 1.106905e+04
1.7 1.123980e+04 1.128626e+04 1.116368e+04 1.111722e+04
2.7 1.125311e+04 1.128346e+04 1.115679e+04 1.112644e+04
3.7 1.116179e+04 1.128950e+04 1.116487e+04 1.103717e+04
4.7 1.108536e+04 1.128152e+04 1.115283e+04 1.095666e+04
5.7 1.124087e+04 1.130521e+04 1.119336e+04 1.112902e+04
6.7 1.137071e+04 1.129686e+04 1.125579e+04 1.132964e+04
7.7 1.132818e+04 1.122540e+04 1.128505e+04 1.138782e+04
8.7 1.122796e+04 1.114789e+04 1.129362e+04 1.137369e+04
0.4 1.125311e+04 1.128346e+04 1.115679e+04 1.112644e+04
1.4 1.116179e+04 1.128950e+04 1.116487e+04 1.103717e+04
2.4 1.108536e+04 1.128152e+04 1.115283e+04 1.095666e+04
3.4 1.124087e+04 1.130521e+04 1.119336e+04 1.112902e+04
4.4 1.137071e+04 1.129686e+04 1.125579e+04 1.132964e+04
5.4 1.132818e+04 1.122540e+04 1.128505e+04 1.138782e+04
6.4 1.122796e+04 1.114789e+04 1.129362e+04 1.137369e+04
7.4 1.115617e+04 1.108738e+04 1.129539e+04 1.136418e+04
8.4 1.102871e+04 1.105195e+04 1.129543e+04 1.127219e+04
0.5 1.108649e+04 1.104261e+04 1.129153e+04 1.133541e+04
1.5 1.108166e+04 1.102216e+04 1.123339e+04 1.129288e+04
2.5 1.108759e+04 1.105619e+04 1.117367e+04 1.120508e+04
3.5 1.114622e+04 1.114540e+04 1.116656e+04 1.116738e+04
4.5 1.120608e+04 1.120874e+04 1.115080e+04 1.114814e+04
5.5 1.137840e+04 1.126920e+04 1.116028e+04 1.126948e+04
6.5 1.135401e+04 1.128476e+04 1.115513e+04 1.122437e+04
7.5 1.141468e+04 1.128843e+04 1.115433e+04 1.128058e+04
8.5 1.129204e+04 1.128987e+04 1.115755e+04 1.115972e+04
0.2 1.108759e+04 1.105619e+04 1.117367e+04 1.120508e+04
1.2 1.114622e+04 1.114540e+04 1.116656e+04 1.116738e+04
2.2 1.120608e+04 1.120874e+04 1.115080e+04 1.114814e+04
3.2 1.137840e+04 1.126920e+04 1.116028e+04 1.126948e+04
4.2 1.135401e+04 1.128476e+04 1.115513e+04 1.122437e+04
5.2 1.141468e+04 1.128843e+04 1.115433e+04 1.128058e+04
6.2 1.129204e+04 1.128987e+04 1.115755e+04 1.115972e+04
7.2 1.138891e+04 1.128500e+04 1.114870e+04 1.125260e+04
8.2 1.134742e+04 1.129294e+04 1.115765e+04 1.121212e+04
0.9 1.137840e+04 1.126920e+04 1.116028e+04 1.126948e+04
1.9 1.135401e+04 1.128476e+04 1.115513e+04 1.122437e+04
2.9 1.141468e+04 1.128843e+04 1.115433e+04 1.128058e+04
3.9 1.129204e+04 1.128987e+04 1.115755e+04 1.115972e+04
4.9 1.138891e+04 1.128500e+04 1.114870e+04 1.125260e+04
5.9 1.134742e+04 1.129294e+04 1.115765e+04 1.121212e+04
6.9 1.126632e+04 1.128667e+04 1.114709e+04 1.112674e+04
7.9 1.125079e+04 1.129742e+04 1.116187e+04 1.111523e+04
8.9 1.125299e+04 1.128757e+04 1.115476e+04 1.112018e+04
0.6 1.141468e+04 1.128843e+04 1.115433e+04 1.128058e+04
1.6 1.129204e+04 1.128987e+04 1.115755e+04 1.115972e+04
2.6 1.138891e+04 1.128500e+04 1.114870e+04 1.125260e+04
3.6 1.134742e+04 1.129294e+04 1.115765e+04 1.121212e+04
4.6 1.126632e+04 1.128667e+04 1.114709e+04 1.112674e+04
5.6 1.125079e+04 1.129742e+04 1.116187e+04 1.111523e+04
6.6 1.125299e+04 1.128757e+04 1.115476e+04 1.112018e+04
7.6 1.121771e+04 1.128858e+04 1.115561e+04 1.108474e+04
8.6 1.118268e+04 1.128798e+04 1.115634e+04 1.105104e+04
0.3 1.138891e+04 1.128500e+04 1.114870e+04 1.125260e+04
1.3 1.134742e+04 1.129294e+04 1.115765e+04 1.121212e+04
2.3 1.126632e+04 1.128667e+04 1.114709e+04 1.112674e+04
3.3 1.125079e+04 1.129742e+04 1.116187e+04 1.111523e+04
4.3 1.125299e+04 1.128757e+04 1.115476e+04 1.112018e+04
5.3 1.121771e+04 1.128858e+04 1.115561e+04 1.108474e+04
6.3 1.118268e+04 1.128798e+04 1.115634e+04 1.105104e+04
7.3 1.122199e+04 1.128518e+04 1.114935e+04 1.108616e+04
8.3 1.123107e+04 1.129305e+04 1.115870e+04 1.109672e+04
0.9 1.125079e+04 1.129742e+04 1.116187e+04 1.111523e+04
1.9 1.125299e+04 1.128757e+04 1.115476e+04 1.112018e+04
2.9 1.121771e+04 1.128858e+04 1.115561e+04 1.108474e+04
3.9 1.118268e+04 1.128798e+04 1.115634e+04 1.105104e+04
4.9 1.122199e+04 1.128518e+04 1.114935e+04 1.108616e+04
5.9 1.123107e+04 1.129305e+04 1.115870e+04 1.109672e+04
6.9 1.121211e+04 1.128558e+04 1.114729e+04 1.107382e+04
7.9 1.123883e+04 1.130834e+04 1.118662e+04 1.111711e+04
8.9 1.130602e+04 1.130158e+04 1.125022e+04 1.125466e+04
0.7 1.121771e+04 1.128858e+04 1.115561e+04 1.108474e+04
1.7 1.118268e+04 1.128798e+04 1.115634e+04 1.105104e+04
2.7 1.122199e+04 1.128518e+04 1.114935e+04 1.108616e+04
3.7 1.123107e+04 1.129305e+04 1.115870e+04 1.109672e+04
4.7 1.121211e+04 1.128558e+04 1.114729e+04 1.107382e+04
5.7 1.123883e+04 1.130834e+04 1.118662e+04 1.111711e+04
6.7 1.130602e+04 1.130158e+04 1.125022e+04 1.125466e+04
7.7 1.135969e+04 1.123076e+04 1.128077e+04 1.140970e+04
8.7 1.098093e+04 1.115259e+04 1.129013e+04 1.111846e+04
0.3 1.122199e+04 1.128518e+04 1.114935e+04 1.108616e+04
1.3 1.123107e+04 1.129305e+04 1.115870e+04 1.109672e+04
2.3 1.121211e+04 1.128558e+04 1.114729e+04 1.107382e+04
3.3 1.123883e+04 1.130834e+04 1.118662e+04 1.111711e+04
4.3 1.130602e+04 1.130158e+04 1.125022e+04 1.125466e+04
5.3 1.135969e+04 1.123076e+04 1.128077e+04 1.140970e+04
6.3 1.098093e+04 1.115259e+04 1.129013e+04 1.111846e+04
7.3 1.115453e+04 1.109129e+04 1.129241e+04 1.135565e+04
8.3 1.098684e+04 1.105480e+04 1.129285e+04 1.122490e+04
0.5 1.096265e+04 1.104380e+04 1.128955e+04 1.120840e+04
1.5 1.118879e+04 1.102331e+04 1.123023e+04 1.139571e+04
2.5 1.119559e+04 1.105939e+04 1.117206e+04 1.130826e+04
3.5 1.121341e+04 1.114895e+04 1.116721e+04 1.123167e+04
4.5 1.122541e+04 1.120985e+04 1.115102e+04 1.116658e+04
5.5 1.126229e+04 1.127023e+04 1.116263e+04 1.115470e+04
6.5 1.114252e+04 1.128297e+04 1.115821e+04 1.101775e+04
7.5 1.131118e+04 1.128332e+04 1.115473e+04 1.118259e+04
8.5 1.130532e+04 1.128686e+04 1.116009e+04 1.117855e+04
0.2 1.119559e+04 1.105939e+04 1.117206e+04 1.130826e+04
1.2 1.121341e+04 1.114895e+04 1.116721e+04 1.123167e+04
2.2 1.122541e+04 1.120985e+04 1.115102e+04 1.116658e+04
3.2 1.126229e+04 1.127023e+04 1.116263e+04 1.115470e+04
4.2 1.114252e+04 1.128297e+04 1.115821e+04 1.101775e+04
5.2 1.131118e+04 1.128332e+04 1.115473e+04 1.118259e+04
6.2 1.130532e+04 1.128686e+04 1.116009e+04 1.117855e+04
7.2 1.132859e+04 1.128016e+04 1.114895e+04 1.119738e+04
8.2 1.129270e+04 1.129064e+04 1.116011e+04 1.116217e+04
0.8 1.126229e+04 1.127023e+04 1.116263e+04 1.115470e+04
1.8 1.114252e+04 1.128297e+04 1.115821e+04 1.101775e+04
2.8 1.131118e+04 1.128332e+04 1.115473e+04 1.118259e+04
3.8 1.130532e+04 1.128686e+04 1.116009e+04 1.117855e+04
4.8 1.132859e+04 1.128016e+04 1.114895e+04 1.119738e+04
5.8 1.129270e+04 1.129064e+04 1.116011e+04 1.116217e+04
6.8 1.130265e+04 1.128388e+04 1.114945e+04 1.116822e+04
7.8 1.131595e+04 1.129242e+04 1.115885e+04 1.118238e+04
8.8 1.137513e+04 1.128784e+04 1.115371e+04 1.124100e+04
0.5 1.131118e+04 1.128332e+04 1.115473e+04 1.118259e+04
1.5 1.130532e+04 1.128686e+04 1.116009e+04 1.117855e+04
2.5 1.132859e+04 1.128016e+04 1.114895e+04 1.119738e+04
3.5 1.129270e+04 1.129064e+04 1.116011e+04 1.116217e+04
4.5 1.130265e+04 1.128388e+04 1.114945e+04 1.116822e+04
5.5 1.131595e+04 1.129242e+04 1.115885e+04 1.118238e+04
6.5 1.137513e+04 1.128784e+04 1.115371e+04 1.124100e+04
7.5 1.130066e+04 1.129048e+04 1.115472e+04 1.116489e+04
8.5 1.135305e+04 1.129101e+04 1.115775e+04 1.121979e+04
0.2 1.132859e+04 1.128016e+04 1.114895e+04 1.119738e+04
1.2 1.129270e+04 1.129064e+04 1.116011e+04 1.116217e+04
2.2 1.130265e+04 1.128388e+04 1.114945e+04 1.116822e+04
3.2 1.131595e+04 1.129242e+04 1.115885e+04 1.118238e+04
4.2 1.137513e+04 1.128784e+04 1.115371e+04 1.124100e+04
5.2 1.130066e+04 1.129048e+04 1.115472e+04 1.116489e+04
6.2 1.135305e+04 1.129101e+04 1.115775e+04 1.121979e+04
7.2 1.132476e+04 1.128614e+04 1.114990e+04 1.118852e+04
8.2 1.136482e+04 1.129324e+04 1.116046e+04 1.123204e+04
0.9 1.131595e+04 1.129242e+04 1.115885e+04 1.118238e+04
1.9 1.137513e+04 1.128784e+04 1.115371e+04 1.124100e+04
2.9 1.130066e+04 1.129048e+04 1.115472e+04 1.116489e+04
3.9 1.135305e+04 1.129101e+04 1.115775e+04 1.121979e+04
4.9 1.132476e+04 1.128614e+04 1.114990e+04 1.118852e+04
5.9 1.136482e+04 1.129324e+04 1.116046e+04 1.123204e+04
6.9 1.120486e+04 1.128438e+04 1.114935e+04 1.106983e+04
7.9 1.128783e+04 1.130517e+04 1.118518e+04 1.116784e+04
8.9 1.143697e+04 1.130189e+04 1.125019e+04 1.138527e+04
0.6 1.130066e+04 1.129048e+04 1.115472e+04 1.116489e+04
1.6 1.135305e+04 1.129101e+04 1.115775e+04 1.121979e+04
2.6 1.132476e+04 1.128614e+04 1.114990e+04 1.118852e+04
3.6 1.136482e+04 1.129324e+04 1.116046e+04 1.123204e+04
4.6 1.120486e+04 1.128438e+04 1.114935e+04 1.106983e+04
5.6 1.128783e+04 1.130517e+04 1.118518e+04 1.116784e+04
6.6 1.143697e+04 1.130189e+04 1.125019e+04 1.138527e+04
7.6 1.150314e+04 1.123275e+04 1.128271e+04 1.155310e+04
8.6 1.104852e+04 1.115349e+04 1.129317e+04 1.118820e+04
0.3 1.132476e+04 1.128614e+04 1.114990e+04 1.118852e+04
1.3 1.136482e+04 1.129324e+04 1.116046e+04 1.123204e+04
2.3 1.120486e+04 1.128438e+04 1.114935e+04 1.106983e+04
3.3 1.128783e+04 1.130517e+04 1.118518e+04 1.116784e+04
4.3 1.143697e+04 1.130189e+04 1.125019e+04 1.138527e+04
5.3 1.150314e+04 1.123275e+04 1.128271e+04 1.155310e+04
6.3 1.104852e+04 1.115349e+04 1.129317e+04 1.118820e+04
7.3 1.091531e+04 1.109063e+04 1.129617e+04 1.112085e+04
8.3 1.098062e+04 1.105194e+04 1.129728e+04 1.122596e+04
0.5 1.094284e+04 1.103597e+04 1.129753e+04 1.120440e+04
1.5 1.097344e+04 1.101402e+04 1.123941e+04 1.119882e+04
2.5 1.107893e+04 1.104836e+04 1.118255e+04 1.121313e+04
3.5 1.106056e+04 1.113539e+04 1.117744e+04 1.110261e+04
4.5 1.123994e+04 1.119587e+04 1.116345e+04 1.120752e+04
5.5 1.120540e+04 1.125335e+04 1.117556e+04 1.112761e+04
6.5 1.125326e+04 1.126470e+04 1.117196e+04 1.116053e+04
7.5 1.123031e+04 1.126575e+04 1.117505e+04 1.113961e+04
8.5 1.098749e+04 1.126252e+04 1.118128e+04 1.090625e+04
0.2 1.107893e+04 1.104836e+04 1.118255e+04 1.121313e+04
1.2 1.106056e+04 1.113539e+04 1.117744e+04 1.110261e+04
2.2 1.123994e+04 1.119587e+04 1.116345e+04 1.120752e+04
3.2 1.120540e+04 1.125335e+04 1.117556e+04 1.112761e+04
4.2 1.125326e+04 1.126470e+04 1.117196e+04 1.116053e+04
5.2 1.123031e+04 1.126575e+04 1.117505e+04 1.113961e+04
6.2 1.098749e+04 1.126252e+04 1.118128e+04 1.090625e+04
7.2 1.121333e+04 1.125195e+04 1.117438e+04 1.113575e+04
8.2 1.123866e+04 1.125569e+04 1.118746e+04 1.117043e+04
0.9 1.120540e+04 1.125335e+04 1.117556e+04 1.112761e+04
1.9 1.125326e+04 1.126470e+04 1.117196e+04 1.116053e+04
2.9 1.123031e+04 1.126575e+04 1.117505e+04 1.113961e+04
3.9 1.098749e+04 1.126252e+04 1.118128e+04 1.090625e+04
4.9 1.121333e+04 1.125195e+04 1.117438e+04 1.113575e+04
5.9 1.123866e+04 1.125569e+04 1.118746e+04 1.117043e+04
6.9 1.136623e+04 1.124299e+04 1.117906e+04 1.130230e+04
7.9 1.137226e+04 1.124774e+04 1.119438e+04 1.131890e+04
8.9 1.132647e+04 1.123515e+04 1.119081e+04 1.128213e+04
0.6 1.123031e+04 1.126575e+04 1.117505e+04 1.113961e+04
1.6 1.098749e+04 1.126252e+04 1.118128e+04 1.090625e+04
2.6 1.121333e+04 1.125195e+04 1.117438e+04 1.113575e+04
3.6 1.123866e+04 1.125569e+04 1.118746e+04 1.117043e+04
4.6 1.136623e+04 1.124299e+04 1.117906e+04 1.130230e+04
5.6 1.137226e+04 1.124774e+04 1.119438e+04 1.131890e+04
6.6 1.132647e+04 1.123515e+04 1.119081e+04 1.128213e+04
7.6 1.127177e+04 1.123202e+04 1.119582e+04 1.123558e+04
8.6 1.122843e+04 1.122568e+04 1.120043e+04 1.120318e+04
0.3 1.121333e+04 1.125195e+04 1.117438e+04 1.113575e+04
1.3 1.123866e+04 1.125569e+04 1.118746e+04 1.117043e+04
2.3 1.136623e+04 1.124299e+04 1.117906e+04 1.130230e+04
3.3 1.137226e+04 1.124774e+04 1.119438e+04 1.131890e+04
4.3 1.132647e+04 1.123515e+04 1.119081e+04 1.128213e+04
5.3 1.127177e+04 1.123202e+04 1.119582e+04 1.123558e+04
6.3 1.122843e+04 1.122568e+04 1.120043e+04 1.120318e+04
7.3 1.114665e+04 1.121630e+04 1.119756e+04 1.112791e+04
8.3 1.121122e+04 1.121723e+04 1.121409e+04 1.120809e+04
1.0 1.137226e+04 1.124774e+04 1.119438e+04 1.131890e+04
2.0 1.132647e+04 1.123515e+04 1.119081e+04 1.128213e+04
3.0 1.127177e+04 1.123202e+04 1.119582e+04 1.123558e+04
4.0 1.122843e+04 1.122568e+04 1.120043e+04 1.120318e+04
5.0 1.114665e+04 1.121630e+04 1.119756e+04 1.112791e+04
6.0 1.121122e+04 1.121723e+04 1.121409e+04 1.120809e+04
0.6 1.127177e+04 1.123202e+04 1.119582e+04 1.123558e+04
1.6 1.122843e+04 1.122568e+04 1.120043e+04 1.120318e+04
2.6 1.114665e+04 1.121630e+04 1.119756e+04 1.112791e+04
3.6 1.121122e+04 1.121723e+04 1.121409e+04 1.120809e+04
0.3 1.114665e+04 1.121630e+04 1.119756e+04 1.112791e+04
1.3 1.121122e+04 1.121723e+04 1.121409e+04 1.120809e+04
