0.5 9.572559e+03 9.462526e+03 9.453317e+03 9.563350e+03
1.5 9.472681e+03 9.433761e+03 9.446287e+03 9.485207e+03
2.5 9.416933e+03 9.419441e+03 9.446226e+03 9.443718e+03
3.5 9.408284e+03 9.398218e+03 9.450516e+03 9.460581e+03
4.5 9.411086e+03 9.432828e+03 9.452692e+03 9.430950e+03
5.5 9.404575e+03 9.441444e+03 9.453346e+03 9.416477e+03
6.5 9.442776e+03 9.468246e+03 9.453497e+03 9.428028e+03
7.5 9.434925e+03 9.462439e+03 9.453516e+03 9.426002e+03
0.1 9.418067e+03 9.441725e+03 9.453566e+03 9.429908e+03
1.1 9.436313e+03 9.457641e+03 9.449534e+03 9.428206e+03
2.1 9.535544e+03 9.519164e+03 9.441519e+03 9.457899e+03
3.1 9.574063e+03 9.564989e+03 9.444603e+03 9.453677e+03
4.1 9.577915e+03 9.542601e+03 9.450168e+03 9.485481e+03
5.1 9.496380e+03 9.502597e+03 9.452652e+03 9.446436e+03
6.1 9.467378e+03 9.469558e+03 9.453387e+03 9.451207e+03
7.1 9.443861e+03 9.449582e+03 9.453570e+03 9.447849e+03
0.5 9.457993e+03 9.429349e+03 9.453107e+03 9.481751e+03
1.5 9.450512e+03 9.402705e+03 9.446140e+03 9.493947e+03
2.5 9.429080e+03 9.389967e+03 9.446132e+03 9.485245e+03
3.5 9.419437e+03 9.373588e+03 9.450470e+03 9.496319e+03
4.5 9.436144e+03 9.410657e+03 9.452698e+03 9.478184e+03
5.5 9.430746e+03 9.421058e+03 9.453390e+03 9.463078e+03
6.5 9.424389e+03 9.451789e+03 9.453565e+03 9.426165e+03
7.5 9.477859e+03 9.446281e+03 9.453599e+03 9.485177e+03
0.1 9.455596e+03 9.438332e+03 9.453611e+03 9.470875e+03
1.1 9.446093e+03 9.453637e+03 9.449784e+03 9.442241e+03
2.1 9.461771e+03 9.514601e+03 9.441636e+03 9.388806e+03
3.1 9.519114e+03 9.562872e+03 9.444467e+03 9.400709e+03
4.1 9.544689e+03 9.541746e+03 9.450088e+03 9.453031e+03
5.1 9.558975e+03 9.502080e+03 9.452635e+03 9.509530e+03
6.1 9.465462e+03 9.468936e+03 9.453392e+03 9.449918e+03
7.1 9.396721e+03 9.448891e+03 9.453579e+03 9.401409e+03
0.5 9.379478e+03 9.428605e+03 9.453114e+03 9.403987e+03
1.5 9.378264e+03 9.401366e+03 9.446146e+03 9.423044e+03
2.5 9.411120e+03 9.387742e+03 9.446137e+03 9.469516e+03
3.5 9.418889e+03 9.373917e+03 9.450474e+03 9.495446e+03
4.5 9.395849e+03 9.412977e+03 9.452698e+03 9.435570e+03
5.5 9.364499e+03 9.421719e+03 9.453387e+03 9.396167e+03
6.5 9.374993e+03 9.454475e+03 9.453559e+03 9.374077e+03
7.5 9.392376e+03 9.447865e+03 9.453591e+03 9.398102e+03
0.0 9.485665e+03 9.439470e+03 9.453531e+03 9.499726e+03
1.0 9.501716e+03 9.452522e+03 9.450107e+03 9.499301e+03
2.0 9.526798e+03 9.511598e+03 9.441733e+03 9.456933e+03
3.0 9.596607e+03 9.564058e+03 9.444023e+03 9.476573e+03
4.0 9.601210e+03 9.545131e+03 9.449736e+03 9.505816e+03
5.0 9.462138e+03 9.505851e+03 9.452398e+03 9.408685e+03
6.0 9.410811e+03 9.472290e+03 9.453180e+03 9.391702e+03
7.0 9.453682e+03 9.451968e+03 9.453352e+03 9.455066e+03
0.5 9.403561e+03 9.431550e+03 9.452820e+03 9.424831e+03
1.5 9.366010e+03 9.404664e+03 9.445810e+03 9.407156e+03
2.5 9.339750e+03 9.391414e+03 9.445754e+03 9.394090e+03
3.5 9.325793e+03 9.377907e+03 9.450038e+03 9.397924e+03
4.5 9.354940e+03 9.415552e+03 9.452204e+03 9.391593e+03
5.5 9.381004e+03 9.426222e+03 9.452830e+03 9.407612e+03
6.5 9.420119e+03 9.457772e+03 9.452933e+03 9.415279e+03
7.5 9.429446e+03 9.451671e+03 9.452890e+03 9.430665e+03
