0.5 9.628220e+03 9.608591e+03 9.707325e+03 9.726954e+03
1.5 9.606840e+03 9.617131e+03 9.609363e+03 9.599072e+03
2.5 9.585855e+03 9.575977e+03 9.606827e+03 9.616706e+03
3.5 9.575945e+03 9.573438e+03 9.609171e+03 9.611677e+03
4.5 9.571089e+03 9.589506e+03 9.591056e+03 9.572639e+03
5.5 9.600661e+03 9.647220e+03 9.619183e+03 9.572624e+03
6.5 9.573250e+03 9.641951e+03 9.590929e+03 9.522228e+03
7.5 9.542060e+03 9.679363e+03 9.623263e+03 9.485961e+03
8.5 9.591149e+03 9.646362e+03 9.593169e+03 9.537956e+03
0.2 9.585855e+03 9.575977e+03 9.606827e+03 9.616706e+03
1.2 9.575945e+03 9.573438e+03 9.609171e+03 9.611677e+03
2.2 9.571089e+03 9.589506e+03 9.591056e+03 9.572639e+03
3.2 9.600661e+03 9.647220e+03 9.619183e+03 9.572624e+03
4.2 9.573250e+03 9.641951e+03 9.590929e+03 9.522228e+03
5.2 9.542060e+03 9.679363e+03 9.623263e+03 9.485961e+03
6.2 9.591149e+03 9.646362e+03 9.593169e+03 9.537956e+03
7.2 9.656560e+03 9.666172e+03 9.608168e+03 9.598556e+03
8.2 9.672716e+03 9.651272e+03 9.598787e+03 9.620232e+03
0.9 9.600661e+03 9.647220e+03 9.619183e+03 9.572624e+03
1.9 9.573250e+03 9.641951e+03 9.590929e+03 9.522228e+03
2.9 9.542060e+03 9.679363e+03 9.623263e+03 9.485961e+03
3.9 9.591149e+03 9.646362e+03 9.593169e+03 9.537956e+03
4.9 9.656560e+03 9.666172e+03 9.608168e+03 9.598556e+03
5.9 9.672716e+03 9.651272e+03 9.598787e+03 9.620232e+03
6.9 9.668317e+03 9.643781e+03 9.585593e+03 9.610130e+03
7.9 9.655093e+03 9.661501e+03 9.607806e+03 9.601398e+03
8.9 9.615372e+03 9.639472e+03 9.582374e+03 9.558274e+03
0.6 9.542060e+03 9.679363e+03 9.623263e+03 9.485961e+03
1.6 9.591149e+03 9.646362e+03 9.593169e+03 9.537956e+03
2.6 9.656560e+03 9.666172e+03 9.608168e+03 9.598556e+03
3.6 9.672716e+03 9.651272e+03 9.598787e+03 9.620232e+03
4.6 9.668317e+03 9.643781e+03 9.585593e+03 9.610130e+03
5.6 9.655093e+03 9.661501e+03 9.607806e+03 9.601398e+03
6.6 9.615372e+03 9.639472e+03 9.582374e+03 9.558274e+03
7.6 9.635919e+03 9.672099e+03 9.615036e+03 9.578856e+03
8.6 9.657425e+03 9.640319e+03 9.583760e+03 9.600866e+03
0.3 9.656560e+03 9.666172e+03 9.608168e+03 9.598556e+03
1.3 9.672716e+03 9.651272e+03 9.598787e+03 9.620232e+03
2.3 9.668317e+03 9.643781e+03 9.585593e+03 9.610130e+03
3.3 9.655093e+03 9.661501e+03 9.607806e+03 9.601398e+03
4.3 9.615372e+03 9.639472e+03 9.582374e+03 9.558274e+03
5.3 9.635919e+03 9.672099e+03 9.615036e+03 9.578856e+03
6.3 9.657425e+03 9.640319e+03 9.583760e+03 9.600866e+03
7.3 9.665214e+03 9.668597e+03 9.607486e+03 9.604102e+03
8.3 9.623812e+03 9.645390e+03 9.588505e+03 9.566926e+03
1.0 9.655093e+03 9.661501e+03 9.607806e+03 9.601398e+03
2.0 9.615372e+03 9.639472e+03 9.582374e+03 9.558274e+03
3.0 9.635919e+03 9.672099e+03 9.615036e+03 9.578856e+03
4.0 9.657425e+03 9.640319e+03 9.583760e+03 9.600866e+03
5.0 9.665214e+03 9.668597e+03 9.607486e+03 9.604102e+03
6.0 9.623812e+03 9.645390e+03 9.588505e+03 9.566926e+03
7.0 9.601499e+03 9.646652e+03 9.583459e+03 9.538306e+03
8.0 9.615429e+03 9.684362e+03 9.682229e+03 9.613295e+03
9.0 9.808238e+03 9.790565e+03 9.703749e+03 9.721423e+03
0.7 9.635919e+03 9.672099e+03 9.615036e+03 9.578856e+03
1.7 9.657425e+03 9.640319e+03 9.583760e+03 9.600866e+03
2.7 9.665214e+03 9.668597e+03 9.607486e+03 9.604102e+03
3.7 9.623812e+03 9.645390e+03 9.588505e+03 9.566926e+03
4.7 9.601499e+03 9.646652e+03 9.583459e+03 9.538306e+03
5.7 9.615429e+03 9.684362e+03 9.682229e+03 9.613295e+03
6.7 9.808238e+03 9.790565e+03 9.703749e+03 9.721423e+03
7.7 9.777624e+03 9.747828e+03 9.704497e+03 9.734293e+03
8.7 9.696481e+03 9.597366e+03 9.704034e+03 9.803150e+03
0.4 9.665214e+03 9.668597e+03 9.607486e+03 9.604102e+03
1.4 9.623812e+03 9.645390e+03 9.588505e+03 9.566926e+03
2.4 9.601499e+03 9.646652e+03 9.583459e+03 9.538306e+03
3.4 9.615429e+03 9.684362e+03 9.682229e+03 9.613295e+03
4.4 9.808238e+03 9.790565e+03 9.703749e+03 9.721423e+03
5.4 9.777624e+03 9.747828e+03 9.704497e+03 9.734293e+03
6.4 9.696481e+03 9.597366e+03 9.704034e+03 9.803150e+03
7.4 9.663952e+03 9.540263e+03 9.703589e+03 9.827278e+03
8.4 9.645466e+03 9.538842e+03 9.703212e+03 9.809836e+03
0.5 9.637904e+03 9.585248e+03 9.684090e+03 9.736745e+03
1.5 9.653687e+03 9.599193e+03 9.587787e+03 9.642281e+03
2.5 9.657825e+03 9.563653e+03 9.588812e+03 9.682984e+03
3.5 9.636353e+03 9.560080e+03 9.588753e+03 9.665027e+03
4.5 9.641053e+03 9.579211e+03 9.572438e+03 9.634280e+03
5.5 9.648078e+03 9.639347e+03 9.603190e+03 9.611921e+03
6.5 9.715439e+03 9.633379e+03 9.573978e+03 9.656037e+03
7.5 9.726787e+03 9.672302e+03 9.607097e+03 9.661582e+03
8.5 9.694688e+03 9.640975e+03 9.578006e+03 9.631719e+03
0.2 9.657825e+03 9.563653e+03 9.588812e+03 9.682984e+03
1.2 9.636353e+03 9.560080e+03 9.588753e+03 9.665027e+03
2.2 9.641053e+03 9.579211e+03 9.572438e+03 9.634280e+03
3.2 9.648078e+03 9.639347e+03 9.603190e+03 9.611921e+03
4.2 9.715439e+03 9.633379e+03 9.573978e+03 9.656037e+03
5.2 9.726787e+03 9.672302e+03 9.607097e+03 9.661582e+03
6.2 9.694688e+03 9.640975e+03 9.578006e+03 9.631719e+03
7.2 9.703594e+03 9.661246e+03 9.593067e+03 9.635415e+03
8.2 9.710014e+03 9.648011e+03 9.583998e+03 9.646001e+03
0.9 9.648078e+03 9.639347e+03 9.603190e+03 9.611921e+03
1.9 9.715439e+03 9.633379e+03 9.573978e+03 9.656037e+03
2.9 9.726787e+03 9.672302e+03 9.607097e+03 9.661582e+03
3.9 9.694688e+03 9.640975e+03 9.578006e+03 9.631719e+03
4.9 9.703594e+03 9.661246e+03 9.593067e+03 9.635415e+03
5.9 9.710014e+03 9.648011e+03 9.583998e+03 9.646001e+03
6.9 9.682321e+03 9.644183e+03 9.574406e+03 9.612544e+03
7.9 9.691506e+03 9.663834e+03 9.601340e+03 9.629012e+03
8.9 9.683888e+03 9.637180e+03 9.572946e+03 9.619654e+03
0.6 9.726787e+03 9.672302e+03 9.607097e+03 9.661582e+03
1.6 9.694688e+03 9.640975e+03 9.578006e+03 9.631719e+03
2.6 9.703594e+03 9.661246e+03 9.593067e+03 9.635415e+03
3.6 9.710014e+03 9.648011e+03 9.583998e+03 9.646001e+03
4.6 9.682321e+03 9.644183e+03 9.574406e+03 9.612544e+03
5.6 9.691506e+03 9.663834e+03 9.601340e+03 9.629012e+03
6.6 9.683888e+03 9.637180e+03 9.572946e+03 9.619654e+03
7.6 9.696582e+03 9.670728e+03 9.606431e+03 9.632285e+03
8.6 9.681984e+03 9.639406e+03 9.576175e+03 9.618753e+03
0.3 9.703594e+03 9.661246e+03 9.593067e+03 9.635415e+03
1.3 9.710014e+03 9.648011e+03 9.583998e+03 9.646001e+03
2.3 9.682321e+03 9.644183e+03 9.574406e+03 9.612544e+03
3.3 9.691506e+03 9.663834e+03 9.601340e+03 9.629012e+03
4.3 9.683888e+03 9.637180e+03 9.572946e+03 9.619654e+03
5.3 9.696582e+03 9.670728e+03 9.606431e+03 9.632285e+03
6.3 9.681984e+03 9.639406e+03 9.576175e+03 9.618753e+03
7.3 9.703873e+03 9.666673e+03 9.598863e+03 9.636064e+03
8.3 9.725049e+03 9.646170e+03 9.582933e+03 9.661812e+03
0.9 9.691506e+03 9.663834e+03 9.601340e+03 9.629012e+03
1.9 9.683888e+03 9.637180e+03 9.572946e+03 9.619654e+03
2.9 9.696582e+03 9.670728e+03 9.606431e+03 9.632285e+03
3.9 9.681984e+03 9.639406e+03 9.576175e+03 9.618753e+03
4.9 9.703873e+03 9.666673e+03 9.598863e+03 9.636064e+03
5.9 9.725049e+03 9.646170e+03 9.582933e+03 9.661812e+03
6.9 9.703208e+03 9.645673e+03 9.576424e+03 9.633959e+03
7.9 9.713757e+03 9.683408e+03 9.675872e+03 9.706221e+03
8.9 9.786061e+03 9.787892e+03 9.699359e+03 9.697528e+03
0.7 9.696582e+03 9.670728e+03 9.606431e+03 9.632285e+03
1.7 9.681984e+03 9.639406e+03 9.576175e+03 9.618753e+03
2.7 9.703873e+03 9.666673e+03 9.598863e+03 9.636064e+03
3.7 9.725049e+03 9.646170e+03 9.582933e+03 9.661812e+03
4.7 9.703208e+03 9.645673e+03 9.576424e+03 9.633959e+03
5.7 9.713757e+03 9.683408e+03 9.675872e+03 9.706221e+03
6.7 9.786061e+03 9.787892e+03 9.699359e+03 9.697528e+03
7.7 9.789877e+03 9.752700e+03 9.700756e+03 9.737933e+03
8.7 9.459564e+03 9.600616e+03 9.700780e+03 9.559728e+03
0.3 9.703873e+03 9.666673e+03 9.598863e+03 9.636064e+03
1.3 9.725049e+03 9.646170e+03 9.582933e+03 9.661812e+03
2.3 9.703208e+03 9.645673e+03 9.576424e+03 9.633959e+03
3.3 9.713757e+03 9.683408e+03 9.675872e+03 9.706221e+03
4.3 9.786061e+03 9.787892e+03 9.699359e+03 9.697528e+03
5.3 9.789877e+03 9.752700e+03 9.700756e+03 9.737933e+03
6.3 9.459564e+03 9.600616e+03 9.700780e+03 9.559728e+03
7.3 9.499785e+03 9.541417e+03 9.700766e+03 9.659134e+03
8.3 9.427133e+03 9.539040e+03 9.700766e+03 9.588859e+03
0.5 9.504292e+03 9.583413e+03 9.680177e+03 9.601055e+03
1.5 9.569482e+03 9.599912e+03 9.585551e+03 9.555121e+03
2.5 9.552607e+03 9.567662e+03 9.590330e+03 9.575275e+03
3.5 9.528577e+03 9.561237e+03 9.589017e+03 9.556357e+03
4.5 9.518644e+03 9.579031e+03 9.571859e+03 9.511472e+03
5.5 9.530501e+03 9.643752e+03 9.608771e+03 9.495521e+03
6.5 9.564241e+03 9.631225e+03 9.574568e+03 9.507585e+03
7.5 9.577262e+03 9.672268e+03 9.608901e+03 9.513895e+03
8.5 9.563698e+03 9.640259e+03 9.580042e+03 9.503480e+03
0.2 9.552607e+03 9.567662e+03 9.590330e+03 9.575275e+03
1.2 9.528577e+03 9.561237e+03 9.589017e+03 9.556357e+03
2.2 9.518644e+03 9.579031e+03 9.571859e+03 9.511472e+03
3.2 9.530501e+03 9.643752e+03 9.608771e+03 9.495521e+03
4.2 9.564241e+03 9.631225e+03 9.574568e+03 9.507585e+03
5.2 9.577262e+03 9.672268e+03 9.608901e+03 9.513895e+03
6.2 9.563698e+03 9.640259e+03 9.580042e+03 9.503480e+03
7.2 9.602521e+03 9.654557e+03 9.588103e+03 9.536067e+03
8.2 9.615099e+03 9.650156e+03 9.588558e+03 9.553501e+03
0.8 9.530501e+03 9.643752e+03 9.608771e+03 9.495521e+03
1.8 9.564241e+03 9.631225e+03 9.574568e+03 9.507585e+03
2.8 9.577262e+03 9.672268e+03 9.608901e+03 9.513895e+03
3.8 9.563698e+03 9.640259e+03 9.580042e+03 9.503480e+03
4.8 9.602521e+03 9.654557e+03 9.588103e+03 9.536067e+03
5.8 9.615099e+03 9.650156e+03 9.588558e+03 9.553501e+03
6.8 9.644941e+03 9.639664e+03 9.572431e+03 9.577709e+03
7.8 9.635589e+03 9.663689e+03 9.600381e+03 9.572281e+03
8.8 9.645671e+03 9.639235e+03 9.573873e+03 9.580309e+03
0.5 9.577262e+03 9.672268e+03 9.608901e+03 9.513895e+03
1.5 9.563698e+03 9.640259e+03 9.580042e+03 9.503480e+03
2.5 9.602521e+03 9.654557e+03 9.588103e+03 9.536067e+03
3.5 9.615099e+03 9.650156e+03 9.588558e+03 9.553501e+03
4.5 9.644941e+03 9.639664e+03 9.572431e+03 9.577709e+03
5.5 9.635589e+03 9.663689e+03 9.600381e+03 9.572281e+03
6.5 9.645671e+03 9.639235e+03 9.573873e+03 9.580309e+03
7.5 9.664574e+03 9.673498e+03 9.607647e+03 9.598723e+03
8.5 9.654051e+03 9.641652e+03 9.578209e+03 9.590608e+03
0.2 9.602521e+03 9.654557e+03 9.588103e+03 9.536067e+03
1.2 9.615099e+03 9.650156e+03 9.588558e+03 9.553501e+03
2.2 9.644941e+03 9.639664e+03 9.572431e+03 9.577709e+03
3.2 9.635589e+03 9.663689e+03 9.600381e+03 9.572281e+03
4.2 9.645671e+03 9.639235e+03 9.573873e+03 9.580309e+03
5.2 9.664574e+03 9.673498e+03 9.607647e+03 9.598723e+03
6.2 9.654051e+03 9.641652e+03 9.578209e+03 9.590608e+03
7.2 9.668126e+03 9.664765e+03 9.596820e+03 9.600181e+03
8.2 9.679995e+03 9.648321e+03 9.586048e+03 9.617722e+03
0.9 9.635589e+03 9.663689e+03 9.600381e+03 9.572281e+03
1.9 9.645671e+03 9.639235e+03 9.573873e+03 9.580309e+03
2.9 9.664574e+03 9.673498e+03 9.607647e+03 9.598723e+03
3.9 9.654051e+03 9.641652e+03 9.578209e+03 9.590608e+03
4.9 9.668126e+03 9.664765e+03 9.596820e+03 9.600181e+03
5.9 9.679995e+03 9.648321e+03 9.586048e+03 9.617722e+03
6.9 9.678168e+03 9.643491e+03 9.575887e+03 9.610564e+03
7.9 9.828159e+03 9.680886e+03 9.674833e+03 9.822105e+03
8.9 9.816392e+03 9.781347e+03 9.701604e+03 9.736649e+03
0.6 9.664574e+03 9.673498e+03 9.607647e+03 9.598723e+03
1.6 9.654051e+03 9.641652e+03 9.578209e+03 9.590608e+03
2.6 9.668126e+03 9.664765e+03 9.596820e+03 9.600181e+03
3.6 9.679995e+03 9.648321e+03 9.586048e+03 9.617722e+03
4.6 9.678168e+03 9.643491e+03 9.575887e+03 9.610564e+03
5.6 9.828159e+03 9.680886e+03 9.674833e+03 9.822105e+03
6.6 9.816392e+03 9.781347e+03 9.701604e+03 9.736649e+03
7.6 9.832584e+03 9.761436e+03 9.703643e+03 9.774790e+03
8.6 9.548369e+03 9.606537e+03 9.704135e+03 9.645967e+03
0.3 9.668126e+03 9.664765e+03 9.596820e+03 9.600181e+03
1.3 9.679995e+03 9.648321e+03 9.586048e+03 9.617722e+03
2.3 9.678168e+03 9.643491e+03 9.575887e+03 9.610564e+03
3.3 9.828159e+03 9.680886e+03 9.674833e+03 9.822105e+03
4.3 9.816392e+03 9.781347e+03 9.701604e+03 9.736649e+03
5.3 9.832584e+03 9.761436e+03 9.703643e+03 9.774790e+03
6.3 9.548369e+03 9.606537e+03 9.704135e+03 9.645967e+03
7.3 9.466050e+03 9.543069e+03 9.704654e+03 9.627635e+03
8.3 9.502359e+03 9.538761e+03 9.705258e+03 9.668856e+03
0.5 9.509473e+03 9.583497e+03 9.688032e+03 9.614009e+03
1.5 9.537029e+03 9.599798e+03 9.594520e+03 9.531751e+03
2.5 9.543892e+03 9.566843e+03 9.600083e+03 9.577132e+03
3.5 9.552977e+03 9.559732e+03 9.598653e+03 9.591899e+03
4.5 9.569477e+03 9.579609e+03 9.585251e+03 9.575119e+03
5.5 9.610736e+03 9.637276e+03 9.616434e+03 9.589894e+03
6.5 9.613959e+03 9.631513e+03 9.589917e+03 9.572364e+03
7.5 9.643123e+03 9.672042e+03 9.628325e+03 9.599407e+03
8.5 9.575823e+03 9.636636e+03 9.598932e+03 9.538119e+03
0.2 9.543892e+03 9.566843e+03 9.600083e+03 9.577132e+03
1.2 9.552977e+03 9.559732e+03 9.598653e+03 9.591899e+03
2.2 9.569477e+03 9.579609e+03 9.585251e+03 9.575119e+03
3.2 9.610736e+03 9.637276e+03 9.616434e+03 9.589894e+03
4.2 9.613959e+03 9.631513e+03 9.589917e+03 9.572364e+03
5.2 9.643123e+03 9.672042e+03 9.628325e+03 9.599407e+03
6.2 9.575823e+03 9.636636e+03 9.598932e+03 9.538119e+03
7.2 9.596886e+03 9.656536e+03 9.616887e+03 9.557236e+03
8.2 9.621378e+03 9.641988e+03 9.610973e+03 9.590364e+03
0.9 9.610736e+03 9.637276e+03 9.616434e+03 9.589894e+03
1.9 9.613959e+03 9.631513e+03 9.589917e+03 9.572364e+03
2.9 9.643123e+03 9.672042e+03 9.628325e+03 9.599407e+03
3.9 9.575823e+03 9.636636e+03 9.598932e+03 9.538119e+03
4.9 9.596886e+03 9.656536e+03 9.616887e+03 9.557236e+03
5.9 9.621378e+03 9.641988e+03 9.610973e+03 9.590364e+03
6.9 9.670749e+03 9.634382e+03 9.601385e+03 9.637752e+03
7.9 9.667458e+03 9.653505e+03 9.630092e+03 9.644044e+03
8.9 9.673265e+03 9.627734e+03 9.606010e+03 9.651540e+03
0.6 9.643123e+03 9.672042e+03 9.628325e+03 9.599407e+03
1.6 9.575823e+03 9.636636e+03 9.598932e+03 9.538119e+03
2.6 9.596886e+03 9.656536e+03 9.616887e+03 9.557236e+03
3.6 9.621378e+03 9.641988e+03 9.610973e+03 9.590364e+03
4.6 9.670749e+03 9.634382e+03 9.601385e+03 9.637752e+03
5.6 9.667458e+03 9.653505e+03 9.630092e+03 9.644044e+03
6.6 9.673265e+03 9.627734e+03 9.606010e+03 9.651540e+03
7.6 9.652739e+03 9.659825e+03 9.642462e+03 9.635376e+03
8.6 9.631564e+03 9.626648e+03 9.615118e+03 9.620035e+03
0.3 9.596886e+03 9.656536e+03 9.616887e+03 9.557236e+03
1.3 9.621378e+03 9.641988e+03 9.610973e+03 9.590364e+03
2.3 9.670749e+03 9.634382e+03 9.601385e+03 9.637752e+03
3.3 9.667458e+03 9.653505e+03 9.630092e+03 9.644044e+03
4.3 9.673265e+03 9.627734e+03 9.606010e+03 9.651540e+03
5.3 9.652739e+03 9.659825e+03 9.642462e+03 9.635376e+03
6.3 9.631564e+03 9.626648e+03 9.615118e+03 9.620035e+03
7.3 9.638464e+03 9.654187e+03 9.643317e+03 9.627594e+03
8.3 9.644895e+03 9.629665e+03 9.631046e+03 9.646275e+03
1.0 9.667458e+03 9.653505e+03 9.630092e+03 9.644044e+03
2.0 9.673265e+03 9.627734e+03 9.606010e+03 9.651540e+03
3.0 9.652739e+03 9.659825e+03 9.642462e+03 9.635376e+03
4.0 9.631564e+03 9.626648e+03 9.615118e+03 9.620035e+03
5.0 9.638464e+03 9.654187e+03 9.643317e+03 9.627594e+03
6.0 9.644895e+03 9.629665e+03 9.631046e+03 9.646275e+03
0.6 9.652739e+03 9.659825e+03 9.642462e+03 9.635376e+03
1.6 9.631564e+03 9.626648e+03 9.615118e+03 9.620035e+03
2.6 9.638464e+03 9.654187e+03 9.643317e+03 9.627594e+03
3.6 9.644895e+03 9.629665e+03 9.631046e+03 9.646275e+03
0.3 9.638464e+03 9.654187e+03 9.643317e+03 9.627594e+03
1.3 9.644895e+03 9.629665e+03 9.631046e+03 9.646275e+03
