0.5 9.786957e+03 9.669925e+03 9.692070e+03 9.809102e+03
1.5 9.699138e+03 9.654509e+03 9.674017e+03 9.718646e+03
2.5 9.643102e+03 9.642010e+03 9.694141e+03 9.695233e+03
3.5 9.627999e+03 9.619496e+03 9.697502e+03 9.706005e+03
4.5 9.643447e+03 9.673250e+03 9.697579e+03 9.667776e+03
5.5 9.637491e+03 9.692319e+03 9.697514e+03 9.642686e+03
6.5 9.674713e+03 9.723934e+03 9.697461e+03 9.648240e+03
7.5 9.671752e+03 9.721060e+03 9.697420e+03 9.648112e+03
0.1 9.669634e+03 9.693244e+03 9.697381e+03 9.673771e+03
1.1 9.695047e+03 9.718391e+03 9.674357e+03 9.651013e+03
2.1 9.808248e+03 9.800604e+03 9.672580e+03 9.680224e+03
3.1 9.828138e+03 9.840715e+03 9.694259e+03 9.681681e+03
4.1 9.862433e+03 9.802260e+03 9.697267e+03 9.757440e+03
5.1 9.749907e+03 9.738391e+03 9.697425e+03 9.708940e+03
6.1 9.717508e+03 9.684768e+03 9.697431e+03 9.730172e+03
7.1 9.690881e+03 9.651173e+03 9.697431e+03 9.737139e+03
0.5 9.708737e+03 9.626369e+03 9.691400e+03 9.773768e+03
1.5 9.702605e+03 9.614881e+03 9.673486e+03 9.761210e+03
2.5 9.680276e+03 9.604721e+03 9.693727e+03 9.769283e+03
3.5 9.667862e+03 9.588545e+03 9.697220e+03 9.776538e+03
4.5 9.694604e+03 9.646493e+03 9.697414e+03 9.745525e+03
5.5 9.694205e+03 9.667860e+03 9.697419e+03 9.723764e+03
6.5 9.685023e+03 9.704465e+03 9.697416e+03 9.677973e+03
7.5 9.746604e+03 9.702235e+03 9.697413e+03 9.741783e+03
0.1 9.741254e+03 9.690541e+03 9.697426e+03 9.748139e+03
1.1 9.733700e+03 9.714052e+03 9.674974e+03 9.694622e+03
2.1 9.750882e+03 9.796408e+03 9.671897e+03 9.626370e+03
3.1 9.809079e+03 9.839245e+03 9.694060e+03 9.663893e+03
4.1 9.860446e+03 9.802318e+03 9.697269e+03 9.755398e+03
5.1 9.765132e+03 9.738819e+03 9.697438e+03 9.723751e+03
6.1 9.635891e+03 9.684890e+03 9.697443e+03 9.648445e+03
7.1 9.546140e+03 9.651043e+03 9.697442e+03 9.592539e+03
0.5 9.541913e+03 9.625868e+03 9.691410e+03 9.607455e+03
1.5 9.543218e+03 9.614070e+03 9.673497e+03 9.602646e+03
2.5 9.593894e+03 9.602386e+03 9.693738e+03 9.685246e+03
3.5 9.610807e+03 9.588992e+03 9.697227e+03 9.719042e+03
4.5 9.603779e+03 9.649872e+03 9.697414e+03 9.651321e+03
5.5 9.571288e+03 9.668960e+03 9.697416e+03 9.599744e+03
6.5 9.590110e+03 9.706856e+03 9.697411e+03 9.580665e+03
7.5 9.617310e+03 9.703939e+03 9.697406e+03 9.610777e+03
0.0 9.731027e+03 9.692270e+03 9.697278e+03 9.736036e+03
1.0 9.762487e+03 9.711448e+03 9.676042e+03 9.727081e+03
2.0 9.815776e+03 9.793236e+03 9.670352e+03 9.692892e+03
3.0 9.872636e+03 9.840881e+03 9.693336e+03 9.725091e+03
4.0 9.868571e+03 9.806707e+03 9.696949e+03 9.758813e+03
5.0 9.667899e+03 9.743692e+03 9.697100e+03 9.621308e+03
6.0 9.598545e+03 9.688963e+03 9.697054e+03 9.606636e+03
7.0 9.649686e+03 9.654478e+03 9.696994e+03 9.692203e+03
0.5 9.606956e+03 9.628478e+03 9.690821e+03 9.669299e+03
1.5 9.579715e+03 9.616929e+03 9.672825e+03 9.635611e+03
2.5 9.555864e+03 9.605493e+03 9.692975e+03 9.643346e+03
3.5 9.538189e+03 9.592331e+03 9.696364e+03 9.642222e+03
4.5 9.583717e+03 9.651301e+03 9.696441e+03 9.628856e+03
5.5 9.619244e+03 9.672285e+03 9.696323e+03 9.643283e+03
6.5 9.656356e+03 9.709781e+03 9.696190e+03 9.642764e+03
7.5 9.678384e+03 9.705967e+03 9.696046e+03 9.668463e+03
