0.5 1.474036e+03 1.393599e+03 1.334201e+03 1.414637e+03
1.5 1.385029e+03 1.365982e+03 1.342078e+03 1.361124e+03
2.5 1.398446e+03 1.399961e+03 1.368394e+03 1.366879e+03
3.5 1.370681e+03 1.443502e+03 1.396209e+03 1.323388e+03
4.5 1.468169e+03 1.444512e+03 1.418847e+03 1.442504e+03
5.5 1.388563e+03 1.411144e+03 1.433969e+03 1.411388e+03
6.5 1.374829e+03 1.412746e+03 1.439746e+03 1.401829e+03
7.5 1.412729e+03 1.373173e+03 1.440900e+03 1.480456e+03
8.5 1.361920e+03 1.407869e+03 1.439385e+03 1.393436e+03
0.2 1.398446e+03 1.399961e+03 1.368394e+03 1.366879e+03
1.2 1.370681e+03 1.443502e+03 1.396209e+03 1.323388e+03
2.2 1.468169e+03 1.444512e+03 1.418847e+03 1.442504e+03
3.2 1.388563e+03 1.411144e+03 1.433969e+03 1.411388e+03
4.2 1.374829e+03 1.412746e+03 1.439746e+03 1.401829e+03
5.2 1.412729e+03 1.373173e+03 1.440900e+03 1.480456e+03
6.2 1.361920e+03 1.407869e+03 1.439385e+03 1.393436e+03
7.2 1.381929e+03 1.378423e+03 1.440184e+03 1.443690e+03
8.2 1.367522e+03 1.402562e+03 1.438948e+03 1.403908e+03
0.9 1.388563e+03 1.411144e+03 1.433969e+03 1.411388e+03
1.9 1.374829e+03 1.412746e+03 1.439746e+03 1.401829e+03
2.9 1.412729e+03 1.373173e+03 1.440900e+03 1.480456e+03
3.9 1.361920e+03 1.407869e+03 1.439385e+03 1.393436e+03
4.9 1.381929e+03 1.378423e+03 1.440184e+03 1.443690e+03
5.9 1.367522e+03 1.402562e+03 1.438948e+03 1.403908e+03
6.9 1.422611e+03 1.397976e+03 1.439507e+03 1.464141e+03
7.9 1.393655e+03 1.389586e+03 1.439115e+03 1.443184e+03
8.9 1.407140e+03 1.403889e+03 1.439201e+03 1.442452e+03
0.6 1.412729e+03 1.373173e+03 1.440900e+03 1.480456e+03
1.6 1.361920e+03 1.407869e+03 1.439385e+03 1.393436e+03
2.6 1.381929e+03 1.378423e+03 1.440184e+03 1.443690e+03
3.6 1.367522e+03 1.402562e+03 1.438948e+03 1.403908e+03
4.6 1.422611e+03 1.397976e+03 1.439507e+03 1.464141e+03
5.6 1.393655e+03 1.389586e+03 1.439115e+03 1.443184e+03
6.6 1.407140e+03 1.403889e+03 1.439201e+03 1.442452e+03
7.6 1.412891e+03 1.373982e+03 1.440011e+03 1.478920e+03
8.6 1.373054e+03 1.405728e+03 1.439466e+03 1.406792e+03
0.3 1.381929e+03 1.378423e+03 1.440184e+03 1.443690e+03
1.3 1.367522e+03 1.402562e+03 1.438948e+03 1.403908e+03
2.3 1.422611e+03 1.397976e+03 1.439507e+03 1.464141e+03
3.3 1.393655e+03 1.389586e+03 1.439115e+03 1.443184e+03
4.3 1.407140e+03 1.403889e+03 1.439201e+03 1.442452e+03
5.3 1.412891e+03 1.373982e+03 1.440011e+03 1.478920e+03
6.3 1.373054e+03 1.405728e+03 1.439466e+03 1.406792e+03
7.3 1.380115e+03 1.371384e+03 1.440931e+03 1.449661e+03
8.3 1.428003e+03 1.402882e+03 1.440132e+03 1.465253e+03
1.0 1.393655e+03 1.389586e+03 1.439115e+03 1.443184e+03
2.0 1.407140e+03 1.403889e+03 1.439201e+03 1.442452e+03
3.0 1.412891e+03 1.373982e+03 1.440011e+03 1.478920e+03
4.0 1.373054e+03 1.405728e+03 1.439466e+03 1.406792e+03
5.0 1.380115e+03 1.371384e+03 1.440931e+03 1.449661e+03
6.0 1.428003e+03 1.402882e+03 1.440132e+03 1.465253e+03
7.0 1.451100e+03 1.390412e+03 1.441318e+03 1.502007e+03
8.0 1.392149e+03 1.397827e+03 1.437132e+03 1.431454e+03
9.0 1.334231e+03 1.352833e+03 1.415827e+03 1.397225e+03
0.7 1.412891e+03 1.373982e+03 1.440011e+03 1.478920e+03
1.7 1.373054e+03 1.405728e+03 1.439466e+03 1.406792e+03
2.7 1.380115e+03 1.371384e+03 1.440931e+03 1.449661e+03
3.7 1.428003e+03 1.402882e+03 1.440132e+03 1.465253e+03
4.7 1.451100e+03 1.390412e+03 1.441318e+03 1.502007e+03
5.7 1.392149e+03 1.397827e+03 1.437132e+03 1.431454e+03
6.7 1.334231e+03 1.352833e+03 1.415827e+03 1.397225e+03
7.7 1.424706e+03 1.391649e+03 1.385231e+03 1.418287e+03
8.7 1.453839e+03 1.496852e+03 1.359068e+03 1.316054e+03
0.4 1.380115e+03 1.371384e+03 1.440931e+03 1.449661e+03
1.4 1.428003e+03 1.402882e+03 1.440132e+03 1.465253e+03
2.4 1.451100e+03 1.390412e+03 1.441318e+03 1.502007e+03
3.4 1.392149e+03 1.397827e+03 1.437132e+03 1.431454e+03
4.4 1.334231e+03 1.352833e+03 1.415827e+03 1.397225e+03
5.4 1.424706e+03 1.391649e+03 1.385231e+03 1.418287e+03
6.4 1.453839e+03 1.496852e+03 1.359068e+03 1.316054e+03
7.4 1.413746e+03 1.498270e+03 1.340141e+03 1.255617e+03
8.4 1.383736e+03 1.455538e+03 1.329359e+03 1.257557e+03
0.5 1.360689e+03 1.388546e+03 1.327524e+03 1.299668e+03
1.5 1.355388e+03 1.358111e+03 1.338073e+03 1.335350e+03
2.5 1.449990e+03 1.391367e+03 1.366565e+03 1.425188e+03
3.5 1.320030e+03 1.438814e+03 1.395834e+03 1.277050e+03
4.5 1.419111e+03 1.438718e+03 1.419718e+03 1.400111e+03
5.5 1.396069e+03 1.406325e+03 1.435496e+03 1.425239e+03
6.5 1.422461e+03 1.409003e+03 1.441516e+03 1.454974e+03
7.5 1.365300e+03 1.368401e+03 1.443184e+03 1.440083e+03
8.5 1.445625e+03 1.403037e+03 1.442370e+03 1.484958e+03
0.2 1.449990e+03 1.391367e+03 1.366565e+03 1.425188e+03
1.2 1.320030e+03 1.438814e+03 1.395834e+03 1.277050e+03
2.2 1.419111e+03 1.438718e+03 1.419718e+03 1.400111e+03
3.2 1.396069e+03 1.406325e+03 1.435496e+03 1.425239e+03
4.2 1.422461e+03 1.409003e+03 1.441516e+03 1.454974e+03
5.2 1.365300e+03 1.368401e+03 1.443184e+03 1.440083e+03
6.2 1.445625e+03 1.403037e+03 1.442370e+03 1.484958e+03
7.2 1.336178e+03 1.374793e+03 1.443722e+03 1.405107e+03
8.2 1.383173e+03 1.397878e+03 1.443329e+03 1.428625e+03
0.9 1.396069e+03 1.406325e+03 1.435496e+03 1.425239e+03
1.9 1.422461e+03 1.409003e+03 1.441516e+03 1.454974e+03
2.9 1.365300e+03 1.368401e+03 1.443184e+03 1.440083e+03
3.9 1.445625e+03 1.403037e+03 1.442370e+03 1.484958e+03
4.9 1.336178e+03 1.374793e+03 1.443722e+03 1.405107e+03
5.9 1.383173e+03 1.397878e+03 1.443329e+03 1.428625e+03
6.9 1.423062e+03 1.392607e+03 1.444543e+03 1.474998e+03
7.9 1.372144e+03 1.386582e+03 1.443572e+03 1.429133e+03
8.9 1.405255e+03 1.404057e+03 1.442469e+03 1.443667e+03
0.6 1.365300e+03 1.368401e+03 1.443184e+03 1.440083e+03
1.6 1.445625e+03 1.403037e+03 1.442370e+03 1.484958e+03
2.6 1.336178e+03 1.374793e+03 1.443722e+03 1.405107e+03
3.6 1.383173e+03 1.397878e+03 1.443329e+03 1.428625e+03
4.6 1.423062e+03 1.392607e+03 1.444543e+03 1.474998e+03
5.6 1.372144e+03 1.386582e+03 1.443572e+03 1.429133e+03
6.6 1.405255e+03 1.404057e+03 1.442469e+03 1.443667e+03
7.6 1.367460e+03 1.370680e+03 1.442836e+03 1.439617e+03
8.6 1.366991e+03 1.402760e+03 1.442146e+03 1.406377e+03
0.3 1.336178e+03 1.374793e+03 1.443722e+03 1.405107e+03
1.3 1.383173e+03 1.397878e+03 1.443329e+03 1.428625e+03
2.3 1.423062e+03 1.392607e+03 1.444543e+03 1.474998e+03
3.3 1.372144e+03 1.386582e+03 1.443572e+03 1.429133e+03
4.3 1.405255e+03 1.404057e+03 1.442469e+03 1.443667e+03
5.3 1.367460e+03 1.370680e+03 1.442836e+03 1.439617e+03
6.3 1.366991e+03 1.402760e+03 1.442146e+03 1.406377e+03
7.3 1.410689e+03 1.369563e+03 1.443632e+03 1.484758e+03
8.3 1.405775e+03 1.400219e+03 1.443034e+03 1.448591e+03
0.9 1.372144e+03 1.386582e+03 1.443572e+03 1.429133e+03
1.9 1.405255e+03 1.404057e+03 1.442469e+03 1.443667e+03
2.9 1.367460e+03 1.370680e+03 1.442836e+03 1.439617e+03
3.9 1.366991e+03 1.402760e+03 1.442146e+03 1.406377e+03
4.9 1.410689e+03 1.369563e+03 1.443632e+03 1.484758e+03
5.9 1.405775e+03 1.400219e+03 1.443034e+03 1.448591e+03
6.9 1.392682e+03 1.390331e+03 1.444167e+03 1.446518e+03
7.9 1.435066e+03 1.396003e+03 1.440069e+03 1.479131e+03
8.9 1.317158e+03 1.354122e+03 1.418911e+03 1.381947e+03
0.7 1.367460e+03 1.370680e+03 1.442836e+03 1.439617e+03
1.7 1.366991e+03 1.402760e+03 1.442146e+03 1.406377e+03
2.7 1.410689e+03 1.369563e+03 1.443632e+03 1.484758e+03
3.7 1.405775e+03 1.400219e+03 1.443034e+03 1.448591e+03
4.7 1.392682e+03 1.390331e+03 1.444167e+03 1.446518e+03
5.7 1.435066e+03 1.396003e+03 1.440069e+03 1.479131e+03
6.7 1.317158e+03 1.354122e+03 1.418911e+03 1.381947e+03
7.7 1.336082e+03 1.387111e+03 1.388122e+03 1.337093e+03
8.7 1.736627e+03 1.494650e+03 1.361527e+03 1.603505e+03
0.3 1.410689e+03 1.369563e+03 1.443632e+03 1.484758e+03
1.3 1.405775e+03 1.400219e+03 1.443034e+03 1.448591e+03
2.3 1.392682e+03 1.390331e+03 1.444167e+03 1.446518e+03
3.3 1.435066e+03 1.396003e+03 1.440069e+03 1.479131e+03
4.3 1.317158e+03 1.354122e+03 1.418911e+03 1.381947e+03
5.3 1.336082e+03 1.387111e+03 1.388122e+03 1.337093e+03
6.3 1.736627e+03 1.494650e+03 1.361527e+03 1.603505e+03
7.3 1.488586e+03 1.498218e+03 1.342206e+03 1.332574e+03
8.3 1.520089e+03 1.456070e+03 1.330983e+03 1.395003e+03
0.5 1.444368e+03 1.390016e+03 1.328451e+03 1.382803e+03
1.5 1.365174e+03 1.356402e+03 1.339362e+03 1.348133e+03
2.5 1.383100e+03 1.388396e+03 1.368043e+03 1.362746e+03
3.5 1.440718e+03 1.440112e+03 1.396718e+03 1.397323e+03
4.5 1.421334e+03 1.439633e+03 1.419980e+03 1.401681e+03
5.5 1.400964e+03 1.403550e+03 1.435145e+03 1.432560e+03
6.5 1.366621e+03 1.411512e+03 1.440041e+03 1.395151e+03
7.5 1.418133e+03 1.365306e+03 1.441527e+03 1.494355e+03
8.5 1.380764e+03 1.403082e+03 1.440704e+03 1.418385e+03
0.2 1.383100e+03 1.388396e+03 1.368043e+03 1.362746e+03
1.2 1.440718e+03 1.440112e+03 1.396718e+03 1.397323e+03
2.2 1.421334e+03 1.439633e+03 1.419980e+03 1.401681e+03
3.2 1.400964e+03 1.403550e+03 1.435145e+03 1.432560e+03
4.2 1.366621e+03 1.411512e+03 1.440041e+03 1.395151e+03
5.2 1.418133e+03 1.365306e+03 1.441527e+03 1.494355e+03
6.2 1.380764e+03 1.403082e+03 1.440704e+03 1.418385e+03
7.2 1.399695e+03 1.378697e+03 1.442127e+03 1.463124e+03
8.2 1.400733e+03 1.395473e+03 1.441925e+03 1.447185e+03
0.8 1.400964e+03 1.403550e+03 1.435145e+03 1.432560e+03
1.8 1.366621e+03 1.411512e+03 1.440041e+03 1.395151e+03
2.8 1.418133e+03 1.365306e+03 1.441527e+03 1.494355e+03
3.8 1.380764e+03 1.403082e+03 1.440704e+03 1.418385e+03
4.8 1.399695e+03 1.378697e+03 1.442127e+03 1.463124e+03
5.8 1.400733e+03 1.395473e+03 1.441925e+03 1.447185e+03
6.8 1.439329e+03 1.396730e+03 1.442958e+03 1.485557e+03
7.8 1.344289e+03 1.382221e+03 1.442960e+03 1.405029e+03
8.8 1.432969e+03 1.401887e+03 1.442880e+03 1.473963e+03
0.5 1.418133e+03 1.365306e+03 1.441527e+03 1.494355e+03
1.5 1.380764e+03 1.403082e+03 1.440704e+03 1.418385e+03
2.5 1.399695e+03 1.378697e+03 1.442127e+03 1.463124e+03
3.5 1.400733e+03 1.395473e+03 1.441925e+03 1.447185e+03
4.5 1.439329e+03 1.396730e+03 1.442958e+03 1.485557e+03
5.5 1.344289e+03 1.382221e+03 1.442960e+03 1.405029e+03
6.5 1.432969e+03 1.401887e+03 1.442880e+03 1.473963e+03
7.5 1.394656e+03 1.368974e+03 1.443696e+03 1.469377e+03
8.5 1.440548e+03 1.403503e+03 1.442658e+03 1.479703e+03
0.2 1.399695e+03 1.378697e+03 1.442127e+03 1.463124e+03
1.2 1.400733e+03 1.395473e+03 1.441925e+03 1.447185e+03
2.2 1.439329e+03 1.396730e+03 1.442958e+03 1.485557e+03
3.2 1.344289e+03 1.382221e+03 1.442960e+03 1.405029e+03
4.2 1.432969e+03 1.401887e+03 1.442880e+03 1.473963e+03
5.2 1.394656e+03 1.368974e+03 1.443696e+03 1.469377e+03
6.2 1.440548e+03 1.403503e+03 1.442658e+03 1.479703e+03
7.2 1.403080e+03 1.372862e+03 1.443737e+03 1.473955e+03
8.2 1.309372e+03 1.399514e+03 1.442585e+03 1.352443e+03
0.9 1.344289e+03 1.382221e+03 1.442960e+03 1.405029e+03
1.9 1.432969e+03 1.401887e+03 1.442880e+03 1.473963e+03
2.9 1.394656e+03 1.368974e+03 1.443696e+03 1.469377e+03
3.9 1.440548e+03 1.403503e+03 1.442658e+03 1.479703e+03
4.9 1.403080e+03 1.372862e+03 1.443737e+03 1.473955e+03
5.9 1.309372e+03 1.399514e+03 1.442585e+03 1.352443e+03
6.9 1.437449e+03 1.393403e+03 1.443173e+03 1.487218e+03
7.9 1.319469e+03 1.395278e+03 1.439533e+03 1.363724e+03
8.9 1.388566e+03 1.359729e+03 1.419036e+03 1.447873e+03
0.6 1.394656e+03 1.368974e+03 1.443696e+03 1.469377e+03
1.6 1.440548e+03 1.403503e+03 1.442658e+03 1.479703e+03
2.6 1.403080e+03 1.372862e+03 1.443737e+03 1.473955e+03
3.6 1.309372e+03 1.399514e+03 1.442585e+03 1.352443e+03
4.6 1.437449e+03 1.393403e+03 1.443173e+03 1.487218e+03
5.6 1.319469e+03 1.395278e+03 1.439533e+03 1.363724e+03
6.6 1.388566e+03 1.359729e+03 1.419036e+03 1.447873e+03
7.6 1.319956e+03 1.380717e+03 1.388165e+03 1.327405e+03
8.6 1.484645e+03 1.492405e+03 1.360908e+03 1.353148e+03
0.3 1.403080e+03 1.372862e+03 1.443737e+03 1.473955e+03
1.3 1.309372e+03 1.399514e+03 1.442585e+03 1.352443e+03
2.3 1.437449e+03 1.393403e+03 1.443173e+03 1.487218e+03
3.3 1.319469e+03 1.395278e+03 1.439533e+03 1.363724e+03
4.3 1.388566e+03 1.359729e+03 1.419036e+03 1.447873e+03
5.3 1.319956e+03 1.380717e+03 1.388165e+03 1.327405e+03
6.3 1.484645e+03 1.492405e+03 1.360908e+03 1.353148e+03
7.3 1.528878e+03 1.500281e+03 1.340899e+03 1.369496e+03
8.3 1.503743e+03 1.459283e+03 1.328812e+03 1.373272e+03
0.5 1.360423e+03 1.391502e+03 1.323722e+03 1.292643e+03
1.5 1.324250e+03 1.358154e+03 1.333833e+03 1.299930e+03
2.5 1.422944e+03 1.390861e+03 1.361594e+03 1.393678e+03
3.5 1.405859e+03 1.442060e+03 1.389580e+03 1.353379e+03
4.5 1.451262e+03 1.440840e+03 1.412084e+03 1.422506e+03
5.5 1.384337e+03 1.411022e+03 1.426162e+03 1.399477e+03
6.5 1.418992e+03 1.412270e+03 1.430454e+03 1.437176e+03
7.5 1.360789e+03 1.371037e+03 1.430197e+03 1.419949e+03
8.5 1.388349e+03 1.409189e+03 1.427045e+03 1.406205e+03
0.2 1.422944e+03 1.390861e+03 1.361594e+03 1.393678e+03
1.2 1.405859e+03 1.442060e+03 1.389580e+03 1.353379e+03
2.2 1.451262e+03 1.440840e+03 1.412084e+03 1.422506e+03
3.2 1.384337e+03 1.411022e+03 1.426162e+03 1.399477e+03
4.2 1.418992e+03 1.412270e+03 1.430454e+03 1.437176e+03
5.2 1.360789e+03 1.371037e+03 1.430197e+03 1.419949e+03
6.2 1.388349e+03 1.409189e+03 1.427045e+03 1.406205e+03
7.2 1.420970e+03 1.379532e+03 1.426100e+03 1.467537e+03
8.2 1.379804e+03 1.404247e+03 1.423207e+03 1.398764e+03
0.9 1.384337e+03 1.411022e+03 1.426162e+03 1.399477e+03
1.9 1.418992e+03 1.412270e+03 1.430454e+03 1.437176e+03
2.9 1.360789e+03 1.371037e+03 1.430197e+03 1.419949e+03
3.9 1.388349e+03 1.409189e+03 1.427045e+03 1.406205e+03
4.9 1.420970e+03 1.379532e+03 1.426100e+03 1.467537e+03
5.9 1.379804e+03 1.404247e+03 1.423207e+03 1.398764e+03
6.9 1.392443e+03 1.400789e+03 1.421809e+03 1.413463e+03
7.9 1.348305e+03 1.392816e+03 1.418869e+03 1.374358e+03
8.9 1.419997e+03 1.410542e+03 1.415900e+03 1.425356e+03
0.6 1.360789e+03 1.371037e+03 1.430197e+03 1.419949e+03
1.6 1.388349e+03 1.409189e+03 1.427045e+03 1.406205e+03
2.6 1.420970e+03 1.379532e+03 1.426100e+03 1.467537e+03
3.6 1.379804e+03 1.404247e+03 1.423207e+03 1.398764e+03
4.6 1.392443e+03 1.400789e+03 1.421809e+03 1.413463e+03
5.6 1.348305e+03 1.392816e+03 1.418869e+03 1.374358e+03
6.6 1.419997e+03 1.410542e+03 1.415900e+03 1.425356e+03
7.6 1.400834e+03 1.379297e+03 1.413767e+03 1.435305e+03
8.6 1.440872e+03 1.412821e+03 1.410185e+03 1.438236e+03
0.3 1.420970e+03 1.379532e+03 1.426100e+03 1.467537e+03
1.3 1.379804e+03 1.404247e+03 1.423207e+03 1.398764e+03
2.3 1.392443e+03 1.400789e+03 1.421809e+03 1.413463e+03
3.3 1.348305e+03 1.392816e+03 1.418869e+03 1.374358e+03
4.3 1.419997e+03 1.410542e+03 1.415900e+03 1.425356e+03
5.3 1.400834e+03 1.379297e+03 1.413767e+03 1.435305e+03
6.3 1.440872e+03 1.412821e+03 1.410185e+03 1.438236e+03
7.3 1.418375e+03 1.378527e+03 1.408472e+03 1.448321e+03
8.3 1.395826e+03 1.413812e+03 1.403616e+03 1.385630e+03
1.0 1.348305e+03 1.392816e+03 1.418869e+03 1.374358e+03
2.0 1.419997e+03 1.410542e+03 1.415900e+03 1.425356e+03
3.0 1.400834e+03 1.379297e+03 1.413767e+03 1.435305e+03
4.0 1.440872e+03 1.412821e+03 1.410185e+03 1.438236e+03
5.0 1.418375e+03 1.378527e+03 1.408472e+03 1.448321e+03
6.0 1.395826e+03 1.413812e+03 1.403616e+03 1.385630e+03
0.6 1.400834e+03 1.379297e+03 1.413767e+03 1.435305e+03
1.6 1.440872e+03 1.412821e+03 1.410185e+03 1.438236e+03
2.6 1.418375e+03 1.378527e+03 1.408472e+03 1.448321e+03
3.6 1.395826e+03 1.413812e+03 1.403616e+03 1.385630e+03
0.3 1.418375e+03 1.378527e+03 1.408472e+03 1.448321e+03
1.3 1.395826e+03 1.413812e+03 1.403616e+03 1.385630e+03
