0.5 9.577287e+03 9.594291e+03 9.392935e+03 9.375931e+03
1.5 9.668037e+03 9.623656e+03 9.499529e+03 9.543910e+03
2.5 9.615810e+03 9.640971e+03 9.614741e+03 9.589579e+03
3.5 9.545459e+03 9.593502e+03 9.628221e+03 9.580179e+03
4.5 9.661112e+03 9.576873e+03 9.657702e+03 9.741941e+03
5.5 9.612516e+03 9.572698e+03 9.643413e+03 9.683231e+03
6.5 9.577395e+03 9.561005e+03 9.653089e+03 9.669479e+03
7.5 9.635161e+03 9.588154e+03 9.653687e+03 9.700695e+03
8.5 9.598769e+03 9.560784e+03 9.647783e+03 9.685768e+03
0.2 9.615810e+03 9.640971e+03 9.614741e+03 9.589579e+03
1.2 9.545459e+03 9.593502e+03 9.628221e+03 9.580179e+03
2.2 9.661112e+03 9.576873e+03 9.657702e+03 9.741941e+03
3.2 9.612516e+03 9.572698e+03 9.643413e+03 9.683231e+03
4.2 9.577395e+03 9.561005e+03 9.653089e+03 9.669479e+03
5.2 9.635161e+03 9.588154e+03 9.653687e+03 9.700695e+03
6.2 9.598769e+03 9.560784e+03 9.647783e+03 9.685768e+03
7.2 9.584385e+03 9.589093e+03 9.665360e+03 9.660652e+03
8.2 9.608290e+03 9.564487e+03 9.646165e+03 9.689967e+03
0.9 9.612516e+03 9.572698e+03 9.643413e+03 9.683231e+03
1.9 9.577395e+03 9.561005e+03 9.653089e+03 9.669479e+03
2.9 9.635161e+03 9.588154e+03 9.653687e+03 9.700695e+03
3.9 9.598769e+03 9.560784e+03 9.647783e+03 9.685768e+03
4.9 9.584385e+03 9.589093e+03 9.665360e+03 9.660652e+03
5.9 9.608290e+03 9.564487e+03 9.646165e+03 9.689967e+03
6.9 9.539881e+03 9.576041e+03 9.669067e+03 9.632907e+03
7.9 9.606629e+03 9.575591e+03 9.650208e+03 9.681246e+03
8.9 9.518487e+03 9.570125e+03 9.665094e+03 9.613457e+03
0.6 9.635161e+03 9.588154e+03 9.653687e+03 9.700695e+03
1.6 9.598769e+03 9.560784e+03 9.647783e+03 9.685768e+03
2.6 9.584385e+03 9.589093e+03 9.665360e+03 9.660652e+03
3.6 9.608290e+03 9.564487e+03 9.646165e+03 9.689967e+03
4.6 9.539881e+03 9.576041e+03 9.669067e+03 9.632907e+03
5.6 9.606629e+03 9.575591e+03 9.650208e+03 9.681246e+03
6.6 9.518487e+03 9.570125e+03 9.665094e+03 9.613457e+03
7.6 9.558383e+03 9.590435e+03 9.660626e+03 9.628574e+03
8.6 9.491211e+03 9.566716e+03 9.660898e+03 9.585393e+03
0.3 9.584385e+03 9.589093e+03 9.665360e+03 9.660652e+03
1.3 9.608290e+03 9.564487e+03 9.646165e+03 9.689967e+03
2.3 9.539881e+03 9.576041e+03 9.669067e+03 9.632907e+03
3.3 9.606629e+03 9.575591e+03 9.650208e+03 9.681246e+03
4.3 9.518487e+03 9.570125e+03 9.665094e+03 9.613457e+03
5.3 9.558383e+03 9.590435e+03 9.660626e+03 9.628574e+03
6.3 9.491211e+03 9.566716e+03 9.660898e+03 9.585393e+03
7.3 9.571277e+03 9.596463e+03 9.674049e+03 9.648863e+03
8.3 9.536319e+03 9.567249e+03 9.658615e+03 9.627685e+03
1.0 9.606629e+03 9.575591e+03 9.650208e+03 9.681246e+03
2.0 9.518487e+03 9.570125e+03 9.665094e+03 9.613457e+03
3.0 9.558383e+03 9.590435e+03 9.660626e+03 9.628574e+03
4.0 9.491211e+03 9.566716e+03 9.660898e+03 9.585393e+03
5.0 9.571277e+03 9.596463e+03 9.674049e+03 9.648863e+03
6.0 9.536319e+03 9.567249e+03 9.658615e+03 9.627685e+03
7.0 9.613921e+03 9.584317e+03 9.681602e+03 9.711206e+03
8.0 9.555793e+03 9.590443e+03 9.604238e+03 9.569588e+03
9.0 9.650677e+03 9.585317e+03 9.485075e+03 9.550434e+03
0.7 9.558383e+03 9.590435e+03 9.660626e+03 9.628574e+03
1.7 9.491211e+03 9.566716e+03 9.660898e+03 9.585393e+03
2.7 9.571277e+03 9.596463e+03 9.674049e+03 9.648863e+03
3.7 9.536319e+03 9.567249e+03 9.658615e+03 9.627685e+03
4.7 9.613921e+03 9.584317e+03 9.681602e+03 9.711206e+03
5.7 9.555793e+03 9.590443e+03 9.604238e+03 9.569588e+03
6.7 9.650677e+03 9.585317e+03 9.485075e+03 9.550434e+03
7.7 9.645103e+03 9.553594e+03 9.429232e+03 9.520740e+03
8.7 9.540782e+03 9.515312e+03 9.412866e+03 9.438335e+03
0.4 9.571277e+03 9.596463e+03 9.674049e+03 9.648863e+03
1.4 9.536319e+03 9.567249e+03 9.658615e+03 9.627685e+03
2.4 9.613921e+03 9.584317e+03 9.681602e+03 9.711206e+03
3.4 9.555793e+03 9.590443e+03 9.604238e+03 9.569588e+03
4.4 9.650677e+03 9.585317e+03 9.485075e+03 9.550434e+03
5.4 9.645103e+03 9.553594e+03 9.429232e+03 9.520740e+03
6.4 9.540782e+03 9.515312e+03 9.412866e+03 9.438335e+03
7.4 9.538028e+03 9.528559e+03 9.409490e+03 9.418959e+03
8.4 9.553384e+03 9.556923e+03 9.409419e+03 9.405880e+03
0.5 9.590610e+03 9.612345e+03 9.416850e+03 9.395115e+03
1.5 9.554873e+03 9.642984e+03 9.527839e+03 9.439729e+03
2.5 9.627773e+03 9.658276e+03 9.641817e+03 9.611315e+03
3.5 9.580825e+03 9.606442e+03 9.655385e+03 9.629769e+03
4.5 9.522291e+03 9.589702e+03 9.685479e+03 9.618068e+03
5.5 9.571082e+03 9.582682e+03 9.667373e+03 9.655772e+03
6.5 9.593784e+03 9.569957e+03 9.677211e+03 9.701039e+03
7.5 9.575411e+03 9.597773e+03 9.678731e+03 9.656369e+03
8.5 9.511844e+03 9.569779e+03 9.672598e+03 9.614664e+03
0.2 9.627773e+03 9.658276e+03 9.641817e+03 9.611315e+03
1.2 9.580825e+03 9.606442e+03 9.655385e+03 9.629769e+03
2.2 9.522291e+03 9.589702e+03 9.685479e+03 9.618068e+03
3.2 9.571082e+03 9.582682e+03 9.667373e+03 9.655772e+03
4.2 9.593784e+03 9.569957e+03 9.677211e+03 9.701039e+03
5.2 9.575411e+03 9.597773e+03 9.678731e+03 9.656369e+03
6.2 9.511844e+03 9.569779e+03 9.672598e+03 9.614664e+03
7.2 9.589948e+03 9.596486e+03 9.689486e+03 9.682948e+03
8.2 9.636698e+03 9.572812e+03 9.672401e+03 9.736287e+03
0.9 9.571082e+03 9.582682e+03 9.667373e+03 9.655772e+03
1.9 9.593784e+03 9.569957e+03 9.677211e+03 9.701039e+03
2.9 9.575411e+03 9.597773e+03 9.678731e+03 9.656369e+03
3.9 9.511844e+03 9.569779e+03 9.672598e+03 9.614664e+03
4.9 9.589948e+03 9.596486e+03 9.689486e+03 9.682948e+03
5.9 9.636698e+03 9.572812e+03 9.672401e+03 9.736287e+03
6.9 9.422335e+03 9.583358e+03 9.692564e+03 9.531541e+03
7.9 9.497837e+03 9.578168e+03 9.664344e+03 9.584013e+03
8.9 9.509528e+03 9.570890e+03 9.677911e+03 9.616550e+03
0.6 9.575411e+03 9.597773e+03 9.678731e+03 9.656369e+03
1.6 9.511844e+03 9.569779e+03 9.672598e+03 9.614664e+03
2.6 9.589948e+03 9.596486e+03 9.689486e+03 9.682948e+03
3.6 9.636698e+03 9.572812e+03 9.672401e+03 9.736287e+03
4.6 9.422335e+03 9.583358e+03 9.692564e+03 9.531541e+03
5.6 9.497837e+03 9.578168e+03 9.664344e+03 9.584013e+03
6.6 9.509528e+03 9.570890e+03 9.677911e+03 9.616550e+03
7.6 9.459381e+03 9.595380e+03 9.676300e+03 9.540301e+03
8.6 9.512910e+03 9.570992e+03 9.674903e+03 9.616821e+03
0.3 9.589948e+03 9.596486e+03 9.689486e+03 9.682948e+03
1.3 9.636698e+03 9.572812e+03 9.672401e+03 9.736287e+03
2.3 9.422335e+03 9.583358e+03 9.692564e+03 9.531541e+03
3.3 9.497837e+03 9.578168e+03 9.664344e+03 9.584013e+03
4.3 9.509528e+03 9.570890e+03 9.677911e+03 9.616550e+03
5.3 9.459381e+03 9.595380e+03 9.676300e+03 9.540301e+03
6.3 9.512910e+03 9.570992e+03 9.674903e+03 9.616821e+03
7.3 9.593395e+03 9.600004e+03 9.688232e+03 9.681623e+03
8.3 9.557495e+03 9.570446e+03 9.670401e+03 9.657450e+03
0.9 9.497837e+03 9.578168e+03 9.664344e+03 9.584013e+03
1.9 9.509528e+03 9.570890e+03 9.677911e+03 9.616550e+03
2.9 9.459381e+03 9.595380e+03 9.676300e+03 9.540301e+03
3.9 9.512910e+03 9.570992e+03 9.674903e+03 9.616821e+03
4.9 9.593395e+03 9.600004e+03 9.688232e+03 9.681623e+03
5.9 9.557495e+03 9.570446e+03 9.670401e+03 9.657450e+03
6.9 9.583673e+03 9.585193e+03 9.692168e+03 9.690648e+03
7.9 9.472489e+03 9.592948e+03 9.617097e+03 9.496638e+03
8.9 9.592693e+03 9.586439e+03 9.495704e+03 9.501959e+03
0.7 9.459381e+03 9.595380e+03 9.676300e+03 9.540301e+03
1.7 9.512910e+03 9.570992e+03 9.674903e+03 9.616821e+03
2.7 9.593395e+03 9.600004e+03 9.688232e+03 9.681623e+03
3.7 9.557495e+03 9.570446e+03 9.670401e+03 9.657450e+03
4.7 9.583673e+03 9.585193e+03 9.692168e+03 9.690648e+03
5.7 9.472489e+03 9.592948e+03 9.617097e+03 9.496638e+03
6.7 9.592693e+03 9.586439e+03 9.495704e+03 9.501959e+03
7.7 9.454479e+03 9.556425e+03 9.437387e+03 9.335442e+03
8.7 9.339707e+03 9.516675e+03 9.419529e+03 9.242561e+03
0.3 9.593395e+03 9.600004e+03 9.688232e+03 9.681623e+03
1.3 9.557495e+03 9.570446e+03 9.670401e+03 9.657450e+03
2.3 9.583673e+03 9.585193e+03 9.692168e+03 9.690648e+03
3.3 9.472489e+03 9.592948e+03 9.617097e+03 9.496638e+03
4.3 9.592693e+03 9.586439e+03 9.495704e+03 9.501959e+03
5.3 9.454479e+03 9.556425e+03 9.437387e+03 9.335442e+03
6.3 9.339707e+03 9.516675e+03 9.419529e+03 9.242561e+03
7.3 9.682216e+03 9.528858e+03 9.415176e+03 9.568533e+03
8.3 9.698666e+03 9.557087e+03 9.414335e+03 9.555914e+03
0.5 9.715372e+03 9.611679e+03 9.420641e+03 9.524334e+03
1.5 9.672510e+03 9.645291e+03 9.533872e+03 9.561090e+03
2.5 9.734153e+03 9.660293e+03 9.644889e+03 9.718749e+03
3.5 9.639921e+03 9.604119e+03 9.654154e+03 9.689956e+03
4.5 9.641531e+03 9.588522e+03 9.685053e+03 9.738062e+03
5.5 9.618273e+03 9.583336e+03 9.662887e+03 9.697824e+03
6.5 9.541864e+03 9.567052e+03 9.671339e+03 9.646152e+03
7.5 9.594785e+03 9.601240e+03 9.677981e+03 9.671525e+03
8.5 9.551866e+03 9.569340e+03 9.667747e+03 9.650273e+03
0.2 9.734153e+03 9.660293e+03 9.644889e+03 9.718749e+03
1.2 9.639921e+03 9.604119e+03 9.654154e+03 9.689956e+03
2.2 9.641531e+03 9.588522e+03 9.685053e+03 9.738062e+03
3.2 9.618273e+03 9.583336e+03 9.662887e+03 9.697824e+03
4.2 9.541864e+03 9.567052e+03 9.671339e+03 9.646152e+03
5.2 9.594785e+03 9.601240e+03 9.677981e+03 9.671525e+03
6.2 9.551866e+03 9.569340e+03 9.667747e+03 9.650273e+03
7.2 9.625051e+03 9.594712e+03 9.688997e+03 9.719336e+03
8.2 9.607507e+03 9.574123e+03 9.667703e+03 9.701086e+03
0.8 9.618273e+03 9.583336e+03 9.662887e+03 9.697824e+03
1.8 9.541864e+03 9.567052e+03 9.671339e+03 9.646152e+03
2.8 9.594785e+03 9.601240e+03 9.677981e+03 9.671525e+03
3.8 9.551866e+03 9.569340e+03 9.667747e+03 9.650273e+03
4.8 9.625051e+03 9.594712e+03 9.688997e+03 9.719336e+03
5.8 9.607507e+03 9.574123e+03 9.667703e+03 9.701086e+03
6.8 9.615167e+03 9.579948e+03 9.688047e+03 9.723266e+03
7.8 9.629790e+03 9.584287e+03 9.670118e+03 9.715620e+03
8.8 9.590187e+03 9.573088e+03 9.679923e+03 9.697022e+03
0.5 9.594785e+03 9.601240e+03 9.677981e+03 9.671525e+03
1.5 9.551866e+03 9.569340e+03 9.667747e+03 9.650273e+03
2.5 9.625051e+03 9.594712e+03 9.688997e+03 9.719336e+03
3.5 9.607507e+03 9.574123e+03 9.667703e+03 9.701086e+03
4.5 9.615167e+03 9.579948e+03 9.688047e+03 9.723266e+03
5.5 9.629790e+03 9.584287e+03 9.670118e+03 9.715620e+03
6.5 9.590187e+03 9.573088e+03 9.679923e+03 9.697022e+03
7.5 9.728108e+03 9.596764e+03 9.677998e+03 9.809343e+03
8.5 9.636513e+03 9.569198e+03 9.672208e+03 9.739522e+03
0.2 9.625051e+03 9.594712e+03 9.688997e+03 9.719336e+03
1.2 9.607507e+03 9.574123e+03 9.667703e+03 9.701086e+03
2.2 9.615167e+03 9.579948e+03 9.688047e+03 9.723266e+03
3.2 9.629790e+03 9.584287e+03 9.670118e+03 9.715620e+03
4.2 9.590187e+03 9.573088e+03 9.679923e+03 9.697022e+03
5.2 9.728108e+03 9.596764e+03 9.677998e+03 9.809343e+03
6.2 9.636513e+03 9.569198e+03 9.672208e+03 9.739522e+03
7.2 9.635561e+03 9.597274e+03 9.687183e+03 9.725470e+03
8.2 9.553671e+03 9.570424e+03 9.667039e+03 9.650286e+03
0.9 9.629790e+03 9.584287e+03 9.670118e+03 9.715620e+03
1.9 9.590187e+03 9.573088e+03 9.679923e+03 9.697022e+03
2.9 9.728108e+03 9.596764e+03 9.677998e+03 9.809343e+03
3.9 9.636513e+03 9.569198e+03 9.672208e+03 9.739522e+03
4.9 9.635561e+03 9.597274e+03 9.687183e+03 9.725470e+03
5.9 9.553671e+03 9.570424e+03 9.667039e+03 9.650286e+03
6.9 9.714155e+03 9.582593e+03 9.688235e+03 9.819797e+03
7.9 9.636604e+03 9.594089e+03 9.619844e+03 9.662358e+03
8.9 9.597729e+03 9.585165e+03 9.495767e+03 9.508331e+03
0.6 9.728108e+03 9.596764e+03 9.677998e+03 9.809343e+03
1.6 9.636513e+03 9.569198e+03 9.672208e+03 9.739522e+03
2.6 9.635561e+03 9.597274e+03 9.687183e+03 9.725470e+03
3.6 9.553671e+03 9.570424e+03 9.667039e+03 9.650286e+03
4.6 9.714155e+03 9.582593e+03 9.688235e+03 9.819797e+03
5.6 9.636604e+03 9.594089e+03 9.619844e+03 9.662358e+03
6.6 9.597729e+03 9.585165e+03 9.495767e+03 9.508331e+03
7.6 9.539177e+03 9.559037e+03 9.433690e+03 9.413830e+03
8.6 9.508653e+03 9.516778e+03 9.413729e+03 9.405605e+03
0.3 9.635561e+03 9.597274e+03 9.687183e+03 9.725470e+03
1.3 9.553671e+03 9.570424e+03 9.667039e+03 9.650286e+03
2.3 9.714155e+03 9.582593e+03 9.688235e+03 9.819797e+03
3.3 9.636604e+03 9.594089e+03 9.619844e+03 9.662358e+03
4.3 9.597729e+03 9.585165e+03 9.495767e+03 9.508331e+03
5.3 9.539177e+03 9.559037e+03 9.433690e+03 9.413830e+03
6.3 9.508653e+03 9.516778e+03 9.413729e+03 9.405605e+03
7.3 9.505175e+03 9.527019e+03 9.408005e+03 9.386161e+03
8.3 9.594537e+03 9.555150e+03 9.405890e+03 9.445277e+03
0.5 9.571884e+03 9.610711e+03 9.405415e+03 9.366587e+03
1.5 9.599869e+03 9.644223e+03 9.516348e+03 9.471994e+03
2.5 9.635744e+03 9.658849e+03 9.624863e+03 9.601758e+03
3.5 9.569821e+03 9.604201e+03 9.634621e+03 9.600242e+03
4.5 9.606944e+03 9.588638e+03 9.661329e+03 9.679636e+03
5.5 9.574354e+03 9.579687e+03 9.638209e+03 9.632875e+03
6.5 9.506600e+03 9.568920e+03 9.645086e+03 9.582765e+03
7.5 9.597607e+03 9.596623e+03 9.639193e+03 9.640177e+03
8.5 9.583496e+03 9.566374e+03 9.627297e+03 9.644419e+03
0.2 9.635744e+03 9.658849e+03 9.624863e+03 9.601758e+03
1.2 9.569821e+03 9.604201e+03 9.634621e+03 9.600242e+03
2.2 9.606944e+03 9.588638e+03 9.661329e+03 9.679636e+03
3.2 9.574354e+03 9.579687e+03 9.638209e+03 9.632875e+03
4.2 9.506600e+03 9.568920e+03 9.645086e+03 9.582765e+03
5.2 9.597607e+03 9.596623e+03 9.639193e+03 9.640177e+03
6.2 9.583496e+03 9.566374e+03 9.627297e+03 9.644419e+03
7.2 9.582936e+03 9.595339e+03 9.640461e+03 9.628058e+03
8.2 9.616374e+03 9.570269e+03 9.615504e+03 9.661610e+03
0.9 9.574354e+03 9.579687e+03 9.638209e+03 9.632875e+03
1.9 9.506600e+03 9.568920e+03 9.645086e+03 9.582765e+03
2.9 9.597607e+03 9.596623e+03 9.639193e+03 9.640177e+03
3.9 9.583496e+03 9.566374e+03 9.627297e+03 9.644419e+03
4.9 9.582936e+03 9.595339e+03 9.640461e+03 9.628058e+03
5.9 9.616374e+03 9.570269e+03 9.615504e+03 9.661610e+03
6.9 9.629765e+03 9.580838e+03 9.631542e+03 9.680468e+03
7.9 9.606062e+03 9.579169e+03 9.602292e+03 9.629184e+03
8.9 9.548377e+03 9.571544e+03 9.609115e+03 9.585948e+03
0.6 9.597607e+03 9.596623e+03 9.639193e+03 9.640177e+03
1.6 9.583496e+03 9.566374e+03 9.627297e+03 9.644419e+03
2.6 9.582936e+03 9.595339e+03 9.640461e+03 9.628058e+03
3.6 9.616374e+03 9.570269e+03 9.615504e+03 9.661610e+03
4.6 9.629765e+03 9.580838e+03 9.631542e+03 9.680468e+03
5.6 9.606062e+03 9.579169e+03 9.602292e+03 9.629184e+03
6.6 9.548377e+03 9.571544e+03 9.609115e+03 9.585948e+03
7.6 9.606322e+03 9.594392e+03 9.599534e+03 9.611464e+03
8.6 9.552593e+03 9.569496e+03 9.590745e+03 9.573841e+03
0.3 9.582936e+03 9.595339e+03 9.640461e+03 9.628058e+03
1.3 9.616374e+03 9.570269e+03 9.615504e+03 9.661610e+03
2.3 9.629765e+03 9.580838e+03 9.631542e+03 9.680468e+03
3.3 9.606062e+03 9.579169e+03 9.602292e+03 9.629184e+03
4.3 9.548377e+03 9.571544e+03 9.609115e+03 9.585948e+03
5.3 9.606322e+03 9.594392e+03 9.599534e+03 9.611464e+03
6.3 9.552593e+03 9.569496e+03 9.590745e+03 9.573841e+03
7.3 9.606308e+03 9.600075e+03 9.596218e+03 9.602451e+03
8.3 9.622666e+03 9.566444e+03 9.564661e+03 9.620883e+03
1.0 9.606062e+03 9.579169e+03 9.602292e+03 9.629184e+03
2.0 9.548377e+03 9.571544e+03 9.609115e+03 9.585948e+03
3.0 9.606322e+03 9.594392e+03 9.599534e+03 9.611464e+03
4.0 9.552593e+03 9.569496e+03 9.590745e+03 9.573841e+03
5.0 9.606308e+03 9.600075e+03 9.596218e+03 9.602451e+03
6.0 9.622666e+03 9.566444e+03 9.564661e+03 9.620883e+03
0.6 9.606322e+03 9.594392e+03 9.599534e+03 9.611464e+03
1.6 9.552593e+03 9.569496e+03 9.590745e+03 9.573841e+03
2.6 9.606308e+03 9.600075e+03 9.596218e+03 9.602451e+03
3.6 9.622666e+03 9.566444e+03 9.564661e+03 9.620883e+03
0.3 9.606308e+03 9.600075e+03 9.596218e+03 9.602451e+03
1.3 9.622666e+03 9.566444e+03 9.564661e+03 9.620883e+03
