0.5 1.112524e+04 1.104002e+04 1.121614e+04 1.130136e+04
1.5 1.114816e+04 1.105816e+04 1.120382e+04 1.129382e+04
2.5 1.106578e+04 1.111811e+04 1.118409e+04 1.113176e+04
3.5 1.111226e+04 1.112607e+04 1.117864e+04 1.116483e+04
4.5 1.113521e+04 1.115834e+04 1.118513e+04 1.116201e+04
5.5 1.128791e+04 1.119909e+04 1.119491e+04 1.128372e+04
6.5 1.133550e+04 1.127286e+04 1.120545e+04 1.126808e+04
7.5 1.123127e+04 1.126671e+04 1.121351e+04 1.117807e+04
0.1 1.108480e+04 1.127180e+04 1.121648e+04 1.102948e+04
1.1 1.124031e+04 1.128902e+04 1.121174e+04 1.116303e+04
2.1 1.137014e+04 1.138920e+04 1.118770e+04 1.116864e+04
3.1 1.132761e+04 1.134121e+04 1.116486e+04 1.115126e+04
4.1 1.122739e+04 1.114648e+04 1.116361e+04 1.124452e+04
5.1 1.115561e+04 1.104590e+04 1.117585e+04 1.128555e+04
6.1 1.102816e+04 1.101360e+04 1.119094e+04 1.120549e+04
7.1 1.093811e+04 1.101783e+04 1.120643e+04 1.112671e+04
0.5 1.107184e+04 1.099905e+04 1.121668e+04 1.128947e+04
1.5 1.108593e+04 1.102207e+04 1.120463e+04 1.126849e+04
2.5 1.108110e+04 1.109182e+04 1.118512e+04 1.117440e+04
3.5 1.108703e+04 1.110902e+04 1.117984e+04 1.115785e+04
4.5 1.114566e+04 1.114217e+04 1.118650e+04 1.118999e+04
5.5 1.120552e+04 1.118804e+04 1.119642e+04 1.121390e+04
6.5 1.137783e+04 1.126527e+04 1.120706e+04 1.131962e+04
7.5 1.135344e+04 1.125867e+04 1.121517e+04 1.130994e+04
0.1 1.121155e+04 1.127432e+04 1.121722e+04 1.115445e+04
1.1 1.123826e+04 1.129215e+04 1.121272e+04 1.115884e+04
2.1 1.130546e+04 1.138910e+04 1.118901e+04 1.110537e+04
3.1 1.135913e+04 1.134978e+04 1.116565e+04 1.117500e+04
4.1 1.098039e+04 1.115343e+04 1.116383e+04 1.099078e+04
5.1 1.115398e+04 1.105027e+04 1.117583e+04 1.127954e+04
6.1 1.098630e+04 1.101638e+04 1.119084e+04 1.116076e+04
7.1 1.103743e+04 1.101987e+04 1.120634e+04 1.122389e+04
0.5 1.096763e+04 1.100091e+04 1.121687e+04 1.118359e+04
1.5 1.096212e+04 1.102129e+04 1.120479e+04 1.114562e+04
2.5 1.118825e+04 1.109448e+04 1.118526e+04 1.127902e+04
3.5 1.119504e+04 1.111553e+04 1.117996e+04 1.125947e+04
4.5 1.121287e+04 1.114456e+04 1.118660e+04 1.125491e+04
5.5 1.122487e+04 1.118811e+04 1.119649e+04 1.123325e+04
6.5 1.126175e+04 1.126947e+04 1.120710e+04 1.119938e+04
7.5 1.114198e+04 1.125399e+04 1.121519e+04 1.110319e+04
0.0 1.120433e+04 1.127061e+04 1.121682e+04 1.115055e+04
1.0 1.128730e+04 1.128964e+04 1.121289e+04 1.121055e+04
2.0 1.143491e+04 1.137993e+04 1.118997e+04 1.124495e+04
3.0 1.150261e+04 1.135836e+04 1.116570e+04 1.130995e+04
4.0 1.104801e+04 1.115951e+04 1.116274e+04 1.105124e+04
5.0 1.091480e+04 1.105125e+04 1.117424e+04 1.103779e+04
6.0 1.098010e+04 1.101419e+04 1.118904e+04 1.115496e+04
7.0 1.104574e+04 1.101606e+04 1.120445e+04 1.123413e+04
0.5 1.103311e+04 1.099603e+04 1.121529e+04 1.125236e+04
1.5 1.094233e+04 1.101537e+04 1.120295e+04 1.112991e+04
2.5 1.097292e+04 1.108734e+04 1.118314e+04 1.106871e+04
3.5 1.107841e+04 1.110645e+04 1.117752e+04 1.114947e+04
4.5 1.106003e+04 1.113401e+04 1.118379e+04 1.110982e+04
5.5 1.123940e+04 1.117896e+04 1.119329e+04 1.125373e+04
6.5 1.120486e+04 1.125123e+04 1.120345e+04 1.115708e+04
7.5 1.125272e+04 1.124271e+04 1.121104e+04 1.122105e+04
