0.5 1.028177e+04 1.014656e+04 1.007240e+04 1.020761e+04
1.5 1.015844e+04 1.005558e+04 9.909593e+03 1.001245e+04
2.5 1.021097e+04 1.013189e+04 1.009108e+04 1.017017e+04
3.5 1.010452e+04 1.008783e+04 1.012139e+04 1.013808e+04
4.5 1.013386e+04 1.008631e+04 1.012208e+04 1.016964e+04
5.5 1.001793e+04 1.006305e+04 1.012150e+04 1.007639e+04
6.5 1.004550e+04 1.009737e+04 1.012102e+04 1.006915e+04
7.5 9.929012e+03 1.006553e+04 1.012066e+04 9.984139e+03
0.1 1.004405e+04 1.004021e+04 1.012031e+04 1.012415e+04
1.1 1.001067e+04 9.999664e+03 9.912661e+03 9.923667e+03
2.1 1.010201e+04 1.015807e+04 9.896632e+03 9.840572e+03
3.1 1.032376e+04 1.034541e+04 1.009215e+04 1.007050e+04
4.1 1.032763e+04 1.029257e+04 1.011927e+04 1.015433e+04
5.1 1.013475e+04 1.023051e+04 1.012070e+04 1.002494e+04
6.1 1.009638e+04 1.019001e+04 1.012076e+04 1.002712e+04
7.1 1.017142e+04 1.016480e+04 1.012076e+04 1.012738e+04
0.5 1.005431e+04 1.010162e+04 1.006636e+04 1.001906e+04
1.5 1.007741e+04 1.001039e+04 9.904806e+03 9.971833e+03
2.5 1.020890e+04 1.008901e+04 1.008735e+04 1.020724e+04
3.5 1.004002e+04 1.005172e+04 1.011886e+04 1.010716e+04
4.5 1.018980e+04 1.005035e+04 1.012060e+04 1.026005e+04
5.5 1.013397e+04 1.002977e+04 1.012064e+04 1.022485e+04
6.5 1.003971e+04 1.006932e+04 1.012062e+04 1.009101e+04
7.5 1.009260e+04 1.003704e+04 1.012060e+04 1.017616e+04
0.1 1.011497e+04 1.003096e+04 1.012071e+04 1.020472e+04
1.1 1.008347e+04 9.992439e+03 9.918227e+03 1.000926e+04
2.1 1.011160e+04 1.014316e+04 9.890471e+03 9.858907e+03
3.1 1.034317e+04 1.033988e+04 1.009035e+04 1.009364e+04
4.1 1.029499e+04 1.028972e+04 1.011929e+04 1.012456e+04
5.1 1.023343e+04 1.022782e+04 1.012082e+04 1.012643e+04
6.1 1.023443e+04 1.018739e+04 1.012087e+04 1.016790e+04
7.1 1.019969e+04 1.016238e+04 1.012086e+04 1.015817e+04
0.5 9.957671e+03 1.009952e+04 1.006646e+04 9.924604e+03
1.5 9.911180e+03 1.000603e+04 9.904903e+03 9.810055e+03
2.5 1.003943e+04 1.008519e+04 1.008745e+04 1.004169e+04
3.5 1.001592e+04 1.005286e+04 1.011892e+04 1.008199e+04
4.5 1.003061e+04 1.005226e+04 1.012060e+04 1.009895e+04
5.5 9.941089e+03 1.002980e+04 1.012062e+04 1.003191e+04
6.5 9.985747e+03 1.007593e+04 1.012058e+04 1.003040e+04
7.5 9.964149e+03 1.003909e+04 1.012053e+04 1.004559e+04
0.0 1.007383e+04 1.003159e+04 1.011938e+04 1.016162e+04
1.0 1.001219e+04 9.995369e+03 9.927854e+03 9.944678e+03
2.0 1.006249e+04 1.012890e+04 9.876543e+03 9.810124e+03
3.0 1.040213e+04 1.034245e+04 1.008382e+04 1.014350e+04
4.0 1.043619e+04 1.029718e+04 1.011641e+04 1.025542e+04
5.0 1.023374e+04 1.023494e+04 1.011777e+04 1.011657e+04
6.0 1.010650e+04 1.019420e+04 1.011736e+04 1.002966e+04
7.0 1.023425e+04 1.016937e+04 1.011681e+04 1.018168e+04
0.5 1.011183e+04 1.010744e+04 1.006114e+04 1.006552e+04
1.5 1.006980e+04 1.001508e+04 9.898842e+03 9.953563e+03
2.5 1.000067e+04 1.009551e+04 1.008057e+04 9.985735e+03
3.5 1.004746e+04 1.006417e+04 1.011113e+04 1.009442e+04
4.5 9.898383e+03 1.006240e+04 1.011182e+04 9.947802e+03
5.5 9.895597e+03 1.004455e+04 1.011077e+04 9.961811e+03
6.5 9.997256e+03 1.008542e+04 1.010956e+04 1.002139e+04
7.5 1.006580e+04 1.005507e+04 1.010827e+04 1.011900e+04
