0.5 9.779284e+03 9.748110e+03 9.656148e+03 9.687323e+03
1.5 9.701899e+03 9.657912e+03 9.659344e+03 9.703332e+03
2.5 9.640983e+03 9.674020e+03 9.670021e+03 9.636984e+03
3.5 9.693214e+03 9.704734e+03 9.681307e+03 9.669786e+03
4.5 9.636651e+03 9.708570e+03 9.690491e+03 9.618573e+03
5.5 9.789243e+03 9.675145e+03 9.696627e+03 9.810725e+03
6.5 9.885100e+03 9.684638e+03 9.698971e+03 9.899433e+03
7.5 9.713325e+03 9.647393e+03 9.699439e+03 9.765371e+03
8.5 9.680719e+03 9.681228e+03 9.698824e+03 9.698315e+03
0.2 9.640983e+03 9.674020e+03 9.670021e+03 9.636984e+03
1.2 9.693214e+03 9.704734e+03 9.681307e+03 9.669786e+03
2.2 9.636651e+03 9.708570e+03 9.690491e+03 9.618573e+03
3.2 9.789243e+03 9.675145e+03 9.696627e+03 9.810725e+03
4.2 9.885100e+03 9.684638e+03 9.698971e+03 9.899433e+03
5.2 9.713325e+03 9.647393e+03 9.699439e+03 9.765371e+03
6.2 9.680719e+03 9.681228e+03 9.698824e+03 9.698315e+03
7.2 9.660431e+03 9.655861e+03 9.699148e+03 9.703718e+03
8.2 9.619320e+03 9.676095e+03 9.698647e+03 9.641872e+03
0.9 9.789243e+03 9.675145e+03 9.696627e+03 9.810725e+03
1.9 9.885100e+03 9.684638e+03 9.698971e+03 9.899433e+03
2.9 9.713325e+03 9.647393e+03 9.699439e+03 9.765371e+03
3.9 9.680719e+03 9.681228e+03 9.698824e+03 9.698315e+03
4.9 9.660431e+03 9.655861e+03 9.699148e+03 9.703718e+03
5.9 9.619320e+03 9.676095e+03 9.698647e+03 9.641872e+03
6.9 9.571099e+03 9.676581e+03 9.698873e+03 9.593391e+03
7.9 9.637960e+03 9.664325e+03 9.698715e+03 9.672350e+03
8.9 9.561300e+03 9.681835e+03 9.698749e+03 9.578214e+03
0.6 9.713325e+03 9.647393e+03 9.699439e+03 9.765371e+03
1.6 9.680719e+03 9.681228e+03 9.698824e+03 9.698315e+03
2.6 9.660431e+03 9.655861e+03 9.699148e+03 9.703718e+03
3.6 9.619320e+03 9.676095e+03 9.698647e+03 9.641872e+03
4.6 9.571099e+03 9.676581e+03 9.698873e+03 9.593391e+03
5.6 9.637960e+03 9.664325e+03 9.698715e+03 9.672350e+03
6.6 9.561300e+03 9.681835e+03 9.698749e+03 9.578214e+03
7.6 9.564841e+03 9.650950e+03 9.699078e+03 9.612969e+03
8.6 9.650517e+03 9.682683e+03 9.698857e+03 9.666691e+03
0.3 9.660431e+03 9.655861e+03 9.699148e+03 9.703718e+03
1.3 9.619320e+03 9.676095e+03 9.698647e+03 9.641872e+03
2.3 9.571099e+03 9.676581e+03 9.698873e+03 9.593391e+03
3.3 9.637960e+03 9.664325e+03 9.698715e+03 9.672350e+03
4.3 9.561300e+03 9.681835e+03 9.698749e+03 9.578214e+03
5.3 9.564841e+03 9.650950e+03 9.699078e+03 9.612969e+03
6.3 9.650517e+03 9.682683e+03 9.698857e+03 9.666691e+03
7.3 9.633258e+03 9.651058e+03 9.699451e+03 9.681651e+03
8.3 9.675741e+03 9.679111e+03 9.699127e+03 9.695757e+03
1.0 9.637960e+03 9.664325e+03 9.698715e+03 9.672350e+03
2.0 9.561300e+03 9.681835e+03 9.698749e+03 9.578214e+03
3.0 9.564841e+03 9.650950e+03 9.699078e+03 9.612969e+03
4.0 9.650517e+03 9.682683e+03 9.698857e+03 9.666691e+03
5.0 9.633258e+03 9.651058e+03 9.699451e+03 9.681651e+03
6.0 9.675741e+03 9.679111e+03 9.699127e+03 9.695757e+03
7.0 9.577290e+03 9.671500e+03 9.699608e+03 9.605398e+03
8.0 9.628196e+03 9.739382e+03 9.697910e+03 9.586724e+03
9.0 9.727055e+03 9.681476e+03 9.689266e+03 9.734845e+03
0.7 9.564841e+03 9.650950e+03 9.699078e+03 9.612969e+03
1.7 9.650517e+03 9.682683e+03 9.698857e+03 9.666691e+03
2.7 9.633258e+03 9.651058e+03 9.699451e+03 9.681651e+03
3.7 9.675741e+03 9.679111e+03 9.699127e+03 9.695757e+03
4.7 9.577290e+03 9.671500e+03 9.699608e+03 9.605398e+03
5.7 9.628196e+03 9.739382e+03 9.697910e+03 9.586724e+03
6.7 9.727055e+03 9.681476e+03 9.689266e+03 9.734845e+03
7.7 9.651323e+03 9.624966e+03 9.676852e+03 9.703210e+03
8.7 9.753485e+03 9.713842e+03 9.666237e+03 9.705880e+03
0.4 9.633258e+03 9.651058e+03 9.699451e+03 9.681651e+03
1.4 9.675741e+03 9.679111e+03 9.699127e+03 9.695757e+03
2.4 9.577290e+03 9.671500e+03 9.699608e+03 9.605398e+03
3.4 9.628196e+03 9.739382e+03 9.697910e+03 9.586724e+03
4.4 9.727055e+03 9.681476e+03 9.689266e+03 9.734845e+03
5.4 9.651323e+03 9.624966e+03 9.676852e+03 9.703210e+03
6.4 9.753485e+03 9.713842e+03 9.666237e+03 9.705880e+03
7.4 9.651363e+03 9.731587e+03 9.658558e+03 9.578334e+03
8.4 9.631533e+03 9.710443e+03 9.654184e+03 9.575273e+03
0.5 9.736971e+03 9.755375e+03 9.653439e+03 9.635035e+03
1.5 9.697071e+03 9.661597e+03 9.657719e+03 9.693193e+03
2.5 9.658774e+03 9.675105e+03 9.669279e+03 9.652948e+03
3.5 9.622928e+03 9.708527e+03 9.681154e+03 9.595555e+03
4.5 9.641958e+03 9.710534e+03 9.690845e+03 9.622269e+03
5.5 9.603197e+03 9.676712e+03 9.697246e+03 9.623731e+03
6.5 9.742260e+03 9.687061e+03 9.699689e+03 9.754887e+03
7.5 9.656829e+03 9.648612e+03 9.700365e+03 9.708582e+03
8.5 9.731428e+03 9.681824e+03 9.700035e+03 9.749639e+03
0.2 9.658774e+03 9.675105e+03 9.669279e+03 9.652948e+03
1.2 9.622928e+03 9.708527e+03 9.681154e+03 9.595555e+03
2.2 9.641958e+03 9.710534e+03 9.690845e+03 9.622269e+03
3.2 9.603197e+03 9.676712e+03 9.697246e+03 9.623731e+03
4.2 9.742260e+03 9.687061e+03 9.699689e+03 9.754887e+03
5.2 9.656829e+03 9.648612e+03 9.700365e+03 9.708582e+03
6.2 9.731428e+03 9.681824e+03 9.700035e+03 9.749639e+03
7.2 9.681503e+03 9.657059e+03 9.700584e+03 9.725027e+03
8.2 9.687752e+03 9.676136e+03 9.700424e+03 9.712040e+03
0.9 9.603197e+03 9.676712e+03 9.697246e+03 9.623731e+03
1.9 9.742260e+03 9.687061e+03 9.699689e+03 9.754887e+03
2.9 9.656829e+03 9.648612e+03 9.700365e+03 9.708582e+03
3.9 9.731428e+03 9.681824e+03 9.700035e+03 9.749639e+03
4.9 9.681503e+03 9.657059e+03 9.700584e+03 9.725027e+03
5.9 9.687752e+03 9.676136e+03 9.700424e+03 9.712040e+03
6.9 9.676049e+03 9.674809e+03 9.700917e+03 9.702156e+03
7.9 9.642027e+03 9.662999e+03 9.700523e+03 9.679551e+03
8.9 9.638113e+03 9.683952e+03 9.700075e+03 9.654236e+03
0.6 9.656829e+03 9.648612e+03 9.700365e+03 9.708582e+03
1.6 9.731428e+03 9.681824e+03 9.700035e+03 9.749639e+03
2.6 9.681503e+03 9.657059e+03 9.700584e+03 9.725027e+03
3.6 9.687752e+03 9.676136e+03 9.700424e+03 9.712040e+03
4.6 9.676049e+03 9.674809e+03 9.700917e+03 9.702156e+03
5.6 9.642027e+03 9.662999e+03 9.700523e+03 9.679551e+03
6.6 9.638113e+03 9.683952e+03 9.700075e+03 9.654236e+03
7.6 9.620801e+03 9.650485e+03 9.700224e+03 9.670540e+03
8.6 9.690275e+03 9.682183e+03 9.699944e+03 9.708037e+03
0.3 9.681503e+03 9.657059e+03 9.700584e+03 9.725027e+03
1.3 9.687752e+03 9.676136e+03 9.700424e+03 9.712040e+03
2.3 9.676049e+03 9.674809e+03 9.700917e+03 9.702156e+03
3.3 9.642027e+03 9.662999e+03 9.700523e+03 9.679551e+03
4.3 9.638113e+03 9.683952e+03 9.700075e+03 9.654236e+03
5.3 9.620801e+03 9.650485e+03 9.700224e+03 9.670540e+03
6.3 9.690275e+03 9.682183e+03 9.699944e+03 9.708037e+03
7.3 9.590336e+03 9.651646e+03 9.700547e+03 9.639237e+03
8.3 9.706239e+03 9.678143e+03 9.700305e+03 9.728400e+03
0.9 9.642027e+03 9.662999e+03 9.700523e+03 9.679551e+03
1.9 9.638113e+03 9.683952e+03 9.700075e+03 9.654236e+03
2.9 9.620801e+03 9.650485e+03 9.700224e+03 9.670540e+03
3.9 9.690275e+03 9.682183e+03 9.699944e+03 9.708037e+03
4.9 9.590336e+03 9.651646e+03 9.700547e+03 9.639237e+03
5.9 9.706239e+03 9.678143e+03 9.700305e+03 9.728400e+03
6.9 9.595007e+03 9.672740e+03 9.700764e+03 9.623032e+03
7.9 9.724808e+03 9.737337e+03 9.699101e+03 9.686572e+03
8.9 9.595231e+03 9.686573e+03 9.690517e+03 9.599176e+03
0.7 9.620801e+03 9.650485e+03 9.700224e+03 9.670540e+03
1.7 9.690275e+03 9.682183e+03 9.699944e+03 9.708037e+03
2.7 9.590336e+03 9.651646e+03 9.700547e+03 9.639237e+03
3.7 9.706239e+03 9.678143e+03 9.700305e+03 9.728400e+03
4.7 9.595007e+03 9.672740e+03 9.700764e+03 9.623032e+03
5.7 9.724808e+03 9.737337e+03 9.699101e+03 9.686572e+03
6.7 9.595231e+03 9.686573e+03 9.690517e+03 9.599176e+03
7.7 9.457261e+03 9.622547e+03 9.678025e+03 9.512739e+03
8.7 9.836525e+03 9.712231e+03 9.667235e+03 9.791530e+03
0.3 9.590336e+03 9.651646e+03 9.700547e+03 9.639237e+03
1.3 9.706239e+03 9.678143e+03 9.700305e+03 9.728400e+03
2.3 9.595007e+03 9.672740e+03 9.700764e+03 9.623032e+03
3.3 9.724808e+03 9.737337e+03 9.699101e+03 9.686572e+03
4.3 9.595231e+03 9.686573e+03 9.690517e+03 9.599176e+03
5.3 9.457261e+03 9.622547e+03 9.678025e+03 9.512739e+03
6.3 9.836525e+03 9.712231e+03 9.667235e+03 9.791530e+03
7.3 9.731374e+03 9.731625e+03 9.659396e+03 9.659145e+03
8.3 9.851725e+03 9.710985e+03 9.654843e+03 9.795582e+03
0.5 9.770057e+03 9.757279e+03 9.653815e+03 9.666593e+03
1.5 9.693375e+03 9.660645e+03 9.658242e+03 9.690972e+03
2.5 9.811745e+03 9.672122e+03 9.669879e+03 9.809502e+03
3.5 9.778523e+03 9.709121e+03 9.681513e+03 9.750915e+03
4.5 9.724463e+03 9.711284e+03 9.690951e+03 9.704130e+03
5.5 9.617722e+03 9.673240e+03 9.697104e+03 9.641586e+03
6.5 9.694734e+03 9.689117e+03 9.699090e+03 9.704708e+03
7.5 9.667863e+03 9.646409e+03 9.699693e+03 9.721147e+03
8.5 9.690748e+03 9.681783e+03 9.699359e+03 9.708324e+03
0.2 9.811745e+03 9.672122e+03 9.669879e+03 9.809502e+03
1.2 9.778523e+03 9.709121e+03 9.681513e+03 9.750915e+03
2.2 9.724463e+03 9.711284e+03 9.690951e+03 9.704130e+03
3.2 9.617722e+03 9.673240e+03 9.697104e+03 9.641586e+03
4.2 9.694734e+03 9.689117e+03 9.699090e+03 9.704708e+03
5.2 9.667863e+03 9.646409e+03 9.699693e+03 9.721147e+03
6.2 9.690748e+03 9.681783e+03 9.699359e+03 9.708324e+03
7.2 9.726633e+03 9.661792e+03 9.699936e+03 9.764777e+03
8.2 9.702522e+03 9.673608e+03 9.699854e+03 9.728769e+03
0.8 9.617722e+03 9.673240e+03 9.697104e+03 9.641586e+03
1.8 9.694734e+03 9.689117e+03 9.699090e+03 9.704708e+03
2.8 9.667863e+03 9.646409e+03 9.699693e+03 9.721147e+03
3.8 9.690748e+03 9.681783e+03 9.699359e+03 9.708324e+03
4.8 9.726633e+03 9.661792e+03 9.699936e+03 9.764777e+03
5.8 9.702522e+03 9.673608e+03 9.699854e+03 9.728769e+03
6.8 9.751679e+03 9.678879e+03 9.700274e+03 9.773073e+03
7.8 9.735072e+03 9.660490e+03 9.700275e+03 9.774857e+03
8.8 9.739140e+03 9.682153e+03 9.700242e+03 9.757229e+03
0.5 9.667863e+03 9.646409e+03 9.699693e+03 9.721147e+03
1.5 9.690748e+03 9.681783e+03 9.699359e+03 9.708324e+03
2.5 9.726633e+03 9.661792e+03 9.699936e+03 9.764777e+03
3.5 9.702522e+03 9.673608e+03 9.699854e+03 9.728769e+03
4.5 9.751679e+03 9.678879e+03 9.700274e+03 9.773073e+03
5.5 9.735072e+03 9.660490e+03 9.700275e+03 9.774857e+03
6.5 9.739140e+03 9.682153e+03 9.700242e+03 9.757229e+03
7.5 9.660455e+03 9.648822e+03 9.700573e+03 9.712206e+03
8.5 9.661291e+03 9.682151e+03 9.700152e+03 9.679292e+03
0.2 9.726633e+03 9.661792e+03 9.699936e+03 9.764777e+03
1.2 9.702522e+03 9.673608e+03 9.699854e+03 9.728769e+03
2.2 9.751679e+03 9.678879e+03 9.700274e+03 9.773073e+03
3.2 9.735072e+03 9.660490e+03 9.700275e+03 9.774857e+03
4.2 9.739140e+03 9.682153e+03 9.700242e+03 9.757229e+03
5.2 9.660455e+03 9.648822e+03 9.700573e+03 9.712206e+03
6.2 9.661291e+03 9.682151e+03 9.700152e+03 9.679292e+03
7.2 9.728863e+03 9.654773e+03 9.700590e+03 9.774680e+03
8.2 9.637931e+03 9.677153e+03 9.700122e+03 9.660900e+03
0.9 9.735072e+03 9.660490e+03 9.700275e+03 9.774857e+03
1.9 9.739140e+03 9.682153e+03 9.700242e+03 9.757229e+03
2.9 9.660455e+03 9.648822e+03 9.700573e+03 9.712206e+03
3.9 9.661291e+03 9.682151e+03 9.700152e+03 9.679292e+03
4.9 9.728863e+03 9.654773e+03 9.700590e+03 9.774680e+03
5.9 9.637931e+03 9.677153e+03 9.700122e+03 9.660900e+03
6.9 9.675798e+03 9.675676e+03 9.700361e+03 9.700482e+03
7.9 9.884840e+03 9.733604e+03 9.698884e+03 9.850120e+03
8.9 9.704151e+03 9.697509e+03 9.690568e+03 9.697210e+03
0.6 9.660455e+03 9.648822e+03 9.700573e+03 9.712206e+03
1.6 9.661291e+03 9.682151e+03 9.700152e+03 9.679292e+03
2.6 9.728863e+03 9.654773e+03 9.700590e+03 9.774680e+03
3.6 9.637931e+03 9.677153e+03 9.700122e+03 9.660900e+03
4.6 9.675798e+03 9.675676e+03 9.700361e+03 9.700482e+03
5.6 9.884840e+03 9.733604e+03 9.698884e+03 9.850120e+03
6.6 9.704151e+03 9.697509e+03 9.690568e+03 9.697210e+03
7.6 9.660772e+03 9.618872e+03 9.678043e+03 9.719944e+03
8.6 9.749942e+03 9.709808e+03 9.666984e+03 9.707119e+03
0.3 9.728863e+03 9.654773e+03 9.700590e+03 9.774680e+03
1.3 9.637931e+03 9.677153e+03 9.700122e+03 9.660900e+03
2.3 9.675798e+03 9.675676e+03 9.700361e+03 9.700482e+03
3.3 9.884840e+03 9.733604e+03 9.698884e+03 9.850120e+03
4.3 9.704151e+03 9.697509e+03 9.690568e+03 9.697210e+03
5.3 9.660772e+03 9.618872e+03 9.678043e+03 9.719944e+03
6.3 9.749942e+03 9.709808e+03 9.666984e+03 9.707119e+03
7.3 9.701406e+03 9.732704e+03 9.658866e+03 9.627568e+03
8.3 9.652470e+03 9.713252e+03 9.653962e+03 9.593179e+03
0.5 9.738400e+03 9.758953e+03 9.651896e+03 9.631344e+03
1.5 9.626188e+03 9.662611e+03 9.655999e+03 9.619576e+03
2.5 9.642693e+03 9.674846e+03 9.667262e+03 9.635110e+03
3.5 9.634101e+03 9.711940e+03 9.678617e+03 9.600778e+03
4.5 9.653907e+03 9.712948e+03 9.687747e+03 9.628706e+03
5.5 9.737617e+03 9.681578e+03 9.693459e+03 9.749499e+03
6.5 9.764045e+03 9.690911e+03 9.695200e+03 9.768334e+03
7.5 9.684146e+03 9.651332e+03 9.695096e+03 9.727909e+03
8.5 9.657655e+03 9.688112e+03 9.693817e+03 9.663360e+03
0.2 9.642693e+03 9.674846e+03 9.667262e+03 9.635110e+03
1.2 9.634101e+03 9.711940e+03 9.678617e+03 9.600778e+03
2.2 9.653907e+03 9.712948e+03 9.687747e+03 9.628706e+03
3.2 9.737617e+03 9.681578e+03 9.693459e+03 9.749499e+03
4.2 9.764045e+03 9.690911e+03 9.695200e+03 9.768334e+03
5.2 9.684146e+03 9.651332e+03 9.695096e+03 9.727909e+03
6.2 9.657655e+03 9.688112e+03 9.693817e+03 9.663360e+03
7.2 9.597768e+03 9.662463e+03 9.693434e+03 9.628739e+03
8.2 9.626069e+03 9.682811e+03 9.692260e+03 9.635518e+03
0.9 9.737617e+03 9.681578e+03 9.693459e+03 9.749499e+03
1.9 9.764045e+03 9.690911e+03 9.695200e+03 9.768334e+03
2.9 9.684146e+03 9.651332e+03 9.695096e+03 9.727909e+03
3.9 9.657655e+03 9.688112e+03 9.693817e+03 9.663360e+03
4.9 9.597768e+03 9.662463e+03 9.693434e+03 9.628739e+03
5.9 9.626069e+03 9.682811e+03 9.692260e+03 9.635518e+03
6.9 9.710233e+03 9.683913e+03 9.691693e+03 9.718014e+03
7.9 9.635507e+03 9.671146e+03 9.690500e+03 9.654860e+03
8.9 9.786143e+03 9.691928e+03 9.689296e+03 9.783510e+03
0.6 9.684146e+03 9.651332e+03 9.695096e+03 9.727909e+03
1.6 9.657655e+03 9.688112e+03 9.693817e+03 9.663360e+03
2.6 9.597768e+03 9.662463e+03 9.693434e+03 9.628739e+03
3.6 9.626069e+03 9.682811e+03 9.692260e+03 9.635518e+03
4.6 9.710233e+03 9.683913e+03 9.691693e+03 9.718014e+03
5.6 9.635507e+03 9.671146e+03 9.690500e+03 9.654860e+03
6.6 9.786143e+03 9.691928e+03 9.689296e+03 9.783510e+03
7.6 9.719030e+03 9.660204e+03 9.688430e+03 9.747257e+03
8.6 9.727617e+03 9.693291e+03 9.686977e+03 9.721303e+03
0.3 9.597768e+03 9.662463e+03 9.693434e+03 9.628739e+03
1.3 9.626069e+03 9.682811e+03 9.692260e+03 9.635518e+03
2.3 9.710233e+03 9.683913e+03 9.691693e+03 9.718014e+03
3.3 9.635507e+03 9.671146e+03 9.690500e+03 9.654860e+03
4.3 9.786143e+03 9.691928e+03 9.689296e+03 9.783510e+03
5.3 9.719030e+03 9.660204e+03 9.688430e+03 9.747257e+03
6.3 9.727617e+03 9.693291e+03 9.686977e+03 9.721303e+03
7.3 9.668712e+03 9.661682e+03 9.686282e+03 9.693312e+03
8.3 9.608474e+03 9.691966e+03 9.684312e+03 9.600820e+03
1.0 9.635507e+03 9.671146e+03 9.690500e+03 9.654860e+03
2.0 9.786143e+03 9.691928e+03 9.689296e+03 9.783510e+03
3.0 9.719030e+03 9.660204e+03 9.688430e+03 9.747257e+03
4.0 9.727617e+03 9.693291e+03 9.686977e+03 9.721303e+03
5.0 9.668712e+03 9.661682e+03 9.686282e+03 9.693312e+03
6.0 9.608474e+03 9.691966e+03 9.684312e+03 9.600820e+03
0.6 9.719030e+03 9.660204e+03 9.688430e+03 9.747257e+03
1.6 9.727617e+03 9.693291e+03 9.686977e+03 9.721303e+03
2.6 9.668712e+03 9.661682e+03 9.686282e+03 9.693312e+03
3.6 9.608474e+03 9.691966e+03 9.684312e+03 9.600820e+03
0.3 9.668712e+03 9.661682e+03 9.686282e+03 9.693312e+03
1.3 9.608474e+03 9.691966e+03 9.684312e+03 9.600820e+03
