0.5 9.714773e+03 9.582312e+03 9.616627e+03 9.749088e+03
1.5 9.628220e+03 9.608591e+03 9.518016e+03 9.537645e+03
2.5 9.606840e+03 9.617131e+03 9.627941e+03 9.617650e+03
3.5 9.585855e+03 9.575977e+03 9.646297e+03 9.656176e+03
4.5 9.575945e+03 9.573438e+03 9.646717e+03 9.649223e+03
5.5 9.571089e+03 9.589506e+03 9.646365e+03 9.627949e+03
6.5 9.600661e+03 9.647220e+03 9.646075e+03 9.599516e+03
7.5 9.573250e+03 9.641951e+03 9.645853e+03 9.577152e+03
0.1 9.601499e+03 9.646652e+03 9.645639e+03 9.600487e+03
1.1 9.615429e+03 9.684362e+03 9.519874e+03 9.450941e+03
2.1 9.808238e+03 9.790565e+03 9.510166e+03 9.527840e+03
3.1 9.777624e+03 9.747828e+03 9.628584e+03 9.658380e+03
4.1 9.696481e+03 9.597366e+03 9.645015e+03 9.744130e+03
5.1 9.663952e+03 9.540263e+03 9.645877e+03 9.769566e+03
6.1 9.645466e+03 9.538842e+03 9.645913e+03 9.752537e+03
7.1 9.639058e+03 9.560637e+03 9.645913e+03 9.724334e+03
0.5 9.645887e+03 9.557855e+03 9.612967e+03 9.700999e+03
1.5 9.637904e+03 9.585248e+03 9.515117e+03 9.567772e+03
2.5 9.653687e+03 9.599193e+03 9.625679e+03 9.680173e+03
3.5 9.657825e+03 9.563653e+03 9.644761e+03 9.738933e+03
4.5 9.636353e+03 9.560080e+03 9.645818e+03 9.722091e+03
5.5 9.641053e+03 9.579211e+03 9.645843e+03 9.707685e+03
6.5 9.648078e+03 9.639347e+03 9.645829e+03 9.654560e+03
7.5 9.715439e+03 9.633379e+03 9.645815e+03 9.727875e+03
0.1 9.703208e+03 9.645673e+03 9.645886e+03 9.703421e+03
1.1 9.713757e+03 9.683408e+03 9.523246e+03 9.553595e+03
2.1 9.786061e+03 9.787892e+03 9.506434e+03 9.504603e+03
3.1 9.789877e+03 9.752700e+03 9.627495e+03 9.664672e+03
4.1 9.459564e+03 9.600616e+03 9.645027e+03 9.503975e+03
5.1 9.499785e+03 9.541417e+03 9.645948e+03 9.604316e+03
6.1 9.427133e+03 9.539040e+03 9.645979e+03 9.534072e+03
7.1 9.462235e+03 9.560588e+03 9.645974e+03 9.547620e+03
0.5 9.510059e+03 9.558339e+03 9.613024e+03 9.564744e+03
1.5 9.504292e+03 9.583413e+03 9.515176e+03 9.436054e+03
2.5 9.569482e+03 9.599912e+03 9.625739e+03 9.595309e+03
3.5 9.552607e+03 9.567662e+03 9.644799e+03 9.629744e+03
4.5 9.528577e+03 9.561237e+03 9.645819e+03 9.613159e+03
5.5 9.518644e+03 9.579031e+03 9.645830e+03 9.585443e+03
6.5 9.530501e+03 9.643752e+03 9.645804e+03 9.532554e+03
7.5 9.564241e+03 9.631225e+03 9.645777e+03 9.578794e+03
0.0 9.678168e+03 9.643491e+03 9.645077e+03 9.679754e+03
1.0 9.828159e+03 9.680886e+03 9.529077e+03 9.676349e+03
2.0 9.816392e+03 9.781347e+03 9.497999e+03 9.533044e+03
3.0 9.832584e+03 9.761436e+03 9.623543e+03 9.694690e+03
4.0 9.548369e+03 9.606537e+03 9.643280e+03 9.585112e+03
5.0 9.466050e+03 9.543069e+03 9.644105e+03 9.567085e+03
6.0 9.502359e+03 9.538761e+03 9.643853e+03 9.607451e+03
7.0 9.576919e+03 9.559782e+03 9.643523e+03 9.660660e+03
0.5 9.547938e+03 9.558568e+03 9.609804e+03 9.599173e+03
1.5 9.509473e+03 9.583497e+03 9.511504e+03 9.437481e+03
2.5 9.537029e+03 9.599798e+03 9.621571e+03 9.558802e+03
3.5 9.543892e+03 9.566843e+03 9.640082e+03 9.617131e+03
4.5 9.552977e+03 9.559732e+03 9.640501e+03 9.633746e+03
5.5 9.569477e+03 9.579609e+03 9.639861e+03 9.629728e+03
6.5 9.610736e+03 9.637276e+03 9.639131e+03 9.612591e+03
7.5 9.613959e+03 9.631513e+03 9.638348e+03 9.620794e+03
