0.5 9.376445e+03 9.308820e+03 9.327505e+03 9.395130e+03
1.5 9.331734e+03 9.324658e+03 9.264793e+03 9.271870e+03
2.5 9.301306e+03 9.340999e+03 9.264253e+03 9.224560e+03
3.5 9.283188e+03 9.300412e+03 9.302517e+03 9.285294e+03
4.5 9.302132e+03 9.316871e+03 9.321933e+03 9.307194e+03
5.5 9.373414e+03 9.327872e+03 9.327766e+03 9.373308e+03
6.5 9.372366e+03 9.302099e+03 9.329112e+03 9.399379e+03
7.5 9.332179e+03 9.328405e+03 9.329282e+03 9.333056e+03
0.1 9.252478e+03 9.313274e+03 9.329724e+03 9.268927e+03
1.1 9.267721e+03 9.270069e+03 9.293761e+03 9.291412e+03
2.1 9.250521e+03 9.284218e+03 9.222258e+03 9.188560e+03
3.1 9.326146e+03 9.303437e+03 9.249775e+03 9.272485e+03
4.1 9.321340e+03 9.343445e+03 9.299413e+03 9.277308e+03
5.1 9.304828e+03 9.343533e+03 9.321573e+03 9.282868e+03
6.1 9.236574e+03 9.328013e+03 9.328129e+03 9.236691e+03
7.1 9.295689e+03 9.312079e+03 9.329760e+03 9.313370e+03
0.5 9.285591e+03 9.313367e+03 9.325632e+03 9.297855e+03
1.5 9.353767e+03 9.331210e+03 9.263485e+03 9.286042e+03
2.5 9.372367e+03 9.343307e+03 9.263412e+03 9.292473e+03
3.5 9.248965e+03 9.300235e+03 9.302111e+03 9.250841e+03
4.5 9.352766e+03 9.320847e+03 9.321983e+03 9.353901e+03
5.5 9.341380e+03 9.329713e+03 9.328157e+03 9.339824e+03
6.5 9.332716e+03 9.303960e+03 9.329716e+03 9.358471e+03
7.5 9.402054e+03 9.331578e+03 9.330019e+03 9.400495e+03
0.1 9.265672e+03 9.315443e+03 9.330126e+03 9.280355e+03
1.1 9.263870e+03 9.269516e+03 9.295989e+03 9.290343e+03
2.1 9.298869e+03 9.284861e+03 9.223302e+03 9.237310e+03
3.1 9.295194e+03 9.302129e+03 9.248561e+03 9.241627e+03
4.1 9.369053e+03 9.342994e+03 9.298703e+03 9.324761e+03
5.1 9.434179e+03 9.343827e+03 9.321426e+03 9.411777e+03
6.1 9.333649e+03 9.328427e+03 9.328175e+03 9.333398e+03
7.1 9.279496e+03 9.312407e+03 9.329843e+03 9.296932e+03
0.5 9.283019e+03 9.313336e+03 9.325698e+03 9.295380e+03
1.5 9.332188e+03 9.333854e+03 9.263539e+03 9.261872e+03
2.5 9.347393e+03 9.342037e+03 9.263456e+03 9.268811e+03
3.5 9.319413e+03 9.296460e+03 9.302144e+03 9.325097e+03
4.5 9.278869e+03 9.322004e+03 9.321985e+03 9.278850e+03
5.5 9.352903e+03 9.330936e+03 9.328128e+03 9.350096e+03
6.5 9.252158e+03 9.299775e+03 9.329666e+03 9.282050e+03
7.5 9.355845e+03 9.334641e+03 9.329951e+03 9.351155e+03
0.0 9.354747e+03 9.318900e+03 9.329415e+03 9.365262e+03
1.0 9.229689e+03 9.268175e+03 9.298875e+03 9.260389e+03
2.0 9.351947e+03 9.285786e+03 9.224174e+03 9.290335e+03
3.0 9.194646e+03 9.299217e+03 9.244601e+03 9.140030e+03
4.0 9.433027e+03 9.341678e+03 9.295565e+03 9.386915e+03
5.0 9.322247e+03 9.344059e+03 9.319307e+03 9.297495e+03
6.0 9.294878e+03 9.328916e+03 9.326287e+03 9.292249e+03
7.0 9.315483e+03 9.312733e+03 9.327817e+03 9.330568e+03
0.5 9.355119e+03 9.312903e+03 9.323075e+03 9.365292e+03
1.5 9.295240e+03 9.333404e+03 9.260540e+03 9.222376e+03
2.5 9.394514e+03 9.341574e+03 9.260038e+03 9.312978e+03
3.5 9.328543e+03 9.296543e+03 9.298257e+03 9.330257e+03
4.5 9.274415e+03 9.321520e+03 9.317581e+03 9.270476e+03
5.5 9.358015e+03 9.328494e+03 9.323158e+03 9.352679e+03
6.5 9.299039e+03 9.305418e+03 9.324078e+03 9.317699e+03
7.5 9.338308e+03 9.330907e+03 9.323693e+03 9.331094e+03
