0.5 6.922473e+03 6.827850e+03 6.665858e+03 6.760481e+03
1.5 6.695305e+03 6.724374e+03 6.674749e+03 6.645679e+03
2.5 6.648053e+03 6.715583e+03 6.704450e+03 6.636920e+03
3.5 6.742545e+03 6.766942e+03 6.735844e+03 6.711447e+03
4.5 6.745660e+03 6.780943e+03 6.761394e+03 6.726111e+03
5.5 6.737787e+03 6.727451e+03 6.778461e+03 6.788797e+03
6.5 6.865152e+03 6.755796e+03 6.784981e+03 6.894337e+03
7.5 6.737976e+03 6.681770e+03 6.786284e+03 6.842490e+03
8.5 6.657495e+03 6.751198e+03 6.784573e+03 6.690870e+03
0.2 6.648053e+03 6.715583e+03 6.704450e+03 6.636920e+03
1.2 6.742545e+03 6.766942e+03 6.735844e+03 6.711447e+03
2.2 6.745660e+03 6.780943e+03 6.761394e+03 6.726111e+03
3.2 6.737787e+03 6.727451e+03 6.778461e+03 6.788797e+03
4.2 6.865152e+03 6.755796e+03 6.784981e+03 6.894337e+03
5.2 6.737976e+03 6.681770e+03 6.786284e+03 6.842490e+03
6.2 6.657495e+03 6.751198e+03 6.784573e+03 6.690870e+03
7.2 6.660241e+03 6.697770e+03 6.785475e+03 6.747946e+03
8.2 6.781696e+03 6.740735e+03 6.784081e+03 6.825041e+03
0.9 6.737787e+03 6.727451e+03 6.778461e+03 6.788797e+03
1.9 6.865152e+03 6.755796e+03 6.784981e+03 6.894337e+03
2.9 6.737976e+03 6.681770e+03 6.786284e+03 6.842490e+03
3.9 6.657495e+03 6.751198e+03 6.784573e+03 6.690870e+03
4.9 6.660241e+03 6.697770e+03 6.785475e+03 6.747946e+03
5.9 6.781696e+03 6.740735e+03 6.784081e+03 6.825041e+03
6.9 6.703780e+03 6.739703e+03 6.784711e+03 6.748789e+03
7.9 6.762286e+03 6.716359e+03 6.784269e+03 6.830196e+03
8.9 6.734892e+03 6.750872e+03 6.784366e+03 6.768386e+03
0.6 6.737976e+03 6.681770e+03 6.786284e+03 6.842490e+03
1.6 6.657495e+03 6.751198e+03 6.784573e+03 6.690870e+03
2.6 6.660241e+03 6.697770e+03 6.785475e+03 6.747946e+03
3.6 6.781696e+03 6.740735e+03 6.784081e+03 6.825041e+03
4.6 6.703780e+03 6.739703e+03 6.784711e+03 6.748789e+03
5.6 6.762286e+03 6.716359e+03 6.784269e+03 6.830196e+03
6.6 6.734892e+03 6.750872e+03 6.784366e+03 6.768386e+03
7.6 6.629126e+03 6.688325e+03 6.785280e+03 6.726080e+03
8.6 6.752848e+03 6.753213e+03 6.784665e+03 6.784301e+03
0.3 6.660241e+03 6.697770e+03 6.785475e+03 6.747946e+03
1.3 6.781696e+03 6.740735e+03 6.784081e+03 6.825041e+03
2.3 6.703780e+03 6.739703e+03 6.784711e+03 6.748789e+03
3.3 6.762286e+03 6.716359e+03 6.784269e+03 6.830196e+03
4.3 6.734892e+03 6.750872e+03 6.784366e+03 6.768386e+03
5.3 6.629126e+03 6.688325e+03 6.785280e+03 6.726080e+03
6.3 6.752848e+03 6.753213e+03 6.784665e+03 6.784301e+03
7.3 6.637861e+03 6.687645e+03 6.786318e+03 6.736534e+03
8.3 6.737200e+03 6.746440e+03 6.785416e+03 6.776177e+03
1.0 6.762286e+03 6.716359e+03 6.784269e+03 6.830196e+03
2.0 6.734892e+03 6.750872e+03 6.784366e+03 6.768386e+03
3.0 6.629126e+03 6.688325e+03 6.785280e+03 6.726080e+03
4.0 6.752848e+03 6.753213e+03 6.784665e+03 6.784301e+03
5.0 6.637861e+03 6.687645e+03 6.786318e+03 6.736534e+03
6.0 6.737200e+03 6.746440e+03 6.785416e+03 6.776177e+03
7.0 6.759094e+03 6.728935e+03 6.786756e+03 6.816914e+03
8.0 6.715261e+03 6.791796e+03 6.782030e+03 6.705495e+03
9.0 6.824758e+03 6.738375e+03 6.757985e+03 6.844369e+03
0.7 6.629126e+03 6.688325e+03 6.785280e+03 6.726080e+03
1.7 6.752848e+03 6.753213e+03 6.784665e+03 6.784301e+03
2.7 6.637861e+03 6.687645e+03 6.786318e+03 6.736534e+03
3.7 6.737200e+03 6.746440e+03 6.785416e+03 6.776177e+03
4.7 6.759094e+03 6.728935e+03 6.786756e+03 6.816914e+03
5.7 6.715261e+03 6.791796e+03 6.782030e+03 6.705495e+03
6.7 6.824758e+03 6.738375e+03 6.757985e+03 6.844369e+03
7.7 6.632437e+03 6.676019e+03 6.723453e+03 6.679870e+03
8.7 6.832555e+03 6.800856e+03 6.693924e+03 6.725623e+03
0.4 6.637861e+03 6.687645e+03 6.786318e+03 6.736534e+03
1.4 6.737200e+03 6.746440e+03 6.785416e+03 6.776177e+03
2.4 6.759094e+03 6.728935e+03 6.786756e+03 6.816914e+03
3.4 6.715261e+03 6.791796e+03 6.782030e+03 6.705495e+03
4.4 6.824758e+03 6.738375e+03 6.757985e+03 6.844369e+03
5.4 6.632437e+03 6.676019e+03 6.723453e+03 6.679870e+03
6.4 6.832555e+03 6.800856e+03 6.693924e+03 6.725623e+03
7.4 6.778708e+03 6.816261e+03 6.672562e+03 6.635008e+03
8.4 6.647806e+03 6.777082e+03 6.660393e+03 6.531117e+03
0.5 6.822516e+03 6.838147e+03 6.658323e+03 6.642691e+03
1.5 6.726145e+03 6.727948e+03 6.670228e+03 6.668425e+03
2.5 6.708629e+03 6.714928e+03 6.702386e+03 6.696087e+03
3.5 6.668324e+03 6.772456e+03 6.735420e+03 6.631289e+03
4.5 6.723394e+03 6.783095e+03 6.762376e+03 6.702675e+03
5.5 6.708713e+03 6.729457e+03 6.780184e+03 6.759440e+03
6.5 6.679808e+03 6.759697e+03 6.786979e+03 6.707089e+03
7.5 6.737495e+03 6.683318e+03 6.788861e+03 6.843039e+03
8.5 6.741627e+03 6.751717e+03 6.787943e+03 6.777853e+03
0.2 6.708629e+03 6.714928e+03 6.702386e+03 6.696087e+03
1.2 6.668324e+03 6.772456e+03 6.735420e+03 6.631289e+03
2.2 6.723394e+03 6.783095e+03 6.762376e+03 6.702675e+03
3.2 6.708713e+03 6.729457e+03 6.780184e+03 6.759440e+03
4.2 6.679808e+03 6.759697e+03 6.786979e+03 6.707089e+03
5.2 6.737495e+03 6.683318e+03 6.788861e+03 6.843039e+03
6.2 6.741627e+03 6.751717e+03 6.787943e+03 6.777853e+03
7.2 6.704013e+03 6.699744e+03 6.789468e+03 6.793737e+03
8.2 6.761071e+03 6.740377e+03 6.789025e+03 6.809720e+03
0.9 6.708713e+03 6.729457e+03 6.780184e+03 6.759440e+03
1.9 6.679808e+03 6.759697e+03 6.786979e+03 6.707089e+03
2.9 6.737495e+03 6.683318e+03 6.788861e+03 6.843039e+03
3.9 6.741627e+03 6.751717e+03 6.787943e+03 6.777853e+03
4.9 6.704013e+03 6.699744e+03 6.789468e+03 6.793737e+03
5.9 6.761071e+03 6.740377e+03 6.789025e+03 6.809720e+03
6.9 6.725263e+03 6.736083e+03 6.790395e+03 6.779575e+03
7.9 6.686416e+03 6.714331e+03 6.789299e+03 6.761384e+03
8.9 6.676958e+03 6.755622e+03 6.788054e+03 6.709390e+03
0.6 6.737495e+03 6.683318e+03 6.788861e+03 6.843039e+03
1.6 6.741627e+03 6.751717e+03 6.787943e+03 6.777853e+03
2.6 6.704013e+03 6.699744e+03 6.789468e+03 6.793737e+03
3.6 6.761071e+03 6.740377e+03 6.789025e+03 6.809720e+03
4.6 6.725263e+03 6.736083e+03 6.790395e+03 6.779575e+03
5.6 6.686416e+03 6.714331e+03 6.789299e+03 6.761384e+03
6.6 6.676958e+03 6.755622e+03 6.788054e+03 6.709390e+03
7.6 6.636774e+03 6.687335e+03 6.788469e+03 6.737908e+03
8.6 6.719502e+03 6.752220e+03 6.787690e+03 6.754971e+03
0.3 6.704013e+03 6.699744e+03 6.789468e+03 6.793737e+03
1.3 6.761071e+03 6.740377e+03 6.789025e+03 6.809720e+03
2.3 6.725263e+03 6.736083e+03 6.790395e+03 6.779575e+03
3.3 6.686416e+03 6.714331e+03 6.789299e+03 6.761384e+03
4.3 6.676958e+03 6.755622e+03 6.788054e+03 6.709390e+03
5.3 6.636774e+03 6.687335e+03 6.788469e+03 6.737908e+03
6.3 6.719502e+03 6.752220e+03 6.787690e+03 6.754971e+03
7.3 6.630084e+03 6.688821e+03 6.789367e+03 6.730630e+03
8.3 6.712255e+03 6.744666e+03 6.788692e+03 6.756281e+03
0.9 6.686416e+03 6.714331e+03 6.789299e+03 6.761384e+03
1.9 6.676958e+03 6.755622e+03 6.788054e+03 6.709390e+03
2.9 6.636774e+03 6.687335e+03 6.788469e+03 6.737908e+03
3.9 6.719502e+03 6.752220e+03 6.787690e+03 6.754971e+03
4.9 6.630084e+03 6.688821e+03 6.789367e+03 6.730630e+03
5.9 6.712255e+03 6.744666e+03 6.788692e+03 6.756281e+03
6.9 6.726366e+03 6.731795e+03 6.789971e+03 6.784543e+03
7.9 6.786199e+03 6.788670e+03 6.785345e+03 6.782874e+03
8.9 6.732950e+03 6.744986e+03 6.761466e+03 6.749431e+03
0.7 6.636774e+03 6.687335e+03 6.788469e+03 6.737908e+03
1.7 6.719502e+03 6.752220e+03 6.787690e+03 6.754971e+03
2.7 6.630084e+03 6.688821e+03 6.789367e+03 6.730630e+03
3.7 6.712255e+03 6.744666e+03 6.788692e+03 6.756281e+03
4.7 6.726366e+03 6.731795e+03 6.789971e+03 6.784543e+03
5.7 6.786199e+03 6.788670e+03 6.785345e+03 6.782874e+03
6.7 6.732950e+03 6.744986e+03 6.761466e+03 6.749431e+03
7.7 6.584298e+03 6.672506e+03 6.726716e+03 6.638508e+03
8.7 6.860755e+03 6.798834e+03 6.696700e+03 6.758621e+03
0.3 6.630084e+03 6.688821e+03 6.789367e+03 6.730630e+03
1.3 6.712255e+03 6.744666e+03 6.788692e+03 6.756281e+03
2.3 6.726366e+03 6.731795e+03 6.789971e+03 6.784543e+03
3.3 6.786199e+03 6.788670e+03 6.785345e+03 6.782874e+03
4.3 6.732950e+03 6.744986e+03 6.761466e+03 6.749431e+03
5.3 6.584298e+03 6.672506e+03 6.726716e+03 6.638508e+03
6.3 6.860755e+03 6.798834e+03 6.696700e+03 6.758621e+03
7.3 6.809023e+03 6.816654e+03 6.674893e+03 6.667262e+03
8.3 6.947745e+03 6.778098e+03 6.662226e+03 6.831873e+03
0.5 6.834597e+03 6.842113e+03 6.659369e+03 6.651852e+03
1.5 6.810135e+03 6.725943e+03 6.671683e+03 6.755875e+03
2.5 6.820785e+03 6.709078e+03 6.704054e+03 6.815761e+03
3.5 6.875718e+03 6.774159e+03 6.736417e+03 6.837976e+03
4.5 6.780501e+03 6.784854e+03 6.762673e+03 6.758320e+03
5.5 6.701679e+03 6.722764e+03 6.779789e+03 6.758704e+03
6.5 6.758936e+03 6.764114e+03 6.785314e+03 6.780136e+03
7.5 6.703598e+03 6.678443e+03 6.786992e+03 6.812147e+03
8.5 6.743931e+03 6.751650e+03 6.786062e+03 6.778343e+03
0.2 6.820785e+03 6.709078e+03 6.704054e+03 6.815761e+03
1.2 6.875718e+03 6.774159e+03 6.736417e+03 6.837976e+03
2.2 6.780501e+03 6.784854e+03 6.762673e+03 6.758320e+03
3.2 6.701679e+03 6.722764e+03 6.779789e+03 6.758704e+03
4.2 6.758936e+03 6.764114e+03 6.785314e+03 6.780136e+03
5.2 6.703598e+03 6.678443e+03 6.786992e+03 6.812147e+03
6.2 6.743931e+03 6.751650e+03 6.786062e+03 6.778343e+03
7.2 6.734728e+03 6.709024e+03 6.787668e+03 6.813372e+03
8.2 6.790599e+03 6.735219e+03 6.787440e+03 6.842820e+03
0.8 6.701679e+03 6.722764e+03 6.779789e+03 6.758704e+03
1.8 6.758936e+03 6.764114e+03 6.785314e+03 6.780136e+03
2.8 6.703598e+03 6.678443e+03 6.786992e+03 6.812147e+03
3.8 6.743931e+03 6.751650e+03 6.786062e+03 6.778343e+03
4.8 6.734728e+03 6.709024e+03 6.787668e+03 6.813372e+03
5.8 6.790599e+03 6.735219e+03 6.787440e+03 6.842820e+03
6.8 6.831886e+03 6.744351e+03 6.788607e+03 6.876141e+03
7.8 6.760638e+03 6.708394e+03 6.788609e+03 6.840853e+03
8.8 6.843899e+03 6.751777e+03 6.788519e+03 6.880640e+03
0.5 6.703598e+03 6.678443e+03 6.786992e+03 6.812147e+03
1.5 6.743931e+03 6.751650e+03 6.786062e+03 6.778343e+03
2.5 6.734728e+03 6.709024e+03 6.787668e+03 6.813372e+03
3.5 6.790599e+03 6.735219e+03 6.787440e+03 6.842820e+03
4.5 6.831886e+03 6.744351e+03 6.788607e+03 6.876141e+03
5.5 6.760638e+03 6.708394e+03 6.788609e+03 6.840853e+03
6.5 6.843899e+03 6.751777e+03 6.788519e+03 6.880640e+03
7.5 6.677418e+03 6.683894e+03 6.789439e+03 6.782963e+03
8.5 6.702271e+03 6.752404e+03 6.788268e+03 6.738135e+03
0.2 6.734728e+03 6.709024e+03 6.787668e+03 6.813372e+03
1.2 6.790599e+03 6.735219e+03 6.787440e+03 6.842820e+03
2.2 6.831886e+03 6.744351e+03 6.788607e+03 6.876141e+03
3.2 6.760638e+03 6.708394e+03 6.788609e+03 6.840853e+03
4.2 6.843899e+03 6.751777e+03 6.788519e+03 6.880640e+03
5.2 6.677418e+03 6.683894e+03 6.789439e+03 6.782963e+03
6.2 6.702271e+03 6.752404e+03 6.788268e+03 6.738135e+03
7.2 6.714570e+03 6.695152e+03 6.789486e+03 6.808903e+03
8.2 6.752323e+03 6.742572e+03 6.788185e+03 6.797936e+03
0.9 6.760638e+03 6.708394e+03 6.788609e+03 6.840853e+03
1.9 6.843899e+03 6.751777e+03 6.788519e+03 6.880640e+03
2.9 6.677418e+03 6.683894e+03 6.789439e+03 6.782963e+03
3.9 6.702271e+03 6.752404e+03 6.788268e+03 6.738135e+03
4.9 6.714570e+03 6.695152e+03 6.789486e+03 6.808903e+03
5.9 6.752323e+03 6.742572e+03 6.788185e+03 6.797936e+03
6.9 6.809074e+03 6.737612e+03 6.788848e+03 6.860310e+03
7.9 6.771716e+03 6.782745e+03 6.784741e+03 6.773711e+03
8.9 6.751110e+03 6.758876e+03 6.761607e+03 6.753841e+03
0.6 6.677418e+03 6.683894e+03 6.789439e+03 6.782963e+03
1.6 6.702271e+03 6.752404e+03 6.788268e+03 6.738135e+03
2.6 6.714570e+03 6.695152e+03 6.789486e+03 6.808903e+03
3.6 6.752323e+03 6.742572e+03 6.788185e+03 6.797936e+03
4.6 6.809074e+03 6.737612e+03 6.788848e+03 6.860310e+03
5.6 6.771716e+03 6.782745e+03 6.784741e+03 6.773711e+03
6.6 6.751110e+03 6.758876e+03 6.761607e+03 6.753841e+03
7.6 6.651342e+03 6.666728e+03 6.726765e+03 6.711379e+03
8.6 6.836694e+03 6.795533e+03 6.696001e+03 6.737163e+03
0.3 6.714570e+03 6.695152e+03 6.789486e+03 6.808903e+03
1.3 6.752323e+03 6.742572e+03 6.788185e+03 6.797936e+03
2.3 6.809074e+03 6.737612e+03 6.788848e+03 6.860310e+03
3.3 6.771716e+03 6.782745e+03 6.784741e+03 6.773711e+03
4.3 6.751110e+03 6.758876e+03 6.761607e+03 6.753841e+03
5.3 6.651342e+03 6.666728e+03 6.726765e+03 6.711379e+03
6.3 6.836694e+03 6.795533e+03 6.696001e+03 6.737163e+03
7.3 6.919023e+03 6.818467e+03 6.673418e+03 6.773974e+03
8.3 6.787827e+03 6.781397e+03 6.659776e+03 6.666205e+03
0.5 6.767816e+03 6.843996e+03 6.654031e+03 6.577851e+03
1.5 6.703298e+03 6.728172e+03 6.665443e+03 6.640569e+03
2.5 6.700520e+03 6.712561e+03 6.696776e+03 6.684735e+03
3.5 6.710427e+03 6.777288e+03 6.728361e+03 6.661501e+03
4.5 6.797034e+03 6.785475e+03 6.753760e+03 6.765319e+03
5.5 6.749237e+03 6.736474e+03 6.769649e+03 6.782413e+03
6.5 6.837990e+03 6.764007e+03 6.774493e+03 6.848476e+03
7.5 6.730197e+03 6.685028e+03 6.774204e+03 6.819373e+03
8.5 6.754911e+03 6.760138e+03 6.770646e+03 6.765418e+03
0.2 6.700520e+03 6.712561e+03 6.696776e+03 6.684735e+03
1.2 6.710427e+03 6.777288e+03 6.728361e+03 6.661501e+03
2.2 6.797034e+03 6.785475e+03 6.753760e+03 6.765319e+03
3.2 6.749237e+03 6.736474e+03 6.769649e+03 6.782413e+03
4.2 6.837990e+03 6.764007e+03 6.774493e+03 6.848476e+03
5.2 6.730197e+03 6.685028e+03 6.774204e+03 6.819373e+03
6.2 6.754911e+03 6.760138e+03 6.770646e+03 6.765418e+03
7.2 6.670185e+03 6.705574e+03 6.769579e+03 6.734190e+03
8.2 6.683728e+03 6.748316e+03 6.766315e+03 6.701726e+03
0.9 6.749237e+03 6.736474e+03 6.769649e+03 6.782413e+03
1.9 6.837990e+03 6.764007e+03 6.774493e+03 6.848476e+03
2.9 6.730197e+03 6.685028e+03 6.774204e+03 6.819373e+03
3.9 6.754911e+03 6.760138e+03 6.770646e+03 6.765418e+03
4.9 6.670185e+03 6.705574e+03 6.769579e+03 6.734190e+03
5.9 6.683728e+03 6.748316e+03 6.766315e+03 6.701726e+03
6.9 6.750693e+03 6.748030e+03 6.764736e+03 6.767399e+03
7.9 6.753932e+03 6.723265e+03 6.761418e+03 6.792085e+03
8.9 6.857332e+03 6.763715e+03 6.758068e+03 6.851685e+03
0.6 6.730197e+03 6.685028e+03 6.774204e+03 6.819373e+03
1.6 6.754911e+03 6.760138e+03 6.770646e+03 6.765418e+03
2.6 6.670185e+03 6.705574e+03 6.769579e+03 6.734190e+03
3.6 6.683728e+03 6.748316e+03 6.766315e+03 6.701726e+03
4.6 6.750693e+03 6.748030e+03 6.764736e+03 6.767399e+03
5.6 6.753932e+03 6.723265e+03 6.761418e+03 6.792085e+03
6.6 6.857332e+03 6.763715e+03 6.758068e+03 6.851685e+03
7.6 6.782156e+03 6.698400e+03 6.755660e+03 6.839416e+03
8.6 6.785038e+03 6.765321e+03 6.751617e+03 6.771334e+03
0.3 6.670185e+03 6.705574e+03 6.769579e+03 6.734190e+03
1.3 6.683728e+03 6.748316e+03 6.766315e+03 6.701726e+03
2.3 6.750693e+03 6.748030e+03 6.764736e+03 6.767399e+03
3.3 6.753932e+03 6.723265e+03 6.761418e+03 6.792085e+03
4.3 6.857332e+03 6.763715e+03 6.758068e+03 6.851685e+03
5.3 6.782156e+03 6.698400e+03 6.755660e+03 6.839416e+03
6.3 6.785038e+03 6.765321e+03 6.751617e+03 6.771334e+03
7.3 6.747235e+03 6.698832e+03 6.749684e+03 6.798088e+03
8.3 6.659975e+03 6.761820e+03 6.744203e+03 6.642358e+03
1.0 6.753932e+03 6.723265e+03 6.761418e+03 6.792085e+03
2.0 6.857332e+03 6.763715e+03 6.758068e+03 6.851685e+03
3.0 6.782156e+03 6.698400e+03 6.755660e+03 6.839416e+03
4.0 6.785038e+03 6.765321e+03 6.751617e+03 6.771334e+03
5.0 6.747235e+03 6.698832e+03 6.749684e+03 6.798088e+03
6.0 6.659975e+03 6.761820e+03 6.744203e+03 6.642358e+03
0.6 6.782156e+03 6.698400e+03 6.755660e+03 6.839416e+03
1.6 6.785038e+03 6.765321e+03 6.751617e+03 6.771334e+03
2.6 6.747235e+03 6.698832e+03 6.749684e+03 6.798088e+03
3.6 6.659975e+03 6.761820e+03 6.744203e+03 6.642358e+03
0.3 6.747235e+03 6.698832e+03 6.749684e+03 6.798088e+03
1.3 6.659975e+03 6.761820e+03 6.744203e+03 6.642358e+03
