0.5 8.194206e+03 8.125952e+03 8.070582e+03 8.138837e+03
1.5 8.114903e+03 8.073554e+03 8.105134e+03 8.146483e+03
2.5 8.085670e+03 8.075386e+03 8.160413e+03 8.170698e+03
3.5 8.095147e+03 8.082073e+03 8.175699e+03 8.188773e+03
4.5 8.086949e+03 8.124336e+03 8.157487e+03 8.120100e+03
5.5 8.086540e+03 8.122410e+03 8.130087e+03 8.094216e+03
6.5 8.119871e+03 8.120808e+03 8.100565e+03 8.099628e+03
7.5 8.106990e+03 8.110875e+03 8.077967e+03 8.074082e+03
0.1 8.071794e+03 8.082127e+03 8.069652e+03 8.059318e+03
1.1 8.078104e+03 8.073198e+03 8.082926e+03 8.087832e+03
2.1 8.099113e+03 8.102432e+03 8.150300e+03 8.146981e+03
3.1 8.209209e+03 8.202796e+03 8.214303e+03 8.220716e+03
4.1 8.245865e+03 8.252938e+03 8.217821e+03 8.210748e+03
5.1 8.137670e+03 8.224521e+03 8.183522e+03 8.096671e+03
6.1 8.110985e+03 8.174802e+03 8.141216e+03 8.077399e+03
7.1 8.070501e+03 8.129465e+03 8.097798e+03 8.038835e+03
0.5 8.072492e+03 8.096403e+03 8.069076e+03 8.045166e+03
1.5 8.081071e+03 8.046136e+03 8.102859e+03 8.137794e+03
2.5 8.067121e+03 8.047488e+03 8.157524e+03 8.177158e+03
3.5 8.054614e+03 8.057451e+03 8.172321e+03 8.169484e+03
4.5 8.085624e+03 8.103215e+03 8.153660e+03 8.136069e+03
5.5 8.063087e+03 8.102041e+03 8.125856e+03 8.086902e+03
6.5 8.060905e+03 8.103988e+03 8.096047e+03 8.052965e+03
7.5 8.094364e+03 8.094748e+03 8.073305e+03 8.072921e+03
0.1 8.056308e+03 8.078323e+03 8.067574e+03 8.045558e+03
1.1 8.038258e+03 8.068942e+03 8.080167e+03 8.049483e+03
2.1 8.035696e+03 8.097445e+03 8.146636e+03 8.084886e+03
3.1 8.111284e+03 8.197434e+03 8.212082e+03 8.125931e+03
4.1 8.323906e+03 8.250357e+03 8.217199e+03 8.290748e+03
5.1 8.381609e+03 8.223540e+03 8.183562e+03 8.341631e+03
6.1 8.241055e+03 8.174194e+03 8.141492e+03 8.208353e+03
7.1 8.111952e+03 8.128865e+03 8.098062e+03 8.081149e+03
0.5 8.055723e+03 8.095253e+03 8.068549e+03 8.029019e+03
1.5 8.065968e+03 8.045376e+03 8.102410e+03 8.123001e+03
2.5 8.095952e+03 8.044534e+03 8.157142e+03 8.208560e+03
3.5 8.121021e+03 8.056014e+03 8.171989e+03 8.236996e+03
4.5 8.099104e+03 8.105422e+03 8.153384e+03 8.147067e+03
5.5 8.058167e+03 8.102870e+03 8.125651e+03 8.080948e+03
6.5 8.070243e+03 8.105042e+03 8.095917e+03 8.061118e+03
7.5 8.072856e+03 8.097477e+03 8.073244e+03 8.048623e+03
0.0 8.133364e+03 8.080752e+03 8.068692e+03 8.121304e+03
1.0 8.052228e+03 8.069410e+03 8.079691e+03 8.062509e+03
2.0 8.095279e+03 8.095778e+03 8.143939e+03 8.143440e+03
3.0 8.188685e+03 8.193937e+03 8.211959e+03 8.206706e+03
4.0 8.349785e+03 8.251822e+03 8.220241e+03 8.318204e+03
5.0 8.209177e+03 8.227899e+03 8.188013e+03 8.169291e+03
6.0 8.100102e+03 8.179058e+03 8.146544e+03 8.067588e+03
7.0 8.113794e+03 8.133608e+03 8.103343e+03 8.083528e+03
0.5 8.064277e+03 8.098906e+03 8.072991e+03 8.038362e+03
1.5 8.043539e+03 8.049563e+03 8.107555e+03 8.101531e+03
2.5 8.012720e+03 8.049312e+03 8.163084e+03 8.126492e+03
3.5 8.001548e+03 8.061560e+03 8.178837e+03 8.118825e+03
4.5 8.020244e+03 8.109715e+03 8.161248e+03 8.071777e+03
5.5 8.039662e+03 8.108592e+03 8.134646e+03 8.065717e+03
6.5 8.070677e+03 8.112736e+03 8.106166e+03 8.064106e+03
7.5 8.079799e+03 8.102795e+03 8.084874e+03 8.061877e+03
