0.5 9.547827e+03 9.566595e+03 9.600101e+03 9.581333e+03
1.5 9.577287e+03 9.594291e+03 9.583556e+03 9.566552e+03
2.5 9.668037e+03 9.623656e+03 9.557087e+03 9.601468e+03
3.5 9.615810e+03 9.640971e+03 9.549767e+03 9.524606e+03
4.5 9.545459e+03 9.593502e+03 9.558488e+03 9.510445e+03
5.5 9.661112e+03 9.576873e+03 9.571608e+03 9.655848e+03
6.5 9.612516e+03 9.572698e+03 9.585744e+03 9.625562e+03
7.5 9.577395e+03 9.561005e+03 9.596565e+03 9.612955e+03
0.1 9.613921e+03 9.584317e+03 9.600547e+03 9.630150e+03
1.1 9.555793e+03 9.590443e+03 9.594190e+03 9.559540e+03
2.1 9.650677e+03 9.585317e+03 9.561930e+03 9.627289e+03
3.1 9.645103e+03 9.553594e+03 9.531283e+03 9.622791e+03
4.1 9.540782e+03 9.515312e+03 9.529598e+03 9.555068e+03
5.1 9.538028e+03 9.528559e+03 9.546022e+03 9.555491e+03
6.1 9.553384e+03 9.556923e+03 9.566279e+03 9.562740e+03
7.1 9.534084e+03 9.579752e+03 9.587069e+03 9.541401e+03
0.5 9.541502e+03 9.587532e+03 9.600822e+03 9.554792e+03
1.5 9.590610e+03 9.612345e+03 9.584646e+03 9.562911e+03
2.5 9.554873e+03 9.642984e+03 9.558470e+03 9.470359e+03
3.5 9.627773e+03 9.658276e+03 9.551385e+03 9.520883e+03
4.5 9.580825e+03 9.606442e+03 9.560321e+03 9.534704e+03
5.5 9.522291e+03 9.589702e+03 9.573634e+03 9.506223e+03
6.5 9.571082e+03 9.582682e+03 9.587907e+03 9.576307e+03
7.5 9.593784e+03 9.569957e+03 9.598797e+03 9.622625e+03
0.1 9.583673e+03 9.585193e+03 9.601541e+03 9.600021e+03
1.1 9.472489e+03 9.592948e+03 9.595511e+03 9.475052e+03
2.1 9.592693e+03 9.586439e+03 9.563684e+03 9.569939e+03
3.1 9.454479e+03 9.556425e+03 9.532346e+03 9.430400e+03
4.1 9.339707e+03 9.516675e+03 9.529896e+03 9.352928e+03
5.1 9.682216e+03 9.528858e+03 9.546002e+03 9.699360e+03
6.1 9.698666e+03 9.557087e+03 9.566147e+03 9.707726e+03
7.1 9.580997e+03 9.579991e+03 9.586943e+03 9.587949e+03
0.5 9.650068e+03 9.588042e+03 9.601075e+03 9.663101e+03
1.5 9.715372e+03 9.611679e+03 9.584861e+03 9.688554e+03
2.5 9.672510e+03 9.645291e+03 9.558653e+03 9.585872e+03
3.5 9.734153e+03 9.660293e+03 9.551544e+03 9.625405e+03
4.5 9.639921e+03 9.604119e+03 9.560453e+03 9.596255e+03
5.5 9.641531e+03 9.588522e+03 9.573732e+03 9.626741e+03
6.5 9.618273e+03 9.583336e+03 9.587970e+03 9.622907e+03
7.5 9.541864e+03 9.567052e+03 9.598826e+03 9.573639e+03
0.0 9.714155e+03 9.582593e+03 9.601006e+03 9.732568e+03
1.0 9.636604e+03 9.594089e+03 9.595739e+03 9.638254e+03
2.0 9.597729e+03 9.585165e+03 9.564975e+03 9.577539e+03
3.0 9.539177e+03 9.559037e+03 9.532405e+03 9.512545e+03
4.0 9.508653e+03 9.516778e+03 9.528439e+03 9.520315e+03
5.0 9.505175e+03 9.527019e+03 9.543871e+03 9.522027e+03
6.0 9.594537e+03 9.555150e+03 9.563728e+03 9.603115e+03
7.0 9.574565e+03 9.578355e+03 9.584414e+03 9.580625e+03
0.5 9.532496e+03 9.587175e+03 9.598948e+03 9.544269e+03
1.5 9.571884e+03 9.610711e+03 9.582397e+03 9.543570e+03
2.5 9.599869e+03 9.644223e+03 9.555808e+03 9.511454e+03
3.5 9.635744e+03 9.658849e+03 9.548265e+03 9.525160e+03
4.5 9.569821e+03 9.604201e+03 9.556687e+03 9.522308e+03
5.5 9.606944e+03 9.588638e+03 9.569425e+03 9.587731e+03
6.5 9.574354e+03 9.579687e+03 9.583062e+03 9.577729e+03
7.5 9.506600e+03 9.568920e+03 9.593258e+03 9.530937e+03
