0.5 9.472681e+03 9.433761e+03 9.332903e+03 9.371823e+03
1.5 9.416933e+03 9.419441e+03 9.346585e+03 9.344077e+03
2.5 9.408284e+03 9.398218e+03 9.392293e+03 9.402358e+03
3.5 9.411086e+03 9.432828e+03 9.440603e+03 9.418861e+03
4.5 9.404575e+03 9.441444e+03 9.479922e+03 9.443052e+03
5.5 9.442776e+03 9.468246e+03 9.506186e+03 9.480717e+03
6.5 9.434925e+03 9.462439e+03 9.516220e+03 9.488706e+03
7.5 9.380908e+03 9.463007e+03 9.518225e+03 9.436126e+03
8.5 9.404755e+03 9.463574e+03 9.515592e+03 9.456773e+03
0.2 9.408284e+03 9.398218e+03 9.392293e+03 9.402358e+03
1.2 9.411086e+03 9.432828e+03 9.440603e+03 9.418861e+03
2.2 9.404575e+03 9.441444e+03 9.479922e+03 9.443052e+03
3.2 9.442776e+03 9.468246e+03 9.506186e+03 9.480717e+03
4.2 9.434925e+03 9.462439e+03 9.516220e+03 9.488706e+03
5.2 9.380908e+03 9.463007e+03 9.518225e+03 9.436126e+03
6.2 9.404755e+03 9.463574e+03 9.515592e+03 9.456773e+03
7.2 9.482350e+03 9.452867e+03 9.516980e+03 9.546463e+03
8.2 9.456779e+03 9.463970e+03 9.514834e+03 9.507643e+03
0.9 9.442776e+03 9.468246e+03 9.506186e+03 9.480717e+03
1.9 9.434925e+03 9.462439e+03 9.516220e+03 9.488706e+03
2.9 9.380908e+03 9.463007e+03 9.518225e+03 9.436126e+03
3.9 9.404755e+03 9.463574e+03 9.515592e+03 9.456773e+03
4.9 9.482350e+03 9.452867e+03 9.516980e+03 9.546463e+03
5.9 9.456779e+03 9.463970e+03 9.514834e+03 9.507643e+03
6.9 9.467939e+03 9.448186e+03 9.515804e+03 9.535556e+03
7.9 9.467027e+03 9.461488e+03 9.515124e+03 9.520664e+03
8.9 9.429860e+03 9.450206e+03 9.515273e+03 9.494927e+03
0.6 9.380908e+03 9.463007e+03 9.518225e+03 9.436126e+03
1.6 9.404755e+03 9.463574e+03 9.515592e+03 9.456773e+03
2.6 9.482350e+03 9.452867e+03 9.516980e+03 9.546463e+03
3.6 9.456779e+03 9.463970e+03 9.514834e+03 9.507643e+03
4.6 9.467939e+03 9.448186e+03 9.515804e+03 9.535556e+03
5.6 9.467027e+03 9.461488e+03 9.515124e+03 9.520664e+03
6.6 9.429860e+03 9.450206e+03 9.515273e+03 9.494927e+03
7.6 9.437893e+03 9.455695e+03 9.516679e+03 9.498878e+03
8.6 9.472284e+03 9.453507e+03 9.515734e+03 9.534511e+03
0.3 9.482350e+03 9.452867e+03 9.516980e+03 9.546463e+03
1.3 9.456779e+03 9.463970e+03 9.514834e+03 9.507643e+03
2.3 9.467939e+03 9.448186e+03 9.515804e+03 9.535556e+03
3.3 9.467027e+03 9.461488e+03 9.515124e+03 9.520664e+03
4.3 9.429860e+03 9.450206e+03 9.515273e+03 9.494927e+03
5.3 9.437893e+03 9.455695e+03 9.516679e+03 9.498878e+03
6.3 9.472284e+03 9.453507e+03 9.515734e+03 9.534511e+03
7.3 9.495459e+03 9.447352e+03 9.518277e+03 9.566384e+03
8.3 9.461595e+03 9.456250e+03 9.516889e+03 9.522235e+03
1.0 9.467027e+03 9.461488e+03 9.515124e+03 9.520664e+03
2.0 9.429860e+03 9.450206e+03 9.515273e+03 9.494927e+03
3.0 9.437893e+03 9.455695e+03 9.516679e+03 9.498878e+03
4.0 9.472284e+03 9.453507e+03 9.515734e+03 9.534511e+03
5.0 9.495459e+03 9.447352e+03 9.518277e+03 9.566384e+03
6.0 9.461595e+03 9.456250e+03 9.516889e+03 9.522235e+03
7.0 9.418067e+03 9.441725e+03 9.518951e+03 9.495292e+03
8.0 9.436313e+03 9.457641e+03 9.511679e+03 9.490351e+03
9.0 9.535544e+03 9.519164e+03 9.474676e+03 9.491056e+03
0.7 9.437893e+03 9.455695e+03 9.516679e+03 9.498878e+03
1.7 9.472284e+03 9.453507e+03 9.515734e+03 9.534511e+03
2.7 9.495459e+03 9.447352e+03 9.518277e+03 9.566384e+03
3.7 9.461595e+03 9.456250e+03 9.516889e+03 9.522235e+03
4.7 9.418067e+03 9.441725e+03 9.518951e+03 9.495292e+03
5.7 9.436313e+03 9.457641e+03 9.511679e+03 9.490351e+03
6.7 9.535544e+03 9.519164e+03 9.474676e+03 9.491056e+03
7.7 9.574063e+03 9.564989e+03 9.421535e+03 9.430609e+03
8.7 9.577915e+03 9.542601e+03 9.376094e+03 9.411407e+03
0.4 9.495459e+03 9.447352e+03 9.518277e+03 9.566384e+03
1.4 9.461595e+03 9.456250e+03 9.516889e+03 9.522235e+03
2.4 9.418067e+03 9.441725e+03 9.518951e+03 9.495292e+03
3.4 9.436313e+03 9.457641e+03 9.511679e+03 9.490351e+03
4.4 9.535544e+03 9.519164e+03 9.474676e+03 9.491056e+03
5.4 9.574063e+03 9.564989e+03 9.421535e+03 9.430609e+03
6.4 9.577915e+03 9.542601e+03 9.376094e+03 9.411407e+03
7.4 9.496380e+03 9.502597e+03 9.343220e+03 9.337004e+03
8.4 9.467378e+03 9.469558e+03 9.324494e+03 9.322314e+03
0.5 9.450512e+03 9.402705e+03 9.321308e+03 9.369115e+03
1.5 9.429080e+03 9.389967e+03 9.339629e+03 9.378742e+03
2.5 9.419437e+03 9.373588e+03 9.389116e+03 9.434965e+03
3.5 9.436144e+03 9.410657e+03 9.439951e+03 9.465438e+03
4.5 9.430746e+03 9.421058e+03 9.481434e+03 9.491122e+03
5.5 9.424389e+03 9.451789e+03 9.508838e+03 9.481439e+03
6.5 9.477859e+03 9.446281e+03 9.519294e+03 9.550872e+03
7.5 9.497680e+03 9.447157e+03 9.522191e+03 9.572714e+03
8.5 9.482690e+03 9.449203e+03 9.520778e+03 9.554265e+03
0.2 9.419437e+03 9.373588e+03 9.389116e+03 9.434965e+03
1.2 9.436144e+03 9.410657e+03 9.439951e+03 9.465438e+03
2.2 9.430746e+03 9.421058e+03 9.481434e+03 9.491122e+03
3.2 9.424389e+03 9.451789e+03 9.508838e+03 9.481439e+03
4.2 9.477859e+03 9.446281e+03 9.519294e+03 9.550872e+03
5.2 9.497680e+03 9.447157e+03 9.522191e+03 9.572714e+03
6.2 9.482690e+03 9.449203e+03 9.520778e+03 9.554265e+03
7.2 9.482728e+03 9.440026e+03 9.523125e+03 9.565828e+03
8.2 9.490191e+03 9.451196e+03 9.522443e+03 9.561438e+03
0.9 9.424389e+03 9.451789e+03 9.508838e+03 9.481439e+03
1.9 9.477859e+03 9.446281e+03 9.519294e+03 9.550872e+03
2.9 9.497680e+03 9.447157e+03 9.522191e+03 9.572714e+03
3.9 9.482690e+03 9.449203e+03 9.520778e+03 9.554265e+03
4.9 9.482728e+03 9.440026e+03 9.523125e+03 9.565828e+03
5.9 9.490191e+03 9.451196e+03 9.522443e+03 9.561438e+03
6.9 9.467748e+03 9.438710e+03 9.524551e+03 9.553589e+03
7.9 9.456306e+03 9.457876e+03 9.522864e+03 9.521295e+03
8.9 9.443649e+03 9.445453e+03 9.520949e+03 9.519145e+03
0.6 9.497680e+03 9.447157e+03 9.522191e+03 9.572714e+03
1.6 9.482690e+03 9.449203e+03 9.520778e+03 9.554265e+03
2.6 9.482728e+03 9.440026e+03 9.523125e+03 9.565828e+03
3.6 9.490191e+03 9.451196e+03 9.522443e+03 9.561438e+03
4.6 9.467748e+03 9.438710e+03 9.524551e+03 9.553589e+03
5.6 9.456306e+03 9.457876e+03 9.522864e+03 9.521295e+03
6.6 9.443649e+03 9.445453e+03 9.520949e+03 9.519145e+03
7.6 9.455667e+03 9.448252e+03 9.521587e+03 9.529003e+03
8.6 9.444036e+03 9.447109e+03 9.520388e+03 9.517316e+03
0.3 9.482728e+03 9.440026e+03 9.523125e+03 9.565828e+03
1.3 9.490191e+03 9.451196e+03 9.522443e+03 9.561438e+03
2.3 9.467748e+03 9.438710e+03 9.524551e+03 9.553589e+03
3.3 9.456306e+03 9.457876e+03 9.522864e+03 9.521295e+03
4.3 9.443649e+03 9.445453e+03 9.520949e+03 9.519145e+03
5.3 9.455667e+03 9.448252e+03 9.521587e+03 9.529003e+03
6.3 9.444036e+03 9.447109e+03 9.520388e+03 9.517316e+03
7.3 9.448057e+03 9.440917e+03 9.522969e+03 9.530109e+03
8.3 9.481558e+03 9.452036e+03 9.521931e+03 9.551453e+03
0.9 9.456306e+03 9.457876e+03 9.522864e+03 9.521295e+03
1.9 9.443649e+03 9.445453e+03 9.520949e+03 9.519145e+03
2.9 9.455667e+03 9.448252e+03 9.521587e+03 9.529003e+03
3.9 9.444036e+03 9.447109e+03 9.520388e+03 9.517316e+03
4.9 9.448057e+03 9.440917e+03 9.522969e+03 9.530109e+03
5.9 9.481558e+03 9.452036e+03 9.521931e+03 9.551453e+03
6.9 9.455596e+03 9.438332e+03 9.523899e+03 9.541163e+03
7.9 9.446093e+03 9.453637e+03 9.516780e+03 9.509237e+03
8.9 9.461771e+03 9.514601e+03 9.480033e+03 9.427204e+03
0.7 9.455667e+03 9.448252e+03 9.521587e+03 9.529003e+03
1.7 9.444036e+03 9.447109e+03 9.520388e+03 9.517316e+03
2.7 9.448057e+03 9.440917e+03 9.522969e+03 9.530109e+03
3.7 9.481558e+03 9.452036e+03 9.521931e+03 9.551453e+03
4.7 9.455596e+03 9.438332e+03 9.523899e+03 9.541163e+03
5.7 9.446093e+03 9.453637e+03 9.516780e+03 9.509237e+03
6.7 9.461771e+03 9.514601e+03 9.480033e+03 9.427204e+03
7.7 9.519114e+03 9.562872e+03 9.426557e+03 9.382799e+03
8.7 9.544689e+03 9.541746e+03 9.380366e+03 9.383309e+03
0.3 9.448057e+03 9.440917e+03 9.522969e+03 9.530109e+03
1.3 9.481558e+03 9.452036e+03 9.521931e+03 9.551453e+03
2.3 9.455596e+03 9.438332e+03 9.523899e+03 9.541163e+03
3.3 9.446093e+03 9.453637e+03 9.516780e+03 9.509237e+03
4.3 9.461771e+03 9.514601e+03 9.480033e+03 9.427204e+03
5.3 9.519114e+03 9.562872e+03 9.426557e+03 9.382799e+03
6.3 9.544689e+03 9.541746e+03 9.380366e+03 9.383309e+03
7.3 9.558975e+03 9.502080e+03 9.346807e+03 9.403702e+03
8.3 9.465462e+03 9.468936e+03 9.327315e+03 9.323841e+03
0.5 9.378264e+03 9.401366e+03 9.322918e+03 9.299815e+03
1.5 9.411120e+03 9.387742e+03 9.341867e+03 9.365246e+03
2.5 9.418889e+03 9.373917e+03 9.391682e+03 9.436654e+03
3.5 9.395849e+03 9.412977e+03 9.441486e+03 9.424358e+03
4.5 9.364499e+03 9.421719e+03 9.481890e+03 9.424670e+03
5.5 9.374993e+03 9.454475e+03 9.508229e+03 9.428746e+03
6.5 9.392376e+03 9.447865e+03 9.516733e+03 9.461243e+03
7.5 9.406506e+03 9.444843e+03 9.519314e+03 9.480977e+03
8.5 9.409249e+03 9.449800e+03 9.517883e+03 9.477332e+03
0.2 9.418889e+03 9.373917e+03 9.391682e+03 9.436654e+03
1.2 9.395849e+03 9.412977e+03 9.441486e+03 9.424358e+03
2.2 9.364499e+03 9.421719e+03 9.481890e+03 9.424670e+03
3.2 9.374993e+03 9.454475e+03 9.508229e+03 9.428746e+03
4.2 9.392376e+03 9.447865e+03 9.516733e+03 9.461243e+03
5.2 9.406506e+03 9.444843e+03 9.519314e+03 9.480977e+03
6.2 9.409249e+03 9.449800e+03 9.517883e+03 9.477332e+03
7.2 9.438348e+03 9.437436e+03 9.520354e+03 9.521266e+03
8.2 9.448439e+03 9.452218e+03 9.520004e+03 9.516225e+03
0.8 9.374993e+03 9.454475e+03 9.508229e+03 9.428746e+03
1.8 9.392376e+03 9.447865e+03 9.516733e+03 9.461243e+03
2.8 9.406506e+03 9.444843e+03 9.519314e+03 9.480977e+03
3.8 9.409249e+03 9.449800e+03 9.517883e+03 9.477332e+03
4.8 9.438348e+03 9.437436e+03 9.520354e+03 9.521266e+03
5.8 9.448439e+03 9.452218e+03 9.520004e+03 9.516225e+03
6.8 9.463253e+03 9.439096e+03 9.521799e+03 9.545956e+03
7.8 9.476706e+03 9.452699e+03 9.521802e+03 9.545809e+03
8.8 9.450305e+03 9.444800e+03 9.521664e+03 9.527168e+03
0.5 9.406506e+03 9.444843e+03 9.519314e+03 9.480977e+03
1.5 9.409249e+03 9.449800e+03 9.517883e+03 9.477332e+03
2.5 9.438348e+03 9.437436e+03 9.520354e+03 9.521266e+03
3.5 9.448439e+03 9.452218e+03 9.520004e+03 9.516225e+03
4.5 9.463253e+03 9.439096e+03 9.521799e+03 9.545956e+03
5.5 9.476706e+03 9.452699e+03 9.521802e+03 9.545809e+03
6.5 9.450305e+03 9.444800e+03 9.521664e+03 9.527168e+03
7.5 9.455881e+03 9.448623e+03 9.523080e+03 9.530338e+03
8.5 9.477471e+03 9.450030e+03 9.521278e+03 9.548719e+03
0.2 9.438348e+03 9.437436e+03 9.520354e+03 9.521266e+03
1.2 9.448439e+03 9.452218e+03 9.520004e+03 9.516225e+03
2.2 9.463253e+03 9.439096e+03 9.521799e+03 9.545956e+03
3.2 9.476706e+03 9.452699e+03 9.521802e+03 9.545809e+03
4.2 9.450305e+03 9.444800e+03 9.521664e+03 9.527168e+03
5.2 9.455881e+03 9.448623e+03 9.523080e+03 9.530338e+03
6.2 9.477471e+03 9.450030e+03 9.521278e+03 9.548719e+03
7.2 9.483294e+03 9.441845e+03 9.523152e+03 9.564601e+03
8.2 9.499753e+03 9.453809e+03 9.521150e+03 9.567094e+03
0.9 9.476706e+03 9.452699e+03 9.521802e+03 9.545809e+03
1.9 9.450305e+03 9.444800e+03 9.521664e+03 9.527168e+03
2.9 9.455881e+03 9.448623e+03 9.523080e+03 9.530338e+03
3.9 9.477471e+03 9.450030e+03 9.521278e+03 9.548719e+03
4.9 9.483294e+03 9.441845e+03 9.523152e+03 9.564601e+03
5.9 9.499753e+03 9.453809e+03 9.521150e+03 9.567094e+03
6.9 9.485665e+03 9.439470e+03 9.522171e+03 9.568366e+03
7.9 9.501716e+03 9.452522e+03 9.515850e+03 9.565043e+03
8.9 9.526798e+03 9.511598e+03 9.480249e+03 9.495449e+03
0.6 9.455881e+03 9.448623e+03 9.523080e+03 9.530338e+03
1.6 9.477471e+03 9.450030e+03 9.521278e+03 9.548719e+03
2.6 9.483294e+03 9.441845e+03 9.523152e+03 9.564601e+03
3.6 9.499753e+03 9.453809e+03 9.521150e+03 9.567094e+03
4.6 9.485665e+03 9.439470e+03 9.522171e+03 9.568366e+03
5.6 9.501716e+03 9.452522e+03 9.515850e+03 9.565043e+03
6.6 9.526798e+03 9.511598e+03 9.480249e+03 9.495449e+03
7.6 9.596607e+03 9.564058e+03 9.426632e+03 9.459182e+03
8.6 9.601210e+03 9.545131e+03 9.379290e+03 9.435370e+03
0.3 9.483294e+03 9.441845e+03 9.523152e+03 9.564601e+03
1.3 9.499753e+03 9.453809e+03 9.521150e+03 9.567094e+03
2.3 9.485665e+03 9.439470e+03 9.522171e+03 9.568366e+03
3.3 9.501716e+03 9.452522e+03 9.515850e+03 9.565043e+03
4.3 9.526798e+03 9.511598e+03 9.480249e+03 9.495449e+03
5.3 9.596607e+03 9.564058e+03 9.426632e+03 9.459182e+03
6.3 9.601210e+03 9.545131e+03 9.379290e+03 9.435370e+03
7.3 9.462138e+03 9.505851e+03 9.344538e+03 9.300825e+03
8.3 9.410811e+03 9.472290e+03 9.323544e+03 9.262066e+03
0.5 9.366010e+03 9.404664e+03 9.314703e+03 9.276049e+03
1.5 9.339750e+03 9.391414e+03 9.332266e+03 9.280602e+03
2.5 9.325793e+03 9.377907e+03 9.380482e+03 9.328368e+03
3.5 9.354940e+03 9.415552e+03 9.429089e+03 9.368477e+03
4.5 9.381004e+03 9.426222e+03 9.468174e+03 9.422957e+03
5.5 9.420119e+03 9.457772e+03 9.492626e+03 9.454972e+03
6.5 9.429446e+03 9.451671e+03 9.500080e+03 9.477856e+03
7.5 9.437939e+03 9.454874e+03 9.499635e+03 9.482700e+03
8.5 9.415911e+03 9.457209e+03 9.494160e+03 9.452861e+03
0.2 9.325793e+03 9.377907e+03 9.380482e+03 9.328368e+03
1.2 9.354940e+03 9.415552e+03 9.429089e+03 9.368477e+03
2.2 9.381004e+03 9.426222e+03 9.468174e+03 9.422957e+03
3.2 9.420119e+03 9.457772e+03 9.492626e+03 9.454972e+03
4.2 9.429446e+03 9.451671e+03 9.500080e+03 9.477856e+03
5.2 9.437939e+03 9.454874e+03 9.499635e+03 9.482700e+03
6.2 9.415911e+03 9.457209e+03 9.494160e+03 9.452861e+03
7.2 9.404814e+03 9.447085e+03 9.492518e+03 9.450247e+03
8.2 9.447655e+03 9.459932e+03 9.487495e+03 9.475218e+03
0.9 9.420119e+03 9.457772e+03 9.492626e+03 9.454972e+03
1.9 9.429446e+03 9.451671e+03 9.500080e+03 9.477856e+03
2.9 9.437939e+03 9.454874e+03 9.499635e+03 9.482700e+03
3.9 9.415911e+03 9.457209e+03 9.494160e+03 9.452861e+03
4.9 9.404814e+03 9.447085e+03 9.492518e+03 9.450247e+03
5.9 9.447655e+03 9.459932e+03 9.487495e+03 9.475218e+03
6.9 9.487409e+03 9.446161e+03 9.485066e+03 9.526314e+03
7.9 9.504436e+03 9.463046e+03 9.479959e+03 9.521350e+03
8.9 9.494182e+03 9.452693e+03 9.474804e+03 9.516293e+03
0.6 9.437939e+03 9.454874e+03 9.499635e+03 9.482700e+03
1.6 9.415911e+03 9.457209e+03 9.494160e+03 9.452861e+03
2.6 9.404814e+03 9.447085e+03 9.492518e+03 9.450247e+03
3.6 9.447655e+03 9.459932e+03 9.487495e+03 9.475218e+03
4.6 9.487409e+03 9.446161e+03 9.485066e+03 9.526314e+03
5.6 9.504436e+03 9.463046e+03 9.479959e+03 9.521350e+03
6.6 9.494182e+03 9.452693e+03 9.474804e+03 9.516293e+03
7.6 9.488758e+03 9.457328e+03 9.471099e+03 9.502529e+03
8.6 9.477196e+03 9.456974e+03 9.464877e+03 9.485099e+03
0.3 9.404814e+03 9.447085e+03 9.492518e+03 9.450247e+03
1.3 9.447655e+03 9.459932e+03 9.487495e+03 9.475218e+03
2.3 9.487409e+03 9.446161e+03 9.485066e+03 9.526314e+03
3.3 9.504436e+03 9.463046e+03 9.479959e+03 9.521350e+03
4.3 9.494182e+03 9.452693e+03 9.474804e+03 9.516293e+03
5.3 9.488758e+03 9.457328e+03 9.471099e+03 9.502529e+03
6.3 9.477196e+03 9.456974e+03 9.464877e+03 9.485099e+03
7.3 9.456861e+03 9.451490e+03 9.461902e+03 9.467273e+03
8.3 9.470341e+03 9.465636e+03 9.453468e+03 9.458173e+03
1.0 9.504436e+03 9.463046e+03 9.479959e+03 9.521350e+03
2.0 9.494182e+03 9.452693e+03 9.474804e+03 9.516293e+03
3.0 9.488758e+03 9.457328e+03 9.471099e+03 9.502529e+03
4.0 9.477196e+03 9.456974e+03 9.464877e+03 9.485099e+03
5.0 9.456861e+03 9.451490e+03 9.461902e+03 9.467273e+03
6.0 9.470341e+03 9.465636e+03 9.453468e+03 9.458173e+03
0.6 9.488758e+03 9.457328e+03 9.471099e+03 9.502529e+03
1.6 9.477196e+03 9.456974e+03 9.464877e+03 9.485099e+03
2.6 9.456861e+03 9.451490e+03 9.461902e+03 9.467273e+03
3.6 9.470341e+03 9.465636e+03 9.453468e+03 9.458173e+03
0.3 9.456861e+03 9.451490e+03 9.461902e+03 9.467273e+03
1.3 9.470341e+03 9.465636e+03 9.453468e+03 9.458173e+03
