0.5 9.697079e+03 9.652440e+03 9.677674e+03 9.722313e+03
1.5 9.641081e+03 9.639943e+03 9.695714e+03 9.696852e+03
2.5 9.625981e+03 9.617437e+03 9.696181e+03 9.704725e+03
3.5 9.641393e+03 9.671199e+03 9.695749e+03 9.665943e+03
4.5 9.635403e+03 9.690269e+03 9.699085e+03 9.644220e+03
5.5 9.672612e+03 9.721876e+03 9.693905e+03 9.644641e+03
6.5 9.669700e+03 9.719001e+03 9.699109e+03 9.649808e+03
7.5 9.609389e+03 9.712128e+03 9.693154e+03 9.590415e+03
8.5 9.630269e+03 9.719378e+03 9.698696e+03 9.609587e+03
0.2 9.625981e+03 9.617437e+03 9.696181e+03 9.704725e+03
1.2 9.641393e+03 9.671199e+03 9.695749e+03 9.665943e+03
2.2 9.635403e+03 9.690269e+03 9.699085e+03 9.644220e+03
3.2 9.672612e+03 9.721876e+03 9.693905e+03 9.644641e+03
4.2 9.669700e+03 9.719001e+03 9.699109e+03 9.649808e+03
5.2 9.609389e+03 9.712128e+03 9.693154e+03 9.590415e+03
6.2 9.630269e+03 9.719378e+03 9.698696e+03 9.609587e+03
7.2 9.734456e+03 9.701184e+03 9.695934e+03 9.729206e+03
8.2 9.709782e+03 9.718525e+03 9.697661e+03 9.688919e+03
0.9 9.672612e+03 9.721876e+03 9.693905e+03 9.644641e+03
1.9 9.669700e+03 9.719001e+03 9.699109e+03 9.649808e+03
2.9 9.609389e+03 9.712128e+03 9.693154e+03 9.590415e+03
3.9 9.630269e+03 9.719378e+03 9.698696e+03 9.609587e+03
4.9 9.734456e+03 9.701184e+03 9.695934e+03 9.729206e+03
5.9 9.709782e+03 9.718525e+03 9.697661e+03 9.688919e+03
6.9 9.738203e+03 9.699549e+03 9.700091e+03 9.738745e+03
7.9 9.731711e+03 9.712992e+03 9.696001e+03 9.714720e+03
8.9 9.709261e+03 9.702958e+03 9.700684e+03 9.706987e+03
0.6 9.609389e+03 9.712128e+03 9.693154e+03 9.590415e+03
1.6 9.630269e+03 9.719378e+03 9.698696e+03 9.609587e+03
2.6 9.734456e+03 9.701184e+03 9.695934e+03 9.729206e+03
3.6 9.709782e+03 9.718525e+03 9.697661e+03 9.688919e+03
4.6 9.738203e+03 9.699549e+03 9.700091e+03 9.738745e+03
5.6 9.731711e+03 9.712992e+03 9.696001e+03 9.714720e+03
6.6 9.709261e+03 9.702958e+03 9.700684e+03 9.706987e+03
7.6 9.696343e+03 9.703389e+03 9.694669e+03 9.687623e+03
8.6 9.735669e+03 9.707243e+03 9.700429e+03 9.728855e+03
0.3 9.734456e+03 9.701184e+03 9.695934e+03 9.729206e+03
1.3 9.709782e+03 9.718525e+03 9.697661e+03 9.688919e+03
2.3 9.738203e+03 9.699549e+03 9.700091e+03 9.738745e+03
3.3 9.731711e+03 9.712992e+03 9.696001e+03 9.714720e+03
4.3 9.709261e+03 9.702958e+03 9.700684e+03 9.706987e+03
5.3 9.696343e+03 9.703389e+03 9.694669e+03 9.687623e+03
6.3 9.735669e+03 9.707243e+03 9.700429e+03 9.728855e+03
7.3 9.747575e+03 9.693569e+03 9.696060e+03 9.750066e+03
8.3 9.720712e+03 9.710082e+03 9.699555e+03 9.710184e+03
1.0 9.731711e+03 9.712992e+03 9.696001e+03 9.714720e+03
2.0 9.709261e+03 9.702958e+03 9.700684e+03 9.706987e+03
3.0 9.696343e+03 9.703389e+03 9.694669e+03 9.687623e+03
4.0 9.735669e+03 9.707243e+03 9.700429e+03 9.728855e+03
5.0 9.747575e+03 9.693569e+03 9.696060e+03 9.750066e+03
6.0 9.720712e+03 9.710082e+03 9.699555e+03 9.710184e+03
7.0 9.667617e+03 9.691180e+03 9.700484e+03 9.676921e+03
8.0 9.693009e+03 9.716344e+03 9.682295e+03 9.658960e+03
9.0 9.806141e+03 9.798568e+03 9.678332e+03 9.685905e+03
0.7 9.696343e+03 9.703389e+03 9.694669e+03 9.687623e+03
1.7 9.735669e+03 9.707243e+03 9.700429e+03 9.728855e+03
2.7 9.747575e+03 9.693569e+03 9.696060e+03 9.750066e+03
3.7 9.720712e+03 9.710082e+03 9.699555e+03 9.710184e+03
4.7 9.667617e+03 9.691180e+03 9.700484e+03 9.676921e+03
5.7 9.693009e+03 9.716344e+03 9.682295e+03 9.658960e+03
6.7 9.806141e+03 9.798568e+03 9.678332e+03 9.685905e+03
7.7 9.826041e+03 9.838674e+03 9.678194e+03 9.665562e+03
8.7 9.860469e+03 9.800219e+03 9.678280e+03 9.738529e+03
0.4 9.747575e+03 9.693569e+03 9.696060e+03 9.750066e+03
1.4 9.720712e+03 9.710082e+03 9.699555e+03 9.710184e+03
2.4 9.667617e+03 9.691180e+03 9.700484e+03 9.676921e+03
3.4 9.693009e+03 9.716344e+03 9.682295e+03 9.658960e+03
4.4 9.806141e+03 9.798568e+03 9.678332e+03 9.685905e+03
5.4 9.826041e+03 9.838674e+03 9.678194e+03 9.665562e+03
6.4 9.860469e+03 9.800219e+03 9.678280e+03 9.738529e+03
7.4 9.747863e+03 9.736335e+03 9.678362e+03 9.689890e+03
8.4 9.715492e+03 9.682693e+03 9.678431e+03 9.711229e+03
0.5 9.700566e+03 9.612811e+03 9.681952e+03 9.769708e+03
1.5 9.678242e+03 9.602651e+03 9.699687e+03 9.775278e+03
2.5 9.665807e+03 9.586484e+03 9.699499e+03 9.778821e+03
3.5 9.692539e+03 9.644441e+03 9.699509e+03 9.747607e+03
4.5 9.692167e+03 9.665808e+03 9.702514e+03 9.728873e+03
5.5 9.682953e+03 9.702406e+03 9.696851e+03 9.677398e+03
6.5 9.744523e+03 9.700174e+03 9.702230e+03 9.746579e+03
7.5 9.765829e+03 9.693657e+03 9.696131e+03 9.768304e+03
8.5 9.752417e+03 9.702919e+03 9.701488e+03 9.750987e+03
0.2 9.665807e+03 9.586484e+03 9.699499e+03 9.778821e+03
1.2 9.692539e+03 9.644441e+03 9.699509e+03 9.747607e+03
2.2 9.692167e+03 9.665808e+03 9.702514e+03 9.728873e+03
3.2 9.682953e+03 9.702406e+03 9.696851e+03 9.677398e+03
4.2 9.744523e+03 9.700174e+03 9.702230e+03 9.746579e+03
5.2 9.765829e+03 9.693657e+03 9.696131e+03 9.768304e+03
6.2 9.752417e+03 9.702919e+03 9.701488e+03 9.750987e+03
7.2 9.747530e+03 9.687002e+03 9.698715e+03 9.759243e+03
8.2 9.756618e+03 9.704596e+03 9.700385e+03 9.752407e+03
0.9 9.682953e+03 9.702406e+03 9.696851e+03 9.677398e+03
1.9 9.744523e+03 9.700174e+03 9.702230e+03 9.746579e+03
2.9 9.765829e+03 9.693657e+03 9.696131e+03 9.768304e+03
3.9 9.752417e+03 9.702919e+03 9.701488e+03 9.750987e+03
4.9 9.747530e+03 9.687002e+03 9.698715e+03 9.759243e+03
5.9 9.756618e+03 9.704596e+03 9.700385e+03 9.752407e+03
6.9 9.736357e+03 9.689599e+03 9.702152e+03 9.748910e+03
7.9 9.724743e+03 9.710057e+03 9.697191e+03 9.711877e+03
8.9 9.718113e+03 9.698826e+03 9.702420e+03 9.721707e+03
0.6 9.765829e+03 9.693657e+03 9.696131e+03 9.768304e+03
1.6 9.752417e+03 9.702919e+03 9.701488e+03 9.750987e+03
2.6 9.747530e+03 9.687002e+03 9.698715e+03 9.759243e+03
3.6 9.756618e+03 9.704596e+03 9.700385e+03 9.752407e+03
4.6 9.736357e+03 9.689599e+03 9.702152e+03 9.748910e+03
5.6 9.724743e+03 9.710057e+03 9.697191e+03 9.711877e+03
6.6 9.718113e+03 9.698826e+03 9.702420e+03 9.721707e+03
7.6 9.724002e+03 9.695228e+03 9.696254e+03 9.725028e+03
8.6 9.725819e+03 9.700312e+03 9.701826e+03 9.727333e+03
0.3 9.747530e+03 9.687002e+03 9.698715e+03 9.759243e+03
1.3 9.756618e+03 9.704596e+03 9.700385e+03 9.752407e+03
2.3 9.736357e+03 9.689599e+03 9.702152e+03 9.748910e+03
3.3 9.724743e+03 9.710057e+03 9.697191e+03 9.711877e+03
4.3 9.718113e+03 9.698826e+03 9.702420e+03 9.721707e+03
5.3 9.724002e+03 9.695228e+03 9.696254e+03 9.725028e+03
6.3 9.725819e+03 9.700312e+03 9.701826e+03 9.727333e+03
7.3 9.719073e+03 9.686867e+03 9.697647e+03 9.729854e+03
8.3 9.764030e+03 9.705888e+03 9.700581e+03 9.758724e+03
0.9 9.724743e+03 9.710057e+03 9.697191e+03 9.711877e+03
1.9 9.718113e+03 9.698826e+03 9.702420e+03 9.721707e+03
2.9 9.724002e+03 9.695228e+03 9.696254e+03 9.725028e+03
3.9 9.725819e+03 9.700312e+03 9.701826e+03 9.727333e+03
4.9 9.719073e+03 9.686867e+03 9.697647e+03 9.729854e+03
5.9 9.764030e+03 9.705888e+03 9.700581e+03 9.758724e+03
6.9 9.739254e+03 9.688478e+03 9.701780e+03 9.752556e+03
7.9 9.731708e+03 9.712004e+03 9.683466e+03 9.703169e+03
8.9 9.748860e+03 9.794373e+03 9.679141e+03 9.633628e+03
0.7 9.724002e+03 9.695228e+03 9.696254e+03 9.725028e+03
1.7 9.725819e+03 9.700312e+03 9.701826e+03 9.727333e+03
2.7 9.719073e+03 9.686867e+03 9.697647e+03 9.729854e+03
3.7 9.764030e+03 9.705888e+03 9.700581e+03 9.758724e+03
4.7 9.739254e+03 9.688478e+03 9.701780e+03 9.752556e+03
5.7 9.731708e+03 9.712004e+03 9.683466e+03 9.703169e+03
6.7 9.748860e+03 9.794373e+03 9.679141e+03 9.633628e+03
7.7 9.807058e+03 9.837204e+03 9.678883e+03 9.648737e+03
8.7 9.858376e+03 9.800277e+03 9.678879e+03 9.736978e+03
0.3 9.719073e+03 9.686867e+03 9.697647e+03 9.729854e+03
1.3 9.764030e+03 9.705888e+03 9.700581e+03 9.758724e+03
2.3 9.739254e+03 9.688478e+03 9.701780e+03 9.752556e+03
3.3 9.731708e+03 9.712004e+03 9.683466e+03 9.703169e+03
4.3 9.748860e+03 9.794373e+03 9.679141e+03 9.633628e+03
5.3 9.807058e+03 9.837204e+03 9.678883e+03 9.648737e+03
6.3 9.858376e+03 9.800277e+03 9.678879e+03 9.736978e+03
7.3 9.763039e+03 9.736764e+03 9.678881e+03 9.705157e+03
8.3 9.633770e+03 9.682816e+03 9.678881e+03 9.629836e+03
0.5 9.541082e+03 9.611999e+03 9.682673e+03 9.611755e+03
1.5 9.591790e+03 9.600317e+03 9.700099e+03 9.691571e+03
2.5 9.608680e+03 9.586932e+03 9.699219e+03 9.720967e+03
3.5 9.601656e+03 9.647820e+03 9.699461e+03 9.653296e+03
4.5 9.569193e+03 9.666909e+03 9.702620e+03 9.604905e+03
5.5 9.588035e+03 9.704797e+03 9.695823e+03 9.579061e+03
6.5 9.615209e+03 9.701878e+03 9.702122e+03 9.615452e+03
7.5 9.626109e+03 9.689592e+03 9.695799e+03 9.632316e+03
8.5 9.642734e+03 9.702883e+03 9.701114e+03 9.640964e+03
0.2 9.608680e+03 9.586932e+03 9.699219e+03 9.720967e+03
1.2 9.601656e+03 9.647820e+03 9.699461e+03 9.653296e+03
2.2 9.569193e+03 9.666909e+03 9.702620e+03 9.604905e+03
3.2 9.588035e+03 9.704797e+03 9.695823e+03 9.579061e+03
4.2 9.615209e+03 9.701878e+03 9.702122e+03 9.615452e+03
5.2 9.626109e+03 9.689592e+03 9.695799e+03 9.632316e+03
6.2 9.642734e+03 9.702883e+03 9.701114e+03 9.640964e+03
7.2 9.666643e+03 9.684130e+03 9.699629e+03 9.682142e+03
8.2 9.674449e+03 9.704684e+03 9.699545e+03 9.669311e+03
0.8 9.588035e+03 9.704797e+03 9.695823e+03 9.579061e+03
1.8 9.615209e+03 9.701878e+03 9.702122e+03 9.615452e+03
2.8 9.626109e+03 9.689592e+03 9.695799e+03 9.632316e+03
3.8 9.642734e+03 9.702883e+03 9.701114e+03 9.640964e+03
4.8 9.666643e+03 9.684130e+03 9.699629e+03 9.682142e+03
5.8 9.674449e+03 9.704684e+03 9.699545e+03 9.669311e+03
6.8 9.694130e+03 9.690258e+03 9.702515e+03 9.706387e+03
7.8 9.713992e+03 9.702968e+03 9.697368e+03 9.708392e+03
8.8 9.699945e+03 9.697925e+03 9.702250e+03 9.704270e+03
0.5 9.626109e+03 9.689592e+03 9.695799e+03 9.632316e+03
1.5 9.642734e+03 9.702883e+03 9.701114e+03 9.640964e+03
2.5 9.666643e+03 9.684130e+03 9.699629e+03 9.682142e+03
3.5 9.674449e+03 9.704684e+03 9.699545e+03 9.669311e+03
4.5 9.694130e+03 9.690258e+03 9.702515e+03 9.706387e+03
5.5 9.713992e+03 9.702968e+03 9.697368e+03 9.708392e+03
6.5 9.699945e+03 9.697925e+03 9.702250e+03 9.704270e+03
7.5 9.697242e+03 9.695833e+03 9.696030e+03 9.697439e+03
8.5 9.724330e+03 9.704239e+03 9.701451e+03 9.721542e+03
0.2 9.666643e+03 9.684130e+03 9.699629e+03 9.682142e+03
1.2 9.674449e+03 9.704684e+03 9.699545e+03 9.669311e+03
2.2 9.694130e+03 9.690258e+03 9.702515e+03 9.706387e+03
3.2 9.713992e+03 9.702968e+03 9.697368e+03 9.708392e+03
4.2 9.699945e+03 9.697925e+03 9.702250e+03 9.704270e+03
5.2 9.697242e+03 9.695833e+03 9.696030e+03 9.697439e+03
6.2 9.724330e+03 9.704239e+03 9.701451e+03 9.721542e+03
7.2 9.726101e+03 9.688855e+03 9.698024e+03 9.735270e+03
8.2 9.744815e+03 9.707781e+03 9.700008e+03 9.737041e+03
0.9 9.713992e+03 9.702968e+03 9.697368e+03 9.708392e+03
1.9 9.699945e+03 9.697925e+03 9.702250e+03 9.704270e+03
2.9 9.697242e+03 9.695833e+03 9.696030e+03 9.697439e+03
3.9 9.724330e+03 9.704239e+03 9.701451e+03 9.721542e+03
4.9 9.726101e+03 9.688855e+03 9.698024e+03 9.735270e+03
5.9 9.744815e+03 9.707781e+03 9.700008e+03 9.737041e+03
6.9 9.728975e+03 9.690206e+03 9.701879e+03 9.740648e+03
7.9 9.760465e+03 9.709400e+03 9.683657e+03 9.734723e+03
8.9 9.813804e+03 9.791202e+03 9.678727e+03 9.701330e+03
0.6 9.697242e+03 9.695833e+03 9.696030e+03 9.697439e+03
1.6 9.724330e+03 9.704239e+03 9.701451e+03 9.721542e+03
2.6 9.726101e+03 9.688855e+03 9.698024e+03 9.735270e+03
3.6 9.744815e+03 9.707781e+03 9.700008e+03 9.737041e+03
4.6 9.728975e+03 9.690206e+03 9.701879e+03 9.740648e+03
5.6 9.760465e+03 9.709400e+03 9.683657e+03 9.734723e+03
6.6 9.813804e+03 9.791202e+03 9.678727e+03 9.701330e+03
7.6 9.870598e+03 9.838839e+03 9.678352e+03 9.710110e+03
8.6 9.866611e+03 9.804667e+03 9.678261e+03 9.740205e+03
0.3 9.726101e+03 9.688855e+03 9.698024e+03 9.735270e+03
1.3 9.744815e+03 9.707781e+03 9.700008e+03 9.737041e+03
2.3 9.728975e+03 9.690206e+03 9.701879e+03 9.740648e+03
3.3 9.760465e+03 9.709400e+03 9.683657e+03 9.734723e+03
4.3 9.813804e+03 9.791202e+03 9.678727e+03 9.701330e+03
5.3 9.870598e+03 9.838839e+03 9.678352e+03 9.710110e+03
6.3 9.866611e+03 9.804667e+03 9.678261e+03 9.740205e+03
7.3 9.665867e+03 9.741638e+03 9.678165e+03 9.602395e+03
8.3 9.596444e+03 9.686891e+03 9.678054e+03 9.587607e+03
0.5 9.577636e+03 9.614859e+03 9.681226e+03 9.644003e+03
1.5 9.553783e+03 9.603424e+03 9.698447e+03 9.648806e+03
2.5 9.536117e+03 9.590271e+03 9.697423e+03 9.643269e+03
3.5 9.581651e+03 9.649250e+03 9.697686e+03 9.630087e+03
4.5 9.617161e+03 9.670234e+03 9.700154e+03 9.647081e+03
5.5 9.654241e+03 9.707724e+03 9.694412e+03 9.640929e+03
6.5 9.676272e+03 9.703908e+03 9.699295e+03 9.671659e+03
7.5 9.677560e+03 9.699279e+03 9.692222e+03 9.670503e+03
8.5 9.669780e+03 9.708764e+03 9.697635e+03 9.658651e+03
0.2 9.536117e+03 9.590271e+03 9.697423e+03 9.643269e+03
1.2 9.581651e+03 9.649250e+03 9.697686e+03 9.630087e+03
2.2 9.617161e+03 9.670234e+03 9.700154e+03 9.647081e+03
3.2 9.654241e+03 9.707724e+03 9.694412e+03 9.640929e+03
4.2 9.676272e+03 9.703908e+03 9.699295e+03 9.671659e+03
5.2 9.677560e+03 9.699279e+03 9.692222e+03 9.670503e+03
6.2 9.669780e+03 9.708764e+03 9.697635e+03 9.658651e+03
7.2 9.641507e+03 9.690638e+03 9.694328e+03 9.645198e+03
8.2 9.686738e+03 9.709602e+03 9.695417e+03 9.672553e+03
0.9 9.654241e+03 9.707724e+03 9.694412e+03 9.640929e+03
1.9 9.676272e+03 9.703908e+03 9.699295e+03 9.671659e+03
2.9 9.677560e+03 9.699279e+03 9.692222e+03 9.670503e+03
3.9 9.669780e+03 9.708764e+03 9.697635e+03 9.658651e+03
4.9 9.641507e+03 9.690638e+03 9.694328e+03 9.645198e+03
5.9 9.686738e+03 9.709602e+03 9.695417e+03 9.672553e+03
6.9 9.728466e+03 9.692555e+03 9.697183e+03 9.733095e+03
7.9 9.743009e+03 9.709350e+03 9.691897e+03 9.725556e+03
8.9 9.746923e+03 9.700020e+03 9.696331e+03 9.743235e+03
0.6 9.677560e+03 9.699279e+03 9.692222e+03 9.670503e+03
1.6 9.669780e+03 9.708764e+03 9.697635e+03 9.658651e+03
2.6 9.641507e+03 9.690638e+03 9.694328e+03 9.645198e+03
3.6 9.686738e+03 9.709602e+03 9.695417e+03 9.672553e+03
4.6 9.728466e+03 9.692555e+03 9.697183e+03 9.733095e+03
5.6 9.743009e+03 9.709350e+03 9.691897e+03 9.725556e+03
6.6 9.746923e+03 9.700020e+03 9.696331e+03 9.743235e+03
7.6 9.736343e+03 9.698163e+03 9.689618e+03 9.727799e+03
8.6 9.727487e+03 9.703461e+03 9.694654e+03 9.718680e+03
0.3 9.641507e+03 9.690638e+03 9.694328e+03 9.645198e+03
1.3 9.686738e+03 9.709602e+03 9.695417e+03 9.672553e+03
2.3 9.728466e+03 9.692555e+03 9.697183e+03 9.733095e+03
3.3 9.743009e+03 9.709350e+03 9.691897e+03 9.725556e+03
4.3 9.746923e+03 9.700020e+03 9.696331e+03 9.743235e+03
5.3 9.736343e+03 9.698163e+03 9.689618e+03 9.727799e+03
6.3 9.727487e+03 9.703461e+03 9.694654e+03 9.718680e+03
7.3 9.700350e+03 9.689468e+03 9.689461e+03 9.700343e+03
8.3 9.708918e+03 9.711344e+03 9.691721e+03 9.689295e+03
1.0 9.743009e+03 9.709350e+03 9.691897e+03 9.725556e+03
2.0 9.746923e+03 9.700020e+03 9.696331e+03 9.743235e+03
3.0 9.736343e+03 9.698163e+03 9.689618e+03 9.727799e+03
4.0 9.727487e+03 9.703461e+03 9.694654e+03 9.718680e+03
5.0 9.700350e+03 9.689468e+03 9.689461e+03 9.700343e+03
6.0 9.708918e+03 9.711344e+03 9.691721e+03 9.689295e+03
0.6 9.736343e+03 9.698163e+03 9.689618e+03 9.727799e+03
1.6 9.727487e+03 9.703461e+03 9.694654e+03 9.718680e+03
2.6 9.700350e+03 9.689468e+03 9.689461e+03 9.700343e+03
3.6 9.708918e+03 9.711344e+03 9.691721e+03 9.689295e+03
0.3 9.700350e+03 9.689468e+03 9.689461e+03 9.700343e+03
1.3 9.708918e+03 9.711344e+03 9.691721e+03 9.689295e+03
