0.5 1.086809e+04 1.088382e+04 1.073575e+04 1.072002e+04
1.5 1.082852e+04 1.089481e+04 1.075819e+04 1.069189e+04
2.5 1.079437e+04 1.083472e+04 1.083316e+04 1.079281e+04
3.5 1.084701e+04 1.085623e+04 1.091240e+04 1.090318e+04
4.5 1.078424e+04 1.088152e+04 1.097689e+04 1.087962e+04
5.5 1.092088e+04 1.097086e+04 1.101997e+04 1.097000e+04
6.5 1.081672e+04 1.095613e+04 1.103643e+04 1.089702e+04
7.5 1.079445e+04 1.100397e+04 1.103972e+04 1.083020e+04
8.5 1.093789e+04 1.096122e+04 1.103540e+04 1.101208e+04
0.2 1.079437e+04 1.083472e+04 1.083316e+04 1.079281e+04
1.2 1.084701e+04 1.085623e+04 1.091240e+04 1.090318e+04
2.2 1.078424e+04 1.088152e+04 1.097689e+04 1.087962e+04
3.2 1.092088e+04 1.097086e+04 1.101997e+04 1.097000e+04
4.2 1.081672e+04 1.095613e+04 1.103643e+04 1.089702e+04
5.2 1.079445e+04 1.100397e+04 1.103972e+04 1.083020e+04
6.2 1.093789e+04 1.096122e+04 1.103540e+04 1.101208e+04
7.2 1.104343e+04 1.097984e+04 1.103768e+04 1.110127e+04
8.2 1.101394e+04 1.096766e+04 1.103416e+04 1.108044e+04
0.9 1.092088e+04 1.097086e+04 1.101997e+04 1.097000e+04
1.9 1.081672e+04 1.095613e+04 1.103643e+04 1.089702e+04
2.9 1.079445e+04 1.100397e+04 1.103972e+04 1.083020e+04
3.9 1.093789e+04 1.096122e+04 1.103540e+04 1.101208e+04
4.9 1.104343e+04 1.097984e+04 1.103768e+04 1.110127e+04
5.9 1.101394e+04 1.096766e+04 1.103416e+04 1.108044e+04
6.9 1.100225e+04 1.094742e+04 1.103575e+04 1.109058e+04
7.9 1.105767e+04 1.097916e+04 1.103464e+04 1.111315e+04
8.9 1.096575e+04 1.094298e+04 1.103488e+04 1.105764e+04
0.6 1.079445e+04 1.100397e+04 1.103972e+04 1.083020e+04
1.6 1.093789e+04 1.096122e+04 1.103540e+04 1.101208e+04
2.6 1.104343e+04 1.097984e+04 1.103768e+04 1.110127e+04
3.6 1.101394e+04 1.096766e+04 1.103416e+04 1.108044e+04
4.6 1.100225e+04 1.094742e+04 1.103575e+04 1.109058e+04
5.6 1.105767e+04 1.097916e+04 1.103464e+04 1.111315e+04
6.6 1.096575e+04 1.094298e+04 1.103488e+04 1.105764e+04
7.6 1.090788e+04 1.098906e+04 1.103719e+04 1.095601e+04
8.6 1.100931e+04 1.094620e+04 1.103564e+04 1.109875e+04
0.3 1.104343e+04 1.097984e+04 1.103768e+04 1.110127e+04
1.3 1.101394e+04 1.096766e+04 1.103416e+04 1.108044e+04
2.3 1.100225e+04 1.094742e+04 1.103575e+04 1.109058e+04
3.3 1.105767e+04 1.097916e+04 1.103464e+04 1.111315e+04
4.3 1.096575e+04 1.094298e+04 1.103488e+04 1.105764e+04
5.3 1.090788e+04 1.098906e+04 1.103719e+04 1.095601e+04
6.3 1.100931e+04 1.094620e+04 1.103564e+04 1.109875e+04
7.3 1.095672e+04 1.097896e+04 1.103981e+04 1.101756e+04
8.3 1.090727e+04 1.095461e+04 1.103753e+04 1.099019e+04
1.0 1.105767e+04 1.097916e+04 1.103464e+04 1.111315e+04
2.0 1.096575e+04 1.094298e+04 1.103488e+04 1.105764e+04
3.0 1.090788e+04 1.098906e+04 1.103719e+04 1.095601e+04
4.0 1.100931e+04 1.094620e+04 1.103564e+04 1.109875e+04
5.0 1.095672e+04 1.097896e+04 1.103981e+04 1.101756e+04
6.0 1.090727e+04 1.095461e+04 1.103753e+04 1.099019e+04
7.0 1.084739e+04 1.094669e+04 1.104091e+04 1.094162e+04
8.0 1.094907e+04 1.101614e+04 1.102898e+04 1.096192e+04
9.0 1.124667e+04 1.120937e+04 1.096829e+04 1.100558e+04
0.7 1.090788e+04 1.098906e+04 1.103719e+04 1.095601e+04
1.7 1.100931e+04 1.094620e+04 1.103564e+04 1.109875e+04
2.7 1.095672e+04 1.097896e+04 1.103981e+04 1.101756e+04
3.7 1.090727e+04 1.095461e+04 1.103753e+04 1.099019e+04
4.7 1.084739e+04 1.094669e+04 1.104091e+04 1.094162e+04
5.7 1.094907e+04 1.101614e+04 1.102898e+04 1.096192e+04
6.7 1.124667e+04 1.120937e+04 1.096829e+04 1.100558e+04
7.7 1.113057e+04 1.118570e+04 1.088113e+04 1.082600e+04
8.7 1.112783e+04 1.096749e+04 1.080659e+04 1.096693e+04
0.4 1.095672e+04 1.097896e+04 1.103981e+04 1.101756e+04
1.4 1.090727e+04 1.095461e+04 1.103753e+04 1.099019e+04
2.4 1.084739e+04 1.094669e+04 1.104091e+04 1.094162e+04
3.4 1.094907e+04 1.101614e+04 1.102898e+04 1.096192e+04
4.4 1.124667e+04 1.120937e+04 1.096829e+04 1.100558e+04
5.4 1.113057e+04 1.118570e+04 1.088113e+04 1.082600e+04
6.4 1.112783e+04 1.096749e+04 1.080659e+04 1.096693e+04
7.4 1.105292e+04 1.085299e+04 1.075267e+04 1.095260e+04
8.4 1.101463e+04 1.081602e+04 1.072195e+04 1.092057e+04
0.5 1.094994e+04 1.083075e+04 1.071673e+04 1.083591e+04
1.5 1.100927e+04 1.085026e+04 1.074678e+04 1.090579e+04
2.5 1.103729e+04 1.080105e+04 1.082795e+04 1.106420e+04
3.5 1.100010e+04 1.082306e+04 1.091133e+04 1.108837e+04
4.5 1.096489e+04 1.085368e+04 1.097937e+04 1.109059e+04
5.5 1.103671e+04 1.094887e+04 1.102432e+04 1.111217e+04
6.5 1.110226e+04 1.093345e+04 1.104148e+04 1.121028e+04
7.5 1.106696e+04 1.098356e+04 1.104623e+04 1.112963e+04
8.5 1.115172e+04 1.094416e+04 1.104391e+04 1.125147e+04
0.2 1.103729e+04 1.080105e+04 1.082795e+04 1.106420e+04
1.2 1.100010e+04 1.082306e+04 1.091133e+04 1.108837e+04
2.2 1.096489e+04 1.085368e+04 1.097937e+04 1.109059e+04
3.2 1.103671e+04 1.094887e+04 1.102432e+04 1.111217e+04
4.2 1.110226e+04 1.093345e+04 1.104148e+04 1.121028e+04
5.2 1.106696e+04 1.098356e+04 1.104623e+04 1.112963e+04
6.2 1.115172e+04 1.094416e+04 1.104391e+04 1.125147e+04
7.2 1.110566e+04 1.096458e+04 1.104776e+04 1.118884e+04
8.2 1.116703e+04 1.095485e+04 1.104664e+04 1.125882e+04
0.9 1.103671e+04 1.094887e+04 1.102432e+04 1.111217e+04
1.9 1.110226e+04 1.093345e+04 1.104148e+04 1.121028e+04
2.9 1.106696e+04 1.098356e+04 1.104623e+04 1.112963e+04
3.9 1.115172e+04 1.094416e+04 1.104391e+04 1.125147e+04
4.9 1.110566e+04 1.096458e+04 1.104776e+04 1.118884e+04
5.9 1.116703e+04 1.095485e+04 1.104664e+04 1.125882e+04
6.9 1.104679e+04 1.094178e+04 1.105010e+04 1.115511e+04
7.9 1.104358e+04 1.097988e+04 1.104733e+04 1.111103e+04
8.9 1.102185e+04 1.093672e+04 1.104419e+04 1.112932e+04
0.6 1.106696e+04 1.098356e+04 1.104623e+04 1.112963e+04
1.6 1.115172e+04 1.094416e+04 1.104391e+04 1.125147e+04
2.6 1.110566e+04 1.096458e+04 1.104776e+04 1.118884e+04
3.6 1.116703e+04 1.095485e+04 1.104664e+04 1.125882e+04
4.6 1.104679e+04 1.094178e+04 1.105010e+04 1.115511e+04
5.6 1.104358e+04 1.097988e+04 1.104733e+04 1.111103e+04
6.6 1.102185e+04 1.093672e+04 1.104419e+04 1.112932e+04
7.6 1.105694e+04 1.098215e+04 1.104524e+04 1.112003e+04
8.6 1.108179e+04 1.094062e+04 1.104327e+04 1.118444e+04
0.3 1.110566e+04 1.096458e+04 1.104776e+04 1.118884e+04
1.3 1.116703e+04 1.095485e+04 1.104664e+04 1.125882e+04
2.3 1.104679e+04 1.094178e+04 1.105010e+04 1.115511e+04
3.3 1.104358e+04 1.097988e+04 1.104733e+04 1.111103e+04
4.3 1.102185e+04 1.093672e+04 1.104419e+04 1.112932e+04
5.3 1.105694e+04 1.098215e+04 1.104524e+04 1.112003e+04
6.3 1.108179e+04 1.094062e+04 1.104327e+04 1.118444e+04
7.3 1.101116e+04 1.097213e+04 1.104750e+04 1.108653e+04
8.3 1.110101e+04 1.095289e+04 1.104580e+04 1.119393e+04
0.9 1.104358e+04 1.097988e+04 1.104733e+04 1.111103e+04
1.9 1.102185e+04 1.093672e+04 1.104419e+04 1.112932e+04
2.9 1.105694e+04 1.098215e+04 1.104524e+04 1.112003e+04
3.9 1.108179e+04 1.094062e+04 1.104327e+04 1.118444e+04
4.9 1.101116e+04 1.097213e+04 1.104750e+04 1.108653e+04
5.9 1.110101e+04 1.095289e+04 1.104580e+04 1.119393e+04
6.9 1.109747e+04 1.094330e+04 1.104903e+04 1.120320e+04
7.9 1.111365e+04 1.101200e+04 1.103735e+04 1.113901e+04
8.9 1.127178e+04 1.120285e+04 1.097708e+04 1.104601e+04
0.7 1.105694e+04 1.098215e+04 1.104524e+04 1.112003e+04
1.7 1.108179e+04 1.094062e+04 1.104327e+04 1.118444e+04
2.7 1.101116e+04 1.097213e+04 1.104750e+04 1.108653e+04
3.7 1.110101e+04 1.095289e+04 1.104580e+04 1.119393e+04
4.7 1.109747e+04 1.094330e+04 1.104903e+04 1.120320e+04
5.7 1.111365e+04 1.101200e+04 1.103735e+04 1.113901e+04
6.7 1.127178e+04 1.120285e+04 1.097708e+04 1.104601e+04
7.7 1.130959e+04 1.119085e+04 1.088936e+04 1.100810e+04
8.7 1.077706e+04 1.097159e+04 1.081360e+04 1.061907e+04
0.3 1.101116e+04 1.097213e+04 1.104750e+04 1.108653e+04
1.3 1.110101e+04 1.095289e+04 1.104580e+04 1.119393e+04
2.3 1.109747e+04 1.094330e+04 1.104903e+04 1.120320e+04
3.3 1.111365e+04 1.101200e+04 1.103735e+04 1.113901e+04
4.3 1.127178e+04 1.120285e+04 1.097708e+04 1.104601e+04
5.3 1.130959e+04 1.119085e+04 1.088936e+04 1.100810e+04
6.3 1.077706e+04 1.097159e+04 1.081360e+04 1.061907e+04
7.3 1.078004e+04 1.085465e+04 1.075855e+04 1.068394e+04
8.3 1.050670e+04 1.081631e+04 1.072658e+04 1.041697e+04
0.5 1.070299e+04 1.082759e+04 1.071937e+04 1.059477e+04
1.5 1.072377e+04 1.084991e+04 1.075045e+04 1.062431e+04
2.5 1.063650e+04 1.080673e+04 1.083216e+04 1.066193e+04
3.5 1.074004e+04 1.082626e+04 1.091385e+04 1.082763e+04
4.5 1.068406e+04 1.085391e+04 1.098012e+04 1.081028e+04
5.5 1.075342e+04 1.095627e+04 1.102333e+04 1.082047e+04
6.5 1.076504e+04 1.093136e+04 1.103727e+04 1.087095e+04
7.5 1.088980e+04 1.098157e+04 1.104151e+04 1.094973e+04
8.5 1.078501e+04 1.094325e+04 1.103916e+04 1.088092e+04
0.2 1.063650e+04 1.080673e+04 1.083216e+04 1.066193e+04
1.2 1.074004e+04 1.082626e+04 1.091385e+04 1.082763e+04
2.2 1.068406e+04 1.085391e+04 1.098012e+04 1.081028e+04
3.2 1.075342e+04 1.095627e+04 1.102333e+04 1.082047e+04
4.2 1.076504e+04 1.093136e+04 1.103727e+04 1.087095e+04
5.2 1.088980e+04 1.098157e+04 1.104151e+04 1.094973e+04
6.2 1.078501e+04 1.094325e+04 1.103916e+04 1.088092e+04
7.2 1.085824e+04 1.095382e+04 1.104321e+04 1.094763e+04
8.2 1.088546e+04 1.095804e+04 1.104264e+04 1.097007e+04
0.8 1.075342e+04 1.095627e+04 1.102333e+04 1.082047e+04
1.8 1.076504e+04 1.093136e+04 1.103727e+04 1.087095e+04
2.8 1.088980e+04 1.098157e+04 1.104151e+04 1.094973e+04
3.8 1.078501e+04 1.094325e+04 1.103916e+04 1.088092e+04
4.8 1.085824e+04 1.095382e+04 1.104321e+04 1.094763e+04
5.8 1.088546e+04 1.095804e+04 1.104264e+04 1.097007e+04
6.8 1.095563e+04 1.093589e+04 1.104558e+04 1.106532e+04
7.8 1.090963e+04 1.097619e+04 1.104559e+04 1.097903e+04
8.8 1.088115e+04 1.093919e+04 1.104536e+04 1.098731e+04
0.5 1.088980e+04 1.098157e+04 1.104151e+04 1.094973e+04
1.5 1.078501e+04 1.094325e+04 1.103916e+04 1.088092e+04
2.5 1.085824e+04 1.095382e+04 1.104321e+04 1.094763e+04
3.5 1.088546e+04 1.095804e+04 1.104264e+04 1.097007e+04
4.5 1.095563e+04 1.093589e+04 1.104558e+04 1.106532e+04
5.5 1.090963e+04 1.097619e+04 1.104559e+04 1.097903e+04
6.5 1.088115e+04 1.093919e+04 1.104536e+04 1.098731e+04
7.5 1.093296e+04 1.098637e+04 1.104768e+04 1.099427e+04
8.5 1.093775e+04 1.094583e+04 1.104473e+04 1.103665e+04
0.2 1.085824e+04 1.095382e+04 1.104321e+04 1.094763e+04
1.2 1.088546e+04 1.095804e+04 1.104264e+04 1.097007e+04
2.2 1.095563e+04 1.093589e+04 1.104558e+04 1.106532e+04
3.2 1.090963e+04 1.097619e+04 1.104559e+04 1.097903e+04
4.2 1.088115e+04 1.093919e+04 1.104536e+04 1.098731e+04
5.2 1.093296e+04 1.098637e+04 1.104768e+04 1.099427e+04
6.2 1.093775e+04 1.094583e+04 1.104473e+04 1.103665e+04
7.2 1.088319e+04 1.097055e+04 1.104780e+04 1.096043e+04
8.2 1.097259e+04 1.095705e+04 1.104452e+04 1.106007e+04
0.9 1.090963e+04 1.097619e+04 1.104559e+04 1.097903e+04
1.9 1.088115e+04 1.093919e+04 1.104536e+04 1.098731e+04
2.9 1.093296e+04 1.098637e+04 1.104768e+04 1.099427e+04
3.9 1.093775e+04 1.094583e+04 1.104473e+04 1.103665e+04
4.9 1.088319e+04 1.097055e+04 1.104780e+04 1.096043e+04
5.9 1.097259e+04 1.095705e+04 1.104452e+04 1.106007e+04
6.9 1.090901e+04 1.094133e+04 1.104619e+04 1.101387e+04
7.9 1.106295e+04 1.100733e+04 1.103583e+04 1.109144e+04
8.9 1.121845e+04 1.119213e+04 1.097743e+04 1.100376e+04
0.6 1.093296e+04 1.098637e+04 1.104768e+04 1.099427e+04
1.6 1.093775e+04 1.094583e+04 1.104473e+04 1.103665e+04
2.6 1.088319e+04 1.097055e+04 1.104780e+04 1.096043e+04
3.6 1.097259e+04 1.095705e+04 1.104452e+04 1.106007e+04
4.6 1.090901e+04 1.094133e+04 1.104619e+04 1.101387e+04
5.6 1.106295e+04 1.100733e+04 1.103583e+04 1.109144e+04
6.6 1.121845e+04 1.119213e+04 1.097743e+04 1.100376e+04
7.6 1.125393e+04 1.120330e+04 1.088949e+04 1.094011e+04
8.6 1.090041e+04 1.098233e+04 1.081183e+04 1.072992e+04
0.3 1.088319e+04 1.097055e+04 1.104780e+04 1.096043e+04
1.3 1.097259e+04 1.095705e+04 1.104452e+04 1.106007e+04
2.3 1.090901e+04 1.094133e+04 1.104619e+04 1.101387e+04
3.3 1.106295e+04 1.100733e+04 1.103583e+04 1.109144e+04
4.3 1.121845e+04 1.119213e+04 1.097743e+04 1.100376e+04
5.3 1.125393e+04 1.120330e+04 1.088949e+04 1.094011e+04
6.3 1.090041e+04 1.098233e+04 1.081183e+04 1.072992e+04
7.3 1.075864e+04 1.086024e+04 1.075483e+04 1.065323e+04
8.3 1.080583e+04 1.081907e+04 1.072039e+04 1.070716e+04
0.5 1.074783e+04 1.083031e+04 1.070589e+04 1.062341e+04
1.5 1.080286e+04 1.085266e+04 1.073470e+04 1.068489e+04
2.5 1.082636e+04 1.080883e+04 1.081379e+04 1.083131e+04
3.5 1.084911e+04 1.082665e+04 1.089352e+04 1.091597e+04
4.5 1.087360e+04 1.085844e+04 1.095763e+04 1.097279e+04
5.5 1.091595e+04 1.095095e+04 1.099773e+04 1.096274e+04
6.5 1.076858e+04 1.093539e+04 1.100996e+04 1.084315e+04
7.5 1.098983e+04 1.098913e+04 1.100923e+04 1.100992e+04
8.5 1.087959e+04 1.094456e+04 1.100025e+04 1.093528e+04
0.2 1.082636e+04 1.080883e+04 1.081379e+04 1.083131e+04
1.2 1.084911e+04 1.082665e+04 1.089352e+04 1.091597e+04
2.2 1.087360e+04 1.085844e+04 1.095763e+04 1.097279e+04
3.2 1.091595e+04 1.095095e+04 1.099773e+04 1.096274e+04
4.2 1.076858e+04 1.093539e+04 1.100996e+04 1.084315e+04
5.2 1.098983e+04 1.098913e+04 1.100923e+04 1.100992e+04
6.2 1.087959e+04 1.094456e+04 1.100025e+04 1.093528e+04
7.2 1.089174e+04 1.096382e+04 1.099756e+04 1.092547e+04
8.2 1.084557e+04 1.095346e+04 1.098932e+04 1.088143e+04
0.9 1.091595e+04 1.095095e+04 1.099773e+04 1.096274e+04
1.9 1.076858e+04 1.093539e+04 1.100996e+04 1.084315e+04
2.9 1.098983e+04 1.098913e+04 1.100923e+04 1.100992e+04
3.9 1.087959e+04 1.094456e+04 1.100025e+04 1.093528e+04
4.9 1.089174e+04 1.096382e+04 1.099756e+04 1.092547e+04
5.9 1.084557e+04 1.095346e+04 1.098932e+04 1.088143e+04
6.9 1.091211e+04 1.093458e+04 1.098533e+04 1.096286e+04
7.9 1.095818e+04 1.097060e+04 1.097696e+04 1.096454e+04
8.9 1.100836e+04 1.093018e+04 1.096850e+04 1.104668e+04
0.6 1.098983e+04 1.098913e+04 1.100923e+04 1.100992e+04
1.6 1.087959e+04 1.094456e+04 1.100025e+04 1.093528e+04
2.6 1.089174e+04 1.096382e+04 1.099756e+04 1.092547e+04
3.6 1.084557e+04 1.095346e+04 1.098932e+04 1.088143e+04
4.6 1.091211e+04 1.093458e+04 1.098533e+04 1.096286e+04
5.6 1.095818e+04 1.097060e+04 1.097696e+04 1.096454e+04
6.6 1.100836e+04 1.093018e+04 1.096850e+04 1.104668e+04
7.6 1.095537e+04 1.097505e+04 1.096242e+04 1.094274e+04
8.6 1.092969e+04 1.093169e+04 1.095222e+04 1.095022e+04
0.3 1.089174e+04 1.096382e+04 1.099756e+04 1.092547e+04
1.3 1.084557e+04 1.095346e+04 1.098932e+04 1.088143e+04
2.3 1.091211e+04 1.093458e+04 1.098533e+04 1.096286e+04
3.3 1.095818e+04 1.097060e+04 1.097696e+04 1.096454e+04
4.3 1.100836e+04 1.093018e+04 1.096850e+04 1.104668e+04
5.3 1.095537e+04 1.097505e+04 1.096242e+04 1.094274e+04
6.3 1.092969e+04 1.093169e+04 1.095222e+04 1.095022e+04
7.3 1.099050e+04 1.096403e+04 1.094734e+04 1.097381e+04
8.3 1.088614e+04 1.094140e+04 1.093350e+04 1.087824e+04
1.0 1.095818e+04 1.097060e+04 1.097696e+04 1.096454e+04
2.0 1.100836e+04 1.093018e+04 1.096850e+04 1.104668e+04
3.0 1.095537e+04 1.097505e+04 1.096242e+04 1.094274e+04
4.0 1.092969e+04 1.093169e+04 1.095222e+04 1.095022e+04
5.0 1.099050e+04 1.096403e+04 1.094734e+04 1.097381e+04
6.0 1.088614e+04 1.094140e+04 1.093350e+04 1.087824e+04
0.6 1.095537e+04 1.097505e+04 1.096242e+04 1.094274e+04
1.6 1.092969e+04 1.093169e+04 1.095222e+04 1.095022e+04
2.6 1.099050e+04 1.096403e+04 1.094734e+04 1.097381e+04
3.6 1.088614e+04 1.094140e+04 1.093350e+04 1.087824e+04
0.3 1.099050e+04 1.096403e+04 1.094734e+04 1.097381e+04
1.3 1.088614e+04 1.094140e+04 1.093350e+04 1.087824e+04
