0.5 1.086863e+04 1.088443e+04 1.103497e+04 1.101917e+04
1.5 1.082905e+04 1.089537e+04 1.090603e+04 1.083971e+04
2.5 1.079491e+04 1.083522e+04 1.090270e+04 1.086238e+04
3.5 1.084754e+04 1.085673e+04 1.090578e+04 1.089659e+04
4.5 1.078477e+04 1.088203e+04 1.088194e+04 1.078468e+04
5.5 1.092142e+04 1.097139e+04 1.091896e+04 1.086899e+04
6.5 1.081725e+04 1.095667e+04 1.088177e+04 1.074235e+04
7.5 1.079498e+04 1.100451e+04 1.092433e+04 1.071479e+04
8.5 1.093843e+04 1.096176e+04 1.088472e+04 1.086139e+04
0.2 1.079491e+04 1.083522e+04 1.090270e+04 1.086238e+04
1.2 1.084754e+04 1.085673e+04 1.090578e+04 1.089659e+04
2.2 1.078477e+04 1.088203e+04 1.088194e+04 1.078468e+04
3.2 1.092142e+04 1.097139e+04 1.091896e+04 1.086899e+04
4.2 1.081725e+04 1.095667e+04 1.088177e+04 1.074235e+04
5.2 1.079498e+04 1.100451e+04 1.092433e+04 1.071479e+04
6.2 1.093843e+04 1.096176e+04 1.088472e+04 1.086139e+04
7.2 1.104398e+04 1.098038e+04 1.090446e+04 1.096806e+04
8.2 1.101448e+04 1.096820e+04 1.089211e+04 1.093839e+04
0.9 1.092142e+04 1.097139e+04 1.091896e+04 1.086899e+04
1.9 1.081725e+04 1.095667e+04 1.088177e+04 1.074235e+04
2.9 1.079498e+04 1.100451e+04 1.092433e+04 1.071479e+04
3.9 1.093843e+04 1.096176e+04 1.088472e+04 1.086139e+04
4.9 1.104398e+04 1.098038e+04 1.090446e+04 1.096806e+04
5.9 1.101448e+04 1.096820e+04 1.089211e+04 1.093839e+04
6.9 1.100279e+04 1.094796e+04 1.087475e+04 1.092958e+04
7.9 1.105822e+04 1.097970e+04 1.090399e+04 1.098250e+04
8.9 1.096628e+04 1.094352e+04 1.087051e+04 1.089327e+04
0.6 1.079498e+04 1.100451e+04 1.092433e+04 1.071479e+04
1.6 1.093843e+04 1.096176e+04 1.088472e+04 1.086139e+04
2.6 1.104398e+04 1.098038e+04 1.090446e+04 1.096806e+04
3.6 1.101448e+04 1.096820e+04 1.089211e+04 1.093839e+04
4.6 1.100279e+04 1.094796e+04 1.087475e+04 1.092958e+04
5.6 1.105822e+04 1.097970e+04 1.090399e+04 1.098250e+04
6.6 1.096628e+04 1.094352e+04 1.087051e+04 1.089327e+04
7.6 1.090842e+04 1.098960e+04 1.091350e+04 1.083232e+04
8.6 1.100986e+04 1.094674e+04 1.087234e+04 1.093545e+04
0.3 1.104398e+04 1.098038e+04 1.090446e+04 1.096806e+04
1.3 1.101448e+04 1.096820e+04 1.089211e+04 1.093839e+04
2.3 1.100279e+04 1.094796e+04 1.087475e+04 1.092958e+04
3.3 1.105822e+04 1.097970e+04 1.090399e+04 1.098250e+04
4.3 1.096628e+04 1.094352e+04 1.087051e+04 1.089327e+04
5.3 1.090842e+04 1.098960e+04 1.091350e+04 1.083232e+04
6.3 1.100986e+04 1.094674e+04 1.087234e+04 1.093545e+04
7.3 1.095726e+04 1.097950e+04 1.090356e+04 1.088132e+04
8.3 1.090781e+04 1.095515e+04 1.087858e+04 1.083124e+04
1.0 1.105822e+04 1.097970e+04 1.090399e+04 1.098250e+04
2.0 1.096628e+04 1.094352e+04 1.087051e+04 1.089327e+04
3.0 1.090842e+04 1.098960e+04 1.091350e+04 1.083232e+04
4.0 1.100986e+04 1.094674e+04 1.087234e+04 1.093545e+04
5.0 1.095726e+04 1.097950e+04 1.090356e+04 1.088132e+04
6.0 1.090781e+04 1.095515e+04 1.087858e+04 1.083124e+04
7.0 1.084793e+04 1.094722e+04 1.087194e+04 1.077264e+04
8.0 1.094961e+04 1.101677e+04 1.100194e+04 1.093478e+04
9.0 1.124722e+04 1.121008e+04 1.103027e+04 1.106740e+04
0.7 1.090842e+04 1.098960e+04 1.091350e+04 1.083232e+04
1.7 1.100986e+04 1.094674e+04 1.087234e+04 1.093545e+04
2.7 1.095726e+04 1.097950e+04 1.090356e+04 1.088132e+04
3.7 1.090781e+04 1.095515e+04 1.087858e+04 1.083124e+04
4.7 1.084793e+04 1.094722e+04 1.087194e+04 1.077264e+04
5.7 1.094961e+04 1.101677e+04 1.100194e+04 1.093478e+04
6.7 1.124722e+04 1.121008e+04 1.103027e+04 1.106740e+04
7.7 1.113112e+04 1.118631e+04 1.103125e+04 1.097606e+04
8.7 1.112838e+04 1.096801e+04 1.103064e+04 1.119101e+04
0.4 1.095726e+04 1.097950e+04 1.090356e+04 1.088132e+04
1.4 1.090781e+04 1.095515e+04 1.087858e+04 1.083124e+04
2.4 1.084793e+04 1.094722e+04 1.087194e+04 1.077264e+04
3.4 1.094961e+04 1.101677e+04 1.100194e+04 1.093478e+04
4.4 1.124722e+04 1.121008e+04 1.103027e+04 1.106740e+04
5.4 1.113112e+04 1.118631e+04 1.103125e+04 1.097606e+04
6.4 1.112838e+04 1.096801e+04 1.103064e+04 1.119101e+04
7.4 1.105347e+04 1.085347e+04 1.103006e+04 1.123005e+04
8.4 1.101518e+04 1.081650e+04 1.102956e+04 1.122824e+04
0.5 1.095048e+04 1.083136e+04 1.100439e+04 1.112351e+04
1.5 1.100981e+04 1.085081e+04 1.087764e+04 1.103664e+04
2.5 1.103784e+04 1.080155e+04 1.087899e+04 1.111528e+04
3.5 1.100064e+04 1.082355e+04 1.087891e+04 1.105599e+04
4.5 1.096543e+04 1.085419e+04 1.085743e+04 1.096867e+04
5.5 1.103725e+04 1.094940e+04 1.089791e+04 1.098576e+04
6.5 1.110280e+04 1.093399e+04 1.085946e+04 1.102828e+04
7.5 1.106750e+04 1.098410e+04 1.090305e+04 1.098646e+04
8.5 1.115227e+04 1.094470e+04 1.086476e+04 1.107233e+04
0.2 1.103784e+04 1.080155e+04 1.087899e+04 1.111528e+04
1.2 1.100064e+04 1.082355e+04 1.087891e+04 1.105599e+04
2.2 1.096543e+04 1.085419e+04 1.085743e+04 1.096867e+04
3.2 1.103725e+04 1.094940e+04 1.089791e+04 1.098576e+04
4.2 1.110280e+04 1.093399e+04 1.085946e+04 1.102828e+04
5.2 1.106750e+04 1.098410e+04 1.090305e+04 1.098646e+04
6.2 1.115227e+04 1.094470e+04 1.086476e+04 1.107233e+04
7.2 1.110620e+04 1.096512e+04 1.088459e+04 1.102567e+04
8.2 1.116758e+04 1.095539e+04 1.087265e+04 1.108484e+04
0.9 1.103725e+04 1.094940e+04 1.089791e+04 1.098576e+04
1.9 1.110280e+04 1.093399e+04 1.085946e+04 1.102828e+04
2.9 1.106750e+04 1.098410e+04 1.090305e+04 1.098646e+04
3.9 1.115227e+04 1.094470e+04 1.086476e+04 1.107233e+04
4.9 1.110620e+04 1.096512e+04 1.088459e+04 1.102567e+04
5.9 1.116758e+04 1.095539e+04 1.087265e+04 1.108484e+04
6.9 1.104733e+04 1.094232e+04 1.086002e+04 1.096504e+04
7.9 1.104412e+04 1.098043e+04 1.089548e+04 1.095917e+04
8.9 1.102239e+04 1.093726e+04 1.085810e+04 1.094323e+04
0.6 1.106750e+04 1.098410e+04 1.090305e+04 1.098646e+04
1.6 1.115227e+04 1.094470e+04 1.086476e+04 1.107233e+04
2.6 1.110620e+04 1.096512e+04 1.088459e+04 1.102567e+04
3.6 1.116758e+04 1.095539e+04 1.087265e+04 1.108484e+04
4.6 1.104733e+04 1.094232e+04 1.086002e+04 1.096504e+04
5.6 1.104412e+04 1.098043e+04 1.089548e+04 1.095917e+04
6.6 1.102239e+04 1.093726e+04 1.085810e+04 1.094323e+04
7.6 1.105748e+04 1.098269e+04 1.090218e+04 1.097697e+04
8.6 1.108233e+04 1.094116e+04 1.086235e+04 1.100353e+04
0.3 1.110620e+04 1.096512e+04 1.088459e+04 1.102567e+04
1.3 1.116758e+04 1.095539e+04 1.087265e+04 1.108484e+04
2.3 1.104733e+04 1.094232e+04 1.086002e+04 1.096504e+04
3.3 1.104412e+04 1.098043e+04 1.089548e+04 1.095917e+04
4.3 1.102239e+04 1.093726e+04 1.085810e+04 1.094323e+04
5.3 1.105748e+04 1.098269e+04 1.090218e+04 1.097697e+04
6.3 1.108233e+04 1.094116e+04 1.086235e+04 1.100353e+04
7.3 1.101169e+04 1.097267e+04 1.089221e+04 1.093124e+04
8.3 1.110156e+04 1.095343e+04 1.087125e+04 1.101938e+04
0.9 1.104412e+04 1.098043e+04 1.089548e+04 1.095917e+04
1.9 1.102239e+04 1.093726e+04 1.085810e+04 1.094323e+04
2.9 1.105748e+04 1.098269e+04 1.090218e+04 1.097697e+04
3.9 1.108233e+04 1.094116e+04 1.086235e+04 1.100353e+04
4.9 1.101169e+04 1.097267e+04 1.089221e+04 1.093124e+04
5.9 1.110156e+04 1.095343e+04 1.087125e+04 1.101938e+04
6.9 1.109801e+04 1.094383e+04 1.086268e+04 1.101686e+04
7.9 1.111420e+04 1.101263e+04 1.099358e+04 1.109515e+04
8.9 1.127233e+04 1.120357e+04 1.102449e+04 1.109326e+04
0.7 1.105748e+04 1.098269e+04 1.090218e+04 1.097697e+04
1.7 1.108233e+04 1.094116e+04 1.086235e+04 1.100353e+04
2.7 1.101169e+04 1.097267e+04 1.089221e+04 1.093124e+04
3.7 1.110156e+04 1.095343e+04 1.087125e+04 1.101938e+04
4.7 1.109801e+04 1.094383e+04 1.086268e+04 1.101686e+04
5.7 1.111420e+04 1.101263e+04 1.099358e+04 1.109515e+04
6.7 1.127233e+04 1.120357e+04 1.102449e+04 1.109326e+04
7.7 1.131014e+04 1.119147e+04 1.102633e+04 1.114500e+04
8.7 1.077759e+04 1.097212e+04 1.102636e+04 1.083183e+04
0.3 1.101169e+04 1.097267e+04 1.089221e+04 1.093124e+04
1.3 1.110156e+04 1.095343e+04 1.087125e+04 1.101938e+04
2.3 1.109801e+04 1.094383e+04 1.086268e+04 1.101686e+04
3.3 1.111420e+04 1.101263e+04 1.099358e+04 1.109515e+04
4.3 1.127233e+04 1.120357e+04 1.102449e+04 1.109326e+04
5.3 1.131014e+04 1.119147e+04 1.102633e+04 1.114500e+04
6.3 1.077759e+04 1.097212e+04 1.102636e+04 1.083183e+04
7.3 1.078056e+04 1.085513e+04 1.102634e+04 1.095177e+04
8.3 1.050721e+04 1.081678e+04 1.102634e+04 1.071676e+04
0.5 1.070351e+04 1.082819e+04 1.099924e+04 1.087456e+04
1.5 1.072428e+04 1.085046e+04 1.087469e+04 1.074852e+04
2.5 1.063702e+04 1.080723e+04 1.088098e+04 1.071077e+04
3.5 1.074056e+04 1.082676e+04 1.087925e+04 1.079306e+04
4.5 1.068457e+04 1.085442e+04 1.085667e+04 1.068683e+04
5.5 1.075393e+04 1.095680e+04 1.090526e+04 1.070238e+04
6.5 1.076556e+04 1.093190e+04 1.086024e+04 1.069389e+04
7.5 1.089032e+04 1.098211e+04 1.090543e+04 1.081363e+04
8.5 1.078552e+04 1.094379e+04 1.086744e+04 1.070917e+04
0.2 1.063702e+04 1.080723e+04 1.088098e+04 1.071077e+04
1.2 1.074056e+04 1.082676e+04 1.087925e+04 1.079306e+04
2.2 1.068457e+04 1.085442e+04 1.085667e+04 1.068683e+04
3.2 1.075393e+04 1.095680e+04 1.090526e+04 1.070238e+04
4.2 1.076556e+04 1.093190e+04 1.086024e+04 1.069389e+04
5.2 1.089032e+04 1.098211e+04 1.090543e+04 1.081363e+04
6.2 1.078552e+04 1.094379e+04 1.086744e+04 1.070917e+04
7.2 1.085875e+04 1.095436e+04 1.087805e+04 1.078244e+04
8.2 1.088598e+04 1.095858e+04 1.087865e+04 1.080606e+04
0.8 1.075393e+04 1.095680e+04 1.090526e+04 1.070238e+04
1.8 1.076556e+04 1.093190e+04 1.086024e+04 1.069389e+04
2.8 1.089032e+04 1.098211e+04 1.090543e+04 1.081363e+04
3.8 1.078552e+04 1.094379e+04 1.086744e+04 1.070917e+04
4.8 1.085875e+04 1.095436e+04 1.087805e+04 1.078244e+04
5.8 1.088598e+04 1.095858e+04 1.087865e+04 1.080606e+04
6.8 1.095615e+04 1.093643e+04 1.085742e+04 1.087714e+04
7.8 1.091014e+04 1.097673e+04 1.089421e+04 1.082763e+04
8.8 1.088166e+04 1.093973e+04 1.085932e+04 1.080125e+04
0.5 1.089032e+04 1.098211e+04 1.090543e+04 1.081363e+04
1.5 1.078552e+04 1.094379e+04 1.086744e+04 1.070917e+04
2.5 1.085875e+04 1.095436e+04 1.087805e+04 1.078244e+04
3.5 1.088598e+04 1.095858e+04 1.087865e+04 1.080606e+04
4.5 1.095615e+04 1.093643e+04 1.085742e+04 1.087714e+04
5.5 1.091014e+04 1.097673e+04 1.089421e+04 1.082763e+04
6.5 1.088166e+04 1.093973e+04 1.085932e+04 1.080125e+04
7.5 1.093347e+04 1.098691e+04 1.090378e+04 1.085033e+04
8.5 1.093827e+04 1.094637e+04 1.086503e+04 1.085693e+04
0.2 1.085875e+04 1.095436e+04 1.087805e+04 1.078244e+04
1.2 1.088598e+04 1.095858e+04 1.087865e+04 1.080606e+04
2.2 1.095615e+04 1.093643e+04 1.085742e+04 1.087714e+04
3.2 1.091014e+04 1.097673e+04 1.089421e+04 1.082763e+04
4.2 1.088166e+04 1.093973e+04 1.085932e+04 1.080125e+04
5.2 1.093347e+04 1.098691e+04 1.090378e+04 1.085033e+04
6.2 1.093827e+04 1.094637e+04 1.086503e+04 1.085693e+04
7.2 1.088370e+04 1.097109e+04 1.088953e+04 1.080213e+04
8.2 1.097311e+04 1.095759e+04 1.087535e+04 1.089086e+04
0.9 1.091014e+04 1.097673e+04 1.089421e+04 1.082763e+04
1.9 1.088166e+04 1.093973e+04 1.085932e+04 1.080125e+04
2.9 1.093347e+04 1.098691e+04 1.090378e+04 1.085033e+04
3.9 1.093827e+04 1.094637e+04 1.086503e+04 1.085693e+04
4.9 1.088370e+04 1.097109e+04 1.088953e+04 1.080213e+04
5.9 1.097311e+04 1.095759e+04 1.087535e+04 1.089086e+04
6.9 1.090952e+04 1.094187e+04 1.086197e+04 1.082962e+04
7.9 1.106347e+04 1.100795e+04 1.099221e+04 1.104772e+04
8.9 1.121996e+04 1.119285e+04 1.102744e+04 1.105456e+04
0.6 1.093347e+04 1.098691e+04 1.090378e+04 1.085033e+04
1.6 1.093827e+04 1.094637e+04 1.086503e+04 1.085693e+04
2.6 1.088370e+04 1.097109e+04 1.088953e+04 1.080213e+04
3.6 1.097311e+04 1.095759e+04 1.087535e+04 1.089086e+04
4.6 1.090952e+04 1.094187e+04 1.086197e+04 1.082962e+04
5.6 1.106347e+04 1.100795e+04 1.099221e+04 1.104772e+04
6.6 1.121996e+04 1.119285e+04 1.102744e+04 1.105456e+04
7.6 1.125446e+04 1.120393e+04 1.103013e+04 1.108066e+04
8.6 1.090092e+04 1.098286e+04 1.103078e+04 1.094884e+04
0.3 1.088370e+04 1.097109e+04 1.088953e+04 1.080213e+04
1.3 1.097311e+04 1.095759e+04 1.087535e+04 1.089086e+04
2.3 1.090952e+04 1.094187e+04 1.086197e+04 1.082962e+04
3.3 1.106347e+04 1.100795e+04 1.099221e+04 1.104772e+04
4.3 1.121996e+04 1.119285e+04 1.102744e+04 1.105456e+04
5.3 1.125446e+04 1.120393e+04 1.103013e+04 1.108066e+04
6.3 1.090092e+04 1.098286e+04 1.103078e+04 1.094884e+04
7.3 1.075915e+04 1.086073e+04 1.103146e+04 1.092988e+04
8.3 1.080634e+04 1.081954e+04 1.103225e+04 1.101905e+04
0.5 1.074833e+04 1.083092e+04 1.100958e+04 1.092700e+04
1.5 1.080337e+04 1.085322e+04 1.088650e+04 1.083665e+04
2.5 1.082687e+04 1.080934e+04 1.089382e+04 1.091135e+04
3.5 1.084962e+04 1.082715e+04 1.089194e+04 1.091441e+04
4.5 1.087412e+04 1.085895e+04 1.087430e+04 1.088947e+04
5.5 1.091647e+04 1.095148e+04 1.091534e+04 1.088034e+04
6.5 1.076909e+04 1.093593e+04 1.088044e+04 1.071360e+04
7.5 1.099036e+04 1.098968e+04 1.093099e+04 1.093167e+04
8.5 1.088011e+04 1.094510e+04 1.089231e+04 1.082732e+04
0.2 1.082687e+04 1.080934e+04 1.089382e+04 1.091135e+04
1.2 1.084962e+04 1.082715e+04 1.089194e+04 1.091441e+04
2.2 1.087412e+04 1.085895e+04 1.087430e+04 1.088947e+04
3.2 1.091647e+04 1.095148e+04 1.091534e+04 1.088034e+04
4.2 1.076909e+04 1.093593e+04 1.088044e+04 1.071360e+04
5.2 1.099036e+04 1.098968e+04 1.093099e+04 1.093167e+04
6.2 1.088011e+04 1.094510e+04 1.089231e+04 1.082732e+04
7.2 1.089227e+04 1.096436e+04 1.091594e+04 1.084384e+04
8.2 1.084610e+04 1.095400e+04 1.090815e+04 1.080025e+04
0.9 1.091647e+04 1.095148e+04 1.091534e+04 1.088034e+04
1.9 1.076909e+04 1.093593e+04 1.088044e+04 1.071360e+04
2.9 1.099036e+04 1.098968e+04 1.093099e+04 1.093167e+04
3.9 1.088011e+04 1.094510e+04 1.089231e+04 1.082732e+04
4.9 1.089227e+04 1.096436e+04 1.091594e+04 1.084384e+04
5.9 1.084610e+04 1.095400e+04 1.090815e+04 1.080025e+04
6.9 1.091264e+04 1.093512e+04 1.089553e+04 1.087305e+04
7.9 1.095872e+04 1.097115e+04 1.093332e+04 1.092089e+04
8.9 1.100891e+04 1.093073e+04 1.090162e+04 1.097980e+04
0.6 1.099036e+04 1.098968e+04 1.093099e+04 1.093167e+04
1.6 1.088011e+04 1.094510e+04 1.089231e+04 1.082732e+04
2.6 1.089227e+04 1.096436e+04 1.091594e+04 1.084384e+04
3.6 1.084610e+04 1.095400e+04 1.090815e+04 1.080025e+04
4.6 1.091264e+04 1.093512e+04 1.089553e+04 1.087305e+04
5.6 1.095872e+04 1.097115e+04 1.093332e+04 1.092089e+04
6.6 1.100891e+04 1.093073e+04 1.090162e+04 1.097980e+04
7.6 1.095591e+04 1.097559e+04 1.094960e+04 1.092992e+04
8.6 1.093024e+04 1.093223e+04 1.091361e+04 1.091161e+04
0.3 1.089227e+04 1.096436e+04 1.091594e+04 1.084384e+04
1.3 1.084610e+04 1.095400e+04 1.090815e+04 1.080025e+04
2.3 1.091264e+04 1.093512e+04 1.089553e+04 1.087305e+04
3.3 1.095872e+04 1.097115e+04 1.093332e+04 1.092089e+04
4.3 1.100891e+04 1.093073e+04 1.090162e+04 1.097980e+04
5.3 1.095591e+04 1.097559e+04 1.094960e+04 1.092992e+04
6.3 1.093024e+04 1.093223e+04 1.091361e+04 1.091161e+04
7.3 1.099105e+04 1.096458e+04 1.095073e+04 1.097720e+04
8.3 1.088668e+04 1.094195e+04 1.093457e+04 1.087931e+04
1.0 1.095872e+04 1.097115e+04 1.093332e+04 1.092089e+04
2.0 1.100891e+04 1.093073e+04 1.090162e+04 1.097980e+04
3.0 1.095591e+04 1.097559e+04 1.094960e+04 1.092992e+04
4.0 1.093024e+04 1.093223e+04 1.091361e+04 1.091161e+04
5.0 1.099105e+04 1.096458e+04 1.095073e+04 1.097720e+04
6.0 1.088668e+04 1.094195e+04 1.093457e+04 1.087931e+04
0.6 1.095591e+04 1.097559e+04 1.094960e+04 1.092992e+04
1.6 1.093024e+04 1.093223e+04 1.091361e+04 1.091161e+04
2.6 1.099105e+04 1.096458e+04 1.095073e+04 1.097720e+04
3.6 1.088668e+04 1.094195e+04 1.093457e+04 1.087931e+04
0.3 1.099105e+04 1.096458e+04 1.095073e+04 1.097720e+04
1.3 1.088668e+04 1.094195e+04 1.093457e+04 1.087931e+04
