0.5 6.372509e+03 6.210602e+03 6.247911e+03 6.409818e+03
1.5 6.076933e+03 6.091718e+03 6.261749e+03 6.246964e+03
2.5 5.937819e+03 6.004123e+03 6.246323e+03 6.180018e+03
3.5 6.019862e+03 6.031265e+03 6.243747e+03 6.232344e+03
4.5 6.138773e+03 6.202376e+03 6.243688e+03 6.180085e+03
5.5 6.271154e+03 6.266398e+03 6.243737e+03 6.248493e+03
6.5 6.315895e+03 6.345103e+03 6.243778e+03 6.214570e+03
7.5 6.370399e+03 6.343454e+03 6.243809e+03 6.270754e+03
0.1 6.202585e+03 6.282924e+03 6.243839e+03 6.163500e+03
1.1 6.370492e+03 6.324340e+03 6.261488e+03 6.307640e+03
2.1 6.288130e+03 6.349369e+03 6.262851e+03 6.201612e+03
3.1 6.413041e+03 6.422862e+03 6.246233e+03 6.236411e+03
4.1 6.670906e+03 6.428687e+03 6.243927e+03 6.486146e+03
5.1 6.305008e+03 6.330150e+03 6.243806e+03 6.218664e+03
6.1 6.216904e+03 6.223687e+03 6.243801e+03 6.237018e+03
7.1 6.177939e+03 6.153789e+03 6.243801e+03 6.267950e+03
0.5 6.083242e+03 6.109088e+03 6.248424e+03 6.222579e+03
1.5 6.112674e+03 6.000658e+03 6.262156e+03 6.374172e+03
2.5 6.091991e+03 5.919578e+03 6.246640e+03 6.419053e+03
3.5 6.065144e+03 5.961949e+03 6.243962e+03 6.347157e+03
4.5 6.141189e+03 6.143672e+03 6.243814e+03 6.241332e+03
5.5 6.072439e+03 6.213643e+03 6.243811e+03 6.102607e+03
6.5 6.161835e+03 6.303987e+03 6.243813e+03 6.101661e+03
7.5 6.313594e+03 6.304081e+03 6.243814e+03 6.253327e+03
0.1 6.236499e+03 6.278696e+03 6.243805e+03 6.201607e+03
1.1 6.199730e+03 6.318687e+03 6.261015e+03 6.142058e+03
2.1 6.206694e+03 6.345397e+03 6.263374e+03 6.124672e+03
3.1 6.313748e+03 6.418498e+03 6.246385e+03 6.141635e+03
4.1 6.555457e+03 6.428029e+03 6.243925e+03 6.371353e+03
5.1 6.401068e+03 6.331365e+03 6.243796e+03 6.313499e+03
6.1 6.434044e+03 6.224498e+03 6.243791e+03 6.453338e+03
7.1 6.103478e+03 6.154028e+03 6.243792e+03 6.193242e+03
0.5 5.979647e+03 6.108410e+03 6.248416e+03 6.119653e+03
1.5 5.979215e+03 5.999346e+03 6.262148e+03 6.242017e+03
2.5 5.986901e+03 5.914790e+03 6.246632e+03 6.318744e+03
3.5 6.049851e+03 5.963290e+03 6.243957e+03 6.330518e+03
4.5 6.236647e+03 6.151526e+03 6.243814e+03 6.328935e+03
5.5 6.089360e+03 6.216181e+03 6.243812e+03 6.116991e+03
6.5 6.142622e+03 6.308947e+03 6.243816e+03 6.077491e+03
7.5 6.100252e+03 6.307452e+03 6.243820e+03 6.036620e+03
0.0 6.372500e+03 6.281232e+03 6.243918e+03 6.335186e+03
1.0 6.345560e+03 6.315811e+03 6.260197e+03 6.289946e+03
2.0 6.407933e+03 6.344902e+03 6.264558e+03 6.327588e+03
3.0 6.437722e+03 6.415640e+03 6.246940e+03 6.269022e+03
4.0 6.441363e+03 6.431570e+03 6.244170e+03 6.253963e+03
5.0 6.215188e+03 6.337990e+03 6.244054e+03 6.121253e+03
6.0 6.002973e+03 6.229703e+03 6.244090e+03 6.017360e+03
7.0 6.082145e+03 6.157455e+03 6.244136e+03 6.168826e+03
0.5 5.998174e+03 6.108816e+03 6.248868e+03 6.138227e+03
1.5 6.067209e+03 5.999490e+03 6.262663e+03 6.330381e+03
2.5 5.857179e+03 5.914561e+03 6.247217e+03 6.189835e+03
3.5 5.884422e+03 5.962559e+03 6.244619e+03 6.166482e+03
4.5 5.962861e+03 6.145461e+03 6.244560e+03 6.061960e+03
5.5 6.037027e+03 6.213089e+03 6.244650e+03 6.068588e+03
6.5 6.142785e+03 6.303954e+03 6.244752e+03 6.083584e+03
7.5 6.329814e+03 6.298764e+03 6.244862e+03 6.275912e+03
