0.5 6.076589e+03 6.091227e+03 6.209042e+03 6.194405e+03
1.5 5.937485e+03 6.003752e+03 6.254842e+03 6.188575e+03
2.5 6.019522e+03 6.030971e+03 6.256028e+03 6.244579e+03
3.5 6.138425e+03 6.202076e+03 6.254932e+03 6.191281e+03
4.5 6.270798e+03 6.266083e+03 6.263401e+03 6.268115e+03
5.5 6.315536e+03 6.344756e+03 6.250251e+03 6.221031e+03
6.5 6.370035e+03 6.343105e+03 6.263460e+03 6.290389e+03
7.5 6.238508e+03 6.326513e+03 6.248343e+03 6.160338e+03
8.5 6.198961e+03 6.344073e+03 6.262413e+03 6.117301e+03
0.2 6.019522e+03 6.030971e+03 6.256028e+03 6.244579e+03
1.2 6.138425e+03 6.202076e+03 6.254932e+03 6.191281e+03
2.2 6.270798e+03 6.266083e+03 6.263401e+03 6.268115e+03
3.2 6.315536e+03 6.344756e+03 6.250251e+03 6.221031e+03
4.2 6.370035e+03 6.343105e+03 6.263460e+03 6.290389e+03
5.2 6.238508e+03 6.326513e+03 6.248343e+03 6.160338e+03
6.2 6.198961e+03 6.344073e+03 6.262413e+03 6.117301e+03
7.2 6.447645e+03 6.302353e+03 6.255401e+03 6.400693e+03
8.2 6.354371e+03 6.341853e+03 6.259786e+03 6.272305e+03
0.9 6.315536e+03 6.344756e+03 6.250251e+03 6.221031e+03
1.9 6.370035e+03 6.343105e+03 6.263460e+03 6.290389e+03
2.9 6.238508e+03 6.326513e+03 6.248343e+03 6.160338e+03
3.9 6.198961e+03 6.344073e+03 6.262413e+03 6.117301e+03
4.9 6.447645e+03 6.302353e+03 6.255401e+03 6.400693e+03
5.9 6.354371e+03 6.341853e+03 6.259786e+03 6.272305e+03
6.9 6.403783e+03 6.299811e+03 6.265955e+03 6.369927e+03
7.9 6.324625e+03 6.329111e+03 6.255570e+03 6.251083e+03
8.9 6.283540e+03 6.307878e+03 6.267460e+03 6.243122e+03
0.6 6.238508e+03 6.326513e+03 6.248343e+03 6.160338e+03
1.6 6.198961e+03 6.344073e+03 6.262413e+03 6.117301e+03
2.6 6.447645e+03 6.302353e+03 6.255401e+03 6.400693e+03
3.6 6.354371e+03 6.341853e+03 6.259786e+03 6.272305e+03
4.6 6.403783e+03 6.299811e+03 6.265955e+03 6.369927e+03
5.6 6.324625e+03 6.329111e+03 6.255570e+03 6.251083e+03
6.6 6.283540e+03 6.307878e+03 6.267460e+03 6.243122e+03
7.6 6.324038e+03 6.307545e+03 6.252190e+03 6.268683e+03
8.6 6.330402e+03 6.317914e+03 6.266812e+03 6.279300e+03
0.3 6.447645e+03 6.302353e+03 6.255401e+03 6.400693e+03
1.3 6.354371e+03 6.341853e+03 6.259786e+03 6.272305e+03
2.3 6.403783e+03 6.299811e+03 6.265955e+03 6.369927e+03
3.3 6.324625e+03 6.329111e+03 6.255570e+03 6.251083e+03
4.3 6.283540e+03 6.307878e+03 6.267460e+03 6.243122e+03
5.3 6.324038e+03 6.307545e+03 6.252190e+03 6.268683e+03
6.3 6.330402e+03 6.317914e+03 6.266812e+03 6.279300e+03
7.3 6.419116e+03 6.286286e+03 6.255720e+03 6.388550e+03
8.3 6.388301e+03 6.324607e+03 6.264594e+03 6.328288e+03
1.0 6.324625e+03 6.329111e+03 6.255570e+03 6.251083e+03
2.0 6.283540e+03 6.307878e+03 6.267460e+03 6.243122e+03
3.0 6.324038e+03 6.307545e+03 6.252190e+03 6.268683e+03
4.0 6.330402e+03 6.317914e+03 6.266812e+03 6.279300e+03
5.0 6.419116e+03 6.286286e+03 6.255720e+03 6.388550e+03
6.0 6.388301e+03 6.324607e+03 6.264594e+03 6.328288e+03
7.0 6.202232e+03 6.282584e+03 6.266953e+03 6.186601e+03
8.0 6.370126e+03 6.323810e+03 6.220775e+03 6.267092e+03
9.0 6.287770e+03 6.348701e+03 6.210714e+03 6.149783e+03
0.7 6.324038e+03 6.307545e+03 6.252190e+03 6.268683e+03
1.7 6.330402e+03 6.317914e+03 6.266812e+03 6.279300e+03
2.7 6.419116e+03 6.286286e+03 6.255720e+03 6.388550e+03
3.7 6.388301e+03 6.324607e+03 6.264594e+03 6.328288e+03
4.7 6.202232e+03 6.282584e+03 6.266953e+03 6.186601e+03
5.7 6.370126e+03 6.323810e+03 6.220775e+03 6.267092e+03
6.7 6.287770e+03 6.348701e+03 6.210714e+03 6.149783e+03
7.7 6.412676e+03 6.422362e+03 6.210365e+03 6.200679e+03
8.7 6.670522e+03 6.428323e+03 6.210581e+03 6.452780e+03
0.4 6.419116e+03 6.286286e+03 6.255720e+03 6.388550e+03
1.4 6.388301e+03 6.324607e+03 6.264594e+03 6.328288e+03
2.4 6.202232e+03 6.282584e+03 6.266953e+03 6.186601e+03
3.4 6.370126e+03 6.323810e+03 6.220775e+03 6.267092e+03
4.4 6.287770e+03 6.348701e+03 6.210714e+03 6.149783e+03
5.4 6.412676e+03 6.422362e+03 6.210365e+03 6.200679e+03
6.4 6.670522e+03 6.428323e+03 6.210581e+03 6.452780e+03
7.4 6.304650e+03 6.329853e+03 6.210789e+03 6.185586e+03
8.4 6.216551e+03 6.223416e+03 6.210965e+03 6.204101e+03
0.5 6.112329e+03 6.000184e+03 6.219905e+03 6.332050e+03
1.5 6.091646e+03 5.919222e+03 6.264929e+03 6.437353e+03
2.5 6.064802e+03 5.961667e+03 6.264450e+03 6.367585e+03
3.5 6.140840e+03 6.143384e+03 6.264478e+03 6.261934e+03
4.5 6.072093e+03 6.213340e+03 6.272105e+03 6.130859e+03
5.5 6.161485e+03 6.303649e+03 6.257728e+03 6.115565e+03
6.5 6.313232e+03 6.303741e+03 6.271385e+03 6.280877e+03
7.5 6.442248e+03 6.288117e+03 6.255901e+03 6.410032e+03
8.5 6.482763e+03 6.310354e+03 6.269502e+03 6.441911e+03
0.2 6.064802e+03 5.961667e+03 6.264450e+03 6.367585e+03
1.2 6.140840e+03 6.143384e+03 6.264478e+03 6.261934e+03
2.2 6.072093e+03 6.213340e+03 6.272105e+03 6.130859e+03
3.2 6.161485e+03 6.303649e+03 6.257728e+03 6.115565e+03
4.2 6.313232e+03 6.303741e+03 6.271385e+03 6.280877e+03
5.2 6.442248e+03 6.288117e+03 6.255901e+03 6.410032e+03
6.2 6.482763e+03 6.310354e+03 6.269502e+03 6.441911e+03
7.2 6.356833e+03 6.273871e+03 6.262461e+03 6.345422e+03
8.2 6.373512e+03 6.314031e+03 6.266701e+03 6.326181e+03
0.9 6.161485e+03 6.303649e+03 6.257728e+03 6.115565e+03
1.9 6.313232e+03 6.303741e+03 6.271385e+03 6.280877e+03
2.9 6.442248e+03 6.288117e+03 6.255901e+03 6.410032e+03
3.9 6.482763e+03 6.310354e+03 6.269502e+03 6.441911e+03
4.9 6.356833e+03 6.273871e+03 6.262461e+03 6.345422e+03
5.9 6.373512e+03 6.314031e+03 6.266701e+03 6.326181e+03
6.9 6.362231e+03 6.280879e+03 6.271186e+03 6.352537e+03
7.9 6.414993e+03 6.325610e+03 6.258593e+03 6.347976e+03
8.9 6.214904e+03 6.301433e+03 6.271868e+03 6.185339e+03
0.6 6.442248e+03 6.288117e+03 6.255901e+03 6.410032e+03
1.6 6.482763e+03 6.310354e+03 6.269502e+03 6.441911e+03
2.6 6.356833e+03 6.273871e+03 6.262461e+03 6.345422e+03
3.6 6.373512e+03 6.314031e+03 6.266701e+03 6.326181e+03
4.6 6.362231e+03 6.280879e+03 6.271186e+03 6.352537e+03
5.6 6.414993e+03 6.325610e+03 6.258593e+03 6.347976e+03
6.6 6.214904e+03 6.301433e+03 6.271868e+03 6.185339e+03
7.6 6.301971e+03 6.291694e+03 6.256213e+03 6.266490e+03
8.6 6.289195e+03 6.304607e+03 6.270358e+03 6.254947e+03
0.3 6.356833e+03 6.273871e+03 6.262461e+03 6.345422e+03
1.3 6.373512e+03 6.314031e+03 6.266701e+03 6.326181e+03
2.3 6.362231e+03 6.280879e+03 6.271186e+03 6.352537e+03
3.3 6.414993e+03 6.325610e+03 6.258593e+03 6.347976e+03
4.3 6.214904e+03 6.301433e+03 6.271868e+03 6.185339e+03
5.3 6.301971e+03 6.291694e+03 6.256213e+03 6.266490e+03
6.3 6.289195e+03 6.304607e+03 6.270358e+03 6.254947e+03
7.3 6.222255e+03 6.273395e+03 6.259751e+03 6.208611e+03
8.3 6.271316e+03 6.317131e+03 6.267199e+03 6.221383e+03
0.9 6.414993e+03 6.325610e+03 6.258593e+03 6.347976e+03
1.9 6.214904e+03 6.301433e+03 6.271868e+03 6.185339e+03
2.9 6.301971e+03 6.291694e+03 6.256213e+03 6.266490e+03
3.9 6.289195e+03 6.304607e+03 6.270358e+03 6.254947e+03
4.9 6.222255e+03 6.273395e+03 6.259751e+03 6.208611e+03
5.9 6.271316e+03 6.317131e+03 6.267199e+03 6.221383e+03
6.9 6.236153e+03 6.278356e+03 6.270242e+03 6.228039e+03
7.9 6.199386e+03 6.318165e+03 6.223747e+03 6.104968e+03
8.9 6.206351e+03 6.344727e+03 6.212767e+03 6.074390e+03
0.7 6.301971e+03 6.291694e+03 6.256213e+03 6.266490e+03
1.7 6.289195e+03 6.304607e+03 6.270358e+03 6.254947e+03
2.7 6.222255e+03 6.273395e+03 6.259751e+03 6.208611e+03
3.7 6.271316e+03 6.317131e+03 6.267199e+03 6.221383e+03
4.7 6.236153e+03 6.278356e+03 6.270242e+03 6.228039e+03
5.7 6.199386e+03 6.318165e+03 6.223747e+03 6.104968e+03
6.7 6.206351e+03 6.344727e+03 6.212767e+03 6.074390e+03
7.7 6.313397e+03 6.417994e+03 6.212113e+03 6.107517e+03
8.7 6.555090e+03 6.427662e+03 6.212102e+03 6.339530e+03
0.3 6.222255e+03 6.273395e+03 6.259751e+03 6.208611e+03
1.3 6.271316e+03 6.317131e+03 6.267199e+03 6.221383e+03
2.3 6.236153e+03 6.278356e+03 6.270242e+03 6.228039e+03
3.3 6.199386e+03 6.318165e+03 6.223747e+03 6.104968e+03
4.3 6.206351e+03 6.344727e+03 6.212767e+03 6.074390e+03
5.3 6.313397e+03 6.417994e+03 6.212113e+03 6.107517e+03
6.3 6.555090e+03 6.427662e+03 6.212102e+03 6.339530e+03
7.3 6.400718e+03 6.331066e+03 6.212109e+03 6.281760e+03
8.3 6.433693e+03 6.224226e+03 6.212109e+03 6.421576e+03
0.5 5.978899e+03 5.998873e+03 6.221735e+03 6.201761e+03
1.5 5.986585e+03 5.914434e+03 6.265975e+03 6.338126e+03
2.5 6.049530e+03 5.963007e+03 6.263740e+03 6.350263e+03
3.5 6.236318e+03 6.151237e+03 6.264355e+03 6.349436e+03
4.5 6.089042e+03 6.215877e+03 6.272376e+03 6.145542e+03
5.5 6.142303e+03 6.308607e+03 6.255119e+03 6.088814e+03
6.5 6.099937e+03 6.307112e+03 6.271109e+03 6.063934e+03
7.5 6.123364e+03 6.278302e+03 6.255058e+03 6.100121e+03
8.5 6.201320e+03 6.309604e+03 6.268550e+03 6.160267e+03
0.2 6.049530e+03 5.963007e+03 6.263740e+03 6.350263e+03
1.2 6.236318e+03 6.151237e+03 6.264355e+03 6.349436e+03
2.2 6.089042e+03 6.215877e+03 6.272376e+03 6.145542e+03
3.2 6.142303e+03 6.308607e+03 6.255119e+03 6.088814e+03
4.2 6.099937e+03 6.307112e+03 6.271109e+03 6.063934e+03
5.2 6.123364e+03 6.278302e+03 6.255058e+03 6.100121e+03
6.2 6.201320e+03 6.309604e+03 6.268550e+03 6.160267e+03
7.2 6.214886e+03 6.267036e+03 6.264781e+03 6.212632e+03
8.2 6.373084e+03 6.313375e+03 6.264569e+03 6.324278e+03
0.8 6.142303e+03 6.308607e+03 6.255119e+03 6.088814e+03
1.8 6.099937e+03 6.307112e+03 6.271109e+03 6.063934e+03
2.8 6.123364e+03 6.278302e+03 6.255058e+03 6.100121e+03
3.8 6.201320e+03 6.309604e+03 6.268550e+03 6.160267e+03
4.8 6.214886e+03 6.267036e+03 6.264781e+03 6.212632e+03
5.8 6.373084e+03 6.313375e+03 6.264569e+03 6.324278e+03
6.8 6.292095e+03 6.281709e+03 6.272108e+03 6.282495e+03
7.8 6.523004e+03 6.308977e+03 6.259041e+03 6.473069e+03
8.8 6.304437e+03 6.298848e+03 6.271434e+03 6.277023e+03
0.5 6.123364e+03 6.278302e+03 6.255058e+03 6.100121e+03
1.5 6.201320e+03 6.309604e+03 6.268550e+03 6.160267e+03
2.5 6.214886e+03 6.267036e+03 6.264781e+03 6.212632e+03
3.5 6.373084e+03 6.313375e+03 6.264569e+03 6.324278e+03
4.5 6.292095e+03 6.281709e+03 6.272108e+03 6.282495e+03
5.5 6.523004e+03 6.308977e+03 6.259041e+03 6.473069e+03
6.5 6.304437e+03 6.298848e+03 6.271434e+03 6.277023e+03
7.5 6.296513e+03 6.292520e+03 6.255644e+03 6.259638e+03
8.5 6.305604e+03 6.312733e+03 6.269407e+03 6.262279e+03
0.2 6.214886e+03 6.267036e+03 6.264781e+03 6.212632e+03
1.2 6.373084e+03 6.313375e+03 6.264569e+03 6.324278e+03
2.2 6.292095e+03 6.281709e+03 6.272108e+03 6.282495e+03
3.2 6.523004e+03 6.308977e+03 6.259041e+03 6.473069e+03
4.2 6.304437e+03 6.298848e+03 6.271434e+03 6.277023e+03
5.2 6.296513e+03 6.292520e+03 6.255644e+03 6.259638e+03
6.2 6.305604e+03 6.312733e+03 6.269407e+03 6.262279e+03
7.2 6.411281e+03 6.277140e+03 6.260706e+03 6.394847e+03
8.2 6.454443e+03 6.320142e+03 6.265743e+03 6.400044e+03
0.9 6.523004e+03 6.308977e+03 6.259041e+03 6.473069e+03
1.9 6.304437e+03 6.298848e+03 6.271434e+03 6.277023e+03
2.9 6.296513e+03 6.292520e+03 6.255644e+03 6.259638e+03
3.9 6.305604e+03 6.312733e+03 6.269407e+03 6.262279e+03
4.9 6.411281e+03 6.277140e+03 6.260706e+03 6.394847e+03
5.9 6.454443e+03 6.320142e+03 6.265743e+03 6.400044e+03
6.9 6.372184e+03 6.280891e+03 6.270493e+03 6.361786e+03
7.9 6.345249e+03 6.315299e+03 6.224233e+03 6.254183e+03
8.9 6.405817e+03 6.344228e+03 6.211717e+03 6.273306e+03
0.6 6.296513e+03 6.292520e+03 6.255644e+03 6.259638e+03
1.6 6.305604e+03 6.312733e+03 6.269407e+03 6.262279e+03
2.6 6.411281e+03 6.277140e+03 6.260706e+03 6.394847e+03
3.6 6.454443e+03 6.320142e+03 6.265743e+03 6.400044e+03
4.6 6.372184e+03 6.280891e+03 6.270493e+03 6.361786e+03
5.6 6.345249e+03 6.315299e+03 6.224233e+03 6.254183e+03
6.6 6.405817e+03 6.344228e+03 6.211717e+03 6.273306e+03
7.6 6.437404e+03 6.415124e+03 6.210764e+03 6.233044e+03
8.6 6.441047e+03 6.431195e+03 6.210534e+03 6.220385e+03
0.3 6.411281e+03 6.277140e+03 6.260706e+03 6.394847e+03
1.3 6.454443e+03 6.320142e+03 6.265743e+03 6.400044e+03
2.3 6.372184e+03 6.280891e+03 6.270493e+03 6.361786e+03
3.3 6.345249e+03 6.315299e+03 6.224233e+03 6.254183e+03
4.3 6.405817e+03 6.344228e+03 6.211717e+03 6.273306e+03
5.3 6.437404e+03 6.415124e+03 6.210764e+03 6.233044e+03
6.3 6.441047e+03 6.431195e+03 6.210534e+03 6.220385e+03
7.3 6.214885e+03 6.337685e+03 6.210291e+03 6.087491e+03
8.3 6.002682e+03 6.229426e+03 6.210009e+03 5.983264e+03
0.5 6.066909e+03 5.999011e+03 6.218062e+03 6.285961e+03
1.5 5.856892e+03 5.914198e+03 6.261781e+03 6.204475e+03
2.5 5.884132e+03 5.962268e+03 6.259181e+03 6.181044e+03
3.5 5.962560e+03 6.145163e+03 6.259849e+03 6.077246e+03
4.5 6.036718e+03 6.212775e+03 6.266115e+03 6.090057e+03
5.5 6.142464e+03 6.303605e+03 6.251536e+03 6.090395e+03
6.5 6.329477e+03 6.298413e+03 6.263933e+03 6.294997e+03
7.5 6.331591e+03 6.285091e+03 6.245977e+03 6.292476e+03
8.5 6.329707e+03 6.305955e+03 6.259719e+03 6.283470e+03
0.2 5.884132e+03 5.962268e+03 6.259181e+03 6.181044e+03
1.2 5.962560e+03 6.145163e+03 6.259849e+03 6.077246e+03
2.2 6.036718e+03 6.212775e+03 6.266115e+03 6.090057e+03
3.2 6.142464e+03 6.303605e+03 6.251536e+03 6.090395e+03
4.2 6.329477e+03 6.298413e+03 6.263933e+03 6.294997e+03
5.2 6.331591e+03 6.285091e+03 6.245977e+03 6.292476e+03
6.2 6.329707e+03 6.305955e+03 6.259719e+03 6.283470e+03
7.2 6.091121e+03 6.262351e+03 6.251325e+03 6.080094e+03
8.2 6.223624e+03 6.303415e+03 6.254089e+03 6.174298e+03
0.9 6.142464e+03 6.303605e+03 6.251536e+03 6.090395e+03
1.9 6.329477e+03 6.298413e+03 6.263933e+03 6.294997e+03
2.9 6.331591e+03 6.285091e+03 6.245977e+03 6.292476e+03
3.9 6.329707e+03 6.305955e+03 6.259719e+03 6.283470e+03
4.9 6.091121e+03 6.262351e+03 6.251325e+03 6.080094e+03
5.9 6.223624e+03 6.303415e+03 6.254089e+03 6.174298e+03
6.9 6.300515e+03 6.263473e+03 6.258572e+03 6.295614e+03
7.9 6.296119e+03 6.297651e+03 6.245151e+03 6.243619e+03
8.9 6.338565e+03 6.275291e+03 6.256410e+03 6.319684e+03
0.6 6.331591e+03 6.285091e+03 6.245977e+03 6.292476e+03
1.6 6.329707e+03 6.305955e+03 6.259719e+03 6.283470e+03
2.6 6.091121e+03 6.262351e+03 6.251325e+03 6.080094e+03
3.6 6.223624e+03 6.303415e+03 6.254089e+03 6.174298e+03
4.6 6.300515e+03 6.263473e+03 6.258572e+03 6.295614e+03
5.6 6.296119e+03 6.297651e+03 6.245151e+03 6.243619e+03
6.6 6.338565e+03 6.275291e+03 6.256410e+03 6.319684e+03
7.6 6.286097e+03 6.266841e+03 6.239367e+03 6.258623e+03
8.6 6.388436e+03 6.277417e+03 6.252151e+03 6.363170e+03
0.3 6.091121e+03 6.262351e+03 6.251325e+03 6.080094e+03
1.3 6.223624e+03 6.303415e+03 6.254089e+03 6.174298e+03
2.3 6.300515e+03 6.263473e+03 6.258572e+03 6.295614e+03
3.3 6.296119e+03 6.297651e+03 6.245151e+03 6.243619e+03
4.3 6.338565e+03 6.275291e+03 6.256410e+03 6.319684e+03
5.3 6.286097e+03 6.266841e+03 6.239367e+03 6.258623e+03
6.3 6.388436e+03 6.277417e+03 6.252151e+03 6.363170e+03
7.3 6.372411e+03 6.241864e+03 6.238967e+03 6.369514e+03
8.3 6.345443e+03 6.288728e+03 6.244705e+03 6.301420e+03
1.0 6.296119e+03 6.297651e+03 6.245151e+03 6.243619e+03
2.0 6.338565e+03 6.275291e+03 6.256410e+03 6.319684e+03
3.0 6.286097e+03 6.266841e+03 6.239367e+03 6.258623e+03
4.0 6.388436e+03 6.277417e+03 6.252151e+03 6.363170e+03
5.0 6.372411e+03 6.241864e+03 6.238967e+03 6.369514e+03
6.0 6.345443e+03 6.288728e+03 6.244705e+03 6.301420e+03
0.6 6.286097e+03 6.266841e+03 6.239367e+03 6.258623e+03
1.6 6.388436e+03 6.277417e+03 6.252151e+03 6.363170e+03
2.6 6.372411e+03 6.241864e+03 6.238967e+03 6.369514e+03
3.6 6.345443e+03 6.288728e+03 6.244705e+03 6.301420e+03
0.3 6.372411e+03 6.241864e+03 6.238967e+03 6.369514e+03
1.3 6.345443e+03 6.288728e+03 6.244705e+03 6.301420e+03
