0.5 8.104281e+03 8.062893e+03 8.274229e+03 8.315617e+03
1.5 8.075045e+03 8.064761e+03 8.173801e+03 8.184084e+03
2.5 8.084436e+03 8.071402e+03 8.065252e+03 8.078286e+03
3.5 8.076305e+03 8.113647e+03 8.052551e+03 8.015210e+03
4.5 8.075953e+03 8.111731e+03 8.024776e+03 7.988998e+03
5.5 8.109112e+03 8.110141e+03 8.038238e+03 8.037208e+03
6.5 8.096148e+03 8.100212e+03 8.029122e+03 8.025058e+03
7.5 8.058433e+03 8.082071e+03 8.028558e+03 8.004920e+03
8.5 8.066342e+03 8.097959e+03 8.034121e+03 8.002504e+03
0.2 8.084436e+03 8.071402e+03 8.065252e+03 8.078286e+03
1.2 8.076305e+03 8.113647e+03 8.052551e+03 8.015210e+03
2.2 8.075953e+03 8.111731e+03 8.024776e+03 7.988998e+03
3.2 8.109112e+03 8.110141e+03 8.038238e+03 8.037208e+03
4.2 8.096148e+03 8.100212e+03 8.029122e+03 8.025058e+03
5.2 8.058433e+03 8.082071e+03 8.028558e+03 8.004920e+03
6.2 8.066342e+03 8.097959e+03 8.034121e+03 8.002504e+03
7.2 8.128348e+03 8.076070e+03 8.017560e+03 8.069839e+03
8.2 8.075729e+03 8.095995e+03 8.035646e+03 8.015380e+03
0.9 8.109112e+03 8.110141e+03 8.038238e+03 8.037208e+03
1.9 8.096148e+03 8.100212e+03 8.029122e+03 8.025058e+03
2.9 8.058433e+03 8.082071e+03 8.028558e+03 8.004920e+03
3.9 8.066342e+03 8.097959e+03 8.034121e+03 8.002504e+03
4.9 8.128348e+03 8.076070e+03 8.017560e+03 8.069839e+03
5.9 8.075729e+03 8.095995e+03 8.035646e+03 8.015380e+03
6.9 8.095887e+03 8.080787e+03 8.014068e+03 8.029168e+03
7.9 8.096667e+03 8.088175e+03 8.031836e+03 8.040329e+03
8.9 8.070885e+03 8.085031e+03 8.017811e+03 8.003665e+03
0.6 8.058433e+03 8.082071e+03 8.028558e+03 8.004920e+03
1.6 8.066342e+03 8.097959e+03 8.034121e+03 8.002504e+03
2.6 8.128348e+03 8.076070e+03 8.017560e+03 8.069839e+03
3.6 8.075729e+03 8.095995e+03 8.035646e+03 8.015380e+03
4.6 8.095887e+03 8.080787e+03 8.014068e+03 8.029168e+03
5.6 8.096667e+03 8.088175e+03 8.031836e+03 8.040329e+03
6.6 8.070885e+03 8.085031e+03 8.017811e+03 8.003665e+03
7.6 8.071777e+03 8.076320e+03 8.022021e+03 8.017478e+03
8.6 8.096488e+03 8.088425e+03 8.021765e+03 8.029828e+03
0.3 8.128348e+03 8.076070e+03 8.017560e+03 8.069839e+03
1.3 8.075729e+03 8.095995e+03 8.035646e+03 8.015380e+03
2.3 8.095887e+03 8.080787e+03 8.014068e+03 8.029168e+03
3.3 8.096667e+03 8.088175e+03 8.031836e+03 8.040329e+03
4.3 8.070885e+03 8.085031e+03 8.017811e+03 8.003665e+03
5.3 8.071777e+03 8.076320e+03 8.022021e+03 8.017478e+03
6.3 8.096488e+03 8.088425e+03 8.021765e+03 8.029828e+03
7.3 8.135980e+03 8.068012e+03 8.009374e+03 8.077341e+03
8.3 8.096537e+03 8.089223e+03 8.023916e+03 8.031229e+03
1.0 8.096667e+03 8.088175e+03 8.031836e+03 8.040329e+03
2.0 8.070885e+03 8.085031e+03 8.017811e+03 8.003665e+03
3.0 8.071777e+03 8.076320e+03 8.022021e+03 8.017478e+03
4.0 8.096488e+03 8.088425e+03 8.021765e+03 8.029828e+03
5.0 8.135980e+03 8.068012e+03 8.009374e+03 8.077341e+03
6.0 8.096537e+03 8.089223e+03 8.023916e+03 8.031229e+03
7.0 8.061167e+03 8.071469e+03 8.002258e+03 7.991955e+03
8.0 8.067499e+03 8.062589e+03 8.075147e+03 8.080058e+03
9.0 8.088741e+03 8.091951e+03 8.187419e+03 8.184209e+03
0.7 8.071777e+03 8.076320e+03 8.022021e+03 8.017478e+03
1.7 8.096488e+03 8.088425e+03 8.021765e+03 8.029828e+03
2.7 8.135980e+03 8.068012e+03 8.009374e+03 8.077341e+03
3.7 8.096537e+03 8.089223e+03 8.023916e+03 8.031229e+03
4.7 8.061167e+03 8.071469e+03 8.002258e+03 7.991955e+03
5.7 8.067499e+03 8.062589e+03 8.075147e+03 8.080058e+03
6.7 8.088741e+03 8.091951e+03 8.187419e+03 8.184209e+03
7.7 8.198574e+03 8.192241e+03 8.240032e+03 8.246365e+03
8.7 8.235618e+03 8.242244e+03 8.255452e+03 8.248826e+03
0.4 8.135980e+03 8.068012e+03 8.009374e+03 8.077341e+03
1.4 8.096537e+03 8.089223e+03 8.023916e+03 8.031229e+03
2.4 8.061167e+03 8.071469e+03 8.002258e+03 7.991955e+03
3.4 8.067499e+03 8.062589e+03 8.075147e+03 8.080058e+03
4.4 8.088741e+03 8.091951e+03 8.187419e+03 8.184209e+03
5.4 8.198574e+03 8.192241e+03 8.240032e+03 8.246365e+03
6.4 8.235618e+03 8.242244e+03 8.255452e+03 8.248826e+03
7.4 8.126811e+03 8.213760e+03 8.258632e+03 8.171683e+03
8.4 8.100448e+03 8.164019e+03 8.258699e+03 8.195127e+03
0.5 8.070515e+03 8.035473e+03 8.251698e+03 8.286740e+03
1.5 8.056540e+03 8.036863e+03 8.147127e+03 8.166804e+03
2.5 8.043919e+03 8.046781e+03 8.039742e+03 8.036880e+03
3.5 8.075022e+03 8.092527e+03 8.026958e+03 8.009454e+03
4.5 8.052525e+03 8.091364e+03 7.998605e+03 7.959766e+03
5.5 8.050413e+03 8.093323e+03 8.015665e+03 7.972755e+03
6.5 8.083682e+03 8.084087e+03 8.006395e+03 8.005989e+03
7.5 8.095933e+03 8.065667e+03 8.004963e+03 8.035228e+03
8.5 8.087194e+03 8.082620e+03 8.010741e+03 8.015315e+03
0.2 8.043919e+03 8.046781e+03 8.039742e+03 8.036880e+03
1.2 8.075022e+03 8.092527e+03 8.026958e+03 8.009454e+03
2.2 8.052525e+03 8.091364e+03 7.998605e+03 7.959766e+03
3.2 8.050413e+03 8.093323e+03 8.015665e+03 7.972755e+03
4.2 8.083682e+03 8.084087e+03 8.006395e+03 8.005989e+03
5.2 8.095933e+03 8.065667e+03 8.004963e+03 8.035228e+03
6.2 8.087194e+03 8.082620e+03 8.010741e+03 8.015315e+03
7.2 8.102137e+03 8.062425e+03 7.994830e+03 8.034542e+03
8.2 8.091068e+03 8.081784e+03 8.010927e+03 8.020211e+03
0.9 8.050413e+03 8.093323e+03 8.015665e+03 7.972755e+03
1.9 8.083682e+03 8.084087e+03 8.006395e+03 8.005989e+03
2.9 8.095933e+03 8.065667e+03 8.004963e+03 8.035228e+03
3.9 8.087194e+03 8.082620e+03 8.010741e+03 8.015315e+03
4.9 8.102137e+03 8.062425e+03 7.994830e+03 8.034542e+03
5.9 8.091068e+03 8.081784e+03 8.010927e+03 8.020211e+03
6.9 8.074340e+03 8.068895e+03 7.991930e+03 7.997375e+03
7.9 8.060755e+03 8.082337e+03 8.018518e+03 7.996936e+03
8.9 8.053187e+03 8.079956e+03 8.005735e+03 7.978967e+03
0.6 8.095933e+03 8.065667e+03 8.004963e+03 8.035228e+03
1.6 8.087194e+03 8.082620e+03 8.010741e+03 8.015315e+03
2.6 8.102137e+03 8.062425e+03 7.994830e+03 8.034542e+03
3.6 8.091068e+03 8.081784e+03 8.010927e+03 8.020211e+03
4.6 8.074340e+03 8.068895e+03 7.991930e+03 7.997375e+03
5.6 8.060755e+03 8.082337e+03 8.018518e+03 7.996936e+03
6.6 8.053187e+03 8.079956e+03 8.005735e+03 7.978967e+03
7.6 8.058181e+03 8.067654e+03 8.007253e+03 7.997780e+03
8.6 8.039985e+03 8.080834e+03 8.008570e+03 7.967720e+03
0.3 8.102137e+03 8.062425e+03 7.994830e+03 8.034542e+03
1.3 8.091068e+03 8.081784e+03 8.010927e+03 8.020211e+03
2.3 8.074340e+03 8.068895e+03 7.991930e+03 7.997375e+03
3.3 8.060755e+03 8.082337e+03 8.018518e+03 7.996936e+03
4.3 8.053187e+03 8.079956e+03 8.005735e+03 7.978967e+03
5.3 8.058181e+03 8.067654e+03 8.007253e+03 7.997780e+03
6.3 8.039985e+03 8.080834e+03 8.008570e+03 7.967720e+03
7.3 8.039584e+03 8.060915e+03 7.996012e+03 7.974681e+03
8.3 8.058496e+03 8.083573e+03 8.012811e+03 7.987734e+03
0.9 8.060755e+03 8.082337e+03 8.018518e+03 7.996936e+03
1.9 8.053187e+03 8.079956e+03 8.005735e+03 7.978967e+03
2.9 8.058181e+03 8.067654e+03 8.007253e+03 7.997780e+03
3.9 8.039985e+03 8.080834e+03 8.008570e+03 7.967720e+03
4.9 8.039584e+03 8.060915e+03 7.996012e+03 7.974681e+03
5.9 8.058496e+03 8.083573e+03 8.012811e+03 7.987734e+03
6.9 8.045787e+03 8.067668e+03 7.992303e+03 7.970423e+03
7.9 8.027768e+03 8.058333e+03 8.063032e+03 8.032468e+03
8.9 8.025098e+03 8.086965e+03 8.177404e+03 8.115537e+03
0.7 8.058181e+03 8.067654e+03 8.007253e+03 7.997780e+03
1.7 8.039985e+03 8.080834e+03 8.008570e+03 7.967720e+03
2.7 8.039584e+03 8.060915e+03 7.996012e+03 7.974681e+03
3.7 8.058496e+03 8.083573e+03 8.012811e+03 7.987734e+03
4.7 8.045787e+03 8.067668e+03 7.992303e+03 7.970423e+03
5.7 8.027768e+03 8.058333e+03 8.063032e+03 8.032468e+03
6.7 8.025098e+03 8.086965e+03 8.177404e+03 8.115537e+03
7.7 8.100774e+03 8.186885e+03 8.232348e+03 8.146238e+03
8.7 8.313623e+03 8.239667e+03 8.249174e+03 8.323129e+03
0.3 8.039584e+03 8.060915e+03 7.996012e+03 7.974681e+03
1.3 8.058496e+03 8.083573e+03 8.012811e+03 7.987734e+03
2.3 8.045787e+03 8.067668e+03 7.992303e+03 7.970423e+03
3.3 8.027768e+03 8.058333e+03 8.063032e+03 8.032468e+03
4.3 8.025098e+03 8.086965e+03 8.177404e+03 8.115537e+03
5.3 8.100774e+03 8.186885e+03 8.232348e+03 8.146238e+03
6.3 8.313623e+03 8.239667e+03 8.249174e+03 8.323129e+03
7.3 8.370249e+03 8.212782e+03 8.253275e+03 8.410743e+03
8.3 8.229798e+03 8.163413e+03 8.254067e+03 8.320452e+03
0.5 8.055134e+03 8.034714e+03 8.248126e+03 8.268547e+03
1.5 8.085120e+03 8.033911e+03 8.141444e+03 8.192653e+03
2.5 8.110188e+03 8.045345e+03 8.036848e+03 8.101690e+03
3.5 8.088385e+03 8.094734e+03 8.028119e+03 8.021770e+03
4.5 8.047468e+03 8.092193e+03 7.999007e+03 7.954282e+03
5.5 8.059632e+03 8.094377e+03 8.019891e+03 7.985146e+03
6.5 8.062150e+03 8.086814e+03 8.011927e+03 7.987263e+03
7.5 8.074293e+03 8.062789e+03 8.005670e+03 8.017174e+03
8.5 8.079585e+03 8.083515e+03 8.015312e+03 8.011382e+03
0.2 8.110188e+03 8.045345e+03 8.036848e+03 8.101690e+03
1.2 8.088385e+03 8.094734e+03 8.028119e+03 8.021770e+03
2.2 8.047468e+03 8.092193e+03 7.999007e+03 7.954282e+03
3.2 8.059632e+03 8.094377e+03 8.019891e+03 7.985146e+03
4.2 8.062150e+03 8.086814e+03 8.011927e+03 7.987263e+03
5.2 8.074293e+03 8.062789e+03 8.005670e+03 8.017174e+03
6.2 8.079585e+03 8.083515e+03 8.015312e+03 8.011382e+03
7.2 8.103866e+03 8.062344e+03 7.995291e+03 8.036812e+03
8.2 8.099992e+03 8.081883e+03 8.015354e+03 8.033462e+03
0.8 8.059632e+03 8.094377e+03 8.019891e+03 7.985146e+03
1.8 8.062150e+03 8.086814e+03 8.011927e+03 7.987263e+03
2.8 8.074293e+03 8.062789e+03 8.005670e+03 8.017174e+03
3.8 8.079585e+03 8.083515e+03 8.015312e+03 8.011382e+03
4.8 8.103866e+03 8.062344e+03 7.995291e+03 8.036812e+03
5.8 8.099992e+03 8.081883e+03 8.015354e+03 8.033462e+03
6.8 8.111554e+03 8.071346e+03 7.996186e+03 8.036393e+03
7.8 8.129089e+03 8.076264e+03 8.013078e+03 8.065903e+03
8.8 8.087467e+03 8.078318e+03 8.003840e+03 8.012989e+03
0.5 8.074293e+03 8.062789e+03 8.005670e+03 8.017174e+03
1.5 8.079585e+03 8.083515e+03 8.015312e+03 8.011382e+03
2.5 8.103866e+03 8.062344e+03 7.995291e+03 8.036812e+03
3.5 8.099992e+03 8.081883e+03 8.015354e+03 8.033462e+03
4.5 8.111554e+03 8.071346e+03 7.996186e+03 8.036393e+03
5.5 8.129089e+03 8.076264e+03 8.013078e+03 8.065903e+03
6.5 8.087467e+03 8.078318e+03 8.003840e+03 8.012989e+03
7.5 8.105019e+03 8.066951e+03 8.005653e+03 8.043721e+03
8.5 8.117456e+03 8.083380e+03 8.011109e+03 8.045184e+03
0.2 8.103866e+03 8.062344e+03 7.995291e+03 8.036812e+03
1.2 8.099992e+03 8.081883e+03 8.015354e+03 8.033462e+03
2.2 8.111554e+03 8.071346e+03 7.996186e+03 8.036393e+03
3.2 8.129089e+03 8.076264e+03 8.013078e+03 8.065903e+03
4.2 8.087467e+03 8.078318e+03 8.003840e+03 8.012989e+03
5.2 8.105019e+03 8.066951e+03 8.005653e+03 8.043721e+03
6.2 8.117456e+03 8.083380e+03 8.011109e+03 8.045184e+03
7.2 8.133119e+03 8.063018e+03 7.997000e+03 8.067101e+03
8.2 8.148694e+03 8.084756e+03 8.015979e+03 8.079917e+03
0.9 8.129089e+03 8.076264e+03 8.013078e+03 8.065903e+03
1.9 8.087467e+03 8.078318e+03 8.003840e+03 8.012989e+03
2.9 8.105019e+03 8.066951e+03 8.005653e+03 8.043721e+03
3.9 8.117456e+03 8.083380e+03 8.011109e+03 8.045184e+03
4.9 8.133119e+03 8.063018e+03 7.997000e+03 8.067101e+03
5.9 8.148694e+03 8.084756e+03 8.015979e+03 8.079917e+03
6.9 8.122484e+03 8.070096e+03 7.996008e+03 8.048397e+03
7.9 8.041412e+03 8.058795e+03 8.060445e+03 8.043062e+03
8.9 8.084833e+03 8.085294e+03 8.177345e+03 8.176883e+03
0.6 8.105019e+03 8.066951e+03 8.005653e+03 8.043721e+03
1.6 8.117456e+03 8.083380e+03 8.011109e+03 8.045184e+03
2.6 8.133119e+03 8.063018e+03 7.997000e+03 8.067101e+03
3.6 8.148694e+03 8.084756e+03 8.015979e+03 8.079917e+03
4.6 8.122484e+03 8.070096e+03 7.996008e+03 8.048397e+03
5.6 8.041412e+03 8.058795e+03 8.060445e+03 8.043062e+03
6.6 8.084833e+03 8.085294e+03 8.177345e+03 8.176883e+03
7.6 8.177941e+03 8.183396e+03 8.235832e+03 8.230376e+03
8.6 8.339017e+03 8.241138e+03 8.254638e+03 8.352517e+03
0.3 8.133119e+03 8.063018e+03 7.997000e+03 8.067101e+03
1.3 8.148694e+03 8.084756e+03 8.015979e+03 8.079917e+03
2.3 8.122484e+03 8.070096e+03 7.996008e+03 8.048397e+03
3.3 8.041412e+03 8.058795e+03 8.060445e+03 8.043062e+03
4.3 8.084833e+03 8.085294e+03 8.177345e+03 8.176883e+03
5.3 8.177941e+03 8.183396e+03 8.235832e+03 8.230376e+03
6.3 8.339017e+03 8.241138e+03 8.254638e+03 8.352517e+03
7.3 8.198197e+03 8.217143e+03 8.260031e+03 8.241085e+03
8.3 8.089260e+03 8.168278e+03 8.262024e+03 8.183006e+03
0.5 8.032969e+03 8.038901e+03 8.262471e+03 8.256540e+03
1.5 8.002212e+03 8.038689e+03 8.157954e+03 8.121477e+03
2.5 7.991022e+03 8.050892e+03 8.055716e+03 7.995846e+03
3.5 8.009793e+03 8.099028e+03 8.046522e+03 7.957287e+03
4.5 8.029094e+03 8.097915e+03 8.021359e+03 7.952537e+03
5.5 8.060142e+03 8.102072e+03 8.043142e+03 8.001212e+03
6.5 8.069221e+03 8.092134e+03 8.036662e+03 8.013748e+03
7.5 8.076879e+03 8.075822e+03 8.042215e+03 8.043271e+03
8.5 8.079535e+03 8.095108e+03 8.053422e+03 8.037849e+03
0.2 7.991022e+03 8.050892e+03 8.055716e+03 7.995846e+03
1.2 8.009793e+03 8.099028e+03 8.046522e+03 7.957287e+03
2.2 8.029094e+03 8.097915e+03 8.021359e+03 7.952537e+03
3.2 8.060142e+03 8.102072e+03 8.043142e+03 8.001212e+03
4.2 8.069221e+03 8.092134e+03 8.036662e+03 8.013748e+03
5.2 8.076879e+03 8.075822e+03 8.042215e+03 8.043271e+03
6.2 8.079535e+03 8.095108e+03 8.053422e+03 8.037849e+03
7.2 8.052931e+03 8.074086e+03 8.041019e+03 8.019865e+03
8.2 8.099888e+03 8.096168e+03 8.064533e+03 8.068252e+03
0.9 8.060142e+03 8.102072e+03 8.043142e+03 8.001212e+03
1.9 8.069221e+03 8.092134e+03 8.036662e+03 8.013748e+03
2.9 8.076879e+03 8.075822e+03 8.042215e+03 8.043271e+03
3.9 8.079535e+03 8.095108e+03 8.053422e+03 8.037849e+03
4.9 8.052931e+03 8.074086e+03 8.041019e+03 8.019865e+03
5.9 8.099888e+03 8.096168e+03 8.064533e+03 8.068252e+03
6.9 8.121934e+03 8.083644e+03 8.049423e+03 8.087713e+03
7.9 8.144163e+03 8.094833e+03 8.076981e+03 8.126311e+03
8.9 8.128842e+03 8.094733e+03 8.070553e+03 8.104662e+03
0.6 8.076879e+03 8.075822e+03 8.042215e+03 8.043271e+03
1.6 8.079535e+03 8.095108e+03 8.053422e+03 8.037849e+03
2.6 8.052931e+03 8.074086e+03 8.041019e+03 8.019865e+03
3.6 8.099888e+03 8.096168e+03 8.064533e+03 8.068252e+03
4.6 8.121934e+03 8.083644e+03 8.049423e+03 8.087713e+03
5.6 8.144163e+03 8.094833e+03 8.076981e+03 8.126311e+03
6.6 8.128842e+03 8.094733e+03 8.070553e+03 8.104662e+03
7.6 8.138801e+03 8.085506e+03 8.079580e+03 8.132875e+03
8.6 8.124696e+03 8.100710e+03 8.087860e+03 8.111847e+03
0.3 8.052931e+03 8.074086e+03 8.041019e+03 8.019865e+03
1.3 8.099888e+03 8.096168e+03 8.064533e+03 8.068252e+03
2.3 8.121934e+03 8.083644e+03 8.049423e+03 8.087713e+03
3.3 8.144163e+03 8.094833e+03 8.076981e+03 8.126311e+03
4.3 8.128842e+03 8.094733e+03 8.070553e+03 8.104662e+03
5.3 8.138801e+03 8.085506e+03 8.079580e+03 8.132875e+03
6.3 8.124696e+03 8.100710e+03 8.087860e+03 8.111847e+03
7.3 8.111486e+03 8.081732e+03 8.082704e+03 8.112457e+03
8.3 8.110080e+03 8.110022e+03 8.112436e+03 8.112494e+03
1.0 8.144163e+03 8.094833e+03 8.076981e+03 8.126311e+03
2.0 8.128842e+03 8.094733e+03 8.070553e+03 8.104662e+03
3.0 8.138801e+03 8.085506e+03 8.079580e+03 8.132875e+03
4.0 8.124696e+03 8.100710e+03 8.087860e+03 8.111847e+03
5.0 8.111486e+03 8.081732e+03 8.082704e+03 8.112457e+03
6.0 8.110080e+03 8.110022e+03 8.112436e+03 8.112494e+03
0.6 8.138801e+03 8.085506e+03 8.079580e+03 8.132875e+03
1.6 8.124696e+03 8.100710e+03 8.087860e+03 8.111847e+03
2.6 8.111486e+03 8.081732e+03 8.082704e+03 8.112457e+03
3.6 8.110080e+03 8.110022e+03 8.112436e+03 8.112494e+03
0.3 8.111486e+03 8.081732e+03 8.082704e+03 8.112457e+03
1.3 8.110080e+03 8.110022e+03 8.112436e+03 8.112494e+03
