0.5 7.437933e+03 7.381634e+03 7.688953e+03 7.745252e+03
1.5 7.391602e+03 7.370525e+03 7.539048e+03 7.560125e+03
2.5 7.407285e+03 7.394047e+03 7.377022e+03 7.390260e+03
3.5 7.392304e+03 7.461921e+03 7.358064e+03 7.288447e+03
4.5 7.398652e+03 7.461336e+03 7.316605e+03 7.253922e+03
5.5 7.424715e+03 7.445510e+03 7.336699e+03 7.315904e+03
6.5 7.415885e+03 7.433127e+03 7.323092e+03 7.305850e+03
7.5 7.380479e+03 7.395935e+03 7.322251e+03 7.306795e+03
8.5 7.368789e+03 7.427750e+03 7.330555e+03 7.271595e+03
0.2 7.407285e+03 7.394047e+03 7.377022e+03 7.390260e+03
1.2 7.392304e+03 7.461921e+03 7.358064e+03 7.288447e+03
2.2 7.398652e+03 7.461336e+03 7.316605e+03 7.253922e+03
3.2 7.424715e+03 7.445510e+03 7.336699e+03 7.315904e+03
4.2 7.415885e+03 7.433127e+03 7.323092e+03 7.305850e+03
5.2 7.380479e+03 7.395935e+03 7.322251e+03 7.306795e+03
6.2 7.368789e+03 7.427750e+03 7.330555e+03 7.271595e+03
7.2 7.446201e+03 7.391036e+03 7.305835e+03 7.361000e+03
8.2 7.394139e+03 7.423205e+03 7.332830e+03 7.303763e+03
0.9 7.424715e+03 7.445510e+03 7.336699e+03 7.315904e+03
1.9 7.415885e+03 7.433127e+03 7.323092e+03 7.305850e+03
2.9 7.380479e+03 7.395935e+03 7.322251e+03 7.306795e+03
3.9 7.368789e+03 7.427750e+03 7.330555e+03 7.271595e+03
4.9 7.446201e+03 7.391036e+03 7.305835e+03 7.361000e+03
5.9 7.394139e+03 7.423205e+03 7.332830e+03 7.303763e+03
6.9 7.433297e+03 7.404119e+03 7.300621e+03 7.329799e+03
7.9 7.426316e+03 7.408990e+03 7.327144e+03 7.344470e+03
8.9 7.427442e+03 7.411182e+03 7.306209e+03 7.322469e+03
0.6 7.380479e+03 7.395935e+03 7.322251e+03 7.306795e+03
1.6 7.368789e+03 7.427750e+03 7.330555e+03 7.271595e+03
2.6 7.446201e+03 7.391036e+03 7.305835e+03 7.361000e+03
3.6 7.394139e+03 7.423205e+03 7.332830e+03 7.303763e+03
4.6 7.433297e+03 7.404119e+03 7.300621e+03 7.329799e+03
5.6 7.426316e+03 7.408990e+03 7.327144e+03 7.344470e+03
6.6 7.427442e+03 7.411182e+03 7.306209e+03 7.322469e+03
7.6 7.404293e+03 7.389258e+03 7.312493e+03 7.327528e+03
8.6 7.434231e+03 7.415743e+03 7.312111e+03 7.330598e+03
0.3 7.446201e+03 7.391036e+03 7.305835e+03 7.361000e+03
1.3 7.394139e+03 7.423205e+03 7.332830e+03 7.303763e+03
2.3 7.433297e+03 7.404119e+03 7.300621e+03 7.329799e+03
3.3 7.426316e+03 7.408990e+03 7.327144e+03 7.344470e+03
4.3 7.427442e+03 7.411182e+03 7.306209e+03 7.322469e+03
5.3 7.404293e+03 7.389258e+03 7.312493e+03 7.327528e+03
6.3 7.434231e+03 7.415743e+03 7.312111e+03 7.330598e+03
7.3 7.466196e+03 7.378843e+03 7.293615e+03 7.380968e+03
8.3 7.444704e+03 7.415541e+03 7.315321e+03 7.344484e+03
1.0 7.426316e+03 7.408990e+03 7.327144e+03 7.344470e+03
2.0 7.427442e+03 7.411182e+03 7.306209e+03 7.322469e+03
3.0 7.404293e+03 7.389258e+03 7.312493e+03 7.327528e+03
4.0 7.434231e+03 7.415743e+03 7.312111e+03 7.330598e+03
5.0 7.466196e+03 7.378843e+03 7.293615e+03 7.380968e+03
6.0 7.444704e+03 7.415541e+03 7.315321e+03 7.344484e+03
7.0 7.395230e+03 7.390498e+03 7.282993e+03 7.287725e+03
8.0 7.411016e+03 7.402141e+03 7.391792e+03 7.400667e+03
9.0 7.446162e+03 7.431183e+03 7.559375e+03 7.574355e+03
0.7 7.404293e+03 7.389258e+03 7.312493e+03 7.327528e+03
1.7 7.434231e+03 7.415743e+03 7.312111e+03 7.330598e+03
2.7 7.466196e+03 7.378843e+03 7.293615e+03 7.380968e+03
3.7 7.444704e+03 7.415541e+03 7.315321e+03 7.344484e+03
4.7 7.395230e+03 7.390498e+03 7.282993e+03 7.287725e+03
5.7 7.411016e+03 7.402141e+03 7.391792e+03 7.400667e+03
6.7 7.446162e+03 7.431183e+03 7.559375e+03 7.574355e+03
7.7 7.519710e+03 7.546397e+03 7.637908e+03 7.611221e+03
8.7 7.632352e+03 7.632174e+03 7.660925e+03 7.661103e+03
0.4 7.466196e+03 7.378843e+03 7.293615e+03 7.380968e+03
1.4 7.444704e+03 7.415541e+03 7.315321e+03 7.344484e+03
2.4 7.395230e+03 7.390498e+03 7.282993e+03 7.287725e+03
3.4 7.411016e+03 7.402141e+03 7.391792e+03 7.400667e+03
4.4 7.446162e+03 7.431183e+03 7.559375e+03 7.574355e+03
5.4 7.519710e+03 7.546397e+03 7.637908e+03 7.611221e+03
6.4 7.632352e+03 7.632174e+03 7.660925e+03 7.661103e+03
7.4 7.464135e+03 7.587895e+03 7.665672e+03 7.541912e+03
8.4 7.437458e+03 7.504384e+03 7.665772e+03 7.598846e+03
0.5 7.404937e+03 7.346799e+03 7.655322e+03 7.713459e+03
1.5 7.392760e+03 7.334463e+03 7.499234e+03 7.557531e+03
2.5 7.372663e+03 7.361777e+03 7.338944e+03 7.349830e+03
3.5 7.413915e+03 7.435406e+03 7.319863e+03 7.298372e+03
4.5 7.391843e+03 7.435405e+03 7.277541e+03 7.233980e+03
5.5 7.391977e+03 7.424089e+03 7.303005e+03 7.270893e+03
6.5 7.411079e+03 7.412935e+03 7.289168e+03 7.287312e+03
7.5 7.425088e+03 7.375109e+03 7.287031e+03 7.337010e+03
8.5 7.423430e+03 7.408288e+03 7.295656e+03 7.310797e+03
0.2 7.372663e+03 7.361777e+03 7.338944e+03 7.349830e+03
1.2 7.413915e+03 7.435406e+03 7.319863e+03 7.298372e+03
2.2 7.391843e+03 7.435405e+03 7.277541e+03 7.233980e+03
3.2 7.391977e+03 7.424089e+03 7.303005e+03 7.270893e+03
4.2 7.411079e+03 7.412935e+03 7.289168e+03 7.287312e+03
5.2 7.425088e+03 7.375109e+03 7.287031e+03 7.337010e+03
6.2 7.423430e+03 7.408288e+03 7.295656e+03 7.310797e+03
7.2 7.437212e+03 7.374150e+03 7.271906e+03 7.334968e+03
8.2 7.418793e+03 7.405486e+03 7.295934e+03 7.309240e+03
0.9 7.391977e+03 7.424089e+03 7.303005e+03 7.270893e+03
1.9 7.411079e+03 7.412935e+03 7.289168e+03 7.287312e+03
2.9 7.425088e+03 7.375109e+03 7.287031e+03 7.337010e+03
3.9 7.423430e+03 7.408288e+03 7.295656e+03 7.310797e+03
4.9 7.437212e+03 7.374150e+03 7.271906e+03 7.334968e+03
5.9 7.418793e+03 7.405486e+03 7.295934e+03 7.309240e+03
6.9 7.408216e+03 7.388956e+03 7.267578e+03 7.286837e+03
7.9 7.394728e+03 7.401577e+03 7.307264e+03 7.300416e+03
8.9 7.387223e+03 7.405670e+03 7.288184e+03 7.269737e+03
0.6 7.425088e+03 7.375109e+03 7.287031e+03 7.337010e+03
1.6 7.423430e+03 7.408288e+03 7.295656e+03 7.310797e+03
2.6 7.437212e+03 7.374150e+03 7.271906e+03 7.334968e+03
3.6 7.418793e+03 7.405486e+03 7.295934e+03 7.309240e+03
4.6 7.408216e+03 7.388956e+03 7.267578e+03 7.286837e+03
5.6 7.394728e+03 7.401577e+03 7.307264e+03 7.300416e+03
6.6 7.387223e+03 7.405670e+03 7.288184e+03 7.269737e+03
7.6 7.382698e+03 7.378184e+03 7.290450e+03 7.294964e+03
8.6 7.374485e+03 7.406045e+03 7.292414e+03 7.260855e+03
0.3 7.437212e+03 7.374150e+03 7.271906e+03 7.334968e+03
1.3 7.418793e+03 7.405486e+03 7.295934e+03 7.309240e+03
2.3 7.408216e+03 7.388956e+03 7.267578e+03 7.286837e+03
3.3 7.394728e+03 7.401577e+03 7.307264e+03 7.300416e+03
4.3 7.387223e+03 7.405670e+03 7.288184e+03 7.269737e+03
5.3 7.382698e+03 7.378184e+03 7.290450e+03 7.294964e+03
6.3 7.374485e+03 7.406045e+03 7.292414e+03 7.260855e+03
7.3 7.359934e+03 7.370232e+03 7.273670e+03 7.263372e+03
8.3 7.386483e+03 7.408339e+03 7.298746e+03 7.276890e+03
0.9 7.394728e+03 7.401577e+03 7.307264e+03 7.300416e+03
1.9 7.387223e+03 7.405670e+03 7.288184e+03 7.269737e+03
2.9 7.382698e+03 7.378184e+03 7.290450e+03 7.294964e+03
3.9 7.374485e+03 7.406045e+03 7.292414e+03 7.260855e+03
4.9 7.359934e+03 7.370232e+03 7.273670e+03 7.263372e+03
5.9 7.386483e+03 7.408339e+03 7.298746e+03 7.276890e+03
6.9 7.387041e+03 7.386485e+03 7.268135e+03 7.268691e+03
7.9 7.379812e+03 7.396268e+03 7.373708e+03 7.357252e+03
8.9 7.365491e+03 7.426562e+03 7.544427e+03 7.483356e+03
0.7 7.382698e+03 7.378184e+03 7.290450e+03 7.294964e+03
1.7 7.374485e+03 7.406045e+03 7.292414e+03 7.260855e+03
2.7 7.359934e+03 7.370232e+03 7.273670e+03 7.263372e+03
3.7 7.386483e+03 7.408339e+03 7.298746e+03 7.276890e+03
4.7 7.387041e+03 7.386485e+03 7.268135e+03 7.268691e+03
5.7 7.379812e+03 7.396268e+03 7.373708e+03 7.357252e+03
6.7 7.365491e+03 7.426562e+03 7.544427e+03 7.483356e+03
7.7 7.433995e+03 7.539133e+03 7.626439e+03 7.521300e+03
8.7 7.823797e+03 7.628961e+03 7.651554e+03 7.846390e+03
0.3 7.359934e+03 7.370232e+03 7.273670e+03 7.263372e+03
1.3 7.386483e+03 7.408339e+03 7.298746e+03 7.276890e+03
2.3 7.387041e+03 7.386485e+03 7.268135e+03 7.268691e+03
3.3 7.379812e+03 7.396268e+03 7.373708e+03 7.357252e+03
4.3 7.365491e+03 7.426562e+03 7.544427e+03 7.483356e+03
5.3 7.433995e+03 7.539133e+03 7.626439e+03 7.521300e+03
6.3 7.823797e+03 7.628961e+03 7.651554e+03 7.846390e+03
7.3 7.761897e+03 7.587296e+03 7.657676e+03 7.832277e+03
8.3 7.552380e+03 7.504345e+03 7.658858e+03 7.706893e+03
0.5 7.332467e+03 7.346689e+03 7.649991e+03 7.635768e+03
1.5 7.369620e+03 7.330665e+03 7.490751e+03 7.529705e+03
2.5 7.415488e+03 7.359253e+03 7.334625e+03 7.390860e+03
3.5 7.409081e+03 7.438633e+03 7.321595e+03 7.292043e+03
4.5 7.357033e+03 7.436764e+03 7.278141e+03 7.198410e+03
5.5 7.365831e+03 7.424066e+03 7.309313e+03 7.251079e+03
6.5 7.365096e+03 7.416693e+03 7.297427e+03 7.245829e+03
7.5 7.376553e+03 7.370170e+03 7.288086e+03 7.294469e+03
8.5 7.397784e+03 7.408934e+03 7.302478e+03 7.291328e+03
0.2 7.415488e+03 7.359253e+03 7.334625e+03 7.390860e+03
1.2 7.409081e+03 7.438633e+03 7.321595e+03 7.292043e+03
2.2 7.357033e+03 7.436764e+03 7.278141e+03 7.198410e+03
3.2 7.365831e+03 7.424066e+03 7.309313e+03 7.251079e+03
4.2 7.365096e+03 7.416693e+03 7.297427e+03 7.245829e+03
5.2 7.376553e+03 7.370170e+03 7.288086e+03 7.294469e+03
6.2 7.397784e+03 7.408934e+03 7.302478e+03 7.291328e+03
7.2 7.402451e+03 7.375286e+03 7.272594e+03 7.299759e+03
8.2 7.407288e+03 7.404337e+03 7.302541e+03 7.305492e+03
0.8 7.365831e+03 7.424066e+03 7.309313e+03 7.251079e+03
1.8 7.365096e+03 7.416693e+03 7.297427e+03 7.245829e+03
2.8 7.376553e+03 7.370170e+03 7.288086e+03 7.294469e+03
3.8 7.397784e+03 7.408934e+03 7.302478e+03 7.291328e+03
4.8 7.402451e+03 7.375286e+03 7.272594e+03 7.299759e+03
5.8 7.407288e+03 7.404337e+03 7.302541e+03 7.305492e+03
6.8 7.418700e+03 7.393120e+03 7.273930e+03 7.299509e+03
7.8 7.442083e+03 7.392854e+03 7.299144e+03 7.348374e+03
8.8 7.406114e+03 7.403178e+03 7.285355e+03 7.288291e+03
0.5 7.376553e+03 7.370170e+03 7.288086e+03 7.294469e+03
1.5 7.397784e+03 7.408934e+03 7.302478e+03 7.291328e+03
2.5 7.402451e+03 7.375286e+03 7.272594e+03 7.299759e+03
3.5 7.407288e+03 7.404337e+03 7.302541e+03 7.305492e+03
4.5 7.418700e+03 7.393120e+03 7.273930e+03 7.299509e+03
5.5 7.442083e+03 7.392854e+03 7.299144e+03 7.348374e+03
6.5 7.406114e+03 7.403178e+03 7.285355e+03 7.288291e+03
7.5 7.412543e+03 7.377087e+03 7.288062e+03 7.323518e+03
8.5 7.432550e+03 7.409587e+03 7.296205e+03 7.319168e+03
0.2 7.402451e+03 7.375286e+03 7.272594e+03 7.299759e+03
1.2 7.407288e+03 7.404337e+03 7.302541e+03 7.305492e+03
2.2 7.418700e+03 7.393120e+03 7.273930e+03 7.299509e+03
3.2 7.442083e+03 7.392854e+03 7.299144e+03 7.348374e+03
4.2 7.406114e+03 7.403178e+03 7.285355e+03 7.288291e+03
5.2 7.412543e+03 7.377087e+03 7.288062e+03 7.323518e+03
6.2 7.432550e+03 7.409587e+03 7.296205e+03 7.319168e+03
7.2 7.443311e+03 7.374239e+03 7.275145e+03 7.344216e+03
8.2 7.466644e+03 7.409575e+03 7.303474e+03 7.360543e+03
0.9 7.442083e+03 7.392854e+03 7.299144e+03 7.348374e+03
1.9 7.406114e+03 7.403178e+03 7.285355e+03 7.288291e+03
2.9 7.412543e+03 7.377087e+03 7.288062e+03 7.323518e+03
3.9 7.432550e+03 7.409587e+03 7.296205e+03 7.319168e+03
4.9 7.443311e+03 7.374239e+03 7.275145e+03 7.344216e+03
5.9 7.466644e+03 7.409575e+03 7.303474e+03 7.360543e+03
6.9 7.435436e+03 7.390579e+03 7.273665e+03 7.318522e+03
7.9 7.357340e+03 7.395318e+03 7.369846e+03 7.331869e+03
8.9 7.423742e+03 7.427390e+03 7.544338e+03 7.540690e+03
0.6 7.412543e+03 7.377087e+03 7.288062e+03 7.323518e+03
1.6 7.432550e+03 7.409587e+03 7.296205e+03 7.319168e+03
2.6 7.443311e+03 7.374239e+03 7.275145e+03 7.344216e+03
3.6 7.466644e+03 7.409575e+03 7.303474e+03 7.360543e+03
4.6 7.435436e+03 7.390579e+03 7.273665e+03 7.318522e+03
5.6 7.357340e+03 7.395318e+03 7.369846e+03 7.331869e+03
6.6 7.423742e+03 7.427390e+03 7.544338e+03 7.540690e+03
7.6 7.488192e+03 7.533464e+03 7.631639e+03 7.586367e+03
8.6 7.781395e+03 7.630568e+03 7.659710e+03 7.810537e+03
0.3 7.443311e+03 7.374239e+03 7.275145e+03 7.344216e+03
1.3 7.466644e+03 7.409575e+03 7.303474e+03 7.360543e+03
2.3 7.435436e+03 7.390579e+03 7.273665e+03 7.318522e+03
3.3 7.357340e+03 7.395318e+03 7.369846e+03 7.331869e+03
4.3 7.423742e+03 7.427390e+03 7.544338e+03 7.540690e+03
5.3 7.488192e+03 7.533464e+03 7.631639e+03 7.586367e+03
6.3 7.781395e+03 7.630568e+03 7.659710e+03 7.810537e+03
7.3 7.559671e+03 7.593857e+03 7.667761e+03 7.633575e+03
8.3 7.401807e+03 7.511815e+03 7.670735e+03 7.560727e+03
0.5 7.356754e+03 7.352355e+03 7.671403e+03 7.675802e+03
1.5 7.313084e+03 7.337127e+03 7.515394e+03 7.491351e+03
2.5 7.302562e+03 7.366892e+03 7.362788e+03 7.298458e+03
3.5 7.341854e+03 7.444731e+03 7.349065e+03 7.246188e+03
4.5 7.358287e+03 7.444296e+03 7.311504e+03 7.225495e+03
5.5 7.374992e+03 7.436442e+03 7.344019e+03 7.282568e+03
6.5 7.398681e+03 7.423843e+03 7.334347e+03 7.309185e+03
7.5 7.396404e+03 7.388077e+03 7.342635e+03 7.350962e+03
8.5 7.418398e+03 7.425182e+03 7.359364e+03 7.352580e+03
0.2 7.302562e+03 7.366892e+03 7.362788e+03 7.298458e+03
1.2 7.341854e+03 7.444731e+03 7.349065e+03 7.246188e+03
2.2 7.358287e+03 7.444296e+03 7.311504e+03 7.225495e+03
3.2 7.374992e+03 7.436442e+03 7.344019e+03 7.282568e+03
4.2 7.398681e+03 7.423843e+03 7.334347e+03 7.309185e+03
5.2 7.396404e+03 7.388077e+03 7.342635e+03 7.350962e+03
6.2 7.418398e+03 7.425182e+03 7.359364e+03 7.352580e+03
7.2 7.375429e+03 7.389401e+03 7.340851e+03 7.326880e+03
8.2 7.421458e+03 7.424345e+03 7.375948e+03 7.373062e+03
0.9 7.374992e+03 7.436442e+03 7.344019e+03 7.282568e+03
1.9 7.398681e+03 7.423843e+03 7.334347e+03 7.309185e+03
2.9 7.396404e+03 7.388077e+03 7.342635e+03 7.350962e+03
3.9 7.418398e+03 7.425182e+03 7.359364e+03 7.352580e+03
4.9 7.375429e+03 7.389401e+03 7.340851e+03 7.326880e+03
5.9 7.421458e+03 7.424345e+03 7.375948e+03 7.373062e+03
6.9 7.440578e+03 7.408818e+03 7.353394e+03 7.385154e+03
7.9 7.470660e+03 7.418125e+03 7.394530e+03 7.447065e+03
8.9 7.460314e+03 7.425024e+03 7.384935e+03 7.420225e+03
0.6 7.396404e+03 7.388077e+03 7.342635e+03 7.350962e+03
1.6 7.418398e+03 7.425182e+03 7.359364e+03 7.352580e+03
2.6 7.375429e+03 7.389401e+03 7.340851e+03 7.326880e+03
3.6 7.421458e+03 7.424345e+03 7.375948e+03 7.373062e+03
4.6 7.440578e+03 7.408818e+03 7.353394e+03 7.385154e+03
5.6 7.470660e+03 7.418125e+03 7.394530e+03 7.447065e+03
6.6 7.460314e+03 7.425024e+03 7.384935e+03 7.420225e+03
7.6 7.477076e+03 7.401883e+03 7.398409e+03 7.473601e+03
8.6 7.461391e+03 7.432547e+03 7.410769e+03 7.439613e+03
0.3 7.375429e+03 7.389401e+03 7.340851e+03 7.326880e+03
1.3 7.421458e+03 7.424345e+03 7.375948e+03 7.373062e+03
2.3 7.440578e+03 7.408818e+03 7.353394e+03 7.385154e+03
3.3 7.470660e+03 7.418125e+03 7.394530e+03 7.447065e+03
4.3 7.460314e+03 7.425024e+03 7.384935e+03 7.420225e+03
5.3 7.477076e+03 7.401883e+03 7.398409e+03 7.473601e+03
6.3 7.461391e+03 7.432547e+03 7.410769e+03 7.439613e+03
7.3 7.440099e+03 7.397224e+03 7.403072e+03 7.445947e+03
8.3 7.427438e+03 7.443240e+03 7.447451e+03 7.431648e+03
1.0 7.470660e+03 7.418125e+03 7.394530e+03 7.447065e+03
2.0 7.460314e+03 7.425024e+03 7.384935e+03 7.420225e+03
3.0 7.477076e+03 7.401883e+03 7.398409e+03 7.473601e+03
4.0 7.461391e+03 7.432547e+03 7.410769e+03 7.439613e+03
5.0 7.440099e+03 7.397224e+03 7.403072e+03 7.445947e+03
6.0 7.427438e+03 7.443240e+03 7.447451e+03 7.431648e+03
0.6 7.477076e+03 7.401883e+03 7.398409e+03 7.473601e+03
1.6 7.461391e+03 7.432547e+03 7.410769e+03 7.439613e+03
2.6 7.440099e+03 7.397224e+03 7.403072e+03 7.445947e+03
3.6 7.427438e+03 7.443240e+03 7.447451e+03 7.431648e+03
0.3 7.440099e+03 7.397224e+03 7.403072e+03 7.445947e+03
1.3 7.427438e+03 7.443240e+03 7.447451e+03 7.431648e+03
