0.5 9.197745e+03 9.079896e+03 9.093517e+03 9.211366e+03
1.5 9.207597e+03 9.120157e+03 9.223494e+03 9.310934e+03
2.5 9.055941e+03 9.081848e+03 9.078604e+03 9.052698e+03
3.5 8.988523e+03 9.017713e+03 9.054410e+03 9.025220e+03
4.5 9.080041e+03 9.074821e+03 9.053856e+03 9.059076e+03
5.5 9.074963e+03 9.099951e+03 9.054319e+03 9.029331e+03
6.5 9.046931e+03 9.066452e+03 9.054702e+03 9.035181e+03
7.5 9.132425e+03 9.106722e+03 9.054995e+03 9.080697e+03
0.1 9.073091e+03 9.069588e+03 9.055276e+03 9.058779e+03
1.1 9.027984e+03 9.059475e+03 9.221045e+03 9.189554e+03
2.1 9.147480e+03 9.084034e+03 9.233841e+03 9.297287e+03
3.1 9.050632e+03 9.090460e+03 9.077756e+03 9.037929e+03
4.1 9.261437e+03 9.167720e+03 9.056100e+03 9.149817e+03
5.1 9.151760e+03 9.154776e+03 9.054964e+03 9.051947e+03
6.1 9.034923e+03 9.108563e+03 9.054916e+03 8.981276e+03
7.1 9.079325e+03 9.065590e+03 9.054916e+03 9.068651e+03
0.5 9.115847e+03 9.071538e+03 9.098341e+03 9.142650e+03
1.5 9.153380e+03 9.116313e+03 9.227315e+03 9.264381e+03
2.5 9.071671e+03 9.071449e+03 9.081586e+03 9.081808e+03
3.5 9.017418e+03 9.005323e+03 9.056434e+03 9.068529e+03
4.5 9.038686e+03 9.070800e+03 9.055041e+03 9.022927e+03
5.5 9.072928e+03 9.093129e+03 9.055008e+03 9.034806e+03
6.5 9.069052e+03 9.061578e+03 9.055027e+03 9.062500e+03
7.5 9.064620e+03 9.104225e+03 9.055044e+03 9.015440e+03
0.1 9.099870e+03 9.071719e+03 9.054951e+03 9.083102e+03
1.1 9.053542e+03 9.055689e+03 9.216601e+03 9.214454e+03
2.1 9.095338e+03 9.085585e+03 9.238759e+03 9.248513e+03
3.1 9.028872e+03 9.086993e+03 9.079191e+03 9.021070e+03
4.1 9.145835e+03 9.166188e+03 9.056084e+03 9.035730e+03
5.1 9.159717e+03 9.155079e+03 9.054869e+03 9.059508e+03
6.1 9.213418e+03 9.109141e+03 9.054829e+03 9.159106e+03
7.1 9.011159e+03 9.065983e+03 9.054836e+03 9.000011e+03
0.5 9.016140e+03 9.071132e+03 9.098265e+03 9.043273e+03
1.5 9.069201e+03 9.120255e+03 9.227238e+03 9.176184e+03
2.5 9.116496e+03 9.068193e+03 9.081506e+03 9.129809e+03
3.5 9.092303e+03 8.999007e+03 9.056384e+03 9.149680e+03
4.5 9.121781e+03 9.073986e+03 9.055040e+03 9.102835e+03
5.5 9.041646e+03 9.095561e+03 9.055025e+03 9.001110e+03
6.5 8.998197e+03 9.055572e+03 9.055059e+03 8.997684e+03
7.5 9.071554e+03 9.110170e+03 9.055095e+03 9.016479e+03
0.0 9.156848e+03 9.078419e+03 9.056018e+03 9.134447e+03
1.0 8.985564e+03 9.050879e+03 9.208915e+03 9.143600e+03
2.0 9.072310e+03 9.091086e+03 9.249878e+03 9.231102e+03
3.0 9.079751e+03 9.082500e+03 9.084401e+03 9.081652e+03
4.0 9.255276e+03 9.165096e+03 9.058386e+03 9.148566e+03
5.0 9.142669e+03 9.157700e+03 9.057299e+03 9.042268e+03
6.0 9.075244e+03 9.112333e+03 9.057631e+03 9.020541e+03
7.0 8.972652e+03 9.068843e+03 9.058066e+03 8.961875e+03
0.5 9.074132e+03 9.072498e+03 9.102511e+03 9.104145e+03
1.5 9.086489e+03 9.121853e+03 9.232077e+03 9.196713e+03
2.5 9.045683e+03 9.070049e+03 9.087000e+03 9.062634e+03
3.5 8.968482e+03 9.002069e+03 9.062602e+03 9.029015e+03
4.5 9.010683e+03 9.075508e+03 9.062049e+03 8.997224e+03
5.5 9.082531e+03 9.094785e+03 9.062893e+03 9.050640e+03
6.5 9.063227e+03 9.068377e+03 9.063854e+03 9.058705e+03
7.5 9.152715e+03 9.107148e+03 9.064887e+03 9.110454e+03
