0.5 9.147620e+03 9.264179e+03 9.617572e+03 9.501013e+03
1.5 9.328944e+03 9.285041e+03 9.191371e+03 9.235275e+03
2.5 9.469999e+03 9.427806e+03 9.180341e+03 9.222534e+03
3.5 9.191642e+03 9.299097e+03 9.190536e+03 9.083081e+03
4.5 9.399601e+03 9.246737e+03 9.111726e+03 9.264590e+03
5.5 9.530885e+03 9.282529e+03 9.234096e+03 9.482452e+03
6.5 9.258842e+03 9.207103e+03 9.111173e+03 9.162913e+03
7.5 9.333370e+03 9.353864e+03 9.251849e+03 9.231356e+03
8.5 9.534303e+03 9.207046e+03 9.120916e+03 9.448173e+03
0.2 9.469999e+03 9.427806e+03 9.180341e+03 9.222534e+03
1.2 9.191642e+03 9.299097e+03 9.190536e+03 9.083081e+03
2.2 9.399601e+03 9.246737e+03 9.111726e+03 9.264590e+03
3.2 9.530885e+03 9.282529e+03 9.234096e+03 9.482452e+03
4.2 9.258842e+03 9.207103e+03 9.111173e+03 9.162913e+03
5.2 9.333370e+03 9.353864e+03 9.251849e+03 9.231356e+03
6.2 9.534303e+03 9.207046e+03 9.120916e+03 9.448173e+03
7.2 9.039719e+03 9.338413e+03 9.186173e+03 8.887479e+03
8.2 9.186331e+03 9.227649e+03 9.145361e+03 9.104044e+03
0.9 9.530885e+03 9.282529e+03 9.234096e+03 9.482452e+03
1.9 9.258842e+03 9.207103e+03 9.111173e+03 9.162913e+03
2.9 9.333370e+03 9.353864e+03 9.251849e+03 9.231356e+03
3.9 9.534303e+03 9.207046e+03 9.120916e+03 9.448173e+03
4.9 9.039719e+03 9.338413e+03 9.186173e+03 8.887479e+03
5.9 9.186331e+03 9.227649e+03 9.145361e+03 9.104044e+03
6.9 9.401719e+03 9.258665e+03 9.087956e+03 9.231010e+03
7.9 9.304236e+03 9.282636e+03 9.184600e+03 9.206200e+03
8.9 8.951437e+03 9.230857e+03 9.073951e+03 8.794531e+03
0.6 9.333370e+03 9.353864e+03 9.251849e+03 9.231356e+03
1.6 9.534303e+03 9.207046e+03 9.120916e+03 9.448173e+03
2.6 9.039719e+03 9.338413e+03 9.186173e+03 8.887479e+03
3.6 9.186331e+03 9.227649e+03 9.145361e+03 9.104044e+03
4.6 9.401719e+03 9.258665e+03 9.087956e+03 9.231010e+03
5.6 9.304236e+03 9.282636e+03 9.184600e+03 9.206200e+03
6.6 8.951437e+03 9.230857e+03 9.073951e+03 8.794531e+03
7.6 9.451159e+03 9.351540e+03 9.216054e+03 9.315672e+03
8.6 9.119098e+03 9.219407e+03 9.079984e+03 8.979675e+03
0.3 9.039719e+03 9.338413e+03 9.186173e+03 8.887479e+03
1.3 9.186331e+03 9.227649e+03 9.145361e+03 9.104044e+03
2.3 9.401719e+03 9.258665e+03 9.087956e+03 9.231010e+03
3.3 9.304236e+03 9.282636e+03 9.184600e+03 9.206200e+03
4.3 8.951437e+03 9.230857e+03 9.073951e+03 8.794531e+03
5.3 9.451159e+03 9.351540e+03 9.216054e+03 9.315672e+03
6.3 9.119098e+03 9.219407e+03 9.079984e+03 8.979675e+03
7.3 9.180719e+03 9.367953e+03 9.183205e+03 8.995971e+03
8.3 9.049529e+03 9.228225e+03 9.100626e+03 8.921930e+03
1.0 9.304236e+03 9.282636e+03 9.184600e+03 9.206200e+03
2.0 8.951437e+03 9.230857e+03 9.073951e+03 8.794531e+03
3.0 9.451159e+03 9.351540e+03 9.216054e+03 9.315672e+03
4.0 9.119098e+03 9.219407e+03 9.079984e+03 8.979675e+03
5.0 9.180719e+03 9.367953e+03 9.183205e+03 8.995971e+03
6.0 9.049529e+03 9.228225e+03 9.100626e+03 8.921930e+03
7.0 8.985266e+03 9.291832e+03 9.078673e+03 8.772108e+03
8.0 9.614713e+03 9.402578e+03 9.508388e+03 9.720523e+03
9.0 9.207839e+03 9.327768e+03 9.602016e+03 9.482087e+03
0.7 9.451159e+03 9.351540e+03 9.216054e+03 9.315672e+03
1.7 9.119098e+03 9.219407e+03 9.079984e+03 8.979675e+03
2.7 9.180719e+03 9.367953e+03 9.183205e+03 8.995971e+03
3.7 9.049529e+03 9.228225e+03 9.100626e+03 8.921930e+03
4.7 8.985266e+03 9.291832e+03 9.078673e+03 8.772108e+03
5.7 9.614713e+03 9.402578e+03 9.508388e+03 9.720523e+03
6.7 9.207839e+03 9.327768e+03 9.602016e+03 9.482087e+03
7.7 9.360439e+03 9.187854e+03 9.605268e+03 9.777854e+03
8.7 9.091124e+03 9.036286e+03 9.603257e+03 9.658094e+03
0.4 9.180719e+03 9.367953e+03 9.183205e+03 8.995971e+03
1.4 9.049529e+03 9.228225e+03 9.100626e+03 8.921930e+03
2.4 8.985266e+03 9.291832e+03 9.078673e+03 8.772108e+03
3.4 9.614713e+03 9.402578e+03 9.508388e+03 9.720523e+03
4.4 9.207839e+03 9.327768e+03 9.602016e+03 9.482087e+03
5.4 9.360439e+03 9.187854e+03 9.605268e+03 9.777854e+03
6.4 9.091124e+03 9.036286e+03 9.603257e+03 9.658094e+03
7.4 9.428577e+03 9.069744e+03 9.601318e+03 9.960151e+03
8.4 9.144756e+03 9.161276e+03 9.599679e+03 9.583159e+03
0.5 9.091090e+03 9.296067e+03 9.516485e+03 9.311507e+03
1.5 9.265541e+03 9.328450e+03 9.097503e+03 9.034594e+03
2.5 9.678544e+03 9.471124e+03 9.101962e+03 9.309382e+03
3.5 9.393497e+03 9.324830e+03 9.101705e+03 9.170372e+03
4.5 9.178314e+03 9.276345e+03 9.030723e+03 8.932693e+03
5.5 9.004652e+03 9.305124e+03 9.164514e+03 8.864042e+03
6.5 9.476637e+03 9.224926e+03 9.037424e+03 9.289134e+03
7.5 9.187348e+03 9.376146e+03 9.181515e+03 8.992717e+03
8.5 8.999375e+03 9.229208e+03 9.054950e+03 8.825116e+03
0.2 9.678544e+03 9.471124e+03 9.101962e+03 9.309382e+03
1.2 9.393497e+03 9.324830e+03 9.101705e+03 9.170372e+03
2.2 9.178314e+03 9.276345e+03 9.030723e+03 8.932693e+03
3.2 9.004652e+03 9.305124e+03 9.164514e+03 8.864042e+03
4.2 9.476637e+03 9.224926e+03 9.037424e+03 9.289134e+03
5.2 9.187348e+03 9.376146e+03 9.181515e+03 8.992717e+03
6.2 8.999375e+03 9.229208e+03 9.054950e+03 8.825116e+03
7.2 9.154901e+03 9.355210e+03 9.120476e+03 8.920166e+03
8.2 9.441289e+03 9.249883e+03 9.081020e+03 9.272426e+03
0.9 9.004652e+03 9.305124e+03 9.164514e+03 8.864042e+03
1.9 9.476637e+03 9.224926e+03 9.037424e+03 9.289134e+03
2.9 9.187348e+03 9.376146e+03 9.181515e+03 8.992717e+03
3.9 8.999375e+03 9.229208e+03 9.054950e+03 8.825116e+03
4.9 9.154901e+03 9.355210e+03 9.120476e+03 8.920166e+03
5.9 9.441289e+03 9.249883e+03 9.081020e+03 9.272426e+03
6.9 9.638231e+03 9.282265e+03 9.039284e+03 9.395250e+03
7.9 9.233521e+03 9.292148e+03 9.156468e+03 9.097841e+03
8.9 9.089704e+03 9.227784e+03 9.032934e+03 8.894854e+03
0.6 9.187348e+03 9.376146e+03 9.181515e+03 8.992717e+03
1.6 8.999375e+03 9.229208e+03 9.054950e+03 8.825116e+03
2.6 9.154901e+03 9.355210e+03 9.120476e+03 8.920166e+03
3.6 9.441289e+03 9.249883e+03 9.081020e+03 9.272426e+03
4.6 9.638231e+03 9.282265e+03 9.039284e+03 9.395250e+03
5.6 9.233521e+03 9.292148e+03 9.156468e+03 9.097841e+03
6.6 9.089704e+03 9.227784e+03 9.032934e+03 8.894854e+03
7.6 9.318490e+03 9.365327e+03 9.178616e+03 9.131780e+03
8.6 9.001729e+03 9.231517e+03 9.046981e+03 8.817192e+03
0.3 9.154901e+03 9.355210e+03 9.120476e+03 8.920166e+03
1.3 9.441289e+03 9.249883e+03 9.081020e+03 9.272426e+03
2.3 9.638231e+03 9.282265e+03 9.039284e+03 9.395250e+03
3.3 9.233521e+03 9.292148e+03 9.156468e+03 9.097841e+03
4.3 9.089704e+03 9.227784e+03 9.032934e+03 8.894854e+03
5.3 9.318490e+03 9.365327e+03 9.178616e+03 9.131780e+03
6.3 9.001729e+03 9.231517e+03 9.046981e+03 8.817192e+03
7.3 9.217498e+03 9.375948e+03 9.145692e+03 8.987242e+03
8.3 9.447386e+03 9.238804e+03 9.076385e+03 9.284967e+03
0.9 9.233521e+03 9.292148e+03 9.156468e+03 9.097841e+03
1.9 9.089704e+03 9.227784e+03 9.032934e+03 8.894854e+03
2.9 9.318490e+03 9.365327e+03 9.178616e+03 9.131780e+03
3.9 9.001729e+03 9.231517e+03 9.046981e+03 8.817192e+03
4.9 9.217498e+03 9.375948e+03 9.145692e+03 8.987242e+03
5.9 9.447386e+03 9.238804e+03 9.076385e+03 9.284967e+03
6.9 9.042341e+03 9.291369e+03 9.048066e+03 8.799038e+03
7.9 9.142816e+03 9.410848e+03 9.480733e+03 9.212701e+03
8.9 9.423056e+03 9.332116e+03 9.582916e+03 9.673856e+03
0.7 9.318490e+03 9.365327e+03 9.178616e+03 9.131780e+03
1.7 9.001729e+03 9.231517e+03 9.046981e+03 8.817192e+03
2.7 9.217498e+03 9.375948e+03 9.145692e+03 8.987242e+03
3.7 9.447386e+03 9.238804e+03 9.076385e+03 9.284967e+03
4.7 9.042341e+03 9.291369e+03 9.048066e+03 8.799038e+03
5.7 9.142816e+03 9.410848e+03 9.480733e+03 9.212701e+03
6.7 9.423056e+03 9.332116e+03 9.582916e+03 9.673856e+03
7.7 9.290557e+03 9.197766e+03 9.588996e+03 9.681787e+03
8.7 8.175908e+03 9.041001e+03 9.589097e+03 8.724004e+03
0.3 9.217498e+03 9.375948e+03 9.145692e+03 8.987242e+03
1.3 9.447386e+03 9.238804e+03 9.076385e+03 9.284967e+03
2.3 9.042341e+03 9.291369e+03 9.048066e+03 8.799038e+03
3.3 9.142816e+03 9.410848e+03 9.480733e+03 9.212701e+03
4.3 9.423056e+03 9.332116e+03 9.582916e+03 9.673856e+03
5.3 9.290557e+03 9.197766e+03 9.588996e+03 9.681787e+03
6.3 8.175908e+03 9.041001e+03 9.589097e+03 8.724004e+03
7.3 9.067035e+03 9.070740e+03 9.589038e+03 9.585333e+03
8.3 9.386527e+03 9.161701e+03 9.589037e+03 9.813863e+03
0.5 9.414222e+03 9.290194e+03 9.499460e+03 9.623488e+03
1.5 9.549237e+03 9.336951e+03 9.087775e+03 9.300061e+03
2.5 9.512168e+03 9.483235e+03 9.108568e+03 9.137501e+03
3.5 9.430287e+03 9.317275e+03 9.102852e+03 9.215863e+03
4.5 9.342053e+03 9.271327e+03 9.028207e+03 9.098932e+03
5.5 9.590930e+03 9.313725e+03 9.188799e+03 9.466004e+03
6.5 9.250469e+03 9.211688e+03 9.039992e+03 9.078772e+03
7.5 9.325101e+03 9.389340e+03 9.189361e+03 9.125121e+03
8.5 9.233384e+03 9.227162e+03 9.063806e+03 9.070028e+03
0.2 9.512168e+03 9.483235e+03 9.108568e+03 9.137501e+03
1.2 9.430287e+03 9.317275e+03 9.102852e+03 9.215863e+03
2.2 9.342053e+03 9.271327e+03 9.028207e+03 9.098932e+03
3.2 9.590930e+03 9.313725e+03 9.188799e+03 9.466004e+03
4.2 9.250469e+03 9.211688e+03 9.039992e+03 9.078772e+03
5.2 9.325101e+03 9.389340e+03 9.189361e+03 9.125121e+03
6.2 9.233384e+03 9.227162e+03 9.063806e+03 9.070028e+03
7.2 9.307282e+03 9.339649e+03 9.098879e+03 9.066512e+03
8.2 9.183271e+03 9.258155e+03 9.100857e+03 9.025973e+03
0.8 9.590930e+03 9.313725e+03 9.188799e+03 9.466004e+03
1.8 9.250469e+03 9.211688e+03 9.039992e+03 9.078772e+03
2.8 9.325101e+03 9.389340e+03 9.189361e+03 9.125121e+03
3.8 9.233384e+03 9.227162e+03 9.063806e+03 9.070028e+03
4.8 9.307282e+03 9.339649e+03 9.098879e+03 9.066512e+03
5.8 9.183271e+03 9.258155e+03 9.100857e+03 9.025973e+03
6.8 9.166560e+03 9.263727e+03 9.030696e+03 8.933529e+03
7.8 9.482710e+03 9.314149e+03 9.152296e+03 9.320857e+03
8.8 9.578622e+03 9.238077e+03 9.036968e+03 9.377513e+03
0.5 9.325101e+03 9.389340e+03 9.189361e+03 9.125121e+03
1.5 9.233384e+03 9.227162e+03 9.063806e+03 9.070028e+03
2.5 9.307282e+03 9.339649e+03 9.098879e+03 9.066512e+03
3.5 9.183271e+03 9.258155e+03 9.100857e+03 9.025973e+03
4.5 9.166560e+03 9.263727e+03 9.030696e+03 8.933529e+03
5.5 9.482710e+03 9.314149e+03 9.152296e+03 9.320857e+03
6.5 9.578622e+03 9.238077e+03 9.036968e+03 9.377513e+03
7.5 9.510247e+03 9.373425e+03 9.183906e+03 9.320728e+03
8.5 9.383165e+03 9.227406e+03 9.055832e+03 9.211591e+03
0.2 9.307282e+03 9.339649e+03 9.098879e+03 9.066512e+03
1.2 9.183271e+03 9.258155e+03 9.100857e+03 9.025973e+03
2.2 9.166560e+03 9.263727e+03 9.030696e+03 8.933529e+03
3.2 9.482710e+03 9.314149e+03 9.152296e+03 9.320857e+03
4.2 9.578622e+03 9.238077e+03 9.036968e+03 9.377513e+03
5.2 9.510247e+03 9.373425e+03 9.183906e+03 9.320728e+03
6.2 9.383165e+03 9.227406e+03 9.055832e+03 9.211591e+03
7.2 9.191359e+03 9.362598e+03 9.136804e+03 8.965564e+03
8.2 9.219289e+03 9.241401e+03 9.089936e+03 9.067823e+03
0.9 9.482710e+03 9.314149e+03 9.152296e+03 9.320857e+03
1.9 9.578622e+03 9.238077e+03 9.036968e+03 9.377513e+03
2.9 9.510247e+03 9.373425e+03 9.183906e+03 9.320728e+03
3.9 9.383165e+03 9.227406e+03 9.055832e+03 9.211591e+03
4.9 9.191359e+03 9.362598e+03 9.136804e+03 8.965564e+03
5.9 9.219289e+03 9.241401e+03 9.089936e+03 9.067823e+03
6.9 9.114506e+03 9.278492e+03 9.045731e+03 8.881744e+03
7.9 9.485359e+03 9.415476e+03 9.476210e+03 9.546093e+03
8.9 9.709610e+03 9.330328e+03 9.592682e+03 9.971964e+03
0.6 9.510247e+03 9.373425e+03 9.183906e+03 9.320728e+03
1.6 9.383165e+03 9.227406e+03 9.055832e+03 9.211591e+03
2.6 9.191359e+03 9.362598e+03 9.136804e+03 8.965564e+03
3.6 9.219289e+03 9.241401e+03 9.089936e+03 9.067823e+03
4.6 9.114506e+03 9.278492e+03 9.045731e+03 8.881744e+03
5.6 9.485359e+03 9.415476e+03 9.476210e+03 9.546093e+03
6.6 9.709610e+03 9.330328e+03 9.592682e+03 9.971964e+03
7.6 9.253032e+03 9.208344e+03 9.601552e+03 9.646241e+03
8.6 8.786694e+03 9.042439e+03 9.603697e+03 9.347952e+03
0.3 9.191359e+03 9.362598e+03 9.136804e+03 8.965564e+03
1.3 9.219289e+03 9.241401e+03 9.089936e+03 9.067823e+03
2.3 9.114506e+03 9.278492e+03 9.045731e+03 8.881744e+03
3.3 9.485359e+03 9.415476e+03 9.476210e+03 9.546093e+03
4.3 9.709610e+03 9.330328e+03 9.592682e+03 9.971964e+03
5.3 9.253032e+03 9.208344e+03 9.601552e+03 9.646241e+03
6.3 8.786694e+03 9.042439e+03 9.603697e+03 9.347952e+03
7.3 9.126339e+03 9.065181e+03 9.605954e+03 9.667111e+03
8.3 9.434621e+03 9.155427e+03 9.608582e+03 9.887776e+03
0.5 9.122242e+03 9.286818e+03 9.533638e+03 9.369061e+03
1.5 9.155485e+03 9.333056e+03 9.126798e+03 8.949227e+03
2.5 9.120858e+03 9.477126e+03 9.150997e+03 8.794729e+03
3.5 9.542276e+03 9.315779e+03 9.144779e+03 9.371277e+03
4.5 9.251943e+03 9.272995e+03 9.086470e+03 9.065418e+03
5.5 9.434084e+03 9.291681e+03 9.222137e+03 9.364541e+03
6.5 9.059780e+03 9.219455e+03 9.106772e+03 8.947096e+03
7.5 9.678534e+03 9.373177e+03 9.273872e+03 9.579229e+03
8.5 9.358743e+03 9.212927e+03 9.145990e+03 9.291806e+03
0.2 9.120858e+03 9.477126e+03 9.150997e+03 8.794729e+03
1.2 9.542276e+03 9.315779e+03 9.144779e+03 9.371277e+03
2.2 9.251943e+03 9.272995e+03 9.086470e+03 9.065418e+03
3.2 9.434084e+03 9.291681e+03 9.222137e+03 9.364541e+03
4.2 9.059780e+03 9.219455e+03 9.106772e+03 8.947096e+03
5.2 9.678534e+03 9.373177e+03 9.273872e+03 9.579229e+03
6.2 9.358743e+03 9.212927e+03 9.145990e+03 9.291806e+03
7.2 9.301279e+03 9.347377e+03 9.224106e+03 9.178007e+03
8.2 9.287388e+03 9.236000e+03 9.198378e+03 9.249767e+03
0.9 9.434084e+03 9.291681e+03 9.222137e+03 9.364541e+03
1.9 9.059780e+03 9.219455e+03 9.106772e+03 8.947096e+03
2.9 9.678534e+03 9.373177e+03 9.273872e+03 9.579229e+03
3.9 9.358743e+03 9.212927e+03 9.145990e+03 9.291806e+03
4.9 9.301279e+03 9.347377e+03 9.224106e+03 9.178007e+03
5.9 9.287388e+03 9.236000e+03 9.198378e+03 9.249767e+03
6.9 9.308828e+03 9.264006e+03 9.156664e+03 9.201485e+03
7.9 9.183913e+03 9.286473e+03 9.281558e+03 9.178998e+03
8.9 9.068260e+03 9.222513e+03 9.176784e+03 9.022531e+03
0.6 9.678534e+03 9.373177e+03 9.273872e+03 9.579229e+03
1.6 9.358743e+03 9.212927e+03 9.145990e+03 9.291806e+03
2.6 9.301279e+03 9.347377e+03 9.224106e+03 9.178007e+03
3.6 9.287388e+03 9.236000e+03 9.198378e+03 9.249767e+03
4.6 9.308828e+03 9.264006e+03 9.156664e+03 9.201485e+03
5.6 9.183913e+03 9.286473e+03 9.281558e+03 9.178998e+03
6.6 9.068260e+03 9.222513e+03 9.176784e+03 9.022531e+03
7.6 9.539668e+03 9.352713e+03 9.335377e+03 9.522331e+03
8.6 9.373372e+03 9.215371e+03 9.216410e+03 9.374411e+03
0.3 9.301279e+03 9.347377e+03 9.224106e+03 9.178007e+03
1.3 9.287388e+03 9.236000e+03 9.198378e+03 9.249767e+03
2.3 9.308828e+03 9.264006e+03 9.156664e+03 9.201485e+03
3.3 9.183913e+03 9.286473e+03 9.281558e+03 9.178998e+03
4.3 9.068260e+03 9.222513e+03 9.176784e+03 9.022531e+03
5.3 9.539668e+03 9.352713e+03 9.335377e+03 9.522331e+03
6.3 9.373372e+03 9.215371e+03 9.216410e+03 9.374411e+03
7.3 9.196774e+03 9.367102e+03 9.339098e+03 9.168770e+03
8.3 9.356881e+03 9.210995e+03 9.285707e+03 9.431592e+03
1.0 9.183913e+03 9.286473e+03 9.281558e+03 9.178998e+03
2.0 9.068260e+03 9.222513e+03 9.176784e+03 9.022531e+03
3.0 9.539668e+03 9.352713e+03 9.335377e+03 9.522331e+03
4.0 9.373372e+03 9.215371e+03 9.216410e+03 9.374411e+03
5.0 9.196774e+03 9.367102e+03 9.339098e+03 9.168770e+03
6.0 9.356881e+03 9.210995e+03 9.285707e+03 9.431592e+03
0.6 9.539668e+03 9.352713e+03 9.335377e+03 9.522331e+03
1.6 9.373372e+03 9.215371e+03 9.216410e+03 9.374411e+03
2.6 9.196774e+03 9.367102e+03 9.339098e+03 9.168770e+03
3.6 9.356881e+03 9.210995e+03 9.285707e+03 9.431592e+03
0.3 9.196774e+03 9.367102e+03 9.339098e+03 9.168770e+03
1.3 9.356881e+03 9.210995e+03 9.285707e+03 9.431592e+03
