0.5 9.778831e+03 9.747639e+03 9.602223e+03 9.633414e+03
1.5 9.701452e+03 9.657465e+03 9.703226e+03 9.747214e+03
2.5 9.640538e+03 9.673578e+03 9.705840e+03 9.672800e+03
3.5 9.692768e+03 9.704291e+03 9.703424e+03 9.691901e+03
4.5 9.636207e+03 9.708126e+03 9.722101e+03 9.650182e+03
5.5 9.788791e+03 9.674699e+03 9.693101e+03 9.807193e+03
6.5 9.884642e+03 9.684193e+03 9.722232e+03 9.922680e+03
7.5 9.712879e+03 9.646948e+03 9.688894e+03 9.754825e+03
8.5 9.680272e+03 9.680784e+03 9.719923e+03 9.719412e+03
0.2 9.640538e+03 9.673578e+03 9.705840e+03 9.672800e+03
1.2 9.692768e+03 9.704291e+03 9.703424e+03 9.691901e+03
2.2 9.636207e+03 9.708126e+03 9.722101e+03 9.650182e+03
3.2 9.788791e+03 9.674699e+03 9.693101e+03 9.807193e+03
4.2 9.884642e+03 9.684193e+03 9.722232e+03 9.922680e+03
5.2 9.712879e+03 9.646948e+03 9.688894e+03 9.754825e+03
6.2 9.680272e+03 9.680784e+03 9.719923e+03 9.719412e+03
7.2 9.659983e+03 9.655417e+03 9.704458e+03 9.709025e+03
8.2 9.618882e+03 9.675651e+03 9.714130e+03 9.657361e+03
0.9 9.788791e+03 9.674699e+03 9.693101e+03 9.807193e+03
1.9 9.884642e+03 9.684193e+03 9.722232e+03 9.922680e+03
2.9 9.712879e+03 9.646948e+03 9.688894e+03 9.754825e+03
3.9 9.680272e+03 9.680784e+03 9.719923e+03 9.719412e+03
4.9 9.659983e+03 9.655417e+03 9.704458e+03 9.709025e+03
5.9 9.618882e+03 9.675651e+03 9.714130e+03 9.657361e+03
6.9 9.570658e+03 9.676138e+03 9.727734e+03 9.622254e+03
7.9 9.637513e+03 9.663880e+03 9.704831e+03 9.678463e+03
8.9 9.560858e+03 9.681392e+03 9.731053e+03 9.610519e+03
0.6 9.712879e+03 9.646948e+03 9.688894e+03 9.754825e+03
1.6 9.680272e+03 9.680784e+03 9.719923e+03 9.719412e+03
2.6 9.659983e+03 9.655417e+03 9.704458e+03 9.709025e+03
3.6 9.618882e+03 9.675651e+03 9.714130e+03 9.657361e+03
4.6 9.570658e+03 9.676138e+03 9.727734e+03 9.622254e+03
5.6 9.637513e+03 9.663880e+03 9.704831e+03 9.678463e+03
6.6 9.560858e+03 9.681392e+03 9.731053e+03 9.610519e+03
7.6 9.564397e+03 9.650505e+03 9.697377e+03 9.611269e+03
8.6 9.650069e+03 9.682239e+03 9.729623e+03 9.697453e+03
0.3 9.659983e+03 9.655417e+03 9.704458e+03 9.709025e+03
1.3 9.618882e+03 9.675651e+03 9.714130e+03 9.657361e+03
2.3 9.570658e+03 9.676138e+03 9.727734e+03 9.622254e+03
3.3 9.637513e+03 9.663880e+03 9.704831e+03 9.678463e+03
4.3 9.560858e+03 9.681392e+03 9.731053e+03 9.610519e+03
5.3 9.564397e+03 9.650505e+03 9.697377e+03 9.611269e+03
6.3 9.650069e+03 9.682239e+03 9.729623e+03 9.697453e+03
7.3 9.632813e+03 9.650614e+03 9.705161e+03 9.687361e+03
8.3 9.675295e+03 9.678667e+03 9.724731e+03 9.721359e+03
1.0 9.637513e+03 9.663880e+03 9.704831e+03 9.678463e+03
2.0 9.560858e+03 9.681392e+03 9.731053e+03 9.610519e+03
3.0 9.564397e+03 9.650505e+03 9.697377e+03 9.611269e+03
4.0 9.650069e+03 9.682239e+03 9.729623e+03 9.697453e+03
5.0 9.632813e+03 9.650614e+03 9.705161e+03 9.687361e+03
6.0 9.675295e+03 9.678667e+03 9.724731e+03 9.721359e+03
7.0 9.576850e+03 9.671057e+03 9.729934e+03 9.635726e+03
8.0 9.627754e+03 9.738906e+03 9.628098e+03 9.516946e+03
9.0 9.726606e+03 9.680986e+03 9.605909e+03 9.651529e+03
0.7 9.564397e+03 9.650505e+03 9.697377e+03 9.611269e+03
1.7 9.650069e+03 9.682239e+03 9.729623e+03 9.697453e+03
2.7 9.632813e+03 9.650614e+03 9.705161e+03 9.687361e+03
3.7 9.675295e+03 9.678667e+03 9.724731e+03 9.721359e+03
4.7 9.576850e+03 9.671057e+03 9.729934e+03 9.635726e+03
5.7 9.627754e+03 9.738906e+03 9.628098e+03 9.516946e+03
6.7 9.726606e+03 9.680986e+03 9.605909e+03 9.651529e+03
7.7 9.650875e+03 9.624503e+03 9.605139e+03 9.631510e+03
8.7 9.753033e+03 9.713392e+03 9.605615e+03 9.645257e+03
0.4 9.632813e+03 9.650614e+03 9.705161e+03 9.687361e+03
1.4 9.675295e+03 9.678667e+03 9.724731e+03 9.721359e+03
2.4 9.576850e+03 9.671057e+03 9.729934e+03 9.635726e+03
3.4 9.627754e+03 9.738906e+03 9.628098e+03 9.516946e+03
4.4 9.726606e+03 9.680986e+03 9.605909e+03 9.651529e+03
5.4 9.650875e+03 9.624503e+03 9.605139e+03 9.631510e+03
6.4 9.753033e+03 9.713392e+03 9.605615e+03 9.645257e+03
7.4 9.650912e+03 9.731144e+03 9.606075e+03 9.525843e+03
8.4 9.631087e+03 9.710005e+03 9.606463e+03 9.527545e+03
0.5 9.736521e+03 9.754907e+03 9.626179e+03 9.607793e+03
1.5 9.696629e+03 9.661151e+03 9.725472e+03 9.760949e+03
2.5 9.658330e+03 9.674665e+03 9.724415e+03 9.708080e+03
3.5 9.622483e+03 9.708085e+03 9.724476e+03 9.638874e+03
4.5 9.641516e+03 9.710091e+03 9.741297e+03 9.672722e+03
5.5 9.602756e+03 9.676268e+03 9.709591e+03 9.636079e+03
6.5 9.741812e+03 9.686618e+03 9.739709e+03 9.794903e+03
7.5 9.656381e+03 9.648168e+03 9.705562e+03 9.713774e+03
8.5 9.730980e+03 9.681381e+03 9.735556e+03 9.785155e+03
0.2 9.658330e+03 9.674665e+03 9.724415e+03 9.708080e+03
1.2 9.622483e+03 9.708085e+03 9.724476e+03 9.638874e+03
2.2 9.641516e+03 9.710091e+03 9.741297e+03 9.672722e+03
3.2 9.602756e+03 9.676268e+03 9.709591e+03 9.636079e+03
4.2 9.741812e+03 9.686618e+03 9.739709e+03 9.794903e+03
5.2 9.656381e+03 9.648168e+03 9.705562e+03 9.713774e+03
6.2 9.730980e+03 9.681381e+03 9.735556e+03 9.785155e+03
7.2 9.681055e+03 9.656616e+03 9.720027e+03 9.744466e+03
8.2 9.687306e+03 9.675693e+03 9.729378e+03 9.740991e+03
0.9 9.602756e+03 9.676268e+03 9.709591e+03 9.636079e+03
1.9 9.741812e+03 9.686618e+03 9.739709e+03 9.794903e+03
2.9 9.656381e+03 9.648168e+03 9.705562e+03 9.713774e+03
3.9 9.730980e+03 9.681381e+03 9.735556e+03 9.785155e+03
4.9 9.681055e+03 9.656616e+03 9.720027e+03 9.744466e+03
5.9 9.687306e+03 9.675693e+03 9.729378e+03 9.740991e+03
6.9 9.675605e+03 9.674366e+03 9.739269e+03 9.740508e+03
7.9 9.641584e+03 9.662555e+03 9.711498e+03 9.690526e+03
8.9 9.637670e+03 9.683509e+03 9.740773e+03 9.694934e+03
0.6 9.656381e+03 9.648168e+03 9.705562e+03 9.713774e+03
1.6 9.730980e+03 9.681381e+03 9.735556e+03 9.785155e+03
2.6 9.681055e+03 9.656616e+03 9.720027e+03 9.744466e+03
3.6 9.687306e+03 9.675693e+03 9.729378e+03 9.740991e+03
4.6 9.675605e+03 9.674366e+03 9.739269e+03 9.740508e+03
5.6 9.641584e+03 9.662555e+03 9.711498e+03 9.690526e+03
6.6 9.637670e+03 9.683509e+03 9.740773e+03 9.694934e+03
7.6 9.620360e+03 9.650042e+03 9.706249e+03 9.676568e+03
8.6 9.689830e+03 9.681740e+03 9.737445e+03 9.745535e+03
0.3 9.681055e+03 9.656616e+03 9.720027e+03 9.744466e+03
1.3 9.687306e+03 9.675693e+03 9.729378e+03 9.740991e+03
2.3 9.675605e+03 9.674366e+03 9.739269e+03 9.740508e+03
3.3 9.641584e+03 9.662555e+03 9.711498e+03 9.690526e+03
4.3 9.637670e+03 9.683509e+03 9.740773e+03 9.694934e+03
5.3 9.620360e+03 9.650042e+03 9.706249e+03 9.676568e+03
6.3 9.689830e+03 9.681740e+03 9.737445e+03 9.745535e+03
7.3 9.589893e+03 9.651203e+03 9.714051e+03 9.652741e+03
8.3 9.705793e+03 9.677700e+03 9.730476e+03 9.758569e+03
0.9 9.641584e+03 9.662555e+03 9.711498e+03 9.690526e+03
1.9 9.637670e+03 9.683509e+03 9.740773e+03 9.694934e+03
2.9 9.620360e+03 9.650042e+03 9.706249e+03 9.676568e+03
3.9 9.689830e+03 9.681740e+03 9.737445e+03 9.745535e+03
4.9 9.589893e+03 9.651203e+03 9.714051e+03 9.652741e+03
5.9 9.705793e+03 9.677700e+03 9.730476e+03 9.758569e+03
6.9 9.594565e+03 9.672297e+03 9.737187e+03 9.659456e+03
7.9 9.724357e+03 9.736862e+03 9.634652e+03 9.622148e+03
8.9 9.594791e+03 9.686083e+03 9.610436e+03 9.519144e+03
0.7 9.620360e+03 9.650042e+03 9.706249e+03 9.676568e+03
1.7 9.689830e+03 9.681740e+03 9.737445e+03 9.745535e+03
2.7 9.589893e+03 9.651203e+03 9.714051e+03 9.652741e+03
3.7 9.705793e+03 9.677700e+03 9.730476e+03 9.758569e+03
4.7 9.594565e+03 9.672297e+03 9.737187e+03 9.659456e+03
5.7 9.724357e+03 9.736862e+03 9.634652e+03 9.622148e+03
6.7 9.594791e+03 9.686083e+03 9.610436e+03 9.519144e+03
7.7 9.456824e+03 9.622084e+03 9.608995e+03 9.443735e+03
8.7 9.836064e+03 9.711780e+03 9.608971e+03 9.733255e+03
0.3 9.589893e+03 9.651203e+03 9.714051e+03 9.652741e+03
1.3 9.705793e+03 9.677700e+03 9.730476e+03 9.758569e+03
2.3 9.594565e+03 9.672297e+03 9.737187e+03 9.659456e+03
3.3 9.724357e+03 9.736862e+03 9.634652e+03 9.622148e+03
4.3 9.594791e+03 9.686083e+03 9.610436e+03 9.519144e+03
5.3 9.456824e+03 9.622084e+03 9.608995e+03 9.443735e+03
6.3 9.836064e+03 9.711780e+03 9.608971e+03 9.733255e+03
7.3 9.730925e+03 9.731182e+03 9.608985e+03 9.608728e+03
8.3 9.851274e+03 9.710547e+03 9.608985e+03 9.749713e+03
0.5 9.769609e+03 9.756811e+03 9.630214e+03 9.643012e+03
1.5 9.692933e+03 9.660199e+03 9.727777e+03 9.760510e+03
2.5 9.811296e+03 9.671681e+03 9.722849e+03 9.862464e+03
3.5 9.778076e+03 9.708679e+03 9.724204e+03 9.793601e+03
4.5 9.724019e+03 9.710841e+03 9.741894e+03 9.755071e+03
5.5 9.617280e+03 9.672795e+03 9.703836e+03 9.648321e+03
6.5 9.694291e+03 9.688674e+03 9.739101e+03 9.744718e+03
7.5 9.667422e+03 9.645966e+03 9.703702e+03 9.725159e+03
8.5 9.690306e+03 9.681340e+03 9.733457e+03 9.742423e+03
0.2 9.811296e+03 9.671681e+03 9.722849e+03 9.862464e+03
1.2 9.778076e+03 9.708679e+03 9.724204e+03 9.793601e+03
2.2 9.724019e+03 9.710841e+03 9.741894e+03 9.755071e+03
3.2 9.617280e+03 9.672795e+03 9.703836e+03 9.648321e+03
4.2 9.694291e+03 9.688674e+03 9.739101e+03 9.744718e+03
5.2 9.667422e+03 9.645966e+03 9.703702e+03 9.725159e+03
6.2 9.690306e+03 9.681340e+03 9.733457e+03 9.742423e+03
7.2 9.726189e+03 9.661349e+03 9.725146e+03 9.789985e+03
8.2 9.702080e+03 9.673164e+03 9.724677e+03 9.753592e+03
0.8 9.617280e+03 9.672795e+03 9.703836e+03 9.648321e+03
1.8 9.694291e+03 9.688674e+03 9.739101e+03 9.744718e+03
2.8 9.667422e+03 9.645966e+03 9.703702e+03 9.725159e+03
3.8 9.690306e+03 9.681340e+03 9.733457e+03 9.742423e+03
4.8 9.726189e+03 9.661349e+03 9.725146e+03 9.789985e+03
5.8 9.702080e+03 9.673164e+03 9.724677e+03 9.753592e+03
6.8 9.751233e+03 9.678437e+03 9.741304e+03 9.814101e+03
7.8 9.734630e+03 9.660046e+03 9.712486e+03 9.787070e+03
8.8 9.738702e+03 9.681710e+03 9.739817e+03 9.796810e+03
0.5 9.667422e+03 9.645966e+03 9.703702e+03 9.725159e+03
1.5 9.690306e+03 9.681340e+03 9.733457e+03 9.742423e+03
2.5 9.726189e+03 9.661349e+03 9.725146e+03 9.789985e+03
3.5 9.702080e+03 9.673164e+03 9.724677e+03 9.753592e+03
4.5 9.751233e+03 9.678437e+03 9.741304e+03 9.814101e+03
5.5 9.734630e+03 9.660046e+03 9.712486e+03 9.787070e+03
6.5 9.738702e+03 9.681710e+03 9.739817e+03 9.796810e+03
7.5 9.660017e+03 9.648378e+03 9.704995e+03 9.716634e+03
8.5 9.660855e+03 9.681708e+03 9.735347e+03 9.714495e+03
0.2 9.726189e+03 9.661349e+03 9.725146e+03 9.789985e+03
1.2 9.702080e+03 9.673164e+03 9.724677e+03 9.753592e+03
2.2 9.751233e+03 9.678437e+03 9.741304e+03 9.814101e+03
3.2 9.734630e+03 9.660046e+03 9.712486e+03 9.787070e+03
4.2 9.738702e+03 9.681710e+03 9.739817e+03 9.796810e+03
5.2 9.660017e+03 9.648378e+03 9.704995e+03 9.716634e+03
6.2 9.660855e+03 9.681708e+03 9.735347e+03 9.714495e+03
7.2 9.728418e+03 9.654329e+03 9.716158e+03 9.790246e+03
8.2 9.637495e+03 9.676709e+03 9.727265e+03 9.688051e+03
0.9 9.734630e+03 9.660046e+03 9.712486e+03 9.787070e+03
1.9 9.738702e+03 9.681710e+03 9.739817e+03 9.796810e+03
2.9 9.660017e+03 9.648378e+03 9.704995e+03 9.716634e+03
3.9 9.660855e+03 9.681708e+03 9.735347e+03 9.714495e+03
4.9 9.728418e+03 9.654329e+03 9.716158e+03 9.790246e+03
5.9 9.637495e+03 9.676709e+03 9.727265e+03 9.688051e+03
6.9 9.675358e+03 9.675233e+03 9.737741e+03 9.737866e+03
7.9 9.884395e+03 9.733130e+03 9.635723e+03 9.786988e+03
8.9 9.703443e+03 9.697018e+03 9.608121e+03 9.614547e+03
0.6 9.660017e+03 9.648378e+03 9.704995e+03 9.716634e+03
1.6 9.660855e+03 9.681708e+03 9.735347e+03 9.714495e+03
2.6 9.728418e+03 9.654329e+03 9.716158e+03 9.790246e+03
3.6 9.637495e+03 9.676709e+03 9.727265e+03 9.688051e+03
4.6 9.675358e+03 9.675233e+03 9.737741e+03 9.737866e+03
5.6 9.884395e+03 9.733130e+03 9.635723e+03 9.786988e+03
6.6 9.703443e+03 9.697018e+03 9.608121e+03 9.614547e+03
7.6 9.660333e+03 9.618408e+03 9.606019e+03 9.647945e+03
8.6 9.749499e+03 9.709356e+03 9.605511e+03 9.645654e+03
0.3 9.728418e+03 9.654329e+03 9.716158e+03 9.790246e+03
1.3 9.637495e+03 9.676709e+03 9.727265e+03 9.688051e+03
2.3 9.675358e+03 9.675233e+03 9.737741e+03 9.737866e+03
3.3 9.884395e+03 9.733130e+03 9.635723e+03 9.786988e+03
4.3 9.703443e+03 9.697018e+03 9.608121e+03 9.614547e+03
5.3 9.660333e+03 9.618408e+03 9.606019e+03 9.647945e+03
6.3 9.749499e+03 9.709356e+03 9.605511e+03 9.645654e+03
7.3 9.700964e+03 9.732259e+03 9.604976e+03 9.573681e+03
8.3 9.652032e+03 9.712813e+03 9.604353e+03 9.543573e+03
0.5 9.737955e+03 9.758483e+03 9.622114e+03 9.601586e+03
1.5 9.625750e+03 9.662164e+03 9.718529e+03 9.682115e+03
2.5 9.642254e+03 9.674403e+03 9.712794e+03 9.680645e+03
3.5 9.633662e+03 9.711496e+03 9.714268e+03 9.636434e+03
4.5 9.653463e+03 9.712504e+03 9.728086e+03 9.669045e+03
5.5 9.737170e+03 9.681131e+03 9.695935e+03 9.751974e+03
6.5 9.763597e+03 9.690466e+03 9.723275e+03 9.796406e+03
7.5 9.683708e+03 9.650886e+03 9.683675e+03 9.716496e+03
8.5 9.657213e+03 9.687667e+03 9.713981e+03 9.683527e+03
0.2 9.642254e+03 9.674403e+03 9.712794e+03 9.680645e+03
1.2 9.633662e+03 9.711496e+03 9.714268e+03 9.636434e+03
2.2 9.653463e+03 9.712504e+03 9.728086e+03 9.669045e+03
3.2 9.737170e+03 9.681131e+03 9.695935e+03 9.751974e+03
4.2 9.763597e+03 9.690466e+03 9.723275e+03 9.796406e+03
5.2 9.683708e+03 9.650886e+03 9.683675e+03 9.716496e+03
6.2 9.657213e+03 9.687667e+03 9.713981e+03 9.683527e+03
7.2 9.597325e+03 9.662017e+03 9.695469e+03 9.630777e+03
8.2 9.625627e+03 9.682365e+03 9.701566e+03 9.644828e+03
0.9 9.737170e+03 9.681131e+03 9.695935e+03 9.751974e+03
1.9 9.763597e+03 9.690466e+03 9.723275e+03 9.796406e+03
2.9 9.683708e+03 9.650886e+03 9.683675e+03 9.716496e+03
3.9 9.657213e+03 9.687667e+03 9.713981e+03 9.683527e+03
4.9 9.597325e+03 9.662017e+03 9.695469e+03 9.630777e+03
5.9 9.625627e+03 9.682365e+03 9.701566e+03 9.644828e+03
6.9 9.709785e+03 9.683467e+03 9.711451e+03 9.737770e+03
7.9 9.635062e+03 9.670699e+03 9.681853e+03 9.646216e+03
8.9 9.785689e+03 9.691482e+03 9.706683e+03 9.800891e+03
0.6 9.683708e+03 9.650886e+03 9.683675e+03 9.716496e+03
1.6 9.657213e+03 9.687667e+03 9.713981e+03 9.683527e+03
2.6 9.597325e+03 9.662017e+03 9.695469e+03 9.630777e+03
3.6 9.625627e+03 9.682365e+03 9.701566e+03 9.644828e+03
4.6 9.709785e+03 9.683467e+03 9.711451e+03 9.737770e+03
5.6 9.635062e+03 9.670699e+03 9.681853e+03 9.646216e+03
6.6 9.785689e+03 9.691482e+03 9.706683e+03 9.800891e+03
7.6 9.718579e+03 9.659756e+03 9.669099e+03 9.727922e+03
8.6 9.727168e+03 9.692844e+03 9.697292e+03 9.731617e+03
0.3 9.597325e+03 9.662017e+03 9.695469e+03 9.630777e+03
1.3 9.625627e+03 9.682365e+03 9.701566e+03 9.644828e+03
2.3 9.709785e+03 9.683467e+03 9.711451e+03 9.737770e+03
3.3 9.635062e+03 9.670699e+03 9.681853e+03 9.646216e+03
4.3 9.785689e+03 9.691482e+03 9.706683e+03 9.800891e+03
5.3 9.718579e+03 9.659756e+03 9.669099e+03 9.727922e+03
6.3 9.727168e+03 9.692844e+03 9.697292e+03 9.731617e+03
7.3 9.668266e+03 9.661234e+03 9.668217e+03 9.675249e+03
8.3 9.608029e+03 9.691518e+03 9.680870e+03 9.597382e+03
1.0 9.635062e+03 9.670699e+03 9.681853e+03 9.646216e+03
2.0 9.785689e+03 9.691482e+03 9.706683e+03 9.800891e+03
3.0 9.718579e+03 9.659756e+03 9.669099e+03 9.727922e+03
4.0 9.727168e+03 9.692844e+03 9.697292e+03 9.731617e+03
5.0 9.668266e+03 9.661234e+03 9.668217e+03 9.675249e+03
6.0 9.608029e+03 9.691518e+03 9.680870e+03 9.597382e+03
0.6 9.718579e+03 9.659756e+03 9.669099e+03 9.727922e+03
1.6 9.727168e+03 9.692844e+03 9.697292e+03 9.731617e+03
2.6 9.668266e+03 9.661234e+03 9.668217e+03 9.675249e+03
3.6 9.608029e+03 9.691518e+03 9.680870e+03 9.597382e+03
0.3 9.668266e+03 9.661234e+03 9.668217e+03 9.675249e+03
1.3 9.608029e+03 9.691518e+03 9.680870e+03 9.597382e+03
