0.5 6.372509e+03 6.210602e+03 6.199951e+03 6.361858e+03
1.5 6.076933e+03 6.091718e+03 6.245833e+03 6.231048e+03
2.5 5.937819e+03 6.004123e+03 6.319239e+03 6.252934e+03
3.5 6.019862e+03 6.031265e+03 6.339537e+03 6.328134e+03
4.5 6.138773e+03 6.202376e+03 6.315353e+03 6.251750e+03
5.5 6.271154e+03 6.266398e+03 6.278968e+03 6.283724e+03
6.5 6.315895e+03 6.345103e+03 6.239765e+03 6.210556e+03
7.5 6.370399e+03 6.343454e+03 6.209757e+03 6.236702e+03
0.1 6.202585e+03 6.282924e+03 6.198715e+03 6.118376e+03
1.1 6.370492e+03 6.324340e+03 6.216343e+03 6.262494e+03
2.1 6.288130e+03 6.349369e+03 6.305808e+03 6.244570e+03
3.1 6.413041e+03 6.422862e+03 6.390799e+03 6.380978e+03
4.1 6.670906e+03 6.428687e+03 6.395471e+03 6.637690e+03
5.1 6.305008e+03 6.330150e+03 6.349925e+03 6.324783e+03
6.1 6.216904e+03 6.223687e+03 6.293746e+03 6.286964e+03
7.1 6.177939e+03 6.153789e+03 6.236091e+03 6.260240e+03
0.5 6.083242e+03 6.109088e+03 6.197951e+03 6.172106e+03
1.5 6.112674e+03 6.000658e+03 6.242811e+03 6.354827e+03
2.5 6.091991e+03 5.919578e+03 6.315402e+03 6.487815e+03
3.5 6.065144e+03 5.961949e+03 6.335052e+03 6.438247e+03
4.5 6.141189e+03 6.143672e+03 6.310271e+03 6.307788e+03
5.5 6.072439e+03 6.213643e+03 6.273349e+03 6.132145e+03
6.5 6.161835e+03 6.303987e+03 6.233766e+03 6.091614e+03
7.5 6.313594e+03 6.304081e+03 6.203566e+03 6.213079e+03
0.1 6.236499e+03 6.278696e+03 6.195956e+03 6.153759e+03
1.1 6.199730e+03 6.318687e+03 6.212679e+03 6.093721e+03
2.1 6.206694e+03 6.345397e+03 6.300943e+03 6.162240e+03
3.1 6.313748e+03 6.418498e+03 6.387850e+03 6.283099e+03
4.1 6.555457e+03 6.428029e+03 6.394645e+03 6.522074e+03
5.1 6.401068e+03 6.331365e+03 6.349978e+03 6.419681e+03
6.1 6.434044e+03 6.224498e+03 6.294113e+03 6.503659e+03
7.1 6.103478e+03 6.154028e+03 6.236441e+03 6.185891e+03
0.5 5.979647e+03 6.108410e+03 6.197251e+03 6.068488e+03
1.5 5.979215e+03 5.999346e+03 6.242215e+03 6.222084e+03
2.5 5.986901e+03 5.914790e+03 6.314895e+03 6.387007e+03
3.5 6.049851e+03 5.963290e+03 6.334611e+03 6.421171e+03
4.5 6.236647e+03 6.151526e+03 6.309905e+03 6.395026e+03
5.5 6.089360e+03 6.216181e+03 6.273077e+03 6.146256e+03
6.5 6.142622e+03 6.308947e+03 6.233593e+03 6.067268e+03
7.5 6.100252e+03 6.307452e+03 6.203485e+03 5.996285e+03
0.0 6.372500e+03 6.281232e+03 6.197440e+03 6.288708e+03
1.0 6.345560e+03 6.315811e+03 6.212046e+03 6.241795e+03
2.0 6.407933e+03 6.344902e+03 6.297363e+03 6.360393e+03
3.0 6.437722e+03 6.415640e+03 6.387686e+03 6.409768e+03
4.0 6.441363e+03 6.431570e+03 6.398685e+03 6.408478e+03
5.0 6.215188e+03 6.337990e+03 6.355888e+03 6.233087e+03
6.0 6.002973e+03 6.229703e+03 6.300821e+03 6.074091e+03
7.0 6.082145e+03 6.157455e+03 6.243454e+03 6.168144e+03
0.5 5.998174e+03 6.108816e+03 6.203149e+03 6.092508e+03
1.5 6.067209e+03 5.999490e+03 6.249047e+03 6.316766e+03
2.5 5.857179e+03 5.914561e+03 6.322784e+03 6.265402e+03
3.5 5.884422e+03 5.962559e+03 6.343704e+03 6.265567e+03
4.5 5.962861e+03 6.145461e+03 6.320347e+03 6.137747e+03
5.5 6.037027e+03 6.213089e+03 6.285022e+03 6.108960e+03
6.5 6.142785e+03 6.303954e+03 6.247203e+03 6.086034e+03
7.5 6.329814e+03 6.298764e+03 6.218929e+03 6.249979e+03
