0.5 9.148035e+03 9.264672e+03 9.606038e+03 9.489401e+03
1.5 9.329362e+03 9.285481e+03 9.567954e+03 9.611835e+03
2.5 9.470415e+03 9.428195e+03 9.440722e+03 9.482942e+03
3.5 9.192059e+03 9.299480e+03 9.306246e+03 9.198824e+03
4.5 9.400020e+03 9.247127e+03 9.196800e+03 9.349693e+03
5.5 9.531299e+03 9.282938e+03 9.123690e+03 9.372050e+03
6.5 9.259256e+03 9.207512e+03 9.095760e+03 9.147504e+03
7.5 9.333789e+03 9.354281e+03 9.090180e+03 9.069688e+03
8.5 9.534716e+03 9.207457e+03 9.097507e+03 9.424766e+03
0.2 9.470415e+03 9.428195e+03 9.440722e+03 9.482942e+03
1.2 9.192059e+03 9.299480e+03 9.306246e+03 9.198824e+03
2.2 9.400020e+03 9.247127e+03 9.196800e+03 9.349693e+03
3.2 9.531299e+03 9.282938e+03 9.123690e+03 9.372050e+03
4.2 9.259256e+03 9.207512e+03 9.095760e+03 9.147504e+03
5.2 9.333789e+03 9.354281e+03 9.090180e+03 9.069688e+03
6.2 9.534716e+03 9.207457e+03 9.097507e+03 9.424766e+03
7.2 9.040140e+03 9.338826e+03 9.093644e+03 8.794959e+03
8.2 9.186754e+03 9.228061e+03 9.099617e+03 9.058311e+03
0.9 9.531299e+03 9.282938e+03 9.123690e+03 9.372050e+03
1.9 9.259256e+03 9.207512e+03 9.095760e+03 9.147504e+03
2.9 9.333789e+03 9.354281e+03 9.090180e+03 9.069688e+03
3.9 9.534716e+03 9.207457e+03 9.097507e+03 9.424766e+03
4.9 9.040140e+03 9.338826e+03 9.093644e+03 8.794959e+03
5.9 9.186754e+03 9.228061e+03 9.099617e+03 9.058311e+03
6.9 9.402130e+03 9.259072e+03 9.096918e+03 9.239976e+03
7.9 9.304652e+03 9.283049e+03 9.098809e+03 9.120412e+03
8.9 8.951854e+03 9.231264e+03 9.098394e+03 8.818984e+03
0.6 9.333789e+03 9.354281e+03 9.090180e+03 9.069688e+03
1.6 9.534716e+03 9.207457e+03 9.097507e+03 9.424766e+03
2.6 9.040140e+03 9.338826e+03 9.093644e+03 8.794959e+03
3.6 9.186754e+03 9.228061e+03 9.099617e+03 9.058311e+03
4.6 9.402130e+03 9.259072e+03 9.096918e+03 9.239976e+03
5.6 9.304652e+03 9.283049e+03 9.098809e+03 9.120412e+03
6.6 8.951854e+03 9.231264e+03 9.098394e+03 8.818984e+03
7.6 9.451568e+03 9.351954e+03 9.094481e+03 9.194095e+03
8.6 9.119513e+03 9.219815e+03 9.097113e+03 8.996811e+03
0.3 9.040140e+03 9.338826e+03 9.093644e+03 8.794959e+03
1.3 9.186754e+03 9.228061e+03 9.099617e+03 9.058311e+03
2.3 9.402130e+03 9.259072e+03 9.096918e+03 9.239976e+03
3.3 9.304652e+03 9.283049e+03 9.098809e+03 9.120412e+03
4.3 8.951854e+03 9.231264e+03 9.098394e+03 8.818984e+03
5.3 9.451568e+03 9.351954e+03 9.094481e+03 9.194095e+03
6.3 9.119513e+03 9.219815e+03 9.097113e+03 8.996811e+03
7.3 9.181139e+03 9.368365e+03 9.090034e+03 8.902808e+03
8.3 9.049944e+03 9.228634e+03 9.093896e+03 8.915206e+03
1.0 9.304652e+03 9.283049e+03 9.098809e+03 9.120412e+03
2.0 8.951854e+03 9.231264e+03 9.098394e+03 8.818984e+03
3.0 9.451568e+03 9.351954e+03 9.094481e+03 9.194095e+03
4.0 9.119513e+03 9.219815e+03 9.097113e+03 8.996811e+03
5.0 9.181139e+03 9.368365e+03 9.090034e+03 8.902808e+03
6.0 9.049944e+03 9.228634e+03 9.093896e+03 8.915206e+03
7.0 8.985690e+03 9.292238e+03 9.088159e+03 8.781611e+03
8.0 9.615120e+03 9.403085e+03 9.108401e+03 9.320436e+03
9.0 9.208255e+03 9.328370e+03 9.211402e+03 9.091288e+03
0.7 9.451568e+03 9.351954e+03 9.094481e+03 9.194095e+03
1.7 9.119513e+03 9.219815e+03 9.097113e+03 8.996811e+03
2.7 9.181139e+03 9.368365e+03 9.090034e+03 8.902808e+03
3.7 9.049944e+03 9.228634e+03 9.093896e+03 8.915206e+03
4.7 8.985690e+03 9.292238e+03 9.088159e+03 8.781611e+03
5.7 9.615120e+03 9.403085e+03 9.108401e+03 9.320436e+03
6.7 9.208255e+03 9.328370e+03 9.211402e+03 9.091288e+03
7.7 9.360854e+03 9.188366e+03 9.359323e+03 9.531812e+03
8.7 9.091534e+03 9.036706e+03 9.485814e+03 9.540643e+03
0.4 9.181139e+03 9.368365e+03 9.090034e+03 8.902808e+03
1.4 9.049944e+03 9.228634e+03 9.093896e+03 8.915206e+03
2.4 8.985690e+03 9.292238e+03 9.088159e+03 8.781611e+03
3.4 9.615120e+03 9.403085e+03 9.108401e+03 9.320436e+03
4.4 9.208255e+03 9.328370e+03 9.211402e+03 9.091288e+03
5.4 9.360854e+03 9.188366e+03 9.359323e+03 9.531812e+03
6.4 9.091534e+03 9.036706e+03 9.485814e+03 9.540643e+03
7.4 9.428987e+03 9.070121e+03 9.577320e+03 9.936186e+03
8.4 9.145169e+03 9.161641e+03 9.629447e+03 9.612975e+03
0.5 9.091511e+03 9.296551e+03 9.638315e+03 9.433274e+03
1.5 9.265957e+03 9.328883e+03 9.587318e+03 9.524392e+03
2.5 9.678955e+03 9.471507e+03 9.449566e+03 9.657014e+03
3.5 9.393907e+03 9.325208e+03 9.308060e+03 9.376760e+03
4.5 9.178727e+03 9.276729e+03 9.192590e+03 9.094589e+03
5.5 9.005072e+03 9.305528e+03 9.116308e+03 8.815851e+03
6.5 9.477049e+03 9.225331e+03 9.087203e+03 9.338921e+03
7.5 9.187763e+03 9.376559e+03 9.079139e+03 8.890343e+03
8.5 8.999792e+03 9.229616e+03 9.083073e+03 8.853249e+03
0.2 9.678955e+03 9.471507e+03 9.449566e+03 9.657014e+03
1.2 9.393907e+03 9.325208e+03 9.308060e+03 9.376760e+03
2.2 9.178727e+03 9.276729e+03 9.192590e+03 9.094589e+03
3.2 9.005072e+03 9.305528e+03 9.116308e+03 8.815851e+03
4.2 9.477049e+03 9.225331e+03 9.087203e+03 9.338921e+03
5.2 9.187763e+03 9.376559e+03 9.079139e+03 8.890343e+03
6.2 8.999792e+03 9.229616e+03 9.083073e+03 8.853249e+03
7.2 9.155318e+03 9.355620e+03 9.076538e+03 8.876236e+03
8.2 9.441704e+03 9.250292e+03 9.078436e+03 9.269848e+03
0.9 9.005072e+03 9.305528e+03 9.116308e+03 8.815851e+03
1.9 9.477049e+03 9.225331e+03 9.087203e+03 9.338921e+03
2.9 9.187763e+03 9.376559e+03 9.079139e+03 8.890343e+03
3.9 8.999792e+03 9.229616e+03 9.083073e+03 8.853249e+03
4.9 9.155318e+03 9.355620e+03 9.076538e+03 8.876236e+03
5.9 9.441704e+03 9.250292e+03 9.078436e+03 9.269848e+03
6.9 9.638631e+03 9.282671e+03 9.072570e+03 9.428531e+03
7.9 9.233928e+03 9.292561e+03 9.077264e+03 9.018631e+03
8.9 9.090115e+03 9.228190e+03 9.082596e+03 8.944522e+03
0.6 9.187763e+03 9.376559e+03 9.079139e+03 8.890343e+03
1.6 8.999792e+03 9.229616e+03 9.083073e+03 8.853249e+03
2.6 9.155318e+03 9.355620e+03 9.076538e+03 8.876236e+03
3.6 9.441704e+03 9.250292e+03 9.078436e+03 9.269848e+03
4.6 9.638631e+03 9.282671e+03 9.072570e+03 9.428531e+03
5.6 9.233928e+03 9.292561e+03 9.077264e+03 9.018631e+03
6.6 9.090115e+03 9.228190e+03 9.082596e+03 8.944522e+03
7.6 9.318898e+03 9.365739e+03 9.080819e+03 9.033978e+03
8.6 9.002143e+03 9.231924e+03 9.084157e+03 8.854377e+03
0.3 9.155318e+03 9.355620e+03 9.076538e+03 8.876236e+03
1.3 9.441704e+03 9.250292e+03 9.078436e+03 9.269848e+03
2.3 9.638631e+03 9.282671e+03 9.072570e+03 9.428531e+03
3.3 9.233928e+03 9.292561e+03 9.077264e+03 9.018631e+03
4.3 9.090115e+03 9.228190e+03 9.082596e+03 8.944522e+03
5.3 9.318898e+03 9.365739e+03 9.080819e+03 9.033978e+03
6.3 9.002143e+03 9.231924e+03 9.084157e+03 8.854377e+03
7.3 9.217914e+03 9.376359e+03 9.076973e+03 8.918528e+03
8.3 9.447795e+03 9.239212e+03 9.079863e+03 9.288445e+03
0.9 9.233928e+03 9.292561e+03 9.077264e+03 9.018631e+03
1.9 9.090115e+03 9.228190e+03 9.082596e+03 8.944522e+03
2.9 9.318898e+03 9.365739e+03 9.080819e+03 9.033978e+03
3.9 9.002143e+03 9.231924e+03 9.084157e+03 8.854377e+03
4.9 9.217914e+03 9.376359e+03 9.076973e+03 8.918528e+03
5.9 9.447795e+03 9.239212e+03 9.079863e+03 9.288445e+03
6.9 9.042758e+03 9.291775e+03 9.074385e+03 8.825368e+03
7.9 9.143223e+03 9.411351e+03 9.094200e+03 8.826071e+03
8.9 9.423466e+03 9.332718e+03 9.196489e+03 9.287236e+03
0.7 9.318898e+03 9.365739e+03 9.080819e+03 9.033978e+03
1.7 9.002143e+03 9.231924e+03 9.084157e+03 8.854377e+03
2.7 9.217914e+03 9.376359e+03 9.076973e+03 8.918528e+03
3.7 9.447795e+03 9.239212e+03 9.079863e+03 9.288445e+03
4.7 9.042758e+03 9.291775e+03 9.074385e+03 8.825368e+03
5.7 9.143223e+03 9.411351e+03 9.094200e+03 8.826071e+03
6.7 9.423466e+03 9.332718e+03 9.196489e+03 9.287236e+03
7.7 9.290960e+03 9.198280e+03 9.345345e+03 9.438024e+03
8.7 8.176323e+03 9.041422e+03 9.473923e+03 8.608823e+03
0.3 9.217914e+03 9.376359e+03 9.076973e+03 8.918528e+03
1.3 9.447795e+03 9.239212e+03 9.079863e+03 9.288445e+03
2.3 9.042758e+03 9.291775e+03 9.074385e+03 8.825368e+03
3.3 9.143223e+03 9.411351e+03 9.094200e+03 8.826071e+03
4.3 9.423466e+03 9.332718e+03 9.196489e+03 9.287236e+03
5.3 9.290960e+03 9.198280e+03 9.345345e+03 9.438024e+03
6.3 8.176323e+03 9.041422e+03 9.473923e+03 8.608823e+03
7.3 9.067447e+03 9.071118e+03 9.567335e+03 9.563664e+03
8.3 9.386934e+03 9.162066e+03 9.621594e+03 9.846462e+03
0.5 9.414629e+03 9.290677e+03 9.633835e+03 9.757787e+03
1.5 9.549640e+03 9.337383e+03 9.581087e+03 9.793344e+03
2.5 9.512573e+03 9.483619e+03 9.442422e+03 9.471376e+03
3.5 9.430685e+03 9.317654e+03 9.303788e+03 9.416820e+03
4.5 9.342455e+03 9.271712e+03 9.191321e+03 9.262064e+03
5.5 9.591321e+03 9.314131e+03 9.118003e+03 9.395193e+03
6.5 9.250861e+03 9.212093e+03 9.094333e+03 9.133101e+03
7.5 9.325494e+03 9.389752e+03 9.087148e+03 9.022890e+03
8.5 9.233778e+03 9.227569e+03 9.091131e+03 9.097339e+03
0.2 9.512573e+03 9.483619e+03 9.442422e+03 9.471376e+03
1.2 9.430685e+03 9.317654e+03 9.303788e+03 9.416820e+03
2.2 9.342455e+03 9.271712e+03 9.191321e+03 9.262064e+03
3.2 9.591321e+03 9.314131e+03 9.118003e+03 9.395193e+03
4.2 9.250861e+03 9.212093e+03 9.094333e+03 9.133101e+03
5.2 9.325494e+03 9.389752e+03 9.087148e+03 9.022890e+03
6.2 9.233778e+03 9.227569e+03 9.091131e+03 9.097339e+03
7.2 9.307676e+03 9.340056e+03 9.084251e+03 9.051871e+03
8.2 9.183664e+03 9.258565e+03 9.085227e+03 9.010326e+03
0.8 9.591321e+03 9.314131e+03 9.118003e+03 9.395193e+03
1.8 9.250861e+03 9.212093e+03 9.094333e+03 9.133101e+03
2.8 9.325494e+03 9.389752e+03 9.087148e+03 9.022890e+03
3.8 9.233778e+03 9.227569e+03 9.091131e+03 9.097339e+03
4.8 9.307676e+03 9.340056e+03 9.084251e+03 9.051871e+03
5.8 9.183664e+03 9.258565e+03 9.085227e+03 9.010326e+03
6.8 9.166958e+03 9.264132e+03 9.080230e+03 8.983056e+03
7.8 9.483095e+03 9.314562e+03 9.080220e+03 9.248753e+03
8.8 9.579004e+03 9.238484e+03 9.080607e+03 9.421128e+03
0.5 9.325494e+03 9.389752e+03 9.087148e+03 9.022890e+03
1.5 9.233778e+03 9.227569e+03 9.091131e+03 9.097339e+03
2.5 9.307676e+03 9.340056e+03 9.084251e+03 9.051871e+03
3.5 9.183664e+03 9.258565e+03 9.085227e+03 9.010326e+03
4.5 9.166958e+03 9.264132e+03 9.080230e+03 8.983056e+03
5.5 9.483095e+03 9.314562e+03 9.080220e+03 9.248753e+03
6.5 9.579004e+03 9.238484e+03 9.080607e+03 9.421128e+03
7.5 9.510637e+03 9.373839e+03 9.076665e+03 9.213463e+03
8.5 9.383553e+03 9.227814e+03 9.081681e+03 9.237420e+03
0.2 9.307676e+03 9.340056e+03 9.084251e+03 9.051871e+03
1.2 9.183664e+03 9.258565e+03 9.085227e+03 9.010326e+03
2.2 9.166958e+03 9.264132e+03 9.080230e+03 8.983056e+03
3.2 9.483095e+03 9.314562e+03 9.080220e+03 9.248753e+03
4.2 9.579004e+03 9.238484e+03 9.080607e+03 9.421128e+03
5.2 9.510637e+03 9.373839e+03 9.076665e+03 9.213463e+03
6.2 9.383553e+03 9.227814e+03 9.081681e+03 9.237420e+03
7.2 9.191751e+03 9.363009e+03 9.076465e+03 8.905207e+03
8.2 9.219673e+03 9.241812e+03 9.082035e+03 9.059897e+03
0.9 9.483095e+03 9.314562e+03 9.080220e+03 9.248753e+03
1.9 9.579004e+03 9.238484e+03 9.080607e+03 9.421128e+03
2.9 9.510637e+03 9.373839e+03 9.076665e+03 9.213463e+03
3.9 9.383553e+03 9.227814e+03 9.081681e+03 9.237420e+03
4.9 9.191751e+03 9.363009e+03 9.076465e+03 8.905207e+03
5.9 9.219673e+03 9.241812e+03 9.082035e+03 9.059897e+03
6.9 9.114905e+03 9.278899e+03 9.079194e+03 8.915201e+03
7.9 9.485751e+03 9.415973e+03 9.096789e+03 9.166567e+03
8.9 9.711210e+03 9.330932e+03 9.195887e+03 9.576165e+03
0.6 9.510637e+03 9.373839e+03 9.076665e+03 9.213463e+03
1.6 9.383553e+03 9.227814e+03 9.081681e+03 9.237420e+03
2.6 9.191751e+03 9.363009e+03 9.076465e+03 8.905207e+03
3.6 9.219673e+03 9.241812e+03 9.082035e+03 9.059897e+03
4.6 9.114905e+03 9.278899e+03 9.079194e+03 8.915201e+03
5.6 9.485751e+03 9.415973e+03 9.096789e+03 9.166567e+03
6.6 9.711210e+03 9.330932e+03 9.195887e+03 9.576165e+03
7.6 9.253418e+03 9.208866e+03 9.345136e+03 9.389688e+03
8.6 8.787075e+03 9.042865e+03 9.476917e+03 9.221127e+03
0.3 9.191751e+03 9.363009e+03 9.076465e+03 8.905207e+03
1.3 9.219673e+03 9.241812e+03 9.082035e+03 9.059897e+03
2.3 9.114905e+03 9.278899e+03 9.079194e+03 8.915201e+03
3.3 9.485751e+03 9.415973e+03 9.096789e+03 9.166567e+03
4.3 9.711210e+03 9.330932e+03 9.195887e+03 9.576165e+03
5.3 9.253418e+03 9.208866e+03 9.345136e+03 9.389688e+03
6.3 8.787075e+03 9.042865e+03 9.476917e+03 9.221127e+03
7.3 9.126711e+03 9.065563e+03 9.573652e+03 9.634800e+03
8.3 9.434997e+03 9.155795e+03 9.632090e+03 9.911292e+03
0.5 9.122629e+03 9.287305e+03 9.656701e+03 9.492025e+03
1.5 9.155875e+03 9.333492e+03 9.607813e+03 9.430196e+03
2.5 9.121257e+03 9.477515e+03 9.473598e+03 9.117340e+03
3.5 9.542662e+03 9.316162e+03 9.338297e+03 9.564797e+03
4.5 9.252342e+03 9.273386e+03 9.229499e+03 9.208455e+03
5.5 9.434478e+03 9.292092e+03 9.161436e+03 9.303822e+03
6.5 9.060181e+03 9.219867e+03 9.140686e+03 8.980999e+03
7.5 9.678929e+03 9.373598e+03 9.141926e+03 9.447256e+03
8.5 9.359145e+03 9.213343e+03 9.157167e+03 9.302970e+03
0.2 9.121257e+03 9.477515e+03 9.473598e+03 9.117340e+03
1.2 9.542662e+03 9.316162e+03 9.338297e+03 9.564797e+03
2.2 9.252342e+03 9.273386e+03 9.229499e+03 9.208455e+03
3.2 9.434478e+03 9.292092e+03 9.161436e+03 9.303822e+03
4.2 9.060181e+03 9.219867e+03 9.140686e+03 8.980999e+03
5.2 9.678929e+03 9.373598e+03 9.141926e+03 9.447256e+03
6.2 9.359145e+03 9.213343e+03 9.157167e+03 9.302970e+03
7.2 9.301683e+03 9.347795e+03 9.161736e+03 9.115624e+03
8.2 9.287799e+03 9.236418e+03 9.175719e+03 9.227101e+03
0.9 9.434478e+03 9.292092e+03 9.161436e+03 9.303822e+03
1.9 9.060181e+03 9.219867e+03 9.140686e+03 8.980999e+03
2.9 9.678929e+03 9.373598e+03 9.141926e+03 9.447256e+03
3.9 9.359145e+03 9.213343e+03 9.157167e+03 9.302970e+03
4.9 9.301683e+03 9.347795e+03 9.161736e+03 9.115624e+03
5.9 9.287799e+03 9.236418e+03 9.175719e+03 9.227101e+03
6.9 9.309243e+03 9.264421e+03 9.182480e+03 9.227303e+03
7.9 9.184331e+03 9.286895e+03 9.196695e+03 9.094131e+03
8.9 9.068679e+03 9.222929e+03 9.211046e+03 9.056796e+03
0.6 9.678929e+03 9.373598e+03 9.141926e+03 9.447256e+03
1.6 9.359145e+03 9.213343e+03 9.157167e+03 9.302970e+03
2.6 9.301683e+03 9.347795e+03 9.161736e+03 9.115624e+03
3.6 9.287799e+03 9.236418e+03 9.175719e+03 9.227101e+03
4.6 9.309243e+03 9.264421e+03 9.182480e+03 9.227303e+03
5.6 9.184331e+03 9.286895e+03 9.196695e+03 9.094131e+03
6.6 9.068679e+03 9.222929e+03 9.211046e+03 9.056796e+03
7.6 9.540083e+03 9.353137e+03 9.221359e+03 9.408305e+03
8.6 9.373794e+03 9.215790e+03 9.238679e+03 9.396682e+03
0.3 9.301683e+03 9.347795e+03 9.161736e+03 9.115624e+03
1.3 9.287799e+03 9.236418e+03 9.175719e+03 9.227101e+03
2.3 9.309243e+03 9.264421e+03 9.182480e+03 9.227303e+03
3.3 9.184331e+03 9.286895e+03 9.196695e+03 9.094131e+03
4.3 9.068679e+03 9.222929e+03 9.211046e+03 9.056796e+03
5.3 9.540083e+03 9.353137e+03 9.221359e+03 9.408305e+03
6.3 9.373794e+03 9.215790e+03 9.238679e+03 9.396682e+03
7.3 9.197203e+03 9.367526e+03 9.246959e+03 9.076637e+03
8.3 9.357310e+03 9.211418e+03 9.270436e+03 9.416329e+03
1.0 9.184331e+03 9.286895e+03 9.196695e+03 9.094131e+03
2.0 9.068679e+03 9.222929e+03 9.211046e+03 9.056796e+03
3.0 9.540083e+03 9.353137e+03 9.221359e+03 9.408305e+03
4.0 9.373794e+03 9.215790e+03 9.238679e+03 9.396682e+03
5.0 9.197203e+03 9.367526e+03 9.246959e+03 9.076637e+03
6.0 9.357310e+03 9.211418e+03 9.270436e+03 9.416329e+03
0.6 9.540083e+03 9.353137e+03 9.221359e+03 9.408305e+03
1.6 9.373794e+03 9.215790e+03 9.238679e+03 9.396682e+03
2.6 9.197203e+03 9.367526e+03 9.246959e+03 9.076637e+03
3.6 9.357310e+03 9.211418e+03 9.270436e+03 9.416329e+03
0.3 9.197203e+03 9.367526e+03 9.246959e+03 9.076637e+03
1.3 9.357310e+03 9.211418e+03 9.270436e+03 9.416329e+03
