0.5 9.195318e+03 9.077497e+03 9.042099e+03 9.159920e+03
1.5 9.205165e+03 9.117768e+03 9.075131e+03 9.162528e+03
2.5 9.053465e+03 9.079458e+03 9.127978e+03 9.101985e+03
3.5 8.986064e+03 9.015287e+03 9.142591e+03 9.113368e+03
4.5 9.077636e+03 9.072392e+03 9.125180e+03 9.130424e+03
5.5 9.072564e+03 9.097527e+03 9.098985e+03 9.074022e+03
6.5 9.044493e+03 9.064036e+03 9.070762e+03 9.051220e+03
7.5 9.130001e+03 9.104314e+03 9.049159e+03 9.074846e+03
0.1 9.070790e+03 9.067179e+03 9.041209e+03 9.044820e+03
1.1 9.025617e+03 9.057061e+03 9.053900e+03 9.022456e+03
2.1 9.145049e+03 9.081650e+03 9.118309e+03 9.181707e+03
3.1 9.048195e+03 9.088069e+03 9.179496e+03 9.139622e+03
4.1 9.258932e+03 9.165305e+03 9.182860e+03 9.276487e+03
5.1 9.149351e+03 9.152356e+03 9.150070e+03 9.147064e+03
6.1 9.032550e+03 9.106148e+03 9.109625e+03 9.036027e+03
7.1 9.076946e+03 9.063185e+03 9.068117e+03 9.081878e+03
0.5 9.113434e+03 9.069138e+03 9.040660e+03 9.084956e+03
1.5 9.150911e+03 9.113922e+03 9.072955e+03 9.109944e+03
2.5 9.069306e+03 9.069058e+03 9.125216e+03 9.125464e+03
3.5 9.014951e+03 9.002896e+03 9.139362e+03 9.151416e+03
4.5 9.036269e+03 9.068370e+03 9.121521e+03 9.089420e+03
5.5 9.070455e+03 9.090704e+03 9.094941e+03 9.074691e+03
6.5 9.066481e+03 9.059161e+03 9.066444e+03 9.073763e+03
7.5 9.062195e+03 9.101817e+03 9.044702e+03 9.005081e+03
0.1 9.097436e+03 9.069310e+03 9.039223e+03 9.067350e+03
1.1 9.051079e+03 9.053273e+03 9.051262e+03 9.049068e+03
2.1 9.092909e+03 9.083200e+03 9.114806e+03 9.124514e+03
3.1 9.026492e+03 9.084602e+03 9.177373e+03 9.119262e+03
4.1 9.143462e+03 9.163773e+03 9.182265e+03 9.161953e+03
5.1 9.157373e+03 9.152659e+03 9.150108e+03 9.154822e+03
6.1 9.210994e+03 9.106726e+03 9.109889e+03 9.214156e+03
7.1 9.008824e+03 9.063578e+03 9.068369e+03 9.013615e+03
0.5 9.013752e+03 9.068732e+03 9.040155e+03 8.985175e+03
1.5 9.066821e+03 9.117864e+03 9.072526e+03 9.021483e+03
2.5 9.114137e+03 9.065801e+03 9.124850e+03 9.173187e+03
3.5 9.089912e+03 8.996579e+03 9.139044e+03 9.232377e+03
4.5 9.119402e+03 9.071556e+03 9.121258e+03 9.169104e+03
5.5 9.039297e+03 9.093136e+03 9.094745e+03 9.040906e+03
6.5 8.995794e+03 9.053154e+03 9.066319e+03 9.008958e+03
7.5 9.069090e+03 9.107762e+03 9.044644e+03 9.005972e+03
0.0 9.154396e+03 9.076010e+03 9.040292e+03 9.118677e+03
1.0 8.983189e+03 9.048463e+03 9.050807e+03 8.985533e+03
2.0 9.070107e+03 9.088700e+03 9.112229e+03 9.093635e+03
3.0 9.077419e+03 9.080112e+03 9.177255e+03 9.174562e+03
4.0 9.252763e+03 9.162682e+03 9.185173e+03 9.275254e+03
5.0 9.140249e+03 9.155280e+03 9.154363e+03 9.139332e+03
6.0 9.072822e+03 9.109918e+03 9.114718e+03 9.077622e+03
7.0 8.970263e+03 9.066438e+03 9.073418e+03 8.977244e+03
0.5 9.071665e+03 9.070097e+03 9.044402e+03 9.045970e+03
1.5 9.084083e+03 9.119463e+03 9.077445e+03 9.042065e+03
2.5 9.043303e+03 9.067657e+03 9.130530e+03 9.106176e+03
3.5 8.966030e+03 8.999642e+03 9.145591e+03 9.111979e+03
4.5 9.008320e+03 9.073079e+03 9.128776e+03 9.064017e+03
5.5 9.080142e+03 9.092360e+03 9.103344e+03 9.091127e+03
6.5 9.060803e+03 9.065960e+03 9.076117e+03 9.070960e+03
7.5 9.150377e+03 9.104741e+03 9.055762e+03 9.101399e+03
