0.5 9.375988e+03 9.308371e+03 9.318997e+03 9.386614e+03
1.5 9.331278e+03 9.324177e+03 9.366645e+03 9.373746e+03
2.5 9.300851e+03 9.340541e+03 9.313530e+03 9.273840e+03
3.5 9.282734e+03 9.299966e+03 9.304660e+03 9.287428e+03
4.5 9.301677e+03 9.316425e+03 9.304457e+03 9.289709e+03
5.5 9.372953e+03 9.327424e+03 9.304627e+03 9.350156e+03
6.5 9.371908e+03 9.301645e+03 9.304768e+03 9.375031e+03
7.5 9.331723e+03 9.327952e+03 9.304875e+03 9.308645e+03
0.1 9.252026e+03 9.312823e+03 9.304978e+03 9.244182e+03
1.1 9.267269e+03 9.269581e+03 9.365747e+03 9.363435e+03
2.1 9.250067e+03 9.283703e+03 9.370438e+03 9.336802e+03
3.1 9.325690e+03 9.302951e+03 9.313219e+03 9.335958e+03
4.1 9.320883e+03 9.342985e+03 9.305280e+03 9.283178e+03
5.1 9.304375e+03 9.343086e+03 9.304863e+03 9.266153e+03
6.1 9.236122e+03 9.327571e+03 9.304846e+03 9.213397e+03
7.1 9.295233e+03 9.311638e+03 9.304846e+03 9.288441e+03
0.5 9.285137e+03 9.312922e+03 9.320765e+03 9.292980e+03
1.5 9.353309e+03 9.330733e+03 9.368046e+03 9.390622e+03
2.5 9.371909e+03 9.342851e+03 9.314623e+03 9.343681e+03
3.5 9.248512e+03 9.299792e+03 9.305403e+03 9.254122e+03
4.5 9.352309e+03 9.320404e+03 9.304892e+03 9.336797e+03
5.5 9.340927e+03 9.329268e+03 9.304880e+03 9.316539e+03
6.5 9.332259e+03 9.303508e+03 9.304886e+03 9.333637e+03
7.5 9.401594e+03 9.331128e+03 9.304893e+03 9.375359e+03
0.1 9.265221e+03 9.314992e+03 9.304859e+03 9.255088e+03
1.1 9.263419e+03 9.269029e+03 9.364118e+03 9.358508e+03
2.1 9.298416e+03 9.284345e+03 9.372241e+03 9.386312e+03
3.1 9.294740e+03 9.301642e+03 9.313745e+03 9.306843e+03
4.1 9.368597e+03 9.342534e+03 9.305274e+03 9.331337e+03
5.1 9.433720e+03 9.343380e+03 9.304829e+03 9.395168e+03
6.1 9.333196e+03 9.327985e+03 9.304814e+03 9.310025e+03
7.1 9.279046e+03 9.311967e+03 9.304816e+03 9.271896e+03
0.5 9.282569e+03 9.312891e+03 9.320737e+03 9.290416e+03
1.5 9.331734e+03 9.333377e+03 9.368018e+03 9.366374e+03
2.5 9.346941e+03 9.341582e+03 9.314594e+03 9.319953e+03
3.5 9.318961e+03 9.296016e+03 9.305384e+03 9.328329e+03
4.5 9.278420e+03 9.321560e+03 9.304891e+03 9.261751e+03
5.5 9.352453e+03 9.330490e+03 9.304886e+03 9.326848e+03
6.5 9.251712e+03 9.299322e+03 9.304898e+03 9.257288e+03
7.5 9.355393e+03 9.334191e+03 9.304912e+03 9.326114e+03
0.0 9.354300e+03 9.318449e+03 9.305250e+03 9.341101e+03
1.0 9.229249e+03 9.267690e+03 9.361301e+03 9.322859e+03
2.0 9.351115e+03 9.285270e+03 9.376317e+03 9.442163e+03
3.0 9.194204e+03 9.298728e+03 9.315655e+03 9.211131e+03
4.0 9.432574e+03 9.341216e+03 9.306118e+03 9.397476e+03
5.0 9.321802e+03 9.343611e+03 9.305719e+03 9.283910e+03
6.0 9.294434e+03 9.328473e+03 9.305841e+03 9.271802e+03
7.0 9.315038e+03 9.312291e+03 9.306001e+03 9.308748e+03
0.5 9.354670e+03 9.312456e+03 9.322294e+03 9.364508e+03
1.5 9.294796e+03 9.332926e+03 9.369791e+03 9.331662e+03
2.5 9.394062e+03 9.341117e+03 9.316608e+03 9.369552e+03
3.5 9.328097e+03 9.296097e+03 9.307664e+03 9.339663e+03
4.5 9.273970e+03 9.321075e+03 9.307461e+03 9.260356e+03
5.5 9.357564e+03 9.328046e+03 9.307770e+03 9.337288e+03
6.5 9.298591e+03 9.304964e+03 9.308123e+03 9.301750e+03
7.5 9.337857e+03 9.330454e+03 9.308501e+03 9.315905e+03
