0.5 9.207597e+03 9.120157e+03 9.421248e+03 9.508688e+03
1.5 9.055941e+03 9.081848e+03 9.229065e+03 9.203159e+03
2.5 8.988523e+03 9.017713e+03 9.021343e+03 8.992153e+03
3.5 9.080041e+03 9.074821e+03 8.997039e+03 9.002258e+03
4.5 9.074963e+03 9.099951e+03 8.943887e+03 8.918899e+03
5.5 9.046931e+03 9.066452e+03 8.969648e+03 8.950127e+03
6.5 9.132425e+03 9.106722e+03 8.952204e+03 8.977907e+03
7.5 9.028295e+03 9.026726e+03 8.951125e+03 8.952694e+03
8.5 8.982076e+03 9.105039e+03 8.961771e+03 8.838807e+03
0.2 8.988523e+03 9.017713e+03 9.021343e+03 8.992153e+03
1.2 9.080041e+03 9.074821e+03 8.997039e+03 9.002258e+03
2.2 9.074963e+03 9.099951e+03 8.943887e+03 8.918899e+03
3.2 9.046931e+03 9.066452e+03 8.969648e+03 8.950127e+03
4.2 9.132425e+03 9.106722e+03 8.952204e+03 8.977907e+03
5.2 9.028295e+03 9.026726e+03 8.951125e+03 8.952694e+03
6.2 8.982076e+03 9.105039e+03 8.961771e+03 8.838807e+03
7.2 9.013279e+03 9.039592e+03 8.930079e+03 8.903766e+03
8.2 9.097759e+03 9.093606e+03 8.964688e+03 8.968842e+03
0.9 9.046931e+03 9.066452e+03 8.969648e+03 8.950127e+03
1.9 9.132425e+03 9.106722e+03 8.952204e+03 8.977907e+03
2.9 9.028295e+03 9.026726e+03 8.951125e+03 8.952694e+03
3.9 8.982076e+03 9.105039e+03 8.961771e+03 8.838807e+03
4.9 9.013279e+03 9.039592e+03 8.930079e+03 8.903766e+03
5.9 9.097759e+03 9.093606e+03 8.964688e+03 8.968842e+03
6.9 9.060059e+03 9.084429e+03 8.923396e+03 8.899026e+03
7.9 9.078310e+03 9.065127e+03 8.957398e+03 8.970581e+03
8.9 9.084237e+03 9.098213e+03 8.930559e+03 8.916584e+03
0.6 9.028295e+03 9.026726e+03 8.951125e+03 8.952694e+03
1.6 8.982076e+03 9.105039e+03 8.961771e+03 8.838807e+03
2.6 9.013279e+03 9.039592e+03 8.930079e+03 8.903766e+03
3.6 9.097759e+03 9.093606e+03 8.964688e+03 8.968842e+03
4.6 9.060059e+03 9.084429e+03 8.923396e+03 8.899026e+03
5.6 9.078310e+03 9.065127e+03 8.957398e+03 8.970581e+03
6.6 9.084237e+03 9.098213e+03 8.930559e+03 8.916584e+03
7.6 8.968265e+03 9.030859e+03 8.938615e+03 8.876020e+03
8.6 9.104105e+03 9.102727e+03 8.938125e+03 8.939504e+03
0.3 9.013279e+03 9.039592e+03 8.930079e+03 8.903766e+03
1.3 9.097759e+03 9.093606e+03 8.964688e+03 8.968842e+03
2.3 9.060059e+03 9.084429e+03 8.923396e+03 8.899026e+03
3.3 9.078310e+03 9.065127e+03 8.957398e+03 8.970581e+03
4.3 9.084237e+03 9.098213e+03 8.930559e+03 8.916584e+03
5.3 8.968265e+03 9.030859e+03 8.938615e+03 8.876020e+03
6.3 9.104105e+03 9.102727e+03 8.938125e+03 8.939504e+03
7.3 9.032263e+03 9.026015e+03 8.914414e+03 8.920662e+03
8.3 9.105970e+03 9.096709e+03 8.942241e+03 8.951502e+03
1.0 9.078310e+03 9.065127e+03 8.957398e+03 8.970581e+03
2.0 9.084237e+03 9.098213e+03 8.930559e+03 8.916584e+03
3.0 8.968265e+03 9.030859e+03 8.938615e+03 8.876020e+03
4.0 9.104105e+03 9.102727e+03 8.938125e+03 8.939504e+03
5.0 9.032263e+03 9.026015e+03 8.914414e+03 8.920662e+03
6.0 9.105970e+03 9.096709e+03 8.942241e+03 8.951502e+03
7.0 9.073091e+03 9.069588e+03 8.900796e+03 8.904298e+03
8.0 9.027984e+03 9.059475e+03 9.040279e+03 9.008788e+03
9.0 9.147480e+03 9.084034e+03 9.255125e+03 9.318572e+03
0.7 8.968265e+03 9.030859e+03 8.938615e+03 8.876020e+03
1.7 9.104105e+03 9.102727e+03 8.938125e+03 8.939504e+03
2.7 9.032263e+03 9.026015e+03 8.914414e+03 8.920662e+03
3.7 9.105970e+03 9.096709e+03 8.942241e+03 8.951502e+03
4.7 9.073091e+03 9.069588e+03 8.900796e+03 8.904298e+03
5.7 9.027984e+03 9.059475e+03 9.040279e+03 9.008788e+03
6.7 9.147480e+03 9.084034e+03 9.255125e+03 9.318572e+03
7.7 9.050632e+03 9.090460e+03 9.355807e+03 9.315980e+03
8.7 9.261437e+03 9.167720e+03 9.385315e+03 9.479032e+03
0.4 9.032263e+03 9.026015e+03 8.914414e+03 8.920662e+03
1.4 9.105970e+03 9.096709e+03 8.942241e+03 8.951502e+03
2.4 9.073091e+03 9.069588e+03 8.900796e+03 8.904298e+03
3.4 9.027984e+03 9.059475e+03 9.040279e+03 9.008788e+03
4.4 9.147480e+03 9.084034e+03 9.255125e+03 9.318572e+03
5.4 9.050632e+03 9.090460e+03 9.355807e+03 9.315980e+03
6.4 9.261437e+03 9.167720e+03 9.385315e+03 9.479032e+03
7.4 9.151760e+03 9.154776e+03 9.391400e+03 9.388384e+03
8.4 9.034923e+03 9.108563e+03 9.391530e+03 9.317890e+03
0.5 9.153380e+03 9.116313e+03 9.378131e+03 9.415198e+03
1.5 9.071671e+03 9.071449e+03 9.178023e+03 9.178244e+03
2.5 9.017418e+03 9.005323e+03 8.972526e+03 8.984621e+03
3.5 9.038686e+03 9.070800e+03 8.948064e+03 8.915949e+03
4.5 9.072928e+03 9.093129e+03 8.893806e+03 8.873604e+03
5.5 9.069052e+03 9.061578e+03 8.926451e+03 8.933925e+03
6.5 9.064620e+03 9.104225e+03 8.908712e+03 8.869107e+03
7.5 9.106941e+03 9.021769e+03 8.905972e+03 8.991144e+03
8.5 9.098596e+03 9.099641e+03 8.917029e+03 8.915984e+03
0.2 9.017418e+03 9.005323e+03 8.972526e+03 8.984621e+03
1.2 9.038686e+03 9.070800e+03 8.948064e+03 8.915949e+03
2.2 9.072928e+03 9.093129e+03 8.893806e+03 8.873604e+03
3.2 9.069052e+03 9.061578e+03 8.926451e+03 8.933925e+03
4.2 9.064620e+03 9.104225e+03 8.908712e+03 8.869107e+03
5.2 9.106941e+03 9.021769e+03 8.905972e+03 8.991144e+03
6.2 9.098596e+03 9.099641e+03 8.917029e+03 8.915984e+03
7.2 9.060064e+03 9.036540e+03 8.886582e+03 8.910105e+03
8.2 9.127072e+03 9.087874e+03 8.917385e+03 8.956583e+03
0.9 9.069052e+03 9.061578e+03 8.926451e+03 8.933925e+03
1.9 9.064620e+03 9.104225e+03 8.908712e+03 8.869107e+03
2.9 9.106941e+03 9.021769e+03 8.905972e+03 8.991144e+03
3.9 9.098596e+03 9.099641e+03 8.917029e+03 8.915984e+03
4.9 9.060064e+03 9.036540e+03 8.886582e+03 8.910105e+03
5.9 9.127072e+03 9.087874e+03 8.917385e+03 8.956583e+03
6.9 9.080338e+03 9.076635e+03 8.881032e+03 8.884735e+03
7.9 9.043890e+03 9.062049e+03 8.931912e+03 8.913752e+03
8.9 9.070531e+03 9.102149e+03 8.907450e+03 8.875832e+03
0.6 9.106941e+03 9.021769e+03 8.905972e+03 8.991144e+03
1.6 9.098596e+03 9.099641e+03 8.917029e+03 8.915984e+03
2.6 9.060064e+03 9.036540e+03 8.886582e+03 8.910105e+03
3.6 9.127072e+03 9.087874e+03 8.917385e+03 8.956583e+03
4.6 9.080338e+03 9.076635e+03 8.881032e+03 8.884735e+03
5.6 9.043890e+03 9.062049e+03 8.931912e+03 8.913752e+03
6.6 9.070531e+03 9.102149e+03 8.907450e+03 8.875832e+03
7.6 9.001561e+03 9.026922e+03 8.910355e+03 8.884994e+03
8.6 9.113702e+03 9.099236e+03 8.912874e+03 8.927340e+03
0.3 9.060064e+03 9.036540e+03 8.886582e+03 8.910105e+03
1.3 9.127072e+03 9.087874e+03 8.917385e+03 8.956583e+03
2.3 9.080338e+03 9.076635e+03 8.881032e+03 8.884735e+03
3.3 9.043890e+03 9.062049e+03 8.931912e+03 8.913752e+03
4.3 9.070531e+03 9.102149e+03 8.907450e+03 8.875832e+03
5.3 9.001561e+03 9.026922e+03 8.910355e+03 8.884994e+03
6.3 9.113702e+03 9.099236e+03 8.912874e+03 8.927340e+03
7.3 9.022622e+03 9.024842e+03 8.888843e+03 8.886623e+03
8.3 9.101872e+03 9.093245e+03 8.920991e+03 8.929617e+03
0.9 9.043890e+03 9.062049e+03 8.931912e+03 8.913752e+03
1.9 9.070531e+03 9.102149e+03 8.907450e+03 8.875832e+03
2.9 9.001561e+03 9.026922e+03 8.910355e+03 8.884994e+03
3.9 9.113702e+03 9.099236e+03 8.912874e+03 8.927340e+03
4.9 9.022622e+03 9.024842e+03 8.888843e+03 8.886623e+03
5.9 9.101872e+03 9.093245e+03 8.920991e+03 8.929617e+03
6.9 9.099870e+03 9.071719e+03 8.881746e+03 8.909897e+03
7.9 9.053542e+03 9.055689e+03 9.017095e+03 9.014949e+03
8.9 9.095338e+03 9.085585e+03 9.235961e+03 9.245715e+03
0.7 9.001561e+03 9.026922e+03 8.910355e+03 8.884994e+03
1.7 9.113702e+03 9.099236e+03 8.912874e+03 8.927340e+03
2.7 9.022622e+03 9.024842e+03 8.888843e+03 8.886623e+03
3.7 9.101872e+03 9.093245e+03 8.920991e+03 8.929617e+03
4.7 9.099870e+03 9.071719e+03 8.881746e+03 8.909897e+03
5.7 9.053542e+03 9.055689e+03 9.017095e+03 9.014949e+03
6.7 9.095338e+03 9.085585e+03 9.235961e+03 9.245715e+03
7.7 9.028872e+03 9.086993e+03 9.341103e+03 9.282982e+03
8.7 9.145835e+03 9.166188e+03 9.373301e+03 9.352947e+03
0.3 9.022622e+03 9.024842e+03 8.888843e+03 8.886623e+03
1.3 9.101872e+03 9.093245e+03 8.920991e+03 8.929617e+03
2.3 9.099870e+03 9.071719e+03 8.881746e+03 8.909897e+03
3.3 9.053542e+03 9.055689e+03 9.017095e+03 9.014949e+03
4.3 9.095338e+03 9.085585e+03 9.235961e+03 9.245715e+03
5.3 9.028872e+03 9.086993e+03 9.341103e+03 9.282982e+03
6.3 9.145835e+03 9.166188e+03 9.373301e+03 9.352947e+03
7.3 9.159717e+03 9.155079e+03 9.381150e+03 9.385788e+03
8.3 9.213418e+03 9.109141e+03 9.382665e+03 9.486942e+03
0.5 9.069201e+03 9.120255e+03 9.371297e+03 9.320243e+03
1.5 9.116496e+03 9.068193e+03 9.167147e+03 9.215450e+03
2.5 9.092303e+03 8.999007e+03 8.966989e+03 9.060285e+03
3.5 9.121781e+03 9.073986e+03 8.950284e+03 8.998080e+03
4.5 9.041646e+03 9.095561e+03 8.894574e+03 8.840660e+03
5.5 8.998197e+03 9.055572e+03 8.934538e+03 8.877163e+03
6.5 9.071554e+03 9.110170e+03 8.919300e+03 8.880683e+03
7.5 8.996041e+03 9.015281e+03 8.907325e+03 8.888086e+03
8.5 9.092925e+03 9.100010e+03 8.925776e+03 8.918691e+03
0.2 9.092303e+03 8.999007e+03 8.966989e+03 9.060285e+03
1.2 9.121781e+03 9.073986e+03 8.950284e+03 8.998080e+03
2.2 9.041646e+03 9.095561e+03 8.894574e+03 8.840660e+03
3.2 8.998197e+03 9.055572e+03 8.934538e+03 8.877163e+03
4.2 9.071554e+03 9.110170e+03 8.919300e+03 8.880683e+03
5.2 8.996041e+03 9.015281e+03 8.907325e+03 8.888086e+03
6.2 9.092925e+03 9.100010e+03 8.925776e+03 8.918691e+03
7.2 9.073435e+03 9.045729e+03 8.887463e+03 8.915169e+03
8.2 9.109730e+03 9.082650e+03 8.925856e+03 8.952936e+03
0.8 8.998197e+03 9.055572e+03 8.934538e+03 8.877163e+03
1.8 9.071554e+03 9.110170e+03 8.919300e+03 8.880683e+03
2.8 8.996041e+03 9.015281e+03 8.907325e+03 8.888086e+03
3.8 9.092925e+03 9.100010e+03 8.925776e+03 8.918691e+03
4.8 9.073435e+03 9.045729e+03 8.887463e+03 8.915169e+03
5.8 9.109730e+03 9.082650e+03 8.925856e+03 8.952936e+03
6.8 9.153157e+03 9.086130e+03 8.889176e+03 8.956202e+03
7.8 9.078813e+03 9.052669e+03 8.921502e+03 8.947647e+03
8.8 9.151758e+03 9.097307e+03 8.903824e+03 8.958275e+03
0.5 8.996041e+03 9.015281e+03 8.907325e+03 8.888086e+03
1.5 9.092925e+03 9.100010e+03 8.925776e+03 8.918691e+03
2.5 9.073435e+03 9.045729e+03 8.887463e+03 8.915169e+03
3.5 9.109730e+03 9.082650e+03 8.925856e+03 8.952936e+03
4.5 9.153157e+03 9.086130e+03 8.889176e+03 8.956202e+03
5.5 9.078813e+03 9.052669e+03 8.921502e+03 8.947647e+03
6.5 9.151758e+03 9.097307e+03 8.903824e+03 8.958275e+03
7.5 9.010454e+03 9.022969e+03 8.907294e+03 8.894779e+03
8.5 9.065467e+03 9.100615e+03 8.917733e+03 8.882585e+03
0.2 9.073435e+03 9.045729e+03 8.887463e+03 8.915169e+03
1.2 9.109730e+03 9.082650e+03 8.925856e+03 8.952936e+03
2.2 9.153157e+03 9.086130e+03 8.889176e+03 8.956202e+03
3.2 9.078813e+03 9.052669e+03 8.921502e+03 8.947647e+03
4.2 9.151758e+03 9.097307e+03 8.903824e+03 8.958275e+03
5.2 9.010454e+03 9.022969e+03 8.907294e+03 8.894779e+03
6.2 9.065467e+03 9.100615e+03 8.917733e+03 8.882585e+03
7.2 9.076177e+03 9.032069e+03 8.890734e+03 8.934842e+03
8.2 9.108899e+03 9.091409e+03 8.927053e+03 8.944543e+03
0.9 9.078813e+03 9.052669e+03 8.921502e+03 8.947647e+03
1.9 9.151758e+03 9.097307e+03 8.903824e+03 8.958275e+03
2.9 9.010454e+03 9.022969e+03 8.907294e+03 8.894779e+03
3.9 9.065467e+03 9.100615e+03 8.917733e+03 8.882585e+03
4.9 9.076177e+03 9.032069e+03 8.890734e+03 8.934842e+03
5.9 9.108899e+03 9.091409e+03 8.927053e+03 8.944543e+03
6.9 9.156848e+03 9.078419e+03 8.888837e+03 8.967266e+03
7.9 8.985564e+03 9.050879e+03 9.012144e+03 8.946828e+03
8.9 9.072310e+03 9.091086e+03 9.235847e+03 9.217071e+03
0.6 9.010454e+03 9.022969e+03 8.907294e+03 8.894779e+03
1.6 9.065467e+03 9.100615e+03 8.917733e+03 8.882585e+03
2.6 9.076177e+03 9.032069e+03 8.890734e+03 8.934842e+03
3.6 9.108899e+03 9.091409e+03 8.927053e+03 8.944543e+03
4.6 9.156848e+03 9.078419e+03 8.888837e+03 8.967266e+03
5.6 8.985564e+03 9.050879e+03 9.012144e+03 8.946828e+03
6.6 9.072310e+03 9.091086e+03 9.235847e+03 9.217071e+03
7.6 9.079751e+03 9.082500e+03 9.347770e+03 9.345020e+03
8.6 9.255276e+03 9.165096e+03 9.383757e+03 9.473938e+03
0.3 9.076177e+03 9.032069e+03 8.890734e+03 8.934842e+03
1.3 9.108899e+03 9.091409e+03 8.927053e+03 8.944543e+03
2.3 9.156848e+03 9.078419e+03 8.888837e+03 8.967266e+03
3.3 8.985564e+03 9.050879e+03 9.012144e+03 8.946828e+03
4.3 9.072310e+03 9.091086e+03 9.235847e+03 9.217071e+03
5.3 9.079751e+03 9.082500e+03 9.347770e+03 9.345020e+03
6.3 9.255276e+03 9.165096e+03 9.383757e+03 9.473938e+03
7.3 9.142669e+03 9.157700e+03 9.394079e+03 9.379048e+03
8.3 9.075244e+03 9.112333e+03 9.397892e+03 9.360803e+03
0.5 9.086489e+03 9.121853e+03 9.398748e+03 9.363384e+03
1.5 9.045683e+03 9.070049e+03 9.198740e+03 9.174375e+03
2.5 8.968482e+03 9.002069e+03 9.003095e+03 8.969508e+03
3.5 9.010683e+03 9.075508e+03 8.985501e+03 8.920676e+03
4.5 9.082531e+03 9.094785e+03 8.937348e+03 8.925094e+03
5.5 9.063227e+03 9.068377e+03 8.979032e+03 8.973882e+03
6.5 9.152715e+03 9.107148e+03 8.966632e+03 9.012199e+03
7.5 9.033815e+03 9.022387e+03 8.977258e+03 8.988686e+03
8.5 9.071717e+03 9.107343e+03 8.998705e+03 8.963078e+03
0.2 8.968482e+03 9.002069e+03 9.003095e+03 8.969508e+03
1.2 9.010683e+03 9.075508e+03 8.985501e+03 8.920676e+03
2.2 9.082531e+03 9.094785e+03 8.937348e+03 8.925094e+03
3.2 9.063227e+03 9.068377e+03 8.979032e+03 8.973882e+03
4.2 9.152715e+03 9.107148e+03 8.966632e+03 9.012199e+03
5.2 9.033815e+03 9.022387e+03 8.977258e+03 8.988686e+03
6.2 9.071717e+03 9.107343e+03 8.998705e+03 8.963078e+03
7.2 9.006530e+03 9.040236e+03 8.974971e+03 8.941265e+03
8.2 9.039971e+03 9.094116e+03 9.019967e+03 8.965822e+03
0.9 9.063227e+03 9.068377e+03 8.979032e+03 8.973882e+03
1.9 9.152715e+03 9.107148e+03 8.966632e+03 9.012199e+03
2.9 9.033815e+03 9.022387e+03 8.977258e+03 8.988686e+03
3.9 9.071717e+03 9.107343e+03 8.998705e+03 8.963078e+03
4.9 9.006530e+03 9.040236e+03 8.974971e+03 8.941265e+03
5.9 9.039971e+03 9.094116e+03 9.019967e+03 8.965822e+03
6.9 9.109176e+03 9.085954e+03 8.991052e+03 9.014273e+03
7.9 9.098526e+03 9.066022e+03 9.043789e+03 9.076293e+03
8.9 9.207376e+03 9.105377e+03 9.031488e+03 9.133486e+03
0.6 9.033815e+03 9.022387e+03 8.977258e+03 8.988686e+03
1.6 9.071717e+03 9.107343e+03 8.998705e+03 8.963078e+03
2.6 9.006530e+03 9.040236e+03 8.974971e+03 8.941265e+03
3.6 9.039971e+03 9.094116e+03 9.019967e+03 8.965822e+03
4.6 9.109176e+03 9.085954e+03 8.991052e+03 9.014273e+03
5.6 9.098526e+03 9.066022e+03 9.043789e+03 9.076293e+03
6.6 9.207376e+03 9.105377e+03 9.031488e+03 9.133486e+03
7.6 9.090397e+03 9.033543e+03 9.048761e+03 9.105615e+03
8.6 9.114966e+03 9.107625e+03 9.064607e+03 9.071949e+03
0.3 9.006530e+03 9.040236e+03 8.974971e+03 8.941265e+03
1.3 9.039971e+03 9.094116e+03 9.019967e+03 8.965822e+03
2.3 9.109176e+03 9.085954e+03 8.991052e+03 9.014273e+03
3.3 9.098526e+03 9.066022e+03 9.043789e+03 9.076293e+03
4.3 9.207376e+03 9.105377e+03 9.031488e+03 9.133486e+03
5.3 9.090397e+03 9.033543e+03 9.048761e+03 9.105615e+03
6.3 9.114966e+03 9.107625e+03 9.064607e+03 9.071949e+03
7.3 9.070408e+03 9.029162e+03 9.054740e+03 9.095986e+03
8.3 9.031004e+03 9.106238e+03 9.111635e+03 9.036401e+03
1.0 9.098526e+03 9.066022e+03 9.043789e+03 9.076293e+03
2.0 9.207376e+03 9.105377e+03 9.031488e+03 9.133486e+03
3.0 9.090397e+03 9.033543e+03 9.048761e+03 9.105615e+03
4.0 9.114966e+03 9.107625e+03 9.064607e+03 9.071949e+03
5.0 9.070408e+03 9.029162e+03 9.054740e+03 9.095986e+03
6.0 9.031004e+03 9.106238e+03 9.111635e+03 9.036401e+03
0.6 9.090397e+03 9.033543e+03 9.048761e+03 9.105615e+03
1.6 9.114966e+03 9.107625e+03 9.064607e+03 9.071949e+03
2.6 9.070408e+03 9.029162e+03 9.054740e+03 9.095986e+03
3.6 9.031004e+03 9.106238e+03 9.111635e+03 9.036401e+03
0.3 9.070408e+03 9.029162e+03 9.054740e+03 9.095986e+03
1.3 9.031004e+03 9.106238e+03 9.111635e+03 9.036401e+03
