0.5 6.916998e+03 6.822513e+03 6.571338e+03 6.665823e+03
1.5 6.689956e+03 6.719083e+03 6.778232e+03 6.749105e+03
2.5 6.642818e+03 6.710259e+03 6.783586e+03 6.716145e+03
3.5 6.737180e+03 6.761594e+03 6.778637e+03 6.754223e+03
4.5 6.740407e+03 6.775585e+03 6.816894e+03 6.781716e+03
5.5 6.732405e+03 6.722102e+03 6.757491e+03 6.767795e+03
6.5 6.859805e+03 6.750439e+03 6.817162e+03 6.926528e+03
7.5 6.732687e+03 6.676426e+03 6.748873e+03 6.805135e+03
8.5 6.652224e+03 6.745843e+03 6.812433e+03 6.718815e+03
0.2 6.642818e+03 6.710259e+03 6.783586e+03 6.716145e+03
1.2 6.737180e+03 6.761594e+03 6.778637e+03 6.754223e+03
2.2 6.740407e+03 6.775585e+03 6.816894e+03 6.781716e+03
3.2 6.732405e+03 6.722102e+03 6.757491e+03 6.767795e+03
4.2 6.859805e+03 6.750439e+03 6.817162e+03 6.926528e+03
5.2 6.732687e+03 6.676426e+03 6.748873e+03 6.805135e+03
6.2 6.652224e+03 6.745843e+03 6.812433e+03 6.718815e+03
7.2 6.654985e+03 6.692421e+03 6.780755e+03 6.743319e+03
8.2 6.776269e+03 6.735381e+03 6.800567e+03 6.841455e+03
0.9 6.732405e+03 6.722102e+03 6.757491e+03 6.767795e+03
1.9 6.859805e+03 6.750439e+03 6.817162e+03 6.926528e+03
2.9 6.732687e+03 6.676426e+03 6.748873e+03 6.805135e+03
3.9 6.652224e+03 6.745843e+03 6.812433e+03 6.718815e+03
4.9 6.654985e+03 6.692421e+03 6.780755e+03 6.743319e+03
5.9 6.776269e+03 6.735381e+03 6.800567e+03 6.841455e+03
6.9 6.698442e+03 6.734346e+03 6.828433e+03 6.792529e+03
7.9 6.756849e+03 6.711009e+03 6.781519e+03 6.827359e+03
8.9 6.729490e+03 6.745514e+03 6.835232e+03 6.819208e+03
0.6 6.732687e+03 6.676426e+03 6.748873e+03 6.805135e+03
1.6 6.652224e+03 6.745843e+03 6.812433e+03 6.718815e+03
2.6 6.654985e+03 6.692421e+03 6.780755e+03 6.743319e+03
3.6 6.776269e+03 6.735381e+03 6.800567e+03 6.841455e+03
4.6 6.698442e+03 6.734346e+03 6.828433e+03 6.792529e+03
5.6 6.756849e+03 6.711009e+03 6.781519e+03 6.827359e+03
6.6 6.729490e+03 6.745514e+03 6.835232e+03 6.819208e+03
7.6 6.623922e+03 6.682979e+03 6.766250e+03 6.707194e+03
8.6 6.747684e+03 6.747854e+03 6.832303e+03 6.832132e+03
0.3 6.654985e+03 6.692421e+03 6.780755e+03 6.743319e+03
1.3 6.776269e+03 6.735381e+03 6.800567e+03 6.841455e+03
2.3 6.698442e+03 6.734346e+03 6.828433e+03 6.792529e+03
3.3 6.756849e+03 6.711009e+03 6.781519e+03 6.827359e+03
4.3 6.729490e+03 6.745514e+03 6.835232e+03 6.819208e+03
5.3 6.623922e+03 6.682979e+03 6.766250e+03 6.707194e+03
6.3 6.747684e+03 6.747854e+03 6.832303e+03 6.832132e+03
7.3 6.632498e+03 6.682297e+03 6.782196e+03 6.732397e+03
8.3 6.731797e+03 6.741083e+03 6.822283e+03 6.812996e+03
1.0 6.756849e+03 6.711009e+03 6.781519e+03 6.827359e+03
2.0 6.729490e+03 6.745514e+03 6.835232e+03 6.819208e+03
3.0 6.623922e+03 6.682979e+03 6.766250e+03 6.707194e+03
4.0 6.747684e+03 6.747854e+03 6.832303e+03 6.832132e+03
5.0 6.632498e+03 6.682297e+03 6.782196e+03 6.732397e+03
6.0 6.731797e+03 6.741083e+03 6.822283e+03 6.812996e+03
7.0 6.753850e+03 6.723578e+03 6.832939e+03 6.863211e+03
8.0 6.710017e+03 6.786427e+03 6.624340e+03 6.547930e+03
9.0 6.819344e+03 6.733088e+03 6.578889e+03 6.665145e+03
0.7 6.623922e+03 6.682979e+03 6.766250e+03 6.707194e+03
1.7 6.747684e+03 6.747854e+03 6.832303e+03 6.832132e+03
2.7 6.632498e+03 6.682297e+03 6.782196e+03 6.732397e+03
3.7 6.731797e+03 6.741083e+03 6.822283e+03 6.812996e+03
4.7 6.753850e+03 6.723578e+03 6.832939e+03 6.863211e+03
5.7 6.710017e+03 6.786427e+03 6.624340e+03 6.547930e+03
6.7 6.819344e+03 6.733088e+03 6.578889e+03 6.665145e+03
7.7 6.627120e+03 6.670770e+03 6.577311e+03 6.533661e+03
8.7 6.827141e+03 6.795550e+03 6.578287e+03 6.609878e+03
0.4 6.632498e+03 6.682297e+03 6.782196e+03 6.732397e+03
1.4 6.731797e+03 6.741083e+03 6.822283e+03 6.812996e+03
2.4 6.753850e+03 6.723578e+03 6.832939e+03 6.863211e+03
3.4 6.710017e+03 6.786427e+03 6.624340e+03 6.547930e+03
4.4 6.819344e+03 6.733088e+03 6.578889e+03 6.665145e+03
5.4 6.627120e+03 6.670770e+03 6.577311e+03 6.533661e+03
6.4 6.827141e+03 6.795550e+03 6.578287e+03 6.609878e+03
7.4 6.773229e+03 6.810929e+03 6.579228e+03 6.541528e+03
8.4 6.642508e+03 6.771746e+03 6.580024e+03 6.450787e+03
0.5 6.817063e+03 6.832804e+03 6.620410e+03 6.604668e+03
1.5 6.720800e+03 6.722652e+03 6.823799e+03 6.821947e+03
2.5 6.703198e+03 6.709599e+03 6.821634e+03 6.815234e+03
3.5 6.663029e+03 6.767102e+03 6.821759e+03 6.717686e+03
4.5 6.718011e+03 6.777732e+03 6.856216e+03 6.796495e+03
5.5 6.703224e+03 6.724103e+03 6.791269e+03 6.770390e+03
6.5 6.674527e+03 6.754336e+03 6.852963e+03 6.773154e+03
7.5 6.732094e+03 6.677969e+03 6.783016e+03 6.837141e+03
8.5 6.736334e+03 6.746357e+03 6.844455e+03 6.834432e+03
0.2 6.703198e+03 6.709599e+03 6.821634e+03 6.815234e+03
1.2 6.663029e+03 6.767102e+03 6.821759e+03 6.717686e+03
2.2 6.718011e+03 6.777732e+03 6.856216e+03 6.796495e+03
3.2 6.703224e+03 6.724103e+03 6.791269e+03 6.770390e+03
4.2 6.674527e+03 6.754336e+03 6.852963e+03 6.773154e+03
5.2 6.732094e+03 6.677969e+03 6.783016e+03 6.837141e+03
6.2 6.736334e+03 6.746357e+03 6.844455e+03 6.834432e+03
7.2 6.698717e+03 6.694391e+03 6.812647e+03 6.816972e+03
8.2 6.755775e+03 6.735019e+03 6.831800e+03 6.852556e+03
0.9 6.703224e+03 6.724103e+03 6.791269e+03 6.770390e+03
1.9 6.674527e+03 6.754336e+03 6.852963e+03 6.773154e+03
2.9 6.732094e+03 6.677969e+03 6.783016e+03 6.837141e+03
3.9 6.736334e+03 6.746357e+03 6.844455e+03 6.834432e+03
4.9 6.698717e+03 6.694391e+03 6.812647e+03 6.816972e+03
5.9 6.755775e+03 6.735019e+03 6.831800e+03 6.852556e+03
6.9 6.719924e+03 6.730723e+03 6.852060e+03 6.841261e+03
7.9 6.681098e+03 6.708979e+03 6.795175e+03 6.767294e+03
8.9 6.671643e+03 6.750261e+03 6.855143e+03 6.776525e+03
0.6 6.732094e+03 6.677969e+03 6.783016e+03 6.837141e+03
1.6 6.736334e+03 6.746357e+03 6.844455e+03 6.834432e+03
2.6 6.698717e+03 6.694391e+03 6.812647e+03 6.816972e+03
3.6 6.755775e+03 6.735019e+03 6.831800e+03 6.852556e+03
4.6 6.719924e+03 6.730723e+03 6.852060e+03 6.841261e+03
5.6 6.681098e+03 6.708979e+03 6.795175e+03 6.767294e+03
6.6 6.671643e+03 6.750261e+03 6.855143e+03 6.776525e+03
7.6 6.631535e+03 6.681986e+03 6.784423e+03 6.733972e+03
8.6 6.714060e+03 6.746860e+03 6.848324e+03 6.815524e+03
0.3 6.698717e+03 6.694391e+03 6.812647e+03 6.816972e+03
1.3 6.755775e+03 6.735019e+03 6.831800e+03 6.852556e+03
2.3 6.719924e+03 6.730723e+03 6.852060e+03 6.841261e+03
3.3 6.681098e+03 6.708979e+03 6.795175e+03 6.767294e+03
4.3 6.671643e+03 6.750261e+03 6.855143e+03 6.776525e+03
5.3 6.631535e+03 6.681986e+03 6.784423e+03 6.733972e+03
6.3 6.714060e+03 6.746860e+03 6.848324e+03 6.815524e+03
7.3 6.624693e+03 6.683469e+03 6.800406e+03 6.741629e+03
8.3 6.706815e+03 6.739307e+03 6.834050e+03 6.801557e+03
0.9 6.681098e+03 6.708979e+03 6.795175e+03 6.767294e+03
1.9 6.671643e+03 6.750261e+03 6.855143e+03 6.776525e+03
2.9 6.631535e+03 6.681986e+03 6.784423e+03 6.733972e+03
3.9 6.714060e+03 6.746860e+03 6.848324e+03 6.815524e+03
4.9 6.624693e+03 6.683469e+03 6.800406e+03 6.741629e+03
5.9 6.706815e+03 6.739307e+03 6.834050e+03 6.801557e+03
6.9 6.720950e+03 6.726436e+03 6.847797e+03 6.842311e+03
7.9 6.780721e+03 6.783300e+03 6.637765e+03 6.635187e+03
8.9 6.727547e+03 6.739695e+03 6.588161e+03 6.576013e+03
0.7 6.631535e+03 6.681986e+03 6.784423e+03 6.733972e+03
1.7 6.714060e+03 6.746860e+03 6.848324e+03 6.815524e+03
2.7 6.624693e+03 6.683469e+03 6.800406e+03 6.741629e+03
3.7 6.706815e+03 6.739307e+03 6.834050e+03 6.801557e+03
4.7 6.720950e+03 6.726436e+03 6.847797e+03 6.842311e+03
5.7 6.780721e+03 6.783300e+03 6.637765e+03 6.635187e+03
6.7 6.727547e+03 6.739695e+03 6.588161e+03 6.576013e+03
7.7 6.579100e+03 6.667257e+03 6.585210e+03 6.497053e+03
8.7 6.855466e+03 6.793528e+03 6.585161e+03 6.647098e+03
0.3 6.624693e+03 6.683469e+03 6.800406e+03 6.741629e+03
1.3 6.706815e+03 6.739307e+03 6.834050e+03 6.801557e+03
2.3 6.720950e+03 6.726436e+03 6.847797e+03 6.842311e+03
3.3 6.780721e+03 6.783300e+03 6.637765e+03 6.635187e+03
4.3 6.727547e+03 6.739695e+03 6.588161e+03 6.576013e+03
5.3 6.579100e+03 6.667257e+03 6.585210e+03 6.497053e+03
6.3 6.855466e+03 6.793528e+03 6.585161e+03 6.647098e+03
7.3 6.803810e+03 6.811321e+03 6.585190e+03 6.577678e+03
8.3 6.942331e+03 6.772762e+03 6.585190e+03 6.754759e+03
0.5 6.829252e+03 6.836769e+03 6.628674e+03 6.621157e+03
1.5 6.804787e+03 6.720646e+03 6.828521e+03 6.912662e+03
2.5 6.815392e+03 6.703750e+03 6.818427e+03 6.930069e+03
3.5 6.870304e+03 6.768805e+03 6.821202e+03 6.922700e+03
4.5 6.775332e+03 6.779490e+03 6.857437e+03 6.853279e+03
5.5 6.696326e+03 6.717413e+03 6.779480e+03 6.758394e+03
6.5 6.753505e+03 6.758753e+03 6.851717e+03 6.846469e+03
7.5 6.698270e+03 6.673095e+03 6.779207e+03 6.804383e+03
8.5 6.738572e+03 6.746291e+03 6.840156e+03 6.832438e+03
0.2 6.815392e+03 6.703750e+03 6.818427e+03 6.930069e+03
1.2 6.870304e+03 6.768805e+03 6.821202e+03 6.922700e+03
2.2 6.775332e+03 6.779490e+03 6.857437e+03 6.853279e+03
3.2 6.696326e+03 6.717413e+03 6.779480e+03 6.758394e+03
4.2 6.753505e+03 6.758753e+03 6.851717e+03 6.846469e+03
5.2 6.698270e+03 6.673095e+03 6.779207e+03 6.804383e+03
6.2 6.738572e+03 6.746291e+03 6.840156e+03 6.832438e+03
7.2 6.729425e+03 6.703669e+03 6.823131e+03 6.848886e+03
8.2 6.785149e+03 6.729863e+03 6.822170e+03 6.877456e+03
0.8 6.696326e+03 6.717413e+03 6.779480e+03 6.758394e+03
1.8 6.753505e+03 6.758753e+03 6.851717e+03 6.846469e+03
2.8 6.698270e+03 6.673095e+03 6.779207e+03 6.804383e+03
3.8 6.738572e+03 6.746291e+03 6.840156e+03 6.832438e+03
4.8 6.729425e+03 6.703669e+03 6.823131e+03 6.848886e+03
5.8 6.785149e+03 6.729863e+03 6.822170e+03 6.877456e+03
6.8 6.826593e+03 6.738991e+03 6.856229e+03 6.943832e+03
7.8 6.755306e+03 6.703042e+03 6.797200e+03 6.849463e+03
8.8 6.838375e+03 6.746417e+03 6.853184e+03 6.945142e+03
0.5 6.698270e+03 6.673095e+03 6.779207e+03 6.804383e+03
1.5 6.738572e+03 6.746291e+03 6.840156e+03 6.832438e+03
2.5 6.729425e+03 6.703669e+03 6.823131e+03 6.848886e+03
3.5 6.785149e+03 6.729863e+03 6.822170e+03 6.877456e+03
4.5 6.826593e+03 6.738991e+03 6.856229e+03 6.943832e+03
5.5 6.755306e+03 6.703042e+03 6.797200e+03 6.849463e+03
6.5 6.838375e+03 6.746417e+03 6.853184e+03 6.945142e+03
7.5 6.672078e+03 6.678545e+03 6.781855e+03 6.775389e+03
8.5 6.697036e+03 6.747044e+03 6.844027e+03 6.794019e+03
0.2 6.729425e+03 6.703669e+03 6.823131e+03 6.848886e+03
1.2 6.785149e+03 6.729863e+03 6.822170e+03 6.877456e+03
2.2 6.826593e+03 6.738991e+03 6.856229e+03 6.943832e+03
3.2 6.755306e+03 6.703042e+03 6.797200e+03 6.849463e+03
4.2 6.838375e+03 6.746417e+03 6.853184e+03 6.945142e+03
5.2 6.672078e+03 6.678545e+03 6.781855e+03 6.775389e+03
6.2 6.697036e+03 6.747044e+03 6.844027e+03 6.794019e+03
7.2 6.709157e+03 6.689801e+03 6.804721e+03 6.824077e+03
8.2 6.746868e+03 6.737215e+03 6.827472e+03 6.837125e+03
0.9 6.755306e+03 6.703042e+03 6.797200e+03 6.849463e+03
1.9 6.838375e+03 6.746417e+03 6.853184e+03 6.945142e+03
2.9 6.672078e+03 6.678545e+03 6.781855e+03 6.775389e+03
3.9 6.697036e+03 6.747044e+03 6.844027e+03 6.794019e+03
4.9 6.709157e+03 6.689801e+03 6.804721e+03 6.824077e+03
5.9 6.746868e+03 6.737215e+03 6.827472e+03 6.837125e+03
6.9 6.803622e+03 6.732253e+03 6.848931e+03 6.920300e+03
7.9 6.766283e+03 6.777374e+03 6.639960e+03 6.628869e+03
8.9 6.745975e+03 6.753580e+03 6.583420e+03 6.575816e+03
0.6 6.672078e+03 6.678545e+03 6.781855e+03 6.775389e+03
1.6 6.697036e+03 6.747044e+03 6.844027e+03 6.794019e+03
2.6 6.709157e+03 6.689801e+03 6.804721e+03 6.824077e+03
3.6 6.746868e+03 6.737215e+03 6.827472e+03 6.837125e+03
4.6 6.803622e+03 6.732253e+03 6.848931e+03 6.920300e+03
5.6 6.766283e+03 6.777374e+03 6.639960e+03 6.628869e+03
6.6 6.745975e+03 6.753580e+03 6.583420e+03 6.575816e+03
7.6 6.646108e+03 6.661483e+03 6.579115e+03 6.563740e+03
8.6 6.831377e+03 6.790230e+03 6.578073e+03 6.619220e+03
0.3 6.709157e+03 6.689801e+03 6.804721e+03 6.824077e+03
1.3 6.746868e+03 6.737215e+03 6.827472e+03 6.837125e+03
2.3 6.803622e+03 6.732253e+03 6.848931e+03 6.920300e+03
3.3 6.766283e+03 6.777374e+03 6.639960e+03 6.628869e+03
4.3 6.745975e+03 6.753580e+03 6.583420e+03 6.575816e+03
5.3 6.646108e+03 6.661483e+03 6.579115e+03 6.563740e+03
6.3 6.831377e+03 6.790230e+03 6.578073e+03 6.619220e+03
7.3 6.913746e+03 6.813137e+03 6.576978e+03 6.677587e+03
8.3 6.782618e+03 6.776062e+03 6.575702e+03 6.582258e+03
0.5 6.762458e+03 6.838654e+03 6.612083e+03 6.535886e+03
1.5 6.698044e+03 6.722878e+03 6.809578e+03 6.784743e+03
2.5 6.695201e+03 6.707236e+03 6.797830e+03 6.785796e+03
3.5 6.705125e+03 6.771938e+03 6.800849e+03 6.734036e+03
4.5 6.791625e+03 6.780116e+03 6.829154e+03 6.840663e+03
5.5 6.743771e+03 6.731125e+03 6.763296e+03 6.775942e+03
6.5 6.832630e+03 6.758651e+03 6.819299e+03 6.893278e+03
7.5 6.724781e+03 6.679686e+03 6.738183e+03 6.783277e+03
8.5 6.749581e+03 6.754786e+03 6.800261e+03 6.795056e+03
0.2 6.695201e+03 6.707236e+03 6.797830e+03 6.785796e+03
1.2 6.705125e+03 6.771938e+03 6.800849e+03 6.734036e+03
2.2 6.791625e+03 6.780116e+03 6.829154e+03 6.840663e+03
3.2 6.743771e+03 6.731125e+03 6.763296e+03 6.775942e+03
4.2 6.832630e+03 6.758651e+03 6.819299e+03 6.893278e+03
5.2 6.724781e+03 6.679686e+03 6.738183e+03 6.783277e+03
6.2 6.749581e+03 6.754786e+03 6.800261e+03 6.795056e+03
7.2 6.664917e+03 6.700229e+03 6.762341e+03 6.727029e+03
8.2 6.678450e+03 6.742968e+03 6.774830e+03 6.710312e+03
0.9 6.743771e+03 6.731125e+03 6.763296e+03 6.775942e+03
1.9 6.832630e+03 6.758651e+03 6.819299e+03 6.893278e+03
2.9 6.724781e+03 6.679686e+03 6.738183e+03 6.783277e+03
3.9 6.749581e+03 6.754786e+03 6.800261e+03 6.795056e+03
4.9 6.664917e+03 6.700229e+03 6.762341e+03 6.727029e+03
5.9 6.678450e+03 6.742968e+03 6.774830e+03 6.710312e+03
6.9 6.745304e+03 6.742679e+03 6.795080e+03 6.797704e+03
7.9 6.748601e+03 6.717923e+03 6.734451e+03 6.765129e+03
8.9 6.851913e+03 6.758365e+03 6.785313e+03 6.878861e+03
0.6 6.724781e+03 6.679686e+03 6.738183e+03 6.783277e+03
1.6 6.749581e+03 6.754786e+03 6.800261e+03 6.795056e+03
2.6 6.664917e+03 6.700229e+03 6.762341e+03 6.727029e+03
3.6 6.678450e+03 6.742968e+03 6.774830e+03 6.710312e+03
4.6 6.745304e+03 6.742679e+03 6.795080e+03 6.797704e+03
5.6 6.748601e+03 6.717923e+03 6.734451e+03 6.765129e+03
6.6 6.851913e+03 6.758365e+03 6.785313e+03 6.878861e+03
7.6 6.776778e+03 6.693063e+03 6.708326e+03 6.792041e+03
8.6 6.779756e+03 6.759975e+03 6.766077e+03 6.785858e+03
0.3 6.664917e+03 6.700229e+03 6.762341e+03 6.727029e+03
1.3 6.678450e+03 6.742968e+03 6.774830e+03 6.710312e+03
2.3 6.745304e+03 6.742679e+03 6.795080e+03 6.797704e+03
3.3 6.748601e+03 6.717923e+03 6.734451e+03 6.765129e+03
4.3 6.851913e+03 6.758365e+03 6.785313e+03 6.878861e+03
5.3 6.776778e+03 6.693063e+03 6.708326e+03 6.792041e+03
6.3 6.779756e+03 6.759975e+03 6.766077e+03 6.785858e+03
7.3 6.741829e+03 6.693496e+03 6.706520e+03 6.754852e+03
8.3 6.654697e+03 6.756478e+03 6.732438e+03 6.630656e+03
1.0 6.748601e+03 6.717923e+03 6.734451e+03 6.765129e+03
2.0 6.851913e+03 6.758365e+03 6.785313e+03 6.878861e+03
3.0 6.776778e+03 6.693063e+03 6.708326e+03 6.792041e+03
4.0 6.779756e+03 6.759975e+03 6.766077e+03 6.785858e+03
5.0 6.741829e+03 6.693496e+03 6.706520e+03 6.754852e+03
6.0 6.654697e+03 6.756478e+03 6.732438e+03 6.630656e+03
0.6 6.776778e+03 6.693063e+03 6.708326e+03 6.792041e+03
1.6 6.779756e+03 6.759975e+03 6.766077e+03 6.785858e+03
2.6 6.741829e+03 6.693496e+03 6.706520e+03 6.754852e+03
3.6 6.654697e+03 6.756478e+03 6.732438e+03 6.630656e+03
0.3 6.741829e+03 6.693496e+03 6.706520e+03 6.754852e+03
1.3 6.654697e+03 6.756478e+03 6.732438e+03 6.630656e+03
