0.5 9.766001e+03 9.694419e+03 9.657073e+03 9.728654e+03
1.5 9.778831e+03 9.747639e+03 9.683235e+03 9.714427e+03
2.5 9.701452e+03 9.657465e+03 9.725092e+03 9.769079e+03
3.5 9.640538e+03 9.673578e+03 9.736667e+03 9.703626e+03
4.5 9.692768e+03 9.704291e+03 9.722877e+03 9.711353e+03
5.5 9.636207e+03 9.708126e+03 9.702129e+03 9.630210e+03
6.5 9.788791e+03 9.674699e+03 9.679775e+03 9.793867e+03
7.5 9.884642e+03 9.684193e+03 9.662664e+03 9.863112e+03
0.1 9.576850e+03 9.671057e+03 9.656368e+03 9.562160e+03
1.1 9.627754e+03 9.738906e+03 9.666420e+03 9.555268e+03
2.1 9.726606e+03 9.680986e+03 9.717434e+03 9.763054e+03
3.1 9.650875e+03 9.624503e+03 9.765897e+03 9.792268e+03
4.1 9.753033e+03 9.713392e+03 9.768561e+03 9.808203e+03
5.1 9.650912e+03 9.731144e+03 9.742590e+03 9.662358e+03
6.1 9.631087e+03 9.710005e+03 9.710556e+03 9.631638e+03
7.1 9.597391e+03 9.679842e+03 9.677680e+03 9.595229e+03
0.5 9.676165e+03 9.700679e+03 9.655932e+03 9.631419e+03
1.5 9.736521e+03 9.754907e+03 9.681512e+03 9.663126e+03
2.5 9.696629e+03 9.661151e+03 9.722904e+03 9.758382e+03
3.5 9.658330e+03 9.674665e+03 9.734109e+03 9.717774e+03
4.5 9.622483e+03 9.708085e+03 9.719978e+03 9.634377e+03
5.5 9.641516e+03 9.710091e+03 9.698925e+03 9.630350e+03
6.5 9.602756e+03 9.676268e+03 9.676355e+03 9.602842e+03
7.5 9.741812e+03 9.686618e+03 9.659134e+03 9.714328e+03
0.1 9.594565e+03 9.672297e+03 9.654795e+03 9.577064e+03
1.1 9.724357e+03 9.736862e+03 9.664330e+03 9.651826e+03
2.1 9.594791e+03 9.686083e+03 9.714660e+03 9.623368e+03
3.1 9.456824e+03 9.622084e+03 9.764215e+03 9.598955e+03
4.1 9.836064e+03 9.711780e+03 9.768090e+03 9.892374e+03
5.1 9.730925e+03 9.731182e+03 9.742620e+03 9.742363e+03
6.1 9.851274e+03 9.710547e+03 9.710765e+03 9.851492e+03
7.1 9.802126e+03 9.680371e+03 9.677880e+03 9.799635e+03
0.5 9.651832e+03 9.700507e+03 9.655533e+03 9.606858e+03
1.5 9.769609e+03 9.756811e+03 9.681172e+03 9.693971e+03
2.5 9.692933e+03 9.660199e+03 9.722615e+03 9.755349e+03
3.5 9.811296e+03 9.671681e+03 9.733857e+03 9.873472e+03
4.5 9.778076e+03 9.708679e+03 9.719770e+03 9.789167e+03
5.5 9.724019e+03 9.710841e+03 9.698770e+03 9.711948e+03
6.5 9.617280e+03 9.672795e+03 9.676256e+03 9.620741e+03
7.5 9.694291e+03 9.688674e+03 9.659088e+03 9.664705e+03
0.0 9.675358e+03 9.675233e+03 9.655641e+03 9.655766e+03
1.0 9.884395e+03 9.733130e+03 9.663970e+03 9.815234e+03
2.0 9.703443e+03 9.697018e+03 9.712618e+03 9.719044e+03
3.0 9.660333e+03 9.618408e+03 9.764122e+03 9.806047e+03
4.0 9.749499e+03 9.709356e+03 9.770393e+03 9.810537e+03
5.0 9.700964e+03 9.732259e+03 9.745990e+03 9.714695e+03
6.0 9.652032e+03 9.712813e+03 9.714590e+03 9.653809e+03
7.0 9.622081e+03 9.682804e+03 9.681879e+03 9.621156e+03
0.5 9.703232e+03 9.701922e+03 9.658896e+03 9.660207e+03
1.5 9.737955e+03 9.758483e+03 9.685068e+03 9.664540e+03
2.5 9.625750e+03 9.662164e+03 9.727114e+03 9.690700e+03
3.5 9.642254e+03 9.674403e+03 9.739043e+03 9.706893e+03
4.5 9.633662e+03 9.711496e+03 9.725724e+03 9.647890e+03
5.5 9.653463e+03 9.712504e+03 9.705582e+03 9.646541e+03
6.5 9.737170e+03 9.681131e+03 9.684016e+03 9.740055e+03
7.5 9.763597e+03 9.690466e+03 9.667894e+03 9.741025e+03
