0.5 1.474068e+03 1.393563e+03 1.558687e+03 1.639192e+03
1.5 1.385057e+03 1.366001e+03 1.471374e+03 1.490430e+03
2.5 1.398474e+03 1.400015e+03 1.377001e+03 1.375460e+03
3.5 1.370707e+03 1.443557e+03 1.365958e+03 1.293109e+03
4.5 1.468200e+03 1.444562e+03 1.341810e+03 1.365448e+03
5.5 1.388591e+03 1.411176e+03 1.353514e+03 1.330929e+03
6.5 1.374856e+03 1.412781e+03 1.345589e+03 1.307664e+03
7.5 1.412758e+03 1.373199e+03 1.345099e+03 1.384658e+03
8.5 1.361946e+03 1.407902e+03 1.349935e+03 1.303980e+03
0.2 1.398474e+03 1.400015e+03 1.377001e+03 1.375460e+03
1.2 1.370707e+03 1.443557e+03 1.365958e+03 1.293109e+03
2.2 1.468200e+03 1.444562e+03 1.341810e+03 1.365448e+03
3.2 1.388591e+03 1.411176e+03 1.353514e+03 1.330929e+03
4.2 1.374856e+03 1.412781e+03 1.345589e+03 1.307664e+03
5.2 1.412758e+03 1.373199e+03 1.345099e+03 1.384658e+03
6.2 1.361946e+03 1.407902e+03 1.349935e+03 1.303980e+03
7.2 1.381955e+03 1.378453e+03 1.335537e+03 1.339039e+03
8.2 1.367549e+03 1.402594e+03 1.351261e+03 1.316215e+03
0.9 1.388591e+03 1.411176e+03 1.353514e+03 1.330929e+03
1.9 1.374856e+03 1.412781e+03 1.345589e+03 1.307664e+03
2.9 1.412758e+03 1.373199e+03 1.345099e+03 1.384658e+03
3.9 1.361946e+03 1.407902e+03 1.349935e+03 1.303980e+03
4.9 1.381955e+03 1.378453e+03 1.335537e+03 1.339039e+03
5.9 1.367549e+03 1.402594e+03 1.351261e+03 1.316215e+03
6.9 1.422640e+03 1.398012e+03 1.332500e+03 1.357128e+03
7.9 1.393682e+03 1.389616e+03 1.347949e+03 1.352015e+03
8.9 1.407167e+03 1.403926e+03 1.335755e+03 1.338996e+03
0.6 1.412758e+03 1.373199e+03 1.345099e+03 1.384658e+03
1.6 1.361946e+03 1.407902e+03 1.349935e+03 1.303980e+03
2.6 1.381955e+03 1.378453e+03 1.335537e+03 1.339039e+03
3.6 1.367549e+03 1.402594e+03 1.351261e+03 1.316215e+03
4.6 1.422640e+03 1.398012e+03 1.332500e+03 1.357128e+03
5.6 1.393682e+03 1.389616e+03 1.347949e+03 1.352015e+03
6.6 1.407167e+03 1.403926e+03 1.335755e+03 1.338996e+03
7.6 1.412920e+03 1.374011e+03 1.339415e+03 1.378324e+03
8.6 1.373079e+03 1.405765e+03 1.339192e+03 1.306507e+03
0.3 1.381955e+03 1.378453e+03 1.335537e+03 1.339039e+03
1.3 1.367549e+03 1.402594e+03 1.351261e+03 1.316215e+03
2.3 1.422640e+03 1.398012e+03 1.332500e+03 1.357128e+03
3.3 1.393682e+03 1.389616e+03 1.347949e+03 1.352015e+03
4.3 1.407167e+03 1.403926e+03 1.335755e+03 1.338996e+03
5.3 1.412920e+03 1.374011e+03 1.339415e+03 1.378324e+03
6.3 1.373079e+03 1.405765e+03 1.339192e+03 1.306507e+03
7.3 1.380141e+03 1.371415e+03 1.328420e+03 1.337146e+03
8.3 1.428032e+03 1.402916e+03 1.341062e+03 1.366178e+03
1.0 1.393682e+03 1.389616e+03 1.347949e+03 1.352015e+03
2.0 1.407167e+03 1.403926e+03 1.335755e+03 1.338996e+03
3.0 1.412920e+03 1.374011e+03 1.339415e+03 1.378324e+03
4.0 1.373079e+03 1.405765e+03 1.339192e+03 1.306507e+03
5.0 1.380141e+03 1.371415e+03 1.328420e+03 1.337146e+03
6.0 1.428032e+03 1.402916e+03 1.341062e+03 1.366178e+03
7.0 1.451131e+03 1.390448e+03 1.322233e+03 1.382915e+03
8.0 1.392177e+03 1.397774e+03 1.385604e+03 1.380007e+03
9.0 1.334255e+03 1.352713e+03 1.483214e+03 1.464756e+03
0.7 1.412920e+03 1.374011e+03 1.339415e+03 1.378324e+03
1.7 1.373079e+03 1.405765e+03 1.339192e+03 1.306507e+03
2.7 1.380141e+03 1.371415e+03 1.328420e+03 1.337146e+03
3.7 1.428032e+03 1.402916e+03 1.341062e+03 1.366178e+03
4.7 1.451131e+03 1.390448e+03 1.322233e+03 1.382915e+03
5.7 1.392177e+03 1.397774e+03 1.385604e+03 1.380007e+03
6.7 1.334255e+03 1.352713e+03 1.483214e+03 1.464756e+03
7.7 1.424734e+03 1.391605e+03 1.528956e+03 1.562085e+03
8.7 1.453870e+03 1.496876e+03 1.542362e+03 1.499356e+03
0.4 1.380141e+03 1.371415e+03 1.328420e+03 1.337146e+03
1.4 1.428032e+03 1.402916e+03 1.341062e+03 1.366178e+03
2.4 1.451131e+03 1.390448e+03 1.322233e+03 1.382915e+03
3.4 1.392177e+03 1.397774e+03 1.385604e+03 1.380007e+03
4.4 1.334255e+03 1.352713e+03 1.483214e+03 1.464756e+03
5.4 1.424734e+03 1.391605e+03 1.528956e+03 1.562085e+03
6.4 1.453870e+03 1.496876e+03 1.542362e+03 1.499356e+03
7.4 1.413776e+03 1.498325e+03 1.545127e+03 1.460578e+03
8.4 1.383764e+03 1.455603e+03 1.545186e+03 1.473346e+03
0.5 1.360715e+03 1.388519e+03 1.539098e+03 1.511295e+03
1.5 1.355414e+03 1.358137e+03 1.448184e+03 1.445461e+03
2.5 1.450021e+03 1.391427e+03 1.354822e+03 1.413416e+03
3.5 1.320055e+03 1.438875e+03 1.343708e+03 1.224888e+03
4.5 1.419140e+03 1.438773e+03 1.319057e+03 1.299423e+03
5.5 1.396097e+03 1.406362e+03 1.333889e+03 1.323624e+03
6.5 1.422492e+03 1.409042e+03 1.325829e+03 1.339279e+03
7.5 1.365327e+03 1.368431e+03 1.324585e+03 1.321480e+03
8.5 1.445657e+03 1.403074e+03 1.329608e+03 1.372191e+03
0.2 1.450021e+03 1.391427e+03 1.354822e+03 1.413416e+03
1.2 1.320055e+03 1.438875e+03 1.343708e+03 1.224888e+03
2.2 1.419140e+03 1.438773e+03 1.319057e+03 1.299423e+03
3.2 1.396097e+03 1.406362e+03 1.333889e+03 1.323624e+03
4.2 1.422492e+03 1.409042e+03 1.325829e+03 1.339279e+03
5.2 1.365327e+03 1.368431e+03 1.324585e+03 1.321480e+03
6.2 1.445657e+03 1.403074e+03 1.329608e+03 1.372191e+03
7.2 1.336204e+03 1.374827e+03 1.315775e+03 1.277152e+03
8.2 1.383201e+03 1.397912e+03 1.329770e+03 1.315059e+03
0.9 1.396097e+03 1.406362e+03 1.333889e+03 1.323624e+03
1.9 1.422492e+03 1.409042e+03 1.325829e+03 1.339279e+03
2.9 1.365327e+03 1.368431e+03 1.324585e+03 1.321480e+03
3.9 1.445657e+03 1.403074e+03 1.329608e+03 1.372191e+03
4.9 1.336204e+03 1.374827e+03 1.315775e+03 1.277152e+03
5.9 1.383201e+03 1.397912e+03 1.329770e+03 1.315059e+03
6.9 1.423093e+03 1.392644e+03 1.313254e+03 1.343703e+03
7.9 1.372173e+03 1.386613e+03 1.336369e+03 1.321930e+03
8.9 1.405286e+03 1.404095e+03 1.325256e+03 1.326448e+03
0.6 1.365327e+03 1.368431e+03 1.324585e+03 1.321480e+03
1.6 1.445657e+03 1.403074e+03 1.329608e+03 1.372191e+03
2.6 1.336204e+03 1.374827e+03 1.315775e+03 1.277152e+03
3.6 1.383201e+03 1.397912e+03 1.329770e+03 1.315059e+03
4.6 1.423093e+03 1.392644e+03 1.313254e+03 1.343703e+03
5.6 1.372173e+03 1.386613e+03 1.336369e+03 1.321930e+03
6.6 1.405286e+03 1.404095e+03 1.325256e+03 1.326448e+03
7.6 1.367489e+03 1.370710e+03 1.326576e+03 1.323354e+03
8.6 1.367020e+03 1.402798e+03 1.327720e+03 1.291942e+03
0.3 1.336204e+03 1.374827e+03 1.315775e+03 1.277152e+03
1.3 1.383201e+03 1.397912e+03 1.329770e+03 1.315059e+03
2.3 1.423093e+03 1.392644e+03 1.313254e+03 1.343703e+03
3.3 1.372173e+03 1.386613e+03 1.336369e+03 1.321930e+03
4.3 1.405286e+03 1.404095e+03 1.325256e+03 1.326448e+03
5.3 1.367489e+03 1.370710e+03 1.326576e+03 1.323354e+03
6.3 1.367020e+03 1.402798e+03 1.327720e+03 1.291942e+03
7.3 1.410722e+03 1.369595e+03 1.316802e+03 1.357929e+03
8.3 1.405807e+03 1.400254e+03 1.331408e+03 1.336961e+03
0.9 1.372173e+03 1.386613e+03 1.336369e+03 1.321930e+03
1.9 1.405286e+03 1.404095e+03 1.325256e+03 1.326448e+03
2.9 1.367489e+03 1.370710e+03 1.326576e+03 1.323354e+03
3.9 1.367020e+03 1.402798e+03 1.327720e+03 1.291942e+03
4.9 1.410722e+03 1.369595e+03 1.316802e+03 1.357929e+03
5.9 1.405807e+03 1.400254e+03 1.331408e+03 1.336961e+03
6.9 1.392714e+03 1.390369e+03 1.313578e+03 1.315924e+03
7.9 1.435100e+03 1.395954e+03 1.375070e+03 1.414217e+03
8.9 1.317186e+03 1.354001e+03 1.474507e+03 1.437692e+03
0.7 1.367489e+03 1.370710e+03 1.326576e+03 1.323354e+03
1.7 1.367020e+03 1.402798e+03 1.327720e+03 1.291942e+03
2.7 1.410722e+03 1.369595e+03 1.316802e+03 1.357929e+03
3.7 1.405807e+03 1.400254e+03 1.331408e+03 1.336961e+03
4.7 1.392714e+03 1.390369e+03 1.313578e+03 1.315924e+03
5.7 1.435100e+03 1.395954e+03 1.375070e+03 1.414217e+03
6.7 1.317186e+03 1.354001e+03 1.474507e+03 1.437692e+03
7.7 1.336113e+03 1.387064e+03 1.522275e+03 1.471324e+03
8.7 1.736673e+03 1.494673e+03 1.536904e+03 1.778905e+03
0.3 1.410722e+03 1.369595e+03 1.316802e+03 1.357929e+03
1.3 1.405807e+03 1.400254e+03 1.331408e+03 1.336961e+03
2.3 1.392714e+03 1.390369e+03 1.313578e+03 1.315924e+03
3.3 1.435100e+03 1.395954e+03 1.375070e+03 1.414217e+03
4.3 1.317186e+03 1.354001e+03 1.474507e+03 1.437692e+03
5.3 1.336113e+03 1.387064e+03 1.522275e+03 1.471324e+03
6.3 1.736673e+03 1.494673e+03 1.536904e+03 1.778905e+03
7.3 1.488623e+03 1.498272e+03 1.540470e+03 1.530820e+03
8.3 1.520127e+03 1.456135e+03 1.541158e+03 1.605151e+03
0.5 1.444408e+03 1.389989e+03 1.535993e+03 1.590412e+03
1.5 1.365211e+03 1.356428e+03 1.443243e+03 1.452026e+03
2.5 1.383139e+03 1.388455e+03 1.352306e+03 1.346989e+03
3.5 1.440760e+03 1.440172e+03 1.344717e+03 1.345305e+03
4.5 1.421377e+03 1.439688e+03 1.319406e+03 1.301095e+03
5.5 1.401007e+03 1.403585e+03 1.337563e+03 1.334985e+03
6.5 1.366663e+03 1.411551e+03 1.330640e+03 1.285752e+03
7.5 1.418180e+03 1.365337e+03 1.325199e+03 1.378043e+03
8.5 1.380809e+03 1.403119e+03 1.333582e+03 1.311272e+03
0.2 1.383139e+03 1.388455e+03 1.352306e+03 1.346989e+03
1.2 1.440760e+03 1.440172e+03 1.344717e+03 1.345305e+03
2.2 1.421377e+03 1.439688e+03 1.319406e+03 1.301095e+03
3.2 1.401007e+03 1.403585e+03 1.337563e+03 1.334985e+03
4.2 1.366663e+03 1.411551e+03 1.330640e+03 1.285752e+03
5.2 1.418180e+03 1.365337e+03 1.325199e+03 1.378043e+03
6.2 1.380809e+03 1.403119e+03 1.333582e+03 1.311272e+03
7.2 1.399741e+03 1.378733e+03 1.316175e+03 1.337184e+03
8.2 1.400782e+03 1.395507e+03 1.333618e+03 1.338893e+03
0.8 1.401007e+03 1.403585e+03 1.337563e+03 1.334985e+03
1.8 1.366663e+03 1.411551e+03 1.330640e+03 1.285752e+03
2.8 1.418180e+03 1.365337e+03 1.325199e+03 1.378043e+03
3.8 1.380809e+03 1.403119e+03 1.333582e+03 1.311272e+03
4.8 1.399741e+03 1.378733e+03 1.316175e+03 1.337184e+03
5.8 1.400782e+03 1.395507e+03 1.333618e+03 1.338893e+03
6.8 1.439380e+03 1.396768e+03 1.316954e+03 1.359565e+03
7.8 1.344337e+03 1.382252e+03 1.331640e+03 1.293726e+03
8.8 1.433021e+03 1.401924e+03 1.323608e+03 1.354706e+03
0.5 1.418180e+03 1.365337e+03 1.325199e+03 1.378043e+03
1.5 1.380809e+03 1.403119e+03 1.333582e+03 1.311272e+03
2.5 1.399741e+03 1.378733e+03 1.316175e+03 1.337184e+03
3.5 1.400782e+03 1.395507e+03 1.333618e+03 1.338893e+03
4.5 1.439380e+03 1.396768e+03 1.316954e+03 1.359565e+03
5.5 1.344337e+03 1.382252e+03 1.331640e+03 1.293726e+03
6.5 1.433021e+03 1.401924e+03 1.323608e+03 1.354706e+03
7.5 1.394709e+03 1.369004e+03 1.325185e+03 1.350890e+03
8.5 1.440601e+03 1.403539e+03 1.329928e+03 1.366990e+03
0.2 1.399741e+03 1.378733e+03 1.316175e+03 1.337184e+03
1.2 1.400782e+03 1.395507e+03 1.333618e+03 1.338893e+03
2.2 1.439380e+03 1.396768e+03 1.316954e+03 1.359565e+03
3.2 1.344337e+03 1.382252e+03 1.331640e+03 1.293726e+03
4.2 1.433021e+03 1.401924e+03 1.323608e+03 1.354706e+03
5.2 1.394709e+03 1.369004e+03 1.325185e+03 1.350890e+03
6.2 1.440601e+03 1.403539e+03 1.329928e+03 1.366990e+03
7.2 1.403132e+03 1.372894e+03 1.317661e+03 1.347900e+03
8.2 1.309421e+03 1.399548e+03 1.334162e+03 1.244035e+03
0.9 1.344337e+03 1.382252e+03 1.331640e+03 1.293726e+03
1.9 1.433021e+03 1.401924e+03 1.323608e+03 1.354706e+03
2.9 1.394709e+03 1.369004e+03 1.325185e+03 1.350890e+03
3.9 1.440601e+03 1.403539e+03 1.329928e+03 1.366990e+03
4.9 1.403132e+03 1.372894e+03 1.317661e+03 1.347900e+03
5.9 1.309421e+03 1.399548e+03 1.334162e+03 1.244035e+03
6.9 1.437504e+03 1.393440e+03 1.316799e+03 1.360863e+03
7.9 1.319521e+03 1.395233e+03 1.372821e+03 1.297109e+03
8.9 1.387691e+03 1.359606e+03 1.474455e+03 1.502540e+03
0.6 1.394709e+03 1.369004e+03 1.325185e+03 1.350890e+03
1.6 1.440601e+03 1.403539e+03 1.329928e+03 1.366990e+03
2.6 1.403132e+03 1.372894e+03 1.317661e+03 1.347900e+03
3.6 1.309421e+03 1.399548e+03 1.334162e+03 1.244035e+03
4.6 1.437504e+03 1.393440e+03 1.316799e+03 1.360863e+03
5.6 1.319521e+03 1.395233e+03 1.372821e+03 1.297109e+03
6.6 1.387691e+03 1.359606e+03 1.474455e+03 1.502540e+03
7.6 1.320007e+03 1.380664e+03 1.525304e+03 1.464647e+03
8.6 1.484703e+03 1.492423e+03 1.541655e+03 1.533934e+03
0.3 1.403132e+03 1.372894e+03 1.317661e+03 1.347900e+03
1.3 1.309421e+03 1.399548e+03 1.334162e+03 1.244035e+03
2.3 1.437504e+03 1.393440e+03 1.316799e+03 1.360863e+03
3.3 1.319521e+03 1.395233e+03 1.372821e+03 1.297109e+03
4.3 1.387691e+03 1.359606e+03 1.474455e+03 1.502540e+03
5.3 1.320007e+03 1.380664e+03 1.525304e+03 1.464647e+03
6.3 1.484703e+03 1.492423e+03 1.541655e+03 1.533934e+03
7.3 1.528936e+03 1.500333e+03 1.546344e+03 1.574947e+03
8.3 1.503800e+03 1.459346e+03 1.548076e+03 1.592530e+03
0.5 1.360472e+03 1.391472e+03 1.548465e+03 1.517466e+03
1.5 1.324296e+03 1.358176e+03 1.457597e+03 1.423716e+03
2.5 1.422993e+03 1.390915e+03 1.368710e+03 1.400788e+03
3.5 1.405906e+03 1.442116e+03 1.360716e+03 1.324507e+03
4.5 1.451309e+03 1.440890e+03 1.338839e+03 1.349258e+03
5.5 1.384379e+03 1.411054e+03 1.357778e+03 1.331103e+03
6.5 1.419034e+03 1.412303e+03 1.352144e+03 1.358876e+03
7.5 1.360827e+03 1.371060e+03 1.356972e+03 1.346738e+03
8.5 1.388385e+03 1.409219e+03 1.366715e+03 1.345882e+03
0.2 1.422993e+03 1.390915e+03 1.368710e+03 1.400788e+03
1.2 1.405906e+03 1.442116e+03 1.360716e+03 1.324507e+03
2.2 1.451309e+03 1.440890e+03 1.338839e+03 1.349258e+03
3.2 1.384379e+03 1.411054e+03 1.357778e+03 1.331103e+03
4.2 1.419034e+03 1.412303e+03 1.352144e+03 1.358876e+03
5.2 1.360827e+03 1.371060e+03 1.356972e+03 1.346738e+03
6.2 1.388385e+03 1.409219e+03 1.366715e+03 1.345882e+03
7.2 1.421005e+03 1.379558e+03 1.355932e+03 1.397379e+03
8.2 1.379836e+03 1.404274e+03 1.376375e+03 1.351937e+03
0.9 1.384379e+03 1.411054e+03 1.357778e+03 1.331103e+03
1.9 1.419034e+03 1.412303e+03 1.352144e+03 1.358876e+03
2.9 1.360827e+03 1.371060e+03 1.356972e+03 1.346738e+03
3.9 1.388385e+03 1.409219e+03 1.366715e+03 1.345882e+03
4.9 1.421005e+03 1.379558e+03 1.355932e+03 1.397379e+03
5.9 1.379836e+03 1.404274e+03 1.376375e+03 1.351937e+03
6.9 1.392474e+03 1.400819e+03 1.363238e+03 1.354893e+03
7.9 1.348331e+03 1.392838e+03 1.387198e+03 1.342692e+03
8.9 1.420025e+03 1.410571e+03 1.381609e+03 1.391063e+03
0.6 1.360827e+03 1.371060e+03 1.356972e+03 1.346738e+03
1.6 1.388385e+03 1.409219e+03 1.366715e+03 1.345882e+03
2.6 1.421005e+03 1.379558e+03 1.355932e+03 1.397379e+03
3.6 1.379836e+03 1.404274e+03 1.376375e+03 1.351937e+03
4.6 1.392474e+03 1.400819e+03 1.363238e+03 1.354893e+03
5.6 1.348331e+03 1.392838e+03 1.387198e+03 1.342692e+03
6.6 1.420025e+03 1.410571e+03 1.381609e+03 1.391063e+03
7.6 1.400859e+03 1.379317e+03 1.389457e+03 1.411000e+03
8.6 1.440895e+03 1.412848e+03 1.396657e+03 1.424704e+03
0.3 1.421005e+03 1.379558e+03 1.355932e+03 1.397379e+03
1.3 1.379836e+03 1.404274e+03 1.376375e+03 1.351937e+03
2.3 1.392474e+03 1.400819e+03 1.363238e+03 1.354893e+03
3.3 1.348331e+03 1.392838e+03 1.387198e+03 1.342692e+03
4.3 1.420025e+03 1.410571e+03 1.381609e+03 1.391063e+03
5.3 1.400859e+03 1.379317e+03 1.389457e+03 1.411000e+03
6.3 1.440895e+03 1.412848e+03 1.396657e+03 1.424704e+03
7.3 1.418397e+03 1.378548e+03 1.392173e+03 1.432023e+03
8.3 1.395845e+03 1.413835e+03 1.418022e+03 1.400032e+03
1.0 1.348331e+03 1.392838e+03 1.387198e+03 1.342692e+03
2.0 1.420025e+03 1.410571e+03 1.381609e+03 1.391063e+03
3.0 1.400859e+03 1.379317e+03 1.389457e+03 1.411000e+03
4.0 1.440895e+03 1.412848e+03 1.396657e+03 1.424704e+03
5.0 1.418397e+03 1.378548e+03 1.392173e+03 1.432023e+03
6.0 1.395845e+03 1.413835e+03 1.418022e+03 1.400032e+03
0.6 1.400859e+03 1.379317e+03 1.389457e+03 1.411000e+03
1.6 1.440895e+03 1.412848e+03 1.396657e+03 1.424704e+03
2.6 1.418397e+03 1.378548e+03 1.392173e+03 1.432023e+03
3.6 1.395845e+03 1.413835e+03 1.418022e+03 1.400032e+03
0.3 1.418397e+03 1.378548e+03 1.392173e+03 1.432023e+03
1.3 1.395845e+03 1.413835e+03 1.418022e+03 1.400032e+03
