0.5 9.472681e+03 9.433761e+03 9.454184e+03 9.493104e+03
1.5 9.416933e+03 9.419441e+03 9.451183e+03 9.448675e+03
2.5 9.408284e+03 9.398218e+03 9.451105e+03 9.461170e+03
3.5 9.411086e+03 9.432828e+03 9.451177e+03 9.429434e+03
4.5 9.404575e+03 9.441444e+03 9.450622e+03 9.413752e+03
5.5 9.442776e+03 9.468246e+03 9.451483e+03 9.426014e+03
6.5 9.434925e+03 9.462439e+03 9.450618e+03 9.423104e+03
7.5 9.380908e+03 9.463007e+03 9.451608e+03 9.369510e+03
8.5 9.404755e+03 9.463574e+03 9.450686e+03 9.391867e+03
0.2 9.408284e+03 9.398218e+03 9.451105e+03 9.461170e+03
1.2 9.411086e+03 9.432828e+03 9.451177e+03 9.429434e+03
2.2 9.404575e+03 9.441444e+03 9.450622e+03 9.413752e+03
3.2 9.442776e+03 9.468246e+03 9.451483e+03 9.426014e+03
4.2 9.434925e+03 9.462439e+03 9.450618e+03 9.423104e+03
5.2 9.380908e+03 9.463007e+03 9.451608e+03 9.369510e+03
6.2 9.404755e+03 9.463574e+03 9.450686e+03 9.391867e+03
7.2 9.482350e+03 9.452867e+03 9.451146e+03 9.480629e+03
8.2 9.456779e+03 9.463970e+03 9.450859e+03 9.443667e+03
0.9 9.442776e+03 9.468246e+03 9.451483e+03 9.426014e+03
1.9 9.434925e+03 9.462439e+03 9.450618e+03 9.423104e+03
2.9 9.380908e+03 9.463007e+03 9.451608e+03 9.369510e+03
3.9 9.404755e+03 9.463574e+03 9.450686e+03 9.391867e+03
4.9 9.482350e+03 9.452867e+03 9.451146e+03 9.480629e+03
5.9 9.456779e+03 9.463970e+03 9.450859e+03 9.443667e+03
6.9 9.467939e+03 9.448186e+03 9.450454e+03 9.470207e+03
7.9 9.467027e+03 9.461488e+03 9.451135e+03 9.456674e+03
8.9 9.429860e+03 9.450206e+03 9.450356e+03 9.430010e+03
0.6 9.380908e+03 9.463007e+03 9.451608e+03 9.369510e+03
1.6 9.404755e+03 9.463574e+03 9.450686e+03 9.391867e+03
2.6 9.482350e+03 9.452867e+03 9.451146e+03 9.480629e+03
3.6 9.456779e+03 9.463970e+03 9.450859e+03 9.443667e+03
4.6 9.467939e+03 9.448186e+03 9.450454e+03 9.470207e+03
5.6 9.467027e+03 9.461488e+03 9.451135e+03 9.456674e+03
6.6 9.429860e+03 9.450206e+03 9.450356e+03 9.430010e+03
7.6 9.437893e+03 9.455695e+03 9.451356e+03 9.433554e+03
8.6 9.472284e+03 9.453507e+03 9.450398e+03 9.469175e+03
0.3 9.482350e+03 9.452867e+03 9.451146e+03 9.480629e+03
1.3 9.456779e+03 9.463970e+03 9.450859e+03 9.443667e+03
2.3 9.467939e+03 9.448186e+03 9.450454e+03 9.470207e+03
3.3 9.467027e+03 9.461488e+03 9.451135e+03 9.456674e+03
4.3 9.429860e+03 9.450206e+03 9.450356e+03 9.430010e+03
5.3 9.437893e+03 9.455695e+03 9.451356e+03 9.433554e+03
6.3 9.472284e+03 9.453507e+03 9.450398e+03 9.469175e+03
7.3 9.495459e+03 9.447352e+03 9.451125e+03 9.499232e+03
8.3 9.461595e+03 9.456250e+03 9.450544e+03 9.455889e+03
1.0 9.467027e+03 9.461488e+03 9.451135e+03 9.456674e+03
2.0 9.429860e+03 9.450206e+03 9.450356e+03 9.430010e+03
3.0 9.437893e+03 9.455695e+03 9.451356e+03 9.433554e+03
4.0 9.472284e+03 9.453507e+03 9.450398e+03 9.469175e+03
5.0 9.495459e+03 9.447352e+03 9.451125e+03 9.499232e+03
6.0 9.461595e+03 9.456250e+03 9.450544e+03 9.455889e+03
7.0 9.418067e+03 9.441725e+03 9.450389e+03 9.426731e+03
8.0 9.436313e+03 9.457641e+03 9.453415e+03 9.432087e+03
9.0 9.535544e+03 9.519164e+03 9.454074e+03 9.470454e+03
0.7 9.437893e+03 9.455695e+03 9.451356e+03 9.433554e+03
1.7 9.472284e+03 9.453507e+03 9.450398e+03 9.469175e+03
2.7 9.495459e+03 9.447352e+03 9.451125e+03 9.499232e+03
3.7 9.461595e+03 9.456250e+03 9.450544e+03 9.455889e+03
4.7 9.418067e+03 9.441725e+03 9.450389e+03 9.426731e+03
5.7 9.436313e+03 9.457641e+03 9.453415e+03 9.432087e+03
6.7 9.535544e+03 9.519164e+03 9.454074e+03 9.470454e+03
7.7 9.574063e+03 9.564989e+03 9.454097e+03 9.463171e+03
8.7 9.577915e+03 9.542601e+03 9.454083e+03 9.489397e+03
0.4 9.495459e+03 9.447352e+03 9.451125e+03 9.499232e+03
1.4 9.461595e+03 9.456250e+03 9.450544e+03 9.455889e+03
2.4 9.418067e+03 9.441725e+03 9.450389e+03 9.426731e+03
3.4 9.436313e+03 9.457641e+03 9.453415e+03 9.432087e+03
4.4 9.535544e+03 9.519164e+03 9.454074e+03 9.470454e+03
5.4 9.574063e+03 9.564989e+03 9.454097e+03 9.463171e+03
6.4 9.577915e+03 9.542601e+03 9.454083e+03 9.489397e+03
7.4 9.496380e+03 9.502597e+03 9.454070e+03 9.447853e+03
8.4 9.467378e+03 9.469558e+03 9.454058e+03 9.451878e+03
0.5 9.450512e+03 9.402705e+03 9.453472e+03 9.501279e+03
1.5 9.429080e+03 9.389967e+03 9.450522e+03 9.489635e+03
2.5 9.419437e+03 9.373588e+03 9.450553e+03 9.496402e+03
3.5 9.436144e+03 9.410657e+03 9.450551e+03 9.476038e+03
4.5 9.430746e+03 9.421058e+03 9.450051e+03 9.459740e+03
5.5 9.424389e+03 9.451789e+03 9.450993e+03 9.423594e+03
6.5 9.477859e+03 9.446281e+03 9.450098e+03 9.481677e+03
7.5 9.497680e+03 9.447157e+03 9.451113e+03 9.501636e+03
8.5 9.482690e+03 9.449203e+03 9.450222e+03 9.483709e+03
0.2 9.419437e+03 9.373588e+03 9.450553e+03 9.496402e+03
1.2 9.436144e+03 9.410657e+03 9.450551e+03 9.476038e+03
2.2 9.430746e+03 9.421058e+03 9.450051e+03 9.459740e+03
3.2 9.424389e+03 9.451789e+03 9.450993e+03 9.423594e+03
4.2 9.477859e+03 9.446281e+03 9.450098e+03 9.481677e+03
5.2 9.497680e+03 9.447157e+03 9.451113e+03 9.501636e+03
6.2 9.482690e+03 9.449203e+03 9.450222e+03 9.483709e+03
7.2 9.482728e+03 9.440026e+03 9.450683e+03 9.493386e+03
8.2 9.490191e+03 9.451196e+03 9.450405e+03 9.489400e+03
0.9 9.424389e+03 9.451789e+03 9.450993e+03 9.423594e+03
1.9 9.477859e+03 9.446281e+03 9.450098e+03 9.481677e+03
2.9 9.497680e+03 9.447157e+03 9.451113e+03 9.501636e+03
3.9 9.482690e+03 9.449203e+03 9.450222e+03 9.483709e+03
4.9 9.482728e+03 9.440026e+03 9.450683e+03 9.493386e+03
5.9 9.490191e+03 9.451196e+03 9.450405e+03 9.489400e+03
6.9 9.467748e+03 9.438710e+03 9.450112e+03 9.479150e+03
7.9 9.456306e+03 9.457876e+03 9.450937e+03 9.449367e+03
8.9 9.443649e+03 9.445453e+03 9.450067e+03 9.448262e+03
0.6 9.497680e+03 9.447157e+03 9.451113e+03 9.501636e+03
1.6 9.482690e+03 9.449203e+03 9.450222e+03 9.483709e+03
2.6 9.482728e+03 9.440026e+03 9.450683e+03 9.493386e+03
3.6 9.490191e+03 9.451196e+03 9.450405e+03 9.489400e+03
4.6 9.467748e+03 9.438710e+03 9.450112e+03 9.479150e+03
5.6 9.456306e+03 9.457876e+03 9.450937e+03 9.449367e+03
6.6 9.443649e+03 9.445453e+03 9.450067e+03 9.448262e+03
7.6 9.455667e+03 9.448252e+03 9.451093e+03 9.458508e+03
8.6 9.444036e+03 9.447109e+03 9.450166e+03 9.447093e+03
0.3 9.482728e+03 9.440026e+03 9.450683e+03 9.493386e+03
1.3 9.490191e+03 9.451196e+03 9.450405e+03 9.489400e+03
2.3 9.467748e+03 9.438710e+03 9.450112e+03 9.479150e+03
3.3 9.456306e+03 9.457876e+03 9.450937e+03 9.449367e+03
4.3 9.443649e+03 9.445453e+03 9.450067e+03 9.448262e+03
5.3 9.455667e+03 9.448252e+03 9.451093e+03 9.458508e+03
6.3 9.444036e+03 9.447109e+03 9.450166e+03 9.447093e+03
7.3 9.448057e+03 9.440917e+03 9.450861e+03 9.458001e+03
8.3 9.481558e+03 9.452036e+03 9.450373e+03 9.479895e+03
0.9 9.456306e+03 9.457876e+03 9.450937e+03 9.449367e+03
1.9 9.443649e+03 9.445453e+03 9.450067e+03 9.448262e+03
2.9 9.455667e+03 9.448252e+03 9.451093e+03 9.458508e+03
3.9 9.444036e+03 9.447109e+03 9.450166e+03 9.447093e+03
4.9 9.448057e+03 9.440917e+03 9.450861e+03 9.458001e+03
5.9 9.481558e+03 9.452036e+03 9.450373e+03 9.479895e+03
6.9 9.455596e+03 9.438332e+03 9.450173e+03 9.467438e+03
7.9 9.446093e+03 9.453637e+03 9.453220e+03 9.445677e+03
8.9 9.461771e+03 9.514601e+03 9.453940e+03 9.401110e+03
0.7 9.455667e+03 9.448252e+03 9.451093e+03 9.458508e+03
1.7 9.444036e+03 9.447109e+03 9.450166e+03 9.447093e+03
2.7 9.448057e+03 9.440917e+03 9.450861e+03 9.458001e+03
3.7 9.481558e+03 9.452036e+03 9.450373e+03 9.479895e+03
4.7 9.455596e+03 9.438332e+03 9.450173e+03 9.467438e+03
5.7 9.446093e+03 9.453637e+03 9.453220e+03 9.445677e+03
6.7 9.461771e+03 9.514601e+03 9.453940e+03 9.401110e+03
7.7 9.519114e+03 9.562872e+03 9.453983e+03 9.410225e+03
8.7 9.544689e+03 9.541746e+03 9.453983e+03 9.456926e+03
0.3 9.448057e+03 9.440917e+03 9.450861e+03 9.458001e+03
1.3 9.481558e+03 9.452036e+03 9.450373e+03 9.479895e+03
2.3 9.455596e+03 9.438332e+03 9.450173e+03 9.467438e+03
3.3 9.446093e+03 9.453637e+03 9.453220e+03 9.445677e+03
4.3 9.461771e+03 9.514601e+03 9.453940e+03 9.401110e+03
5.3 9.519114e+03 9.562872e+03 9.453983e+03 9.410225e+03
6.3 9.544689e+03 9.541746e+03 9.453983e+03 9.456926e+03
7.3 9.558975e+03 9.502080e+03 9.453983e+03 9.510878e+03
8.3 9.465462e+03 9.468936e+03 9.453983e+03 9.450509e+03
0.5 9.378264e+03 9.401366e+03 9.453352e+03 9.430250e+03
1.5 9.411120e+03 9.387742e+03 9.450453e+03 9.473832e+03
2.5 9.418889e+03 9.373917e+03 9.450599e+03 9.495571e+03
3.5 9.395849e+03 9.412977e+03 9.450559e+03 9.433432e+03
4.5 9.364499e+03 9.421719e+03 9.450034e+03 9.392814e+03
5.5 9.374993e+03 9.454475e+03 9.451164e+03 9.371682e+03
6.5 9.392376e+03 9.447865e+03 9.450117e+03 9.394627e+03
7.5 9.406506e+03 9.444843e+03 9.451168e+03 9.412832e+03
8.5 9.409249e+03 9.449800e+03 9.450284e+03 9.409733e+03
0.2 9.418889e+03 9.373917e+03 9.450599e+03 9.495571e+03
1.2 9.395849e+03 9.412977e+03 9.450559e+03 9.433432e+03
2.2 9.364499e+03 9.421719e+03 9.450034e+03 9.392814e+03
3.2 9.374993e+03 9.454475e+03 9.451164e+03 9.371682e+03
4.2 9.392376e+03 9.447865e+03 9.450117e+03 9.394627e+03
5.2 9.406506e+03 9.444843e+03 9.451168e+03 9.412832e+03
6.2 9.409249e+03 9.449800e+03 9.450284e+03 9.409733e+03
7.2 9.438348e+03 9.437436e+03 9.450531e+03 9.451443e+03
8.2 9.448439e+03 9.452218e+03 9.450545e+03 9.446767e+03
0.8 9.374993e+03 9.454475e+03 9.451164e+03 9.371682e+03
1.8 9.392376e+03 9.447865e+03 9.450117e+03 9.394627e+03
2.8 9.406506e+03 9.444843e+03 9.451168e+03 9.412832e+03
3.8 9.409249e+03 9.449800e+03 9.450284e+03 9.409733e+03
4.8 9.438348e+03 9.437436e+03 9.450531e+03 9.451443e+03
5.8 9.448439e+03 9.452218e+03 9.450545e+03 9.446767e+03
6.8 9.463253e+03 9.439096e+03 9.450051e+03 9.474208e+03
7.8 9.476706e+03 9.452699e+03 9.450907e+03 9.474914e+03
8.8 9.450305e+03 9.444800e+03 9.450095e+03 9.455600e+03
0.5 9.406506e+03 9.444843e+03 9.451168e+03 9.412832e+03
1.5 9.409249e+03 9.449800e+03 9.450284e+03 9.409733e+03
2.5 9.438348e+03 9.437436e+03 9.450531e+03 9.451443e+03
3.5 9.448439e+03 9.452218e+03 9.450545e+03 9.446767e+03
4.5 9.463253e+03 9.439096e+03 9.450051e+03 9.474208e+03
5.5 9.476706e+03 9.452699e+03 9.450907e+03 9.474914e+03
6.5 9.450305e+03 9.444800e+03 9.450095e+03 9.455600e+03
7.5 9.455881e+03 9.448623e+03 9.451130e+03 9.458388e+03
8.5 9.477471e+03 9.450030e+03 9.450228e+03 9.477670e+03
0.2 9.438348e+03 9.437436e+03 9.450531e+03 9.451443e+03
1.2 9.448439e+03 9.452218e+03 9.450545e+03 9.446767e+03
2.2 9.463253e+03 9.439096e+03 9.450051e+03 9.474208e+03
3.2 9.476706e+03 9.452699e+03 9.450907e+03 9.474914e+03
4.2 9.450305e+03 9.444800e+03 9.450095e+03 9.455600e+03
5.2 9.455881e+03 9.448623e+03 9.451130e+03 9.458388e+03
6.2 9.477471e+03 9.450030e+03 9.450228e+03 9.477670e+03
7.2 9.483294e+03 9.441845e+03 9.450798e+03 9.492248e+03
8.2 9.499753e+03 9.453809e+03 9.450468e+03 9.496412e+03
0.9 9.476706e+03 9.452699e+03 9.450907e+03 9.474914e+03
1.9 9.450305e+03 9.444800e+03 9.450095e+03 9.455600e+03
2.9 9.455881e+03 9.448623e+03 9.451130e+03 9.458388e+03
3.9 9.477471e+03 9.450030e+03 9.450228e+03 9.477670e+03
4.9 9.483294e+03 9.441845e+03 9.450798e+03 9.492248e+03
5.9 9.499753e+03 9.453809e+03 9.450468e+03 9.496412e+03
6.9 9.485665e+03 9.439470e+03 9.450157e+03 9.496352e+03
7.9 9.501716e+03 9.452522e+03 9.453188e+03 9.502382e+03
8.9 9.526798e+03 9.511598e+03 9.454009e+03 9.469208e+03
0.6 9.455881e+03 9.448623e+03 9.451130e+03 9.458388e+03
1.6 9.477471e+03 9.450030e+03 9.450228e+03 9.477670e+03
2.6 9.483294e+03 9.441845e+03 9.450798e+03 9.492248e+03
3.6 9.499753e+03 9.453809e+03 9.450468e+03 9.496412e+03
4.6 9.485665e+03 9.439470e+03 9.450157e+03 9.496352e+03
5.6 9.501716e+03 9.452522e+03 9.453188e+03 9.502382e+03
6.6 9.526798e+03 9.511598e+03 9.454009e+03 9.469208e+03
7.6 9.596607e+03 9.564058e+03 9.454071e+03 9.486621e+03
8.6 9.601210e+03 9.545131e+03 9.454086e+03 9.510166e+03
0.3 9.483294e+03 9.441845e+03 9.450798e+03 9.492248e+03
1.3 9.499753e+03 9.453809e+03 9.450468e+03 9.496412e+03
2.3 9.485665e+03 9.439470e+03 9.450157e+03 9.496352e+03
3.3 9.501716e+03 9.452522e+03 9.453188e+03 9.502382e+03
4.3 9.526798e+03 9.511598e+03 9.454009e+03 9.469208e+03
5.3 9.596607e+03 9.564058e+03 9.454071e+03 9.486621e+03
6.3 9.601210e+03 9.545131e+03 9.454086e+03 9.510166e+03
7.3 9.462138e+03 9.505851e+03 9.454102e+03 9.410389e+03
8.3 9.410811e+03 9.472290e+03 9.454121e+03 9.392642e+03
0.5 9.366010e+03 9.404664e+03 9.453593e+03 9.414939e+03
1.5 9.339750e+03 9.391414e+03 9.450728e+03 9.399064e+03
2.5 9.325793e+03 9.377907e+03 9.450898e+03 9.398784e+03
3.5 9.354940e+03 9.415552e+03 9.450854e+03 9.390243e+03
4.5 9.381004e+03 9.426222e+03 9.450444e+03 9.405226e+03
5.5 9.420119e+03 9.457772e+03 9.451399e+03 9.413745e+03
6.5 9.429446e+03 9.451671e+03 9.450587e+03 9.428362e+03
7.5 9.437939e+03 9.454874e+03 9.451764e+03 9.434829e+03
8.5 9.415911e+03 9.457209e+03 9.450863e+03 9.409565e+03
0.2 9.325793e+03 9.377907e+03 9.450898e+03 9.398784e+03
1.2 9.354940e+03 9.415552e+03 9.450854e+03 9.390243e+03
2.2 9.381004e+03 9.426222e+03 9.450444e+03 9.405226e+03
3.2 9.420119e+03 9.457772e+03 9.451399e+03 9.413745e+03
4.2 9.429446e+03 9.451671e+03 9.450587e+03 9.428362e+03
5.2 9.437939e+03 9.454874e+03 9.451764e+03 9.434829e+03
6.2 9.415911e+03 9.457209e+03 9.450863e+03 9.409565e+03
7.2 9.404814e+03 9.447085e+03 9.451413e+03 9.409142e+03
8.2 9.447655e+03 9.459932e+03 9.451232e+03 9.438955e+03
0.9 9.420119e+03 9.457772e+03 9.451399e+03 9.413745e+03
1.9 9.429446e+03 9.451671e+03 9.450587e+03 9.428362e+03
2.9 9.437939e+03 9.454874e+03 9.451764e+03 9.434829e+03
3.9 9.415911e+03 9.457209e+03 9.450863e+03 9.409565e+03
4.9 9.404814e+03 9.447085e+03 9.451413e+03 9.409142e+03
5.9 9.447655e+03 9.459932e+03 9.451232e+03 9.438955e+03
6.9 9.487409e+03 9.446161e+03 9.450938e+03 9.492187e+03
7.9 9.504436e+03 9.463046e+03 9.451818e+03 9.493208e+03
8.9 9.494182e+03 9.452693e+03 9.451080e+03 9.492569e+03
0.6 9.437939e+03 9.454874e+03 9.451764e+03 9.434829e+03
1.6 9.415911e+03 9.457209e+03 9.450863e+03 9.409565e+03
2.6 9.404814e+03 9.447085e+03 9.451413e+03 9.409142e+03
3.6 9.447655e+03 9.459932e+03 9.451232e+03 9.438955e+03
4.6 9.487409e+03 9.446161e+03 9.450938e+03 9.492187e+03
5.6 9.504436e+03 9.463046e+03 9.451818e+03 9.493208e+03
6.6 9.494182e+03 9.452693e+03 9.451080e+03 9.492569e+03
7.6 9.488758e+03 9.457328e+03 9.452197e+03 9.483627e+03
8.6 9.477196e+03 9.456974e+03 9.451359e+03 9.471581e+03
0.3 9.404814e+03 9.447085e+03 9.451413e+03 9.409142e+03
1.3 9.447655e+03 9.459932e+03 9.451232e+03 9.438955e+03
2.3 9.487409e+03 9.446161e+03 9.450938e+03 9.492187e+03
3.3 9.504436e+03 9.463046e+03 9.451818e+03 9.493208e+03
4.3 9.494182e+03 9.452693e+03 9.451080e+03 9.492569e+03
5.3 9.488758e+03 9.457328e+03 9.452197e+03 9.483627e+03
6.3 9.477196e+03 9.456974e+03 9.451359e+03 9.471581e+03
7.3 9.456861e+03 9.451490e+03 9.452223e+03 9.457594e+03
8.3 9.470341e+03 9.465636e+03 9.451847e+03 9.456552e+03
1.0 9.504436e+03 9.463046e+03 9.451818e+03 9.493208e+03
2.0 9.494182e+03 9.452693e+03 9.451080e+03 9.492569e+03
3.0 9.488758e+03 9.457328e+03 9.452197e+03 9.483627e+03
4.0 9.477196e+03 9.456974e+03 9.451359e+03 9.471581e+03
5.0 9.456861e+03 9.451490e+03 9.452223e+03 9.457594e+03
6.0 9.470341e+03 9.465636e+03 9.451847e+03 9.456552e+03
0.6 9.488758e+03 9.457328e+03 9.452197e+03 9.483627e+03
1.6 9.477196e+03 9.456974e+03 9.451359e+03 9.471581e+03
2.6 9.456861e+03 9.451490e+03 9.452223e+03 9.457594e+03
3.6 9.470341e+03 9.465636e+03 9.451847e+03 9.456552e+03
0.3 9.456861e+03 9.451490e+03 9.452223e+03 9.457594e+03
1.3 9.470341e+03 9.465636e+03 9.451847e+03 9.456552e+03
