0.5 8.114903e+03 8.073554e+03 7.994511e+03 8.035861e+03
1.5 8.085670e+03 8.075386e+03 8.007280e+03 8.017564e+03
2.5 8.095147e+03 8.082073e+03 8.049936e+03 8.063009e+03
3.5 8.086949e+03 8.124336e+03 8.095021e+03 8.057633e+03
4.5 8.086540e+03 8.122410e+03 8.131714e+03 8.095843e+03
5.5 8.119871e+03 8.120808e+03 8.156225e+03 8.155288e+03
6.5 8.106990e+03 8.110875e+03 8.165589e+03 8.161704e+03
7.5 8.069088e+03 8.092728e+03 8.167459e+03 8.143820e+03
8.5 8.076992e+03 8.108622e+03 8.165003e+03 8.133373e+03
0.2 8.095147e+03 8.082073e+03 8.049936e+03 8.063009e+03
1.2 8.086949e+03 8.124336e+03 8.095021e+03 8.057633e+03
2.2 8.086540e+03 8.122410e+03 8.131714e+03 8.095843e+03
3.2 8.119871e+03 8.120808e+03 8.156225e+03 8.155288e+03
4.2 8.106990e+03 8.110875e+03 8.165589e+03 8.161704e+03
5.2 8.069088e+03 8.092728e+03 8.167459e+03 8.143820e+03
6.2 8.076992e+03 8.108622e+03 8.165003e+03 8.133373e+03
7.2 8.139153e+03 8.086727e+03 8.166298e+03 8.218724e+03
8.2 8.086496e+03 8.106658e+03 8.164295e+03 8.144134e+03
0.9 8.119871e+03 8.120808e+03 8.156225e+03 8.155288e+03
1.9 8.106990e+03 8.110875e+03 8.165589e+03 8.161704e+03
2.9 8.069088e+03 8.092728e+03 8.167459e+03 8.143820e+03
3.9 8.076992e+03 8.108622e+03 8.165003e+03 8.133373e+03
4.9 8.139153e+03 8.086727e+03 8.166298e+03 8.218724e+03
5.9 8.086496e+03 8.106658e+03 8.164295e+03 8.144134e+03
6.9 8.106507e+03 8.091447e+03 8.165200e+03 8.180261e+03
7.9 8.107268e+03 8.098836e+03 8.164566e+03 8.172998e+03
8.9 8.081428e+03 8.095692e+03 8.164705e+03 8.150440e+03
0.6 8.069088e+03 8.092728e+03 8.167459e+03 8.143820e+03
1.6 8.076992e+03 8.108622e+03 8.165003e+03 8.133373e+03
2.6 8.139153e+03 8.086727e+03 8.166298e+03 8.218724e+03
3.6 8.086496e+03 8.106658e+03 8.164295e+03 8.144134e+03
4.6 8.106507e+03 8.091447e+03 8.165200e+03 8.180261e+03
5.6 8.107268e+03 8.098836e+03 8.164566e+03 8.172998e+03
6.6 8.081428e+03 8.095692e+03 8.164705e+03 8.150440e+03
7.6 8.082366e+03 8.086977e+03 8.166017e+03 8.161407e+03
8.6 8.107132e+03 8.099088e+03 8.165135e+03 8.173179e+03
0.3 8.139153e+03 8.086727e+03 8.166298e+03 8.218724e+03
1.3 8.086496e+03 8.106658e+03 8.164295e+03 8.144134e+03
2.3 8.106507e+03 8.091447e+03 8.165200e+03 8.180261e+03
3.3 8.107268e+03 8.098836e+03 8.164566e+03 8.172998e+03
4.3 8.081428e+03 8.095692e+03 8.164705e+03 8.150440e+03
5.3 8.082366e+03 8.086977e+03 8.166017e+03 8.161407e+03
6.3 8.107132e+03 8.099088e+03 8.165135e+03 8.173179e+03
7.3 8.146762e+03 8.078668e+03 8.167508e+03 8.235602e+03
8.3 8.107171e+03 8.099885e+03 8.166213e+03 8.173500e+03
1.0 8.107268e+03 8.098836e+03 8.164566e+03 8.172998e+03
2.0 8.081428e+03 8.095692e+03 8.164705e+03 8.150440e+03
3.0 8.082366e+03 8.086977e+03 8.166017e+03 8.161407e+03
4.0 8.107132e+03 8.099088e+03 8.165135e+03 8.173179e+03
5.0 8.146762e+03 8.078668e+03 8.167508e+03 8.235602e+03
6.0 8.107171e+03 8.099885e+03 8.166213e+03 8.173500e+03
7.0 8.071794e+03 8.082127e+03 8.168137e+03 8.157803e+03
8.0 8.078104e+03 8.073198e+03 8.161351e+03 8.166256e+03
9.0 8.099113e+03 8.102432e+03 8.126818e+03 8.123499e+03
0.7 8.082366e+03 8.086977e+03 8.166017e+03 8.161407e+03
1.7 8.107132e+03 8.099088e+03 8.165135e+03 8.173179e+03
2.7 8.146762e+03 8.078668e+03 8.167508e+03 8.235602e+03
3.7 8.107171e+03 8.099885e+03 8.166213e+03 8.173500e+03
4.7 8.071794e+03 8.082127e+03 8.168137e+03 8.157803e+03
5.7 8.078104e+03 8.073198e+03 8.161351e+03 8.166256e+03
6.7 8.099113e+03 8.102432e+03 8.126818e+03 8.123499e+03
7.7 8.209209e+03 8.202796e+03 8.077226e+03 8.083639e+03
8.7 8.245865e+03 8.252938e+03 8.034818e+03 8.027745e+03
0.4 8.146762e+03 8.078668e+03 8.167508e+03 8.235602e+03
1.4 8.107171e+03 8.099885e+03 8.166213e+03 8.173500e+03
2.4 8.071794e+03 8.082127e+03 8.168137e+03 8.157803e+03
3.4 8.078104e+03 8.073198e+03 8.161351e+03 8.166256e+03
4.4 8.099113e+03 8.102432e+03 8.126818e+03 8.123499e+03
5.4 8.209209e+03 8.202796e+03 8.077226e+03 8.083639e+03
6.4 8.245865e+03 8.252938e+03 8.034818e+03 8.027745e+03
7.4 8.137670e+03 8.224521e+03 8.004140e+03 7.917289e+03
8.4 8.110985e+03 8.174802e+03 7.986663e+03 7.922846e+03
0.5 8.081071e+03 8.046136e+03 7.983690e+03 8.018626e+03
1.5 8.067121e+03 8.047488e+03 8.000788e+03 8.020422e+03
2.5 8.054614e+03 8.057451e+03 8.046971e+03 8.044134e+03
3.5 8.085624e+03 8.103215e+03 8.094412e+03 8.076822e+03
4.5 8.063087e+03 8.102041e+03 8.133125e+03 8.094171e+03
5.5 8.060905e+03 8.103988e+03 8.158700e+03 8.115617e+03
6.5 8.094364e+03 8.094748e+03 8.168457e+03 8.168073e+03
7.5 8.106550e+03 8.076321e+03 8.171161e+03 8.201389e+03
8.5 8.097910e+03 8.093280e+03 8.169842e+03 8.174472e+03
0.2 8.054614e+03 8.057451e+03 8.046971e+03 8.044134e+03
1.2 8.085624e+03 8.103215e+03 8.094412e+03 8.076822e+03
2.2 8.063087e+03 8.102041e+03 8.133125e+03 8.094171e+03
3.2 8.060905e+03 8.103988e+03 8.158700e+03 8.115617e+03
4.2 8.094364e+03 8.094748e+03 8.168457e+03 8.168073e+03
5.2 8.106550e+03 8.076321e+03 8.171161e+03 8.201389e+03
6.2 8.097910e+03 8.093280e+03 8.169842e+03 8.174472e+03
7.2 8.112748e+03 8.073079e+03 8.172033e+03 8.211702e+03
8.2 8.101587e+03 8.092443e+03 8.171397e+03 8.180541e+03
0.9 8.060905e+03 8.103988e+03 8.158700e+03 8.115617e+03
1.9 8.094364e+03 8.094748e+03 8.168457e+03 8.168073e+03
2.9 8.106550e+03 8.076321e+03 8.171161e+03 8.201389e+03
3.9 8.097910e+03 8.093280e+03 8.169842e+03 8.174472e+03
4.9 8.112748e+03 8.073079e+03 8.172033e+03 8.211702e+03
5.9 8.101587e+03 8.092443e+03 8.171397e+03 8.180541e+03
6.9 8.084948e+03 8.079550e+03 8.173363e+03 8.178760e+03
7.9 8.071313e+03 8.092994e+03 8.171790e+03 8.150109e+03
8.9 8.063697e+03 8.090615e+03 8.170002e+03 8.143083e+03
0.6 8.106550e+03 8.076321e+03 8.171161e+03 8.201389e+03
1.6 8.097910e+03 8.093280e+03 8.169842e+03 8.174472e+03
2.6 8.112748e+03 8.073079e+03 8.172033e+03 8.211702e+03
3.6 8.101587e+03 8.092443e+03 8.171397e+03 8.180541e+03
4.6 8.084948e+03 8.079550e+03 8.173363e+03 8.178760e+03
5.6 8.071313e+03 8.092994e+03 8.171790e+03 8.150109e+03
6.6 8.063697e+03 8.090615e+03 8.170002e+03 8.143083e+03
7.6 8.068734e+03 8.078309e+03 8.170598e+03 8.161022e+03
8.6 8.050450e+03 8.091494e+03 8.169478e+03 8.128435e+03
0.3 8.112748e+03 8.073079e+03 8.172033e+03 8.211702e+03
1.3 8.101587e+03 8.092443e+03 8.171397e+03 8.180541e+03
2.3 8.084948e+03 8.079550e+03 8.173363e+03 8.178760e+03
3.3 8.071313e+03 8.092994e+03 8.171790e+03 8.150109e+03
4.3 8.063697e+03 8.090615e+03 8.170002e+03 8.143083e+03
5.3 8.068734e+03 8.078309e+03 8.170598e+03 8.161022e+03
6.3 8.050450e+03 8.091494e+03 8.169478e+03 8.128435e+03
7.3 8.050057e+03 8.071569e+03 8.171887e+03 8.150376e+03
8.3 8.069034e+03 8.094232e+03 8.170918e+03 8.145720e+03
0.9 8.071313e+03 8.092994e+03 8.171790e+03 8.150109e+03
1.9 8.063697e+03 8.090615e+03 8.170002e+03 8.143083e+03
2.9 8.068734e+03 8.078309e+03 8.170598e+03 8.161022e+03
3.9 8.050450e+03 8.091494e+03 8.169478e+03 8.128435e+03
4.9 8.050057e+03 8.071569e+03 8.171887e+03 8.150376e+03
5.9 8.069034e+03 8.094232e+03 8.170918e+03 8.145720e+03
6.9 8.056308e+03 8.078323e+03 8.172755e+03 8.150739e+03
7.9 8.038258e+03 8.068942e+03 8.166112e+03 8.135428e+03
8.9 8.035696e+03 8.097445e+03 8.131818e+03 8.070069e+03
0.7 8.068734e+03 8.078309e+03 8.170598e+03 8.161022e+03
1.7 8.050450e+03 8.091494e+03 8.169478e+03 8.128435e+03
2.7 8.050057e+03 8.071569e+03 8.171887e+03 8.150376e+03
3.7 8.069034e+03 8.094232e+03 8.170918e+03 8.145720e+03
4.7 8.056308e+03 8.078323e+03 8.172755e+03 8.150739e+03
5.7 8.038258e+03 8.068942e+03 8.166112e+03 8.135428e+03
6.7 8.035696e+03 8.097445e+03 8.131818e+03 8.070069e+03
7.7 8.111284e+03 8.197434e+03 8.081912e+03 7.995762e+03
8.7 8.323906e+03 8.250357e+03 8.038805e+03 8.112354e+03
0.3 8.050057e+03 8.071569e+03 8.171887e+03 8.150376e+03
1.3 8.069034e+03 8.094232e+03 8.170918e+03 8.145720e+03
2.3 8.056308e+03 8.078323e+03 8.172755e+03 8.150739e+03
3.3 8.038258e+03 8.068942e+03 8.166112e+03 8.135428e+03
4.3 8.035696e+03 8.097445e+03 8.131818e+03 8.070069e+03
5.3 8.111284e+03 8.197434e+03 8.081912e+03 7.995762e+03
6.3 8.323906e+03 8.250357e+03 8.038805e+03 8.112354e+03
7.3 8.381609e+03 8.223540e+03 8.007487e+03 8.165556e+03
8.3 8.241055e+03 8.174194e+03 7.989296e+03 8.056157e+03
0.5 8.065968e+03 8.045376e+03 7.985192e+03 8.005784e+03
1.5 8.095952e+03 8.044534e+03 8.002877e+03 8.054295e+03
2.5 8.121021e+03 8.056014e+03 8.049366e+03 8.114373e+03
3.5 8.099104e+03 8.105422e+03 8.095844e+03 8.089526e+03
4.5 8.058167e+03 8.102870e+03 8.133551e+03 8.088847e+03
5.5 8.070243e+03 8.105042e+03 8.158131e+03 8.123332e+03
6.5 8.072856e+03 8.097477e+03 8.166067e+03 8.141446e+03
7.5 8.084908e+03 8.073444e+03 8.168476e+03 8.179940e+03
8.5 8.090209e+03 8.094176e+03 8.167141e+03 8.163174e+03
0.2 8.121021e+03 8.056014e+03 8.049366e+03 8.114373e+03
1.2 8.099104e+03 8.105422e+03 8.095844e+03 8.089526e+03
2.2 8.058167e+03 8.102870e+03 8.133551e+03 8.088847e+03
3.2 8.070243e+03 8.105042e+03 8.158131e+03 8.123332e+03
4.2 8.072856e+03 8.097477e+03 8.166067e+03 8.141446e+03
5.2 8.084908e+03 8.073444e+03 8.168476e+03 8.179940e+03
6.2 8.090209e+03 8.094176e+03 8.167141e+03 8.163174e+03
7.2 8.114630e+03 8.073000e+03 8.169447e+03 8.211077e+03
8.2 8.110763e+03 8.092542e+03 8.169120e+03 8.187340e+03
0.8 8.070243e+03 8.105042e+03 8.158131e+03 8.123332e+03
1.8 8.072856e+03 8.097477e+03 8.166067e+03 8.141446e+03
2.8 8.084908e+03 8.073444e+03 8.168476e+03 8.179940e+03
3.8 8.090209e+03 8.094176e+03 8.167141e+03 8.163174e+03
4.8 8.114630e+03 8.073000e+03 8.169447e+03 8.211077e+03
5.8 8.110763e+03 8.092542e+03 8.169120e+03 8.187340e+03
6.8 8.122402e+03 8.082003e+03 8.170795e+03 8.211194e+03
7.8 8.139918e+03 8.086920e+03 8.170798e+03 8.223797e+03
8.8 8.098243e+03 8.088976e+03 8.170669e+03 8.179936e+03
0.5 8.084908e+03 8.073444e+03 8.168476e+03 8.179940e+03
1.5 8.090209e+03 8.094176e+03 8.167141e+03 8.163174e+03
2.5 8.114630e+03 8.073000e+03 8.169447e+03 8.211077e+03
3.5 8.110763e+03 8.092542e+03 8.169120e+03 8.187340e+03
4.5 8.122402e+03 8.082003e+03 8.170795e+03 8.211194e+03
5.5 8.139918e+03 8.086920e+03 8.170798e+03 8.223797e+03
6.5 8.098243e+03 8.088976e+03 8.170669e+03 8.179936e+03
7.5 8.115703e+03 8.077605e+03 8.171990e+03 8.210089e+03
8.5 8.128207e+03 8.094039e+03 8.170309e+03 8.204477e+03
0.2 8.114630e+03 8.073000e+03 8.169447e+03 8.211077e+03
1.2 8.110763e+03 8.092542e+03 8.169120e+03 8.187340e+03
2.2 8.122402e+03 8.082003e+03 8.170795e+03 8.211194e+03
3.2 8.139918e+03 8.086920e+03 8.170798e+03 8.223797e+03
4.2 8.098243e+03 8.088976e+03 8.170669e+03 8.179936e+03
5.2 8.115703e+03 8.077605e+03 8.171990e+03 8.210089e+03
6.2 8.128207e+03 8.094039e+03 8.170309e+03 8.204477e+03
7.2 8.143894e+03 8.073670e+03 8.172057e+03 8.242281e+03
8.2 8.159456e+03 8.095414e+03 8.170190e+03 8.234232e+03
0.9 8.139918e+03 8.086920e+03 8.170798e+03 8.223797e+03
1.9 8.098243e+03 8.088976e+03 8.170669e+03 8.179936e+03
2.9 8.115703e+03 8.077605e+03 8.171990e+03 8.210089e+03
3.9 8.128207e+03 8.094039e+03 8.170309e+03 8.204477e+03
4.9 8.143894e+03 8.073670e+03 8.172057e+03 8.242281e+03
5.9 8.159456e+03 8.095414e+03 8.170190e+03 8.234232e+03
6.9 8.133364e+03 8.080752e+03 8.171142e+03 8.223755e+03
7.9 8.052228e+03 8.069410e+03 8.165243e+03 8.148061e+03
8.9 8.095279e+03 8.095778e+03 8.132020e+03 8.131520e+03
0.6 8.115703e+03 8.077605e+03 8.171990e+03 8.210089e+03
1.6 8.128207e+03 8.094039e+03 8.170309e+03 8.204477e+03
2.6 8.143894e+03 8.073670e+03 8.172057e+03 8.242281e+03
3.6 8.159456e+03 8.095414e+03 8.170190e+03 8.234232e+03
4.6 8.133364e+03 8.080752e+03 8.171142e+03 8.223755e+03
5.6 8.052228e+03 8.069410e+03 8.165243e+03 8.148061e+03
6.6 8.095279e+03 8.095778e+03 8.132020e+03 8.131520e+03
7.6 8.188685e+03 8.193937e+03 8.081982e+03 8.076730e+03
8.6 8.349785e+03 8.251822e+03 8.037801e+03 8.135764e+03
0.3 8.143894e+03 8.073670e+03 8.172057e+03 8.242281e+03
1.3 8.159456e+03 8.095414e+03 8.170190e+03 8.234232e+03
2.3 8.133364e+03 8.080752e+03 8.171142e+03 8.223755e+03
3.3 8.052228e+03 8.069410e+03 8.165243e+03 8.148061e+03
4.3 8.095279e+03 8.095778e+03 8.132020e+03 8.131520e+03
5.3 8.188685e+03 8.193937e+03 8.081982e+03 8.076730e+03
6.3 8.349785e+03 8.251822e+03 8.037801e+03 8.135764e+03
7.3 8.209177e+03 8.227899e+03 8.005369e+03 7.986648e+03
8.3 8.100102e+03 8.179058e+03 7.985777e+03 7.906822e+03
0.5 8.043539e+03 8.049563e+03 7.977526e+03 7.971502e+03
1.5 8.012720e+03 8.049312e+03 7.993917e+03 7.957325e+03
2.5 8.001548e+03 8.061560e+03 8.038914e+03 7.978902e+03
3.5 8.020244e+03 8.109715e+03 8.084275e+03 7.994804e+03
4.5 8.039662e+03 8.108592e+03 8.120751e+03 8.051821e+03
5.5 8.070677e+03 8.112736e+03 8.143570e+03 8.101510e+03
6.5 8.079799e+03 8.102795e+03 8.150527e+03 8.127530e+03
7.5 8.087533e+03 8.086478e+03 8.150111e+03 8.151167e+03
8.5 8.090044e+03 8.105770e+03 8.145001e+03 8.129275e+03
0.2 8.001548e+03 8.061560e+03 8.038914e+03 7.978902e+03
1.2 8.020244e+03 8.109715e+03 8.084275e+03 7.994804e+03
2.2 8.039662e+03 8.108592e+03 8.120751e+03 8.051821e+03
3.2 8.070677e+03 8.112736e+03 8.143570e+03 8.101510e+03
4.2 8.079799e+03 8.102795e+03 8.150527e+03 8.127530e+03
5.2 8.087533e+03 8.086478e+03 8.150111e+03 8.151167e+03
6.2 8.090044e+03 8.105770e+03 8.145001e+03 8.129275e+03
7.2 8.063552e+03 8.084743e+03 8.143469e+03 8.122278e+03
8.2 8.110453e+03 8.106831e+03 8.138781e+03 8.142403e+03
0.9 8.070677e+03 8.112736e+03 8.143570e+03 8.101510e+03
1.9 8.079799e+03 8.102795e+03 8.150527e+03 8.127530e+03
2.9 8.087533e+03 8.086478e+03 8.150111e+03 8.151167e+03
3.9 8.090044e+03 8.105770e+03 8.145001e+03 8.129275e+03
4.9 8.063552e+03 8.084743e+03 8.143469e+03 8.122278e+03
5.9 8.110453e+03 8.106831e+03 8.138781e+03 8.142403e+03
6.9 8.132681e+03 8.094305e+03 8.136514e+03 8.174891e+03
7.9 8.155051e+03 8.105495e+03 8.131749e+03 8.181305e+03
8.9 8.139708e+03 8.105397e+03 8.126937e+03 8.161248e+03
0.6 8.087533e+03 8.086478e+03 8.150111e+03 8.151167e+03
1.6 8.090044e+03 8.105770e+03 8.145001e+03 8.129275e+03
2.6 8.063552e+03 8.084743e+03 8.143469e+03 8.122278e+03
3.6 8.110453e+03 8.106831e+03 8.138781e+03 8.142403e+03
4.6 8.132681e+03 8.094305e+03 8.136514e+03 8.174891e+03
5.6 8.155051e+03 8.105495e+03 8.131749e+03 8.181305e+03
6.6 8.139708e+03 8.105397e+03 8.126937e+03 8.161248e+03
7.6 8.149610e+03 8.096167e+03 8.123480e+03 8.176923e+03
8.6 8.135529e+03 8.111377e+03 8.117673e+03 8.141825e+03
0.3 8.063552e+03 8.084743e+03 8.143469e+03 8.122278e+03
1.3 8.110453e+03 8.106831e+03 8.138781e+03 8.142403e+03
2.3 8.132681e+03 8.094305e+03 8.136514e+03 8.174891e+03
3.3 8.155051e+03 8.105495e+03 8.131749e+03 8.181305e+03
4.3 8.139708e+03 8.105397e+03 8.126937e+03 8.161248e+03
5.3 8.149610e+03 8.096167e+03 8.123480e+03 8.176923e+03
6.3 8.135529e+03 8.111377e+03 8.117673e+03 8.141825e+03
7.3 8.122018e+03 8.092394e+03 8.114897e+03 8.144521e+03
8.3 8.120813e+03 8.120692e+03 8.107026e+03 8.107147e+03
1.0 8.155051e+03 8.105495e+03 8.131749e+03 8.181305e+03
2.0 8.139708e+03 8.105397e+03 8.126937e+03 8.161248e+03
3.0 8.149610e+03 8.096167e+03 8.123480e+03 8.176923e+03
4.0 8.135529e+03 8.111377e+03 8.117673e+03 8.141825e+03
5.0 8.122018e+03 8.092394e+03 8.114897e+03 8.144521e+03
6.0 8.120813e+03 8.120692e+03 8.107026e+03 8.107147e+03
0.6 8.149610e+03 8.096167e+03 8.123480e+03 8.176923e+03
1.6 8.135529e+03 8.111377e+03 8.117673e+03 8.141825e+03
2.6 8.122018e+03 8.092394e+03 8.114897e+03 8.144521e+03
3.6 8.120813e+03 8.120692e+03 8.107026e+03 8.107147e+03
0.3 8.122018e+03 8.092394e+03 8.114897e+03 8.144521e+03
1.3 8.120813e+03 8.120692e+03 8.107026e+03 8.107147e+03
