0.5 9.786957e+03 9.669925e+03 9.672689e+03 9.789721e+03
1.5 9.699138e+03 9.654509e+03 9.694058e+03 9.738687e+03
2.5 9.643102e+03 9.642010e+03 9.728247e+03 9.729338e+03
3.5 9.627999e+03 9.619496e+03 9.737701e+03 9.746204e+03
4.5 9.643447e+03 9.673250e+03 9.726437e+03 9.696634e+03
5.5 9.637491e+03 9.692319e+03 9.709491e+03 9.654662e+03
6.5 9.674713e+03 9.723934e+03 9.691232e+03 9.642011e+03
7.5 9.671752e+03 9.721060e+03 9.677256e+03 9.627948e+03
0.1 9.669634e+03 9.693244e+03 9.672113e+03 9.648503e+03
1.1 9.695047e+03 9.718391e+03 9.680323e+03 9.656979e+03
2.1 9.808248e+03 9.800604e+03 9.721992e+03 9.729636e+03
3.1 9.828138e+03 9.840715e+03 9.761575e+03 9.748998e+03
4.1 9.862433e+03 9.802260e+03 9.763751e+03 9.823924e+03
5.1 9.749907e+03 9.738391e+03 9.742539e+03 9.754054e+03
6.1 9.717508e+03 9.684768e+03 9.716374e+03 9.749114e+03
7.1 9.690881e+03 9.651173e+03 9.689521e+03 9.729229e+03
0.5 9.708737e+03 9.626369e+03 9.671758e+03 9.754126e+03
1.5 9.702605e+03 9.614881e+03 9.692651e+03 9.780374e+03
2.5 9.680276e+03 9.604721e+03 9.726460e+03 9.802015e+03
3.5 9.667862e+03 9.588545e+03 9.735611e+03 9.814929e+03
4.5 9.694604e+03 9.646493e+03 9.724070e+03 9.772181e+03
5.5 9.694205e+03 9.667860e+03 9.706874e+03 9.733219e+03
6.5 9.685023e+03 9.704465e+03 9.688438e+03 9.668996e+03
7.5 9.746604e+03 9.702235e+03 9.674373e+03 9.718742e+03
0.1 9.741254e+03 9.690541e+03 9.670829e+03 9.721541e+03
1.1 9.733700e+03 9.714052e+03 9.678617e+03 9.698265e+03
2.1 9.750882e+03 9.796408e+03 9.719726e+03 9.674199e+03
3.1 9.809079e+03 9.839245e+03 9.760202e+03 9.730035e+03
4.1 9.860446e+03 9.802318e+03 9.763367e+03 9.821495e+03
5.1 9.765132e+03 9.738819e+03 9.742563e+03 9.768876e+03
6.1 9.635891e+03 9.684890e+03 9.716544e+03 9.667545e+03
7.1 9.546140e+03 9.651043e+03 9.689684e+03 9.584781e+03
0.5 9.541913e+03 9.625868e+03 9.671432e+03 9.587476e+03
1.5 9.543218e+03 9.614070e+03 9.692373e+03 9.621522e+03
2.5 9.593894e+03 9.602386e+03 9.726224e+03 9.717731e+03
3.5 9.610807e+03 9.588992e+03 9.735406e+03 9.757220e+03
4.5 9.603779e+03 9.649872e+03 9.723899e+03 9.677807e+03
5.5 9.571288e+03 9.668960e+03 9.706747e+03 9.609075e+03
6.5 9.590110e+03 9.706856e+03 9.688358e+03 9.571611e+03
7.5 9.617310e+03 9.703939e+03 9.674335e+03 9.587706e+03
0.0 9.731027e+03 9.692270e+03 9.671520e+03 9.710277e+03
1.0 9.762487e+03 9.711448e+03 9.678322e+03 9.729361e+03
2.0 9.815776e+03 9.793236e+03 9.718058e+03 9.740598e+03
3.0 9.872636e+03 9.840881e+03 9.760126e+03 9.791881e+03
4.0 9.868571e+03 9.806707e+03 9.765248e+03 9.827112e+03
5.0 9.667899e+03 9.743692e+03 9.745316e+03 9.669523e+03
6.0 9.598545e+03 9.688963e+03 9.719669e+03 9.629251e+03
7.0 9.649686e+03 9.654478e+03 9.692950e+03 9.688159e+03
0.5 9.606956e+03 9.628478e+03 9.674179e+03 9.652657e+03
1.5 9.579715e+03 9.616929e+03 9.695555e+03 9.658341e+03
2.5 9.555864e+03 9.605493e+03 9.729898e+03 9.680269e+03
3.5 9.538189e+03 9.592331e+03 9.739641e+03 9.685499e+03
4.5 9.583717e+03 9.651301e+03 9.728763e+03 9.661179e+03
5.5 9.619244e+03 9.672285e+03 9.712311e+03 9.659270e+03
6.5 9.656356e+03 9.709781e+03 9.694696e+03 9.641271e+03
7.5 9.678384e+03 9.705967e+03 9.681528e+03 9.653944e+03
