0.5 9.576824e+03 9.593833e+03 9.645742e+03 9.628734e+03
1.5 9.667570e+03 9.623188e+03 9.567675e+03 9.612057e+03
2.5 9.615344e+03 9.640504e+03 9.565654e+03 9.540494e+03
3.5 9.545001e+03 9.593040e+03 9.567522e+03 9.519483e+03
4.5 9.660646e+03 9.576413e+03 9.553086e+03 9.637319e+03
5.5 9.612051e+03 9.572235e+03 9.575501e+03 9.615316e+03
6.5 9.576934e+03 9.560544e+03 9.552985e+03 9.569374e+03
7.5 9.634694e+03 9.587688e+03 9.578752e+03 9.625759e+03
8.5 9.598307e+03 9.560322e+03 9.554769e+03 9.592754e+03
0.2 9.615344e+03 9.640504e+03 9.565654e+03 9.540494e+03
1.2 9.545001e+03 9.593040e+03 9.567522e+03 9.519483e+03
2.2 9.660646e+03 9.576413e+03 9.553086e+03 9.637319e+03
3.2 9.612051e+03 9.572235e+03 9.575501e+03 9.615316e+03
4.2 9.576934e+03 9.560544e+03 9.552985e+03 9.569374e+03
5.2 9.634694e+03 9.587688e+03 9.578752e+03 9.625759e+03
6.2 9.598307e+03 9.560322e+03 9.554769e+03 9.592754e+03
7.2 9.583921e+03 9.588628e+03 9.566722e+03 9.562015e+03
8.2 9.607825e+03 9.564026e+03 9.559247e+03 9.603047e+03
0.9 9.612051e+03 9.572235e+03 9.575501e+03 9.615316e+03
1.9 9.576934e+03 9.560544e+03 9.552985e+03 9.569374e+03
2.9 9.634694e+03 9.587688e+03 9.578752e+03 9.625759e+03
3.9 9.598307e+03 9.560322e+03 9.554769e+03 9.592754e+03
4.9 9.583921e+03 9.588628e+03 9.566722e+03 9.562015e+03
5.9 9.607825e+03 9.564026e+03 9.559247e+03 9.603047e+03
6.9 9.539418e+03 9.575579e+03 9.548732e+03 9.512571e+03
7.9 9.606164e+03 9.575127e+03 9.566434e+03 9.597471e+03
8.9 9.518028e+03 9.569663e+03 9.546167e+03 9.494531e+03
0.6 9.634694e+03 9.587688e+03 9.578752e+03 9.625759e+03
1.6 9.598307e+03 9.560322e+03 9.554769e+03 9.592754e+03
2.6 9.583921e+03 9.588628e+03 9.566722e+03 9.562015e+03
3.6 9.607825e+03 9.564026e+03 9.559247e+03 9.603047e+03
4.6 9.539418e+03 9.575579e+03 9.548732e+03 9.512571e+03
5.6 9.606164e+03 9.575127e+03 9.566434e+03 9.597471e+03
6.6 9.518028e+03 9.569663e+03 9.546167e+03 9.494531e+03
7.6 9.557921e+03 9.589969e+03 9.572196e+03 9.540147e+03
8.6 9.490755e+03 9.566255e+03 9.547272e+03 9.471772e+03
0.3 9.583921e+03 9.588628e+03 9.566722e+03 9.562015e+03
1.3 9.607825e+03 9.564026e+03 9.559247e+03 9.603047e+03
2.3 9.539418e+03 9.575579e+03 9.548732e+03 9.512571e+03
3.3 9.606164e+03 9.575127e+03 9.566434e+03 9.597471e+03
4.3 9.518028e+03 9.569663e+03 9.546167e+03 9.494531e+03
5.3 9.557921e+03 9.589969e+03 9.572196e+03 9.540147e+03
6.3 9.490755e+03 9.566255e+03 9.547272e+03 9.471772e+03
7.3 9.570816e+03 9.595997e+03 9.566179e+03 9.540998e+03
8.3 9.535863e+03 9.566787e+03 9.551053e+03 9.520129e+03
1.0 9.606164e+03 9.575127e+03 9.566434e+03 9.597471e+03
2.0 9.518028e+03 9.569663e+03 9.546167e+03 9.494531e+03
3.0 9.557921e+03 9.589969e+03 9.572196e+03 9.540147e+03
4.0 9.490755e+03 9.566255e+03 9.547272e+03 9.471772e+03
5.0 9.570816e+03 9.595997e+03 9.566179e+03 9.540998e+03
6.0 9.535863e+03 9.566787e+03 9.551053e+03 9.520129e+03
7.0 9.613458e+03 9.583854e+03 9.547031e+03 9.576635e+03
8.0 9.555332e+03 9.589985e+03 9.625743e+03 9.591090e+03
9.0 9.650213e+03 9.584851e+03 9.642893e+03 9.708255e+03
0.7 9.557921e+03 9.589969e+03 9.572196e+03 9.540147e+03
1.7 9.490755e+03 9.566255e+03 9.547272e+03 9.471772e+03
2.7 9.570816e+03 9.595997e+03 9.566179e+03 9.540998e+03
3.7 9.535863e+03 9.566787e+03 9.551053e+03 9.520129e+03
4.7 9.613458e+03 9.583854e+03 9.547031e+03 9.576635e+03
5.7 9.555332e+03 9.589985e+03 9.625743e+03 9.591090e+03
6.7 9.650213e+03 9.584851e+03 9.642893e+03 9.708255e+03
7.7 9.644636e+03 9.553123e+03 9.643489e+03 9.735001e+03
8.7 9.540318e+03 9.514852e+03 9.643120e+03 9.668586e+03
0.4 9.570816e+03 9.595997e+03 9.566179e+03 9.540998e+03
1.4 9.535863e+03 9.566787e+03 9.551053e+03 9.520129e+03
2.4 9.613458e+03 9.583854e+03 9.547031e+03 9.576635e+03
3.4 9.555332e+03 9.589985e+03 9.625743e+03 9.591090e+03
4.4 9.650213e+03 9.584851e+03 9.642893e+03 9.708255e+03
5.4 9.644636e+03 9.553123e+03 9.643489e+03 9.735001e+03
6.4 9.540318e+03 9.514852e+03 9.643120e+03 9.668586e+03
7.4 9.537565e+03 9.528101e+03 9.642765e+03 9.652229e+03
8.4 9.552925e+03 9.556462e+03 9.642465e+03 9.638928e+03
0.5 9.590146e+03 9.611887e+03 9.627226e+03 9.605485e+03
1.5 9.554414e+03 9.642516e+03 9.550481e+03 9.462379e+03
2.5 9.627308e+03 9.657808e+03 9.551297e+03 9.520797e+03
3.5 9.580361e+03 9.605980e+03 9.551250e+03 9.525631e+03
4.5 9.521829e+03 9.589242e+03 9.538249e+03 9.470835e+03
5.5 9.570620e+03 9.582219e+03 9.562755e+03 9.551156e+03
6.5 9.593319e+03 9.569496e+03 9.539476e+03 9.563299e+03
7.5 9.574949e+03 9.597307e+03 9.565869e+03 9.543511e+03
8.5 9.511384e+03 9.569317e+03 9.542686e+03 9.484753e+03
0.2 9.627308e+03 9.657808e+03 9.551297e+03 9.520797e+03
1.2 9.580361e+03 9.605980e+03 9.551250e+03 9.525631e+03
2.2 9.521829e+03 9.589242e+03 9.538249e+03 9.470835e+03
3.2 9.570620e+03 9.582219e+03 9.562755e+03 9.551156e+03
4.2 9.593319e+03 9.569496e+03 9.539476e+03 9.563299e+03
5.2 9.574949e+03 9.597307e+03 9.565869e+03 9.543511e+03
6.2 9.511384e+03 9.569317e+03 9.542686e+03 9.484753e+03
7.2 9.589484e+03 9.596021e+03 9.554689e+03 9.548152e+03
8.2 9.636234e+03 9.572350e+03 9.547461e+03 9.611346e+03
0.9 9.570620e+03 9.582219e+03 9.562755e+03 9.551156e+03
1.9 9.593319e+03 9.569496e+03 9.539476e+03 9.563299e+03
2.9 9.574949e+03 9.597307e+03 9.565869e+03 9.543511e+03
3.9 9.511384e+03 9.569317e+03 9.542686e+03 9.484753e+03
4.9 9.589484e+03 9.596021e+03 9.554689e+03 9.548152e+03
5.9 9.636234e+03 9.572350e+03 9.547461e+03 9.611346e+03
6.9 9.421881e+03 9.582896e+03 9.539817e+03 9.378802e+03
7.9 9.497378e+03 9.577704e+03 9.561281e+03 9.480955e+03
8.9 9.509069e+03 9.570429e+03 9.538653e+03 9.477294e+03
0.6 9.574949e+03 9.597307e+03 9.565869e+03 9.543511e+03
1.6 9.511384e+03 9.569317e+03 9.542686e+03 9.484753e+03
2.6 9.589484e+03 9.596021e+03 9.554689e+03 9.548152e+03
3.6 9.636234e+03 9.572350e+03 9.547461e+03 9.611346e+03
4.6 9.421881e+03 9.582896e+03 9.539817e+03 9.378802e+03
5.6 9.497378e+03 9.577704e+03 9.561281e+03 9.480955e+03
6.6 9.509069e+03 9.570429e+03 9.538653e+03 9.477294e+03
7.6 9.458924e+03 9.594915e+03 9.565338e+03 9.429348e+03
8.6 9.512450e+03 9.570531e+03 9.541226e+03 9.483146e+03
0.3 9.589484e+03 9.596021e+03 9.554689e+03 9.548152e+03
1.3 9.636234e+03 9.572350e+03 9.547461e+03 9.611346e+03
2.3 9.421881e+03 9.582896e+03 9.539817e+03 9.378802e+03
3.3 9.497378e+03 9.577704e+03 9.561281e+03 9.480955e+03
4.3 9.509069e+03 9.570429e+03 9.538653e+03 9.477294e+03
5.3 9.458924e+03 9.594915e+03 9.565338e+03 9.429348e+03
6.3 9.512450e+03 9.570531e+03 9.541226e+03 9.483146e+03
7.3 9.592930e+03 9.599538e+03 9.559308e+03 9.552699e+03
8.3 9.557034e+03 9.569985e+03 9.546612e+03 9.533662e+03
0.9 9.497378e+03 9.577704e+03 9.561281e+03 9.480955e+03
1.9 9.509069e+03 9.570429e+03 9.538653e+03 9.477294e+03
2.9 9.458924e+03 9.594915e+03 9.565338e+03 9.429348e+03
3.9 9.512450e+03 9.570531e+03 9.541226e+03 9.483146e+03
4.9 9.592930e+03 9.599538e+03 9.559308e+03 9.552699e+03
5.9 9.557034e+03 9.569985e+03 9.546612e+03 9.533662e+03
6.9 9.583211e+03 9.584730e+03 9.541425e+03 9.539906e+03
7.9 9.472033e+03 9.592490e+03 9.620677e+03 9.500221e+03
8.9 9.592230e+03 9.585973e+03 9.639394e+03 9.645652e+03
0.7 9.458924e+03 9.594915e+03 9.565338e+03 9.429348e+03
1.7 9.512450e+03 9.570531e+03 9.541226e+03 9.483146e+03
2.7 9.592930e+03 9.599538e+03 9.559308e+03 9.552699e+03
3.7 9.557034e+03 9.569985e+03 9.546612e+03 9.533662e+03
4.7 9.583211e+03 9.584730e+03 9.541425e+03 9.539906e+03
5.7 9.472033e+03 9.592490e+03 9.620677e+03 9.500221e+03
6.7 9.592230e+03 9.585973e+03 9.639394e+03 9.645652e+03
7.7 9.454023e+03 9.555954e+03 9.640508e+03 9.538578e+03
8.7 9.339254e+03 9.516215e+03 9.640527e+03 9.463565e+03
0.3 9.592930e+03 9.599538e+03 9.559308e+03 9.552699e+03
1.3 9.557034e+03 9.569985e+03 9.546612e+03 9.533662e+03
2.3 9.583211e+03 9.584730e+03 9.541425e+03 9.539906e+03
3.3 9.472033e+03 9.592490e+03 9.620677e+03 9.500221e+03
4.3 9.592230e+03 9.585973e+03 9.639394e+03 9.645652e+03
5.3 9.454023e+03 9.555954e+03 9.640508e+03 9.538578e+03
6.3 9.339254e+03 9.516215e+03 9.640527e+03 9.463565e+03
7.3 9.681750e+03 9.528400e+03 9.640516e+03 9.793865e+03
8.3 9.698197e+03 9.556627e+03 9.640516e+03 9.782086e+03
0.5 9.714903e+03 9.611221e+03 9.624108e+03 9.727790e+03
1.5 9.672040e+03 9.644823e+03 9.548699e+03 9.575916e+03
2.5 9.733683e+03 9.659825e+03 9.552507e+03 9.626365e+03
3.5 9.639455e+03 9.603658e+03 9.551460e+03 9.587258e+03
4.5 9.641065e+03 9.588063e+03 9.537788e+03 9.590790e+03
5.5 9.617811e+03 9.582873e+03 9.567203e+03 9.602141e+03
6.5 9.541405e+03 9.566591e+03 9.539946e+03 9.514760e+03
7.5 9.594321e+03 9.600774e+03 9.567306e+03 9.560854e+03
8.5 9.551406e+03 9.568879e+03 9.544308e+03 9.526836e+03
0.2 9.733683e+03 9.659825e+03 9.552507e+03 9.626365e+03
1.2 9.639455e+03 9.603658e+03 9.551460e+03 9.587258e+03
2.2 9.641065e+03 9.588063e+03 9.537788e+03 9.590790e+03
3.2 9.617811e+03 9.582873e+03 9.567203e+03 9.602141e+03
4.2 9.541405e+03 9.566591e+03 9.539946e+03 9.514760e+03
5.2 9.594321e+03 9.600774e+03 9.567306e+03 9.560854e+03
6.2 9.551406e+03 9.568879e+03 9.544308e+03 9.526836e+03
7.2 9.624585e+03 9.594248e+03 9.550733e+03 9.581070e+03
8.2 9.607045e+03 9.573661e+03 9.551095e+03 9.584479e+03
0.8 9.617811e+03 9.582873e+03 9.567203e+03 9.602141e+03
1.8 9.541405e+03 9.566591e+03 9.539946e+03 9.514760e+03
2.8 9.594321e+03 9.600774e+03 9.567306e+03 9.560854e+03
3.8 9.551406e+03 9.568879e+03 9.544308e+03 9.526836e+03
4.8 9.624585e+03 9.594248e+03 9.550733e+03 9.581070e+03
5.8 9.607045e+03 9.573661e+03 9.551095e+03 9.584479e+03
6.8 9.614701e+03 9.579487e+03 9.538243e+03 9.573458e+03
7.8 9.629326e+03 9.583823e+03 9.560517e+03 9.606020e+03
8.8 9.589725e+03 9.572626e+03 9.539392e+03 9.556491e+03
0.5 9.594321e+03 9.600774e+03 9.567306e+03 9.560854e+03
1.5 9.551406e+03 9.568879e+03 9.544308e+03 9.526836e+03
2.5 9.624585e+03 9.594248e+03 9.550733e+03 9.581070e+03
3.5 9.607045e+03 9.573661e+03 9.551095e+03 9.584479e+03
4.5 9.614701e+03 9.579487e+03 9.538243e+03 9.573458e+03
5.5 9.629326e+03 9.583823e+03 9.560517e+03 9.606020e+03
6.5 9.589725e+03 9.572626e+03 9.539392e+03 9.556491e+03
7.5 9.727637e+03 9.596298e+03 9.566307e+03 9.697646e+03
8.5 9.636049e+03 9.568737e+03 9.542848e+03 9.610160e+03
0.2 9.624585e+03 9.594248e+03 9.550733e+03 9.581070e+03
1.2 9.607045e+03 9.573661e+03 9.551095e+03 9.584479e+03
2.2 9.614701e+03 9.579487e+03 9.538243e+03 9.573458e+03
3.2 9.629326e+03 9.583823e+03 9.560517e+03 9.606020e+03
4.2 9.589725e+03 9.572626e+03 9.539392e+03 9.556491e+03
5.2 9.727637e+03 9.596298e+03 9.566307e+03 9.697646e+03
6.2 9.636049e+03 9.568737e+03 9.542848e+03 9.610160e+03
7.2 9.635096e+03 9.596809e+03 9.557679e+03 9.595966e+03
8.2 9.553210e+03 9.569962e+03 9.549094e+03 9.532343e+03
0.9 9.629326e+03 9.583823e+03 9.560517e+03 9.606020e+03
1.9 9.589725e+03 9.572626e+03 9.539392e+03 9.556491e+03
2.9 9.727637e+03 9.596298e+03 9.566307e+03 9.697646e+03
3.9 9.636049e+03 9.568737e+03 9.542848e+03 9.610160e+03
4.9 9.635096e+03 9.596809e+03 9.557679e+03 9.595966e+03
5.9 9.553210e+03 9.569962e+03 9.549094e+03 9.532343e+03
6.9 9.713683e+03 9.582131e+03 9.540997e+03 9.672549e+03
7.9 9.636142e+03 9.593630e+03 9.619849e+03 9.662360e+03
8.9 9.597248e+03 9.584700e+03 9.641183e+03 9.653731e+03
0.6 9.727637e+03 9.596298e+03 9.566307e+03 9.697646e+03
1.6 9.636049e+03 9.568737e+03 9.542848e+03 9.610160e+03
2.6 9.635096e+03 9.596809e+03 9.557679e+03 9.595966e+03
3.6 9.553210e+03 9.569962e+03 9.549094e+03 9.532343e+03
4.6 9.713683e+03 9.582131e+03 9.540997e+03 9.672549e+03
5.6 9.636142e+03 9.593630e+03 9.619849e+03 9.662360e+03
6.6 9.597248e+03 9.584700e+03 9.641183e+03 9.653731e+03
7.6 9.538717e+03 9.558565e+03 9.642808e+03 9.622960e+03
8.6 9.508193e+03 9.516317e+03 9.643201e+03 9.635077e+03
0.3 9.635096e+03 9.596809e+03 9.557679e+03 9.595966e+03
1.3 9.553210e+03 9.569962e+03 9.549094e+03 9.532343e+03
2.3 9.713683e+03 9.582131e+03 9.540997e+03 9.672549e+03
3.3 9.636142e+03 9.593630e+03 9.619849e+03 9.662360e+03
4.3 9.597248e+03 9.584700e+03 9.641183e+03 9.653731e+03
5.3 9.538717e+03 9.558565e+03 9.642808e+03 9.622960e+03
6.3 9.508193e+03 9.516317e+03 9.643201e+03 9.635077e+03
7.3 9.504715e+03 9.526561e+03 9.643614e+03 9.621768e+03
8.3 9.594072e+03 9.554690e+03 9.644096e+03 9.683478e+03
0.5 9.571423e+03 9.610254e+03 9.630368e+03 9.591537e+03
1.5 9.599407e+03 9.643755e+03 9.555847e+03 9.511499e+03
2.5 9.635280e+03 9.658381e+03 9.560279e+03 9.537178e+03
3.5 9.569357e+03 9.603739e+03 9.559140e+03 9.524758e+03
4.5 9.606479e+03 9.588178e+03 9.548460e+03 9.566761e+03
5.5 9.573892e+03 9.579224e+03 9.573310e+03 9.567978e+03
6.5 9.506140e+03 9.568460e+03 9.552178e+03 9.489858e+03
7.5 9.597145e+03 9.596157e+03 9.582786e+03 9.583774e+03
8.5 9.583033e+03 9.565913e+03 9.559362e+03 9.576482e+03
0.2 9.635280e+03 9.658381e+03 9.560279e+03 9.537178e+03
1.2 9.569357e+03 9.603739e+03 9.559140e+03 9.524758e+03
2.2 9.606479e+03 9.588178e+03 9.548460e+03 9.566761e+03
3.2 9.573892e+03 9.579224e+03 9.573310e+03 9.567978e+03
4.2 9.506140e+03 9.568460e+03 9.552178e+03 9.489858e+03
5.2 9.597145e+03 9.596157e+03 9.582786e+03 9.583774e+03
6.2 9.583033e+03 9.565913e+03 9.559362e+03 9.576482e+03
7.2 9.582473e+03 9.594874e+03 9.573671e+03 9.561269e+03
8.2 9.615907e+03 9.569807e+03 9.568958e+03 9.615058e+03
0.9 9.573892e+03 9.579224e+03 9.573310e+03 9.567978e+03
1.9 9.506140e+03 9.568460e+03 9.552178e+03 9.489858e+03
2.9 9.597145e+03 9.596157e+03 9.582786e+03 9.583774e+03
3.9 9.583033e+03 9.565913e+03 9.559362e+03 9.576482e+03
4.9 9.582473e+03 9.594874e+03 9.573671e+03 9.561269e+03
5.9 9.615907e+03 9.569807e+03 9.568958e+03 9.615058e+03
6.9 9.629300e+03 9.580376e+03 9.561317e+03 9.610241e+03
7.9 9.605599e+03 9.578705e+03 9.584194e+03 9.611088e+03
8.9 9.547917e+03 9.571083e+03 9.565003e+03 9.541837e+03
0.6 9.597145e+03 9.596157e+03 9.582786e+03 9.583774e+03
1.6 9.583033e+03 9.565913e+03 9.559362e+03 9.576482e+03
2.6 9.582473e+03 9.594874e+03 9.573671e+03 9.561269e+03
3.6 9.615907e+03 9.569807e+03 9.568958e+03 9.615058e+03
4.6 9.629300e+03 9.580376e+03 9.561317e+03 9.610241e+03
5.6 9.605599e+03 9.578705e+03 9.584194e+03 9.611088e+03
6.6 9.547917e+03 9.571083e+03 9.565003e+03 9.541837e+03
7.6 9.605858e+03 9.593927e+03 9.594052e+03 9.605984e+03
8.6 9.552130e+03 9.569035e+03 9.572261e+03 9.555356e+03
0.3 9.582473e+03 9.594874e+03 9.573671e+03 9.561269e+03
1.3 9.615907e+03 9.569807e+03 9.568958e+03 9.615058e+03
2.3 9.629300e+03 9.580376e+03 9.561317e+03 9.610241e+03
3.3 9.605599e+03 9.578705e+03 9.584194e+03 9.611088e+03
4.3 9.547917e+03 9.571083e+03 9.565003e+03 9.541837e+03
5.3 9.605858e+03 9.593927e+03 9.594052e+03 9.605984e+03
6.3 9.552130e+03 9.569035e+03 9.572261e+03 9.555356e+03
7.3 9.605841e+03 9.599609e+03 9.594734e+03 9.600966e+03
8.3 9.622202e+03 9.565982e+03 9.584954e+03 9.641174e+03
1.0 9.605599e+03 9.578705e+03 9.584194e+03 9.611088e+03
2.0 9.547917e+03 9.571083e+03 9.565003e+03 9.541837e+03
3.0 9.605858e+03 9.593927e+03 9.594052e+03 9.605984e+03
4.0 9.552130e+03 9.569035e+03 9.572261e+03 9.555356e+03
5.0 9.605841e+03 9.599609e+03 9.594734e+03 9.600966e+03
6.0 9.622202e+03 9.565982e+03 9.584954e+03 9.641174e+03
0.6 9.605858e+03 9.593927e+03 9.594052e+03 9.605984e+03
1.6 9.552130e+03 9.569035e+03 9.572261e+03 9.555356e+03
2.6 9.605841e+03 9.599609e+03 9.594734e+03 9.600966e+03
3.6 9.622202e+03 9.565982e+03 9.584954e+03 9.641174e+03
0.3 9.605841e+03 9.599609e+03 9.594734e+03 9.600966e+03
1.3 9.622202e+03 9.565982e+03 9.584954e+03 9.641174e+03
