0.5 1.100340e+04 1.085449e+04 1.088440e+04 1.103331e+04
1.5 1.086863e+04 1.088443e+04 1.109729e+04 1.108149e+04
2.5 1.082905e+04 1.089537e+04 1.109913e+04 1.103281e+04
3.5 1.079491e+04 1.083522e+04 1.096923e+04 1.092891e+04
4.5 1.084754e+04 1.085673e+04 1.090332e+04 1.089413e+04
5.5 1.078477e+04 1.088203e+04 1.088352e+04 1.078626e+04
6.5 1.092142e+04 1.097139e+04 1.087895e+04 1.082898e+04
7.5 1.081725e+04 1.095667e+04 1.087837e+04 1.073895e+04
0.1 1.084793e+04 1.094722e+04 1.087687e+04 1.077758e+04
1.1 1.094961e+04 1.101677e+04 1.099896e+04 1.093180e+04
2.1 1.124722e+04 1.121008e+04 1.124169e+04 1.127882e+04
3.1 1.113112e+04 1.118631e+04 1.114827e+04 1.109309e+04
4.1 1.112838e+04 1.096801e+04 1.097977e+04 1.114013e+04
5.1 1.105347e+04 1.085347e+04 1.090454e+04 1.110454e+04
6.1 1.101518e+04 1.081650e+04 1.088229e+04 1.108096e+04
7.1 1.099603e+04 1.082032e+04 1.087675e+04 1.105246e+04
0.5 1.094038e+04 1.079817e+04 1.089076e+04 1.103297e+04
1.5 1.095048e+04 1.083136e+04 1.110173e+04 1.122085e+04
2.5 1.100981e+04 1.085081e+04 1.110198e+04 1.126098e+04
3.5 1.103784e+04 1.080155e+04 1.097061e+04 1.120690e+04
4.5 1.100064e+04 1.082355e+04 1.090315e+04 1.108024e+04
5.5 1.096543e+04 1.085419e+04 1.088219e+04 1.099343e+04
6.5 1.103725e+04 1.094940e+04 1.087690e+04 1.096475e+04
7.5 1.110280e+04 1.093399e+04 1.087587e+04 1.104468e+04
0.1 1.109801e+04 1.094383e+04 1.087551e+04 1.102969e+04
1.1 1.111420e+04 1.101263e+04 1.099139e+04 1.109296e+04
2.1 1.127233e+04 1.120357e+04 1.123815e+04 1.130691e+04
3.1 1.131014e+04 1.119147e+04 1.115240e+04 1.127107e+04
4.1 1.077759e+04 1.097212e+04 1.098218e+04 1.078765e+04
5.1 1.078056e+04 1.085513e+04 1.090504e+04 1.083047e+04
6.1 1.050721e+04 1.081678e+04 1.088213e+04 1.057255e+04
7.1 1.067059e+04 1.082016e+04 1.087647e+04 1.072689e+04
0.5 1.065661e+04 1.079841e+04 1.089054e+04 1.074873e+04
1.5 1.070351e+04 1.082819e+04 1.110155e+04 1.097687e+04
2.5 1.072428e+04 1.085046e+04 1.110183e+04 1.097566e+04
3.5 1.063702e+04 1.080723e+04 1.097050e+04 1.080028e+04
4.5 1.074056e+04 1.082676e+04 1.090314e+04 1.081695e+04
5.5 1.068457e+04 1.085442e+04 1.088229e+04 1.071244e+04
6.5 1.075393e+04 1.095680e+04 1.087707e+04 1.067420e+04
7.5 1.076556e+04 1.093190e+04 1.087610e+04 1.070976e+04
0.0 1.090952e+04 1.094187e+04 1.087792e+04 1.084556e+04
1.0 1.106347e+04 1.100795e+04 1.098160e+04 1.103711e+04
2.0 1.121996e+04 1.119285e+04 1.123518e+04 1.126230e+04
3.0 1.125446e+04 1.120393e+04 1.116584e+04 1.121637e+04
4.0 1.090092e+04 1.098286e+04 1.099283e+04 1.091090e+04
5.0 1.075915e+04 1.086073e+04 1.091223e+04 1.081065e+04
6.0 1.080634e+04 1.081954e+04 1.088854e+04 1.087533e+04
7.0 1.082810e+04 1.082196e+04 1.088334e+04 1.088949e+04
0.5 1.074528e+04 1.080105e+04 1.089944e+04 1.084367e+04
1.5 1.074833e+04 1.083092e+04 1.111173e+04 1.102915e+04
2.5 1.080337e+04 1.085322e+04 1.111343e+04 1.106358e+04
3.5 1.082687e+04 1.080934e+04 1.098369e+04 1.100123e+04
4.5 1.084962e+04 1.082715e+04 1.091809e+04 1.094056e+04
5.5 1.087412e+04 1.085895e+04 1.089916e+04 1.091433e+04
6.5 1.091647e+04 1.095148e+04 1.089604e+04 1.086103e+04
7.5 1.076909e+04 1.093593e+04 1.089734e+04 1.073051e+04
