0.5 9.714773e+03 9.582312e+03 9.591997e+03 9.724459e+03
1.5 9.628220e+03 9.608591e+03 9.757974e+03 9.777603e+03
2.5 9.606840e+03 9.617131e+03 9.759404e+03 9.749113e+03
3.5 9.585855e+03 9.575977e+03 9.658131e+03 9.668010e+03
4.5 9.575945e+03 9.573438e+03 9.606744e+03 9.609251e+03
5.5 9.571089e+03 9.589506e+03 9.591307e+03 9.572890e+03
6.5 9.600661e+03 9.647220e+03 9.587745e+03 9.541186e+03
7.5 9.573250e+03 9.641951e+03 9.587294e+03 9.518593e+03
0.1 9.601499e+03 9.646652e+03 9.586125e+03 9.540972e+03
1.1 9.615429e+03 9.684362e+03 9.681308e+03 9.612374e+03
2.1 9.808238e+03 9.790565e+03 9.870551e+03 9.888224e+03
3.1 9.777624e+03 9.747828e+03 9.797722e+03 9.827518e+03
4.1 9.696481e+03 9.597366e+03 9.666346e+03 9.765462e+03
5.1 9.663952e+03 9.540263e+03 9.607698e+03 9.731387e+03
6.1 9.645466e+03 9.538842e+03 9.590345e+03 9.696969e+03
7.1 9.639058e+03 9.560637e+03 9.586030e+03 9.664451e+03
0.5 9.645887e+03 9.557855e+03 9.596955e+03 9.684986e+03
1.5 9.637904e+03 9.585248e+03 9.761437e+03 9.814092e+03
2.5 9.653687e+03 9.599193e+03 9.761629e+03 9.816124e+03
3.5 9.657825e+03 9.563653e+03 9.659206e+03 9.753379e+03
4.5 9.636353e+03 9.560080e+03 9.606613e+03 9.682886e+03
5.5 9.641053e+03 9.579211e+03 9.590272e+03 9.652115e+03
6.5 9.648078e+03 9.639347e+03 9.586145e+03 9.594876e+03
7.5 9.715439e+03 9.633379e+03 9.585342e+03 9.667402e+03
0.1 9.703208e+03 9.645673e+03 9.585061e+03 9.642596e+03
1.1 9.713757e+03 9.683408e+03 9.675409e+03 9.705758e+03
2.1 9.786061e+03 9.787892e+03 9.867789e+03 9.865958e+03
3.1 9.789877e+03 9.752700e+03 9.800935e+03 9.838112e+03
4.1 9.459564e+03 9.600616e+03 9.668226e+03 9.527175e+03
5.1 9.499785e+03 9.541417e+03 9.608087e+03 9.566455e+03
6.1 9.427133e+03 9.539040e+03 9.590223e+03 9.478316e+03
7.1 9.462235e+03 9.560588e+03 9.585810e+03 9.487456e+03
0.5 9.510059e+03 9.558339e+03 9.596780e+03 9.548499e+03
1.5 9.504292e+03 9.583413e+03 9.761295e+03 9.682173e+03
2.5 9.569482e+03 9.599912e+03 9.761513e+03 9.731083e+03
3.5 9.552607e+03 9.567662e+03 9.659120e+03 9.644065e+03
4.5 9.528577e+03 9.561237e+03 9.606607e+03 9.573948e+03
5.5 9.518644e+03 9.579031e+03 9.590348e+03 9.529960e+03
6.5 9.530501e+03 9.643752e+03 9.586277e+03 9.473027e+03
7.5 9.564241e+03 9.631225e+03 9.585522e+03 9.518539e+03
0.0 9.678168e+03 9.643491e+03 9.586941e+03 9.621618e+03
1.0 9.828159e+03 9.680886e+03 9.667772e+03 9.815044e+03
2.0 9.816392e+03 9.781347e+03 9.865480e+03 9.900525e+03
3.0 9.832584e+03 9.761436e+03 9.811416e+03 9.882564e+03
4.0 9.548369e+03 9.606537e+03 9.676532e+03 9.618363e+03
5.0 9.466050e+03 9.543069e+03 9.613694e+03 9.536674e+03
6.0 9.502359e+03 9.538761e+03 9.595221e+03 9.558819e+03
7.0 9.576919e+03 9.559782e+03 9.591171e+03 9.608307e+03
0.5 9.547938e+03 9.558568e+03 9.603720e+03 9.593090e+03
1.5 9.509473e+03 9.583497e+03 9.769232e+03 9.695208e+03
2.5 9.537029e+03 9.599798e+03 9.770559e+03 9.707790e+03
3.5 9.543892e+03 9.566843e+03 9.669407e+03 9.646456e+03
4.5 9.552977e+03 9.559732e+03 9.618262e+03 9.611507e+03
5.5 9.569477e+03 9.579609e+03 9.603502e+03 9.593369e+03
6.5 9.610736e+03 9.637276e+03 9.601067e+03 9.574527e+03
7.5 9.613959e+03 9.631513e+03 9.602085e+03 9.584531e+03
