0.5 9.331278e+03 9.324177e+03 9.267981e+03 9.275082e+03
1.5 9.300851e+03 9.340541e+03 9.273191e+03 9.233501e+03
2.5 9.282734e+03 9.299966e+03 9.290597e+03 9.273366e+03
3.5 9.301677e+03 9.316425e+03 9.308995e+03 9.294247e+03
4.5 9.372953e+03 9.327424e+03 9.323968e+03 9.369497e+03
5.5 9.371908e+03 9.301645e+03 9.333970e+03 9.404233e+03
6.5 9.331723e+03 9.327952e+03 9.337791e+03 9.341561e+03
7.5 9.276745e+03 9.282066e+03 9.338554e+03 9.333234e+03
8.5 9.367268e+03 9.327083e+03 9.337552e+03 9.377737e+03
0.2 9.282734e+03 9.299966e+03 9.290597e+03 9.273366e+03
1.2 9.301677e+03 9.316425e+03 9.308995e+03 9.294247e+03
2.2 9.372953e+03 9.327424e+03 9.323968e+03 9.369497e+03
3.2 9.371908e+03 9.301645e+03 9.333970e+03 9.404233e+03
4.2 9.331723e+03 9.327952e+03 9.337791e+03 9.341561e+03
5.2 9.276745e+03 9.282066e+03 9.338554e+03 9.333234e+03
6.2 9.367268e+03 9.327083e+03 9.337552e+03 9.377737e+03
7.2 9.250041e+03 9.292371e+03 9.338080e+03 9.295750e+03
8.2 9.229043e+03 9.320394e+03 9.337263e+03 9.245912e+03
0.9 9.371908e+03 9.301645e+03 9.333970e+03 9.404233e+03
1.9 9.331723e+03 9.327952e+03 9.337791e+03 9.341561e+03
2.9 9.276745e+03 9.282066e+03 9.338554e+03 9.333234e+03
3.9 9.367268e+03 9.327083e+03 9.337552e+03 9.377737e+03
4.9 9.250041e+03 9.292371e+03 9.338080e+03 9.295750e+03
5.9 9.229043e+03 9.320394e+03 9.337263e+03 9.245912e+03
6.9 9.267033e+03 9.319562e+03 9.337632e+03 9.285104e+03
7.9 9.270794e+03 9.304694e+03 9.337373e+03 9.303473e+03
8.9 9.378176e+03 9.326968e+03 9.337430e+03 9.388638e+03
0.6 9.276745e+03 9.282066e+03 9.338554e+03 9.333234e+03
1.6 9.367268e+03 9.327083e+03 9.337552e+03 9.377737e+03
2.6 9.250041e+03 9.292371e+03 9.338080e+03 9.295750e+03
3.6 9.229043e+03 9.320394e+03 9.337263e+03 9.245912e+03
4.6 9.267033e+03 9.319562e+03 9.337632e+03 9.285104e+03
5.6 9.270794e+03 9.304694e+03 9.337373e+03 9.303473e+03
6.6 9.378176e+03 9.326968e+03 9.337430e+03 9.388638e+03
7.6 9.259805e+03 9.286579e+03 9.337966e+03 9.311192e+03
8.6 9.314221e+03 9.328648e+03 9.337606e+03 9.323178e+03
0.3 9.250041e+03 9.292371e+03 9.338080e+03 9.295750e+03
1.3 9.229043e+03 9.320394e+03 9.337263e+03 9.245912e+03
2.3 9.267033e+03 9.319562e+03 9.337632e+03 9.285104e+03
3.3 9.270794e+03 9.304694e+03 9.337373e+03 9.303473e+03
4.3 9.378176e+03 9.326968e+03 9.337430e+03 9.388638e+03
5.3 9.259805e+03 9.286579e+03 9.337966e+03 9.311192e+03
6.3 9.314221e+03 9.328648e+03 9.337606e+03 9.323178e+03
7.3 9.322438e+03 9.286144e+03 9.338574e+03 9.374869e+03
8.3 9.352002e+03 9.324401e+03 9.338046e+03 9.365646e+03
1.0 9.270794e+03 9.304694e+03 9.337373e+03 9.303473e+03
2.0 9.378176e+03 9.326968e+03 9.337430e+03 9.388638e+03
3.0 9.259805e+03 9.286579e+03 9.337966e+03 9.311192e+03
4.0 9.314221e+03 9.328648e+03 9.337606e+03 9.323178e+03
5.0 9.322438e+03 9.286144e+03 9.338574e+03 9.374869e+03
6.0 9.352002e+03 9.324401e+03 9.338046e+03 9.365646e+03
7.0 9.252026e+03 9.312823e+03 9.338831e+03 9.278034e+03
8.0 9.267269e+03 9.269581e+03 9.336061e+03 9.333749e+03
9.0 9.250067e+03 9.283703e+03 9.321970e+03 9.288334e+03
0.7 9.259805e+03 9.286579e+03 9.337966e+03 9.311192e+03
1.7 9.314221e+03 9.328648e+03 9.337606e+03 9.323178e+03
2.7 9.322438e+03 9.286144e+03 9.338574e+03 9.374869e+03
3.7 9.352002e+03 9.324401e+03 9.338046e+03 9.365646e+03
4.7 9.252026e+03 9.312823e+03 9.338831e+03 9.278034e+03
5.7 9.267269e+03 9.269581e+03 9.336061e+03 9.333749e+03
6.7 9.250067e+03 9.283703e+03 9.321970e+03 9.288334e+03
7.7 9.325690e+03 9.302951e+03 9.301733e+03 9.324473e+03
8.7 9.320883e+03 9.342985e+03 9.284429e+03 9.262326e+03
0.4 9.322438e+03 9.286144e+03 9.338574e+03 9.374869e+03
1.4 9.352002e+03 9.324401e+03 9.338046e+03 9.365646e+03
2.4 9.252026e+03 9.312823e+03 9.338831e+03 9.278034e+03
3.4 9.267269e+03 9.269581e+03 9.336061e+03 9.333749e+03
4.4 9.250067e+03 9.283703e+03 9.321970e+03 9.288334e+03
5.4 9.325690e+03 9.302951e+03 9.301733e+03 9.324473e+03
6.4 9.320883e+03 9.342985e+03 9.284429e+03 9.262326e+03
7.4 9.304375e+03 9.343086e+03 9.271910e+03 9.233199e+03
8.4 9.236122e+03 9.327571e+03 9.264779e+03 9.173330e+03
0.5 9.353309e+03 9.330733e+03 9.263565e+03 9.286141e+03
1.5 9.371909e+03 9.342851e+03 9.270542e+03 9.299600e+03
2.5 9.248512e+03 9.299792e+03 9.289388e+03 9.238107e+03
3.5 9.352309e+03 9.320404e+03 9.308747e+03 9.340651e+03
4.5 9.340927e+03 9.329268e+03 9.324544e+03 9.336203e+03
5.5 9.332259e+03 9.303508e+03 9.334980e+03 9.363730e+03
6.5 9.401594e+03 9.331128e+03 9.338961e+03 9.409427e+03
7.5 9.300755e+03 9.283738e+03 9.340064e+03 9.357081e+03
8.5 9.311502e+03 9.328062e+03 9.339526e+03 9.322967e+03
0.2 9.248512e+03 9.299792e+03 9.289388e+03 9.238107e+03
1.2 9.352309e+03 9.320404e+03 9.308747e+03 9.340651e+03
2.2 9.340927e+03 9.329268e+03 9.324544e+03 9.336203e+03
3.2 9.332259e+03 9.303508e+03 9.334980e+03 9.363730e+03
4.2 9.401594e+03 9.331128e+03 9.338961e+03 9.409427e+03
5.2 9.300755e+03 9.283738e+03 9.340064e+03 9.357081e+03
6.2 9.311502e+03 9.328062e+03 9.339526e+03 9.322967e+03
7.2 9.311186e+03 9.294247e+03 9.340420e+03 9.357359e+03
8.2 9.293350e+03 9.320672e+03 9.340161e+03 9.312838e+03
0.9 9.332259e+03 9.303508e+03 9.334980e+03 9.363730e+03
1.9 9.401594e+03 9.331128e+03 9.338961e+03 9.409427e+03
2.9 9.300755e+03 9.283738e+03 9.340064e+03 9.357081e+03
3.9 9.311502e+03 9.328062e+03 9.339526e+03 9.322967e+03
4.9 9.311186e+03 9.294247e+03 9.340420e+03 9.357359e+03
5.9 9.293350e+03 9.320672e+03 9.340161e+03 9.312838e+03
6.9 9.343089e+03 9.317692e+03 9.340963e+03 9.366360e+03
7.9 9.225608e+03 9.303893e+03 9.340321e+03 9.262037e+03
8.9 9.307822e+03 9.330580e+03 9.339592e+03 9.316834e+03
0.6 9.300755e+03 9.283738e+03 9.340064e+03 9.357081e+03
1.6 9.311502e+03 9.328062e+03 9.339526e+03 9.322967e+03
2.6 9.311186e+03 9.294247e+03 9.340420e+03 9.357359e+03
3.6 9.293350e+03 9.320672e+03 9.340161e+03 9.312838e+03
4.6 9.343089e+03 9.317692e+03 9.340963e+03 9.366360e+03
5.6 9.225608e+03 9.303893e+03 9.340321e+03 9.262037e+03
6.6 9.307822e+03 9.330580e+03 9.339592e+03 9.316834e+03
7.6 9.332933e+03 9.286430e+03 9.339835e+03 9.386337e+03
8.6 9.305034e+03 9.328456e+03 9.339378e+03 9.315956e+03
0.3 9.311186e+03 9.294247e+03 9.340420e+03 9.357359e+03
1.3 9.293350e+03 9.320672e+03 9.340161e+03 9.312838e+03
2.3 9.343089e+03 9.317692e+03 9.340963e+03 9.366360e+03
3.3 9.225608e+03 9.303893e+03 9.340321e+03 9.262037e+03
4.3 9.307822e+03 9.330580e+03 9.339592e+03 9.316834e+03
5.3 9.332933e+03 9.286430e+03 9.339835e+03 9.386337e+03
6.3 9.305034e+03 9.328456e+03 9.339378e+03 9.315956e+03
7.3 9.309096e+03 9.287285e+03 9.340361e+03 9.362171e+03
8.3 9.284040e+03 9.323569e+03 9.339965e+03 9.300437e+03
0.9 9.225608e+03 9.303893e+03 9.340321e+03 9.262037e+03
1.9 9.307822e+03 9.330580e+03 9.339592e+03 9.316834e+03
2.9 9.332933e+03 9.286430e+03 9.339835e+03 9.386337e+03
3.9 9.305034e+03 9.328456e+03 9.339378e+03 9.315956e+03
4.9 9.309096e+03 9.287285e+03 9.340361e+03 9.362171e+03
5.9 9.284040e+03 9.323569e+03 9.339965e+03 9.300437e+03
6.9 9.265221e+03 9.314992e+03 9.340715e+03 9.290944e+03
7.9 9.263419e+03 9.269029e+03 9.338004e+03 9.332394e+03
8.9 9.298416e+03 9.284345e+03 9.324010e+03 9.338081e+03
0.7 9.332933e+03 9.286430e+03 9.339835e+03 9.386337e+03
1.7 9.305034e+03 9.328456e+03 9.339378e+03 9.315956e+03
2.7 9.309096e+03 9.287285e+03 9.340361e+03 9.362171e+03
3.7 9.284040e+03 9.323569e+03 9.339965e+03 9.300437e+03
4.7 9.265221e+03 9.314992e+03 9.340715e+03 9.290944e+03
5.7 9.263419e+03 9.269029e+03 9.338004e+03 9.332394e+03
6.7 9.298416e+03 9.284345e+03 9.324010e+03 9.338081e+03
7.7 9.294740e+03 9.301642e+03 9.303646e+03 9.296744e+03
8.7 9.368597e+03 9.342534e+03 9.286055e+03 9.312118e+03
0.3 9.309096e+03 9.287285e+03 9.340361e+03 9.362171e+03
1.3 9.284040e+03 9.323569e+03 9.339965e+03 9.300437e+03
2.3 9.265221e+03 9.314992e+03 9.340715e+03 9.290944e+03
3.3 9.263419e+03 9.269029e+03 9.338004e+03 9.332394e+03
4.3 9.298416e+03 9.284345e+03 9.324010e+03 9.338081e+03
5.3 9.294740e+03 9.301642e+03 9.303646e+03 9.296744e+03
6.3 9.368597e+03 9.342534e+03 9.286055e+03 9.312118e+03
7.3 9.433720e+03 9.343380e+03 9.273276e+03 9.363615e+03
8.3 9.333196e+03 9.327985e+03 9.265853e+03 9.271064e+03
0.5 9.331734e+03 9.333377e+03 9.264178e+03 9.262535e+03
1.5 9.346941e+03 9.341582e+03 9.271395e+03 9.276754e+03
2.5 9.318961e+03 9.296016e+03 9.290365e+03 9.313309e+03
3.5 9.278420e+03 9.321560e+03 9.309331e+03 9.266191e+03
4.5 9.352453e+03 9.330490e+03 9.324717e+03 9.346680e+03
5.5 9.251712e+03 9.299322e+03 9.334748e+03 9.287138e+03
6.5 9.355393e+03 9.334191e+03 9.337986e+03 9.359188e+03
7.5 9.276370e+03 9.280749e+03 9.338969e+03 9.334590e+03
8.5 9.281719e+03 9.328192e+03 9.338424e+03 9.291951e+03
0.2 9.318961e+03 9.296016e+03 9.290365e+03 9.313309e+03
1.2 9.278420e+03 9.321560e+03 9.309331e+03 9.266191e+03
2.2 9.352453e+03 9.330490e+03 9.324717e+03 9.346680e+03
3.2 9.251712e+03 9.299322e+03 9.334748e+03 9.287138e+03
4.2 9.355393e+03 9.334191e+03 9.337986e+03 9.359188e+03
5.2 9.276370e+03 9.280749e+03 9.338969e+03 9.334590e+03
6.2 9.281719e+03 9.328192e+03 9.338424e+03 9.291951e+03
7.2 9.322785e+03 9.300347e+03 9.339365e+03 9.361803e+03
8.2 9.316823e+03 9.317422e+03 9.339232e+03 9.338633e+03
0.8 9.251712e+03 9.299322e+03 9.334748e+03 9.287138e+03
1.8 9.355393e+03 9.334191e+03 9.337986e+03 9.359188e+03
2.8 9.276370e+03 9.280749e+03 9.338969e+03 9.334590e+03
3.8 9.281719e+03 9.328192e+03 9.338424e+03 9.291951e+03
4.8 9.322785e+03 9.300347e+03 9.339365e+03 9.361803e+03
5.8 9.316823e+03 9.317422e+03 9.339232e+03 9.338633e+03
6.8 9.349975e+03 9.323101e+03 9.339915e+03 9.366789e+03
7.8 9.301727e+03 9.299953e+03 9.339917e+03 9.341691e+03
8.8 9.372963e+03 9.327909e+03 9.339864e+03 9.384918e+03
0.5 9.276370e+03 9.280749e+03 9.338969e+03 9.334590e+03
1.5 9.281719e+03 9.328192e+03 9.338424e+03 9.291951e+03
2.5 9.322785e+03 9.300347e+03 9.339365e+03 9.361803e+03
3.5 9.316823e+03 9.317422e+03 9.339232e+03 9.338633e+03
4.5 9.349975e+03 9.323101e+03 9.339915e+03 9.366789e+03
5.5 9.301727e+03 9.299953e+03 9.339917e+03 9.341691e+03
6.5 9.372963e+03 9.327909e+03 9.339864e+03 9.384918e+03
7.5 9.283821e+03 9.283944e+03 9.340403e+03 9.340280e+03
8.5 9.317907e+03 9.328319e+03 9.339717e+03 9.329305e+03
0.2 9.322785e+03 9.300347e+03 9.339365e+03 9.361803e+03
1.2 9.316823e+03 9.317422e+03 9.339232e+03 9.338633e+03
2.2 9.349975e+03 9.323101e+03 9.339915e+03 9.366789e+03
3.2 9.301727e+03 9.299953e+03 9.339917e+03 9.341691e+03
4.2 9.372963e+03 9.327909e+03 9.339864e+03 9.384918e+03
5.2 9.283821e+03 9.283944e+03 9.340403e+03 9.340280e+03
6.2 9.317907e+03 9.328319e+03 9.339717e+03 9.329305e+03
7.2 9.304816e+03 9.291086e+03 9.340430e+03 9.354161e+03
8.2 9.337992e+03 9.321913e+03 9.339668e+03 9.355747e+03
0.9 9.301727e+03 9.299953e+03 9.339917e+03 9.341691e+03
1.9 9.372963e+03 9.327909e+03 9.339864e+03 9.384918e+03
2.9 9.283821e+03 9.283944e+03 9.340403e+03 9.340280e+03
3.9 9.317907e+03 9.328319e+03 9.339717e+03 9.329305e+03
4.9 9.304816e+03 9.291086e+03 9.340430e+03 9.354161e+03
5.9 9.337992e+03 9.321913e+03 9.339668e+03 9.355747e+03
6.9 9.354300e+03 9.318449e+03 9.340057e+03 9.375908e+03
7.9 9.229249e+03 9.267690e+03 9.337650e+03 9.299209e+03
8.9 9.351115e+03 9.285270e+03 9.324093e+03 9.389938e+03
0.6 9.283821e+03 9.283944e+03 9.340403e+03 9.340280e+03
1.6 9.317907e+03 9.328319e+03 9.339717e+03 9.329305e+03
2.6 9.304816e+03 9.291086e+03 9.340430e+03 9.354161e+03
3.6 9.337992e+03 9.321913e+03 9.339668e+03 9.355747e+03
4.6 9.354300e+03 9.318449e+03 9.340057e+03 9.375908e+03
5.6 9.229249e+03 9.267690e+03 9.337650e+03 9.299209e+03
6.6 9.351115e+03 9.285270e+03 9.324093e+03 9.389938e+03
7.6 9.194204e+03 9.298728e+03 9.303674e+03 9.199151e+03
8.6 9.432574e+03 9.341216e+03 9.285646e+03 9.377004e+03
0.3 9.304816e+03 9.291086e+03 9.340430e+03 9.354161e+03
1.3 9.337992e+03 9.321913e+03 9.339668e+03 9.355747e+03
2.3 9.354300e+03 9.318449e+03 9.340057e+03 9.375908e+03
3.3 9.229249e+03 9.267690e+03 9.337650e+03 9.299209e+03
4.3 9.351115e+03 9.285270e+03 9.324093e+03 9.389938e+03
5.3 9.194204e+03 9.298728e+03 9.303674e+03 9.199151e+03
6.3 9.432574e+03 9.341216e+03 9.285646e+03 9.377004e+03
7.3 9.321802e+03 9.343611e+03 9.272412e+03 9.250603e+03
8.3 9.294434e+03 9.328473e+03 9.264417e+03 9.230378e+03
0.5 9.294796e+03 9.332926e+03 9.261050e+03 9.222920e+03
1.5 9.394062e+03 9.341117e+03 9.267738e+03 9.320683e+03
2.5 9.328097e+03 9.296097e+03 9.286100e+03 9.318099e+03
3.5 9.273970e+03 9.321075e+03 9.304610e+03 9.257505e+03
4.5 9.357564e+03 9.328046e+03 9.319494e+03 9.349012e+03
5.5 9.298591e+03 9.304964e+03 9.328806e+03 9.322433e+03
6.5 9.337857e+03 9.330454e+03 9.331645e+03 9.339048e+03
7.5 9.353817e+03 9.281008e+03 9.331475e+03 9.404284e+03
8.5 9.342667e+03 9.329275e+03 9.329390e+03 9.342782e+03
0.2 9.328097e+03 9.296097e+03 9.286100e+03 9.318099e+03
1.2 9.273970e+03 9.321075e+03 9.304610e+03 9.257505e+03
2.2 9.357564e+03 9.328046e+03 9.319494e+03 9.349012e+03
3.2 9.298591e+03 9.304964e+03 9.328806e+03 9.322433e+03
4.2 9.337857e+03 9.330454e+03 9.331645e+03 9.339048e+03
5.2 9.353817e+03 9.281008e+03 9.331475e+03 9.404284e+03
6.2 9.342667e+03 9.329275e+03 9.329390e+03 9.342782e+03
7.2 9.343729e+03 9.293365e+03 9.328765e+03 9.379128e+03
8.2 9.303397e+03 9.320719e+03 9.326852e+03 9.309530e+03
0.9 9.298591e+03 9.304964e+03 9.328806e+03 9.322433e+03
1.9 9.337857e+03 9.330454e+03 9.331645e+03 9.339048e+03
2.9 9.353817e+03 9.281008e+03 9.331475e+03 9.404284e+03
3.9 9.342667e+03 9.329275e+03 9.329390e+03 9.342782e+03
4.9 9.343729e+03 9.293365e+03 9.328765e+03 9.379128e+03
5.9 9.303397e+03 9.320719e+03 9.326852e+03 9.309530e+03
6.9 9.279892e+03 9.319789e+03 9.325927e+03 9.286030e+03
7.9 9.288253e+03 9.303444e+03 9.323982e+03 9.308791e+03
8.9 9.347698e+03 9.328989e+03 9.322019e+03 9.340728e+03
0.6 9.353817e+03 9.281008e+03 9.331475e+03 9.404284e+03
1.6 9.342667e+03 9.329275e+03 9.329390e+03 9.342782e+03
2.6 9.343729e+03 9.293365e+03 9.328765e+03 9.379128e+03
3.6 9.303397e+03 9.320719e+03 9.326852e+03 9.309530e+03
4.6 9.279892e+03 9.319789e+03 9.325927e+03 9.286030e+03
5.6 9.288253e+03 9.303444e+03 9.323982e+03 9.308791e+03
6.6 9.347698e+03 9.328989e+03 9.322019e+03 9.340728e+03
7.6 9.297413e+03 9.286169e+03 9.320608e+03 9.331852e+03
8.6 9.277329e+03 9.328893e+03 9.318238e+03 9.266674e+03
0.3 9.343729e+03 9.293365e+03 9.328765e+03 9.379128e+03
1.3 9.303397e+03 9.320719e+03 9.326852e+03 9.309530e+03
2.3 9.279892e+03 9.319789e+03 9.325927e+03 9.286030e+03
3.3 9.288253e+03 9.303444e+03 9.323982e+03 9.308791e+03
4.3 9.347698e+03 9.328989e+03 9.322019e+03 9.340728e+03
5.3 9.297413e+03 9.286169e+03 9.320608e+03 9.331852e+03
6.3 9.277329e+03 9.328893e+03 9.318238e+03 9.266674e+03
7.3 9.290597e+03 9.285086e+03 9.317106e+03 9.322616e+03
8.3 9.370414e+03 9.325480e+03 9.313894e+03 9.358828e+03
1.0 9.288253e+03 9.303444e+03 9.323982e+03 9.308791e+03
2.0 9.347698e+03 9.328989e+03 9.322019e+03 9.340728e+03
3.0 9.297413e+03 9.286169e+03 9.320608e+03 9.331852e+03
4.0 9.277329e+03 9.328893e+03 9.318238e+03 9.266674e+03
5.0 9.290597e+03 9.285086e+03 9.317106e+03 9.322616e+03
6.0 9.370414e+03 9.325480e+03 9.313894e+03 9.358828e+03
0.6 9.297413e+03 9.286169e+03 9.320608e+03 9.331852e+03
1.6 9.277329e+03 9.328893e+03 9.318238e+03 9.266674e+03
2.6 9.290597e+03 9.285086e+03 9.317106e+03 9.322616e+03
3.6 9.370414e+03 9.325480e+03 9.313894e+03 9.358828e+03
0.3 9.290597e+03 9.285086e+03 9.317106e+03 9.322616e+03
1.3 9.370414e+03 9.325480e+03 9.313894e+03 9.358828e+03
