0.5 1.015894e+04 1.005609e+04 1.015558e+04 1.025842e+04
1.5 1.021147e+04 1.013239e+04 1.007721e+04 1.015630e+04
2.5 1.010501e+04 1.008832e+04 1.007518e+04 1.009187e+04
3.5 1.013435e+04 1.008679e+04 1.007706e+04 1.012462e+04
4.5 1.001841e+04 1.006353e+04 1.006257e+04 1.001745e+04
5.5 1.004599e+04 1.009786e+04 1.008507e+04 1.003320e+04
6.5 9.929495e+03 1.006602e+04 1.006247e+04 9.925942e+03
7.5 9.942345e+03 1.009031e+04 1.008833e+04 9.940366e+03
8.5 9.844927e+03 1.006763e+04 1.006426e+04 9.841559e+03
0.2 1.010501e+04 1.008832e+04 1.007518e+04 1.009187e+04
1.2 1.013435e+04 1.008679e+04 1.007706e+04 1.012462e+04
2.2 1.001841e+04 1.006353e+04 1.006257e+04 1.001745e+04
3.2 1.004599e+04 1.009786e+04 1.008507e+04 1.003320e+04
4.2 9.929495e+03 1.006602e+04 1.006247e+04 9.925942e+03
5.2 9.942345e+03 1.009031e+04 1.008833e+04 9.940366e+03
6.2 9.844927e+03 1.006763e+04 1.006426e+04 9.841559e+03
7.2 9.984443e+03 1.007017e+04 1.007626e+04 9.990530e+03
8.2 1.000474e+04 1.007216e+04 1.006875e+04 1.000133e+04
0.9 1.004599e+04 1.009786e+04 1.008507e+04 1.003320e+04
1.9 9.929495e+03 1.006602e+04 1.006247e+04 9.925942e+03
2.9 9.942345e+03 1.009031e+04 1.008833e+04 9.940366e+03
3.9 9.844927e+03 1.006763e+04 1.006426e+04 9.841559e+03
4.9 9.984443e+03 1.007017e+04 1.007626e+04 9.990530e+03
5.9 1.000474e+04 1.007216e+04 1.006875e+04 1.000133e+04
6.9 1.011933e+04 1.004871e+04 1.005820e+04 1.012882e+04
7.9 1.009249e+04 1.007687e+04 1.007597e+04 1.009158e+04
8.9 1.012913e+04 1.004778e+04 1.005562e+04 1.013697e+04
0.6 9.942345e+03 1.009031e+04 1.008833e+04 9.940366e+03
1.6 9.844927e+03 1.006763e+04 1.006426e+04 9.841559e+03
2.6 9.984443e+03 1.007017e+04 1.007626e+04 9.990530e+03
3.6 1.000474e+04 1.007216e+04 1.006875e+04 1.000133e+04
4.6 1.011933e+04 1.004871e+04 1.005820e+04 1.012882e+04
5.6 1.009249e+04 1.007687e+04 1.007597e+04 1.009158e+04
6.6 1.012913e+04 1.004778e+04 1.005562e+04 1.013697e+04
7.6 1.021303e+04 1.007737e+04 1.008175e+04 1.021740e+04
8.6 1.019267e+04 1.005136e+04 1.005673e+04 1.019804e+04
0.3 9.984443e+03 1.007017e+04 1.007626e+04 9.990530e+03
1.3 1.000474e+04 1.007216e+04 1.006875e+04 1.000133e+04
2.3 1.011933e+04 1.004871e+04 1.005820e+04 1.012882e+04
3.3 1.009249e+04 1.007687e+04 1.007597e+04 1.009158e+04
4.3 1.012913e+04 1.004778e+04 1.005562e+04 1.013697e+04
5.3 1.021303e+04 1.007737e+04 1.008175e+04 1.021740e+04
6.3 1.019267e+04 1.005136e+04 1.005673e+04 1.019804e+04
7.3 1.018163e+04 1.006432e+04 1.007571e+04 1.019302e+04
8.3 1.005884e+04 1.005701e+04 1.006053e+04 1.006236e+04
1.0 1.009249e+04 1.007687e+04 1.007597e+04 1.009158e+04
2.0 1.012913e+04 1.004778e+04 1.005562e+04 1.013697e+04
3.0 1.021303e+04 1.007737e+04 1.008175e+04 1.021740e+04
4.0 1.019267e+04 1.005136e+04 1.005673e+04 1.019804e+04
5.0 1.018163e+04 1.006432e+04 1.007571e+04 1.019302e+04
6.0 1.005884e+04 1.005701e+04 1.006053e+04 1.006236e+04
7.0 1.004454e+04 1.004070e+04 1.005649e+04 1.006033e+04
8.0 1.001116e+04 1.000018e+04 1.013550e+04 1.014649e+04
9.0 1.010250e+04 1.015861e+04 1.015272e+04 1.009661e+04
0.7 1.021303e+04 1.007737e+04 1.008175e+04 1.021740e+04
1.7 1.019267e+04 1.005136e+04 1.005673e+04 1.019804e+04
2.7 1.018163e+04 1.006432e+04 1.007571e+04 1.019302e+04
3.7 1.005884e+04 1.005701e+04 1.006053e+04 1.006236e+04
4.7 1.004454e+04 1.004070e+04 1.005649e+04 1.006033e+04
5.7 1.001116e+04 1.000018e+04 1.013550e+04 1.014649e+04
6.7 1.010250e+04 1.015861e+04 1.015272e+04 1.009661e+04
7.7 1.032426e+04 1.034593e+04 1.015332e+04 1.013164e+04
8.7 1.032813e+04 1.029308e+04 1.015295e+04 1.018801e+04
0.4 1.018163e+04 1.006432e+04 1.007571e+04 1.019302e+04
1.4 1.005884e+04 1.005701e+04 1.006053e+04 1.006236e+04
2.4 1.004454e+04 1.004070e+04 1.005649e+04 1.006033e+04
3.4 1.001116e+04 1.000018e+04 1.013550e+04 1.014649e+04
4.4 1.010250e+04 1.015861e+04 1.015272e+04 1.009661e+04
5.4 1.032426e+04 1.034593e+04 1.015332e+04 1.013164e+04
6.4 1.032813e+04 1.029308e+04 1.015295e+04 1.018801e+04
7.4 1.013525e+04 1.023100e+04 1.015259e+04 1.005683e+04
8.4 1.009688e+04 1.019050e+04 1.015229e+04 1.005867e+04
0.5 1.007790e+04 1.001089e+04 1.013699e+04 1.020400e+04
1.5 1.020940e+04 1.008951e+04 1.005995e+04 1.017984e+04
2.5 1.004051e+04 1.005220e+04 1.006077e+04 1.004908e+04
3.5 1.019029e+04 1.005083e+04 1.006072e+04 1.020019e+04
4.5 1.013447e+04 1.003025e+04 1.004767e+04 1.015189e+04
5.5 1.004020e+04 1.006980e+04 1.007227e+04 1.004267e+04
6.5 1.009309e+04 1.003753e+04 1.004891e+04 1.010447e+04
7.5 1.016475e+04 1.006270e+04 1.007540e+04 1.017745e+04
8.5 9.997514e+03 1.004199e+04 1.005213e+04 1.000765e+04
0.2 1.004051e+04 1.005220e+04 1.006077e+04 1.004908e+04
1.2 1.019029e+04 1.005083e+04 1.006072e+04 1.020019e+04
2.2 1.013447e+04 1.003025e+04 1.004767e+04 1.015189e+04
3.2 1.004020e+04 1.006980e+04 1.007227e+04 1.004267e+04
4.2 1.009309e+04 1.003753e+04 1.004891e+04 1.010447e+04
5.2 1.016475e+04 1.006270e+04 1.007540e+04 1.017745e+04
6.2 9.997514e+03 1.004199e+04 1.005213e+04 1.000765e+04
7.2 1.007056e+04 1.004586e+04 1.006418e+04 1.008888e+04
8.2 1.021432e+04 1.004812e+04 1.005692e+04 1.022312e+04
0.9 1.004020e+04 1.006980e+04 1.007227e+04 1.004267e+04
1.9 1.009309e+04 1.003753e+04 1.004891e+04 1.010447e+04
2.9 1.016475e+04 1.006270e+04 1.007540e+04 1.017745e+04
3.9 9.997514e+03 1.004199e+04 1.005213e+04 1.000765e+04
4.9 1.007056e+04 1.004586e+04 1.006418e+04 1.008888e+04
5.9 1.021432e+04 1.004812e+04 1.005692e+04 1.022312e+04
6.9 1.002981e+04 1.003021e+04 1.004925e+04 1.004884e+04
7.9 1.010812e+04 1.006704e+04 1.007079e+04 1.011187e+04
8.9 1.011854e+04 1.003500e+04 1.004808e+04 1.013162e+04
0.6 1.016475e+04 1.006270e+04 1.007540e+04 1.017745e+04
1.6 9.997514e+03 1.004199e+04 1.005213e+04 1.000765e+04
2.6 1.007056e+04 1.004586e+04 1.006418e+04 1.008888e+04
3.6 1.021432e+04 1.004812e+04 1.005692e+04 1.022312e+04
4.6 1.002981e+04 1.003021e+04 1.004925e+04 1.004884e+04
5.6 1.010812e+04 1.006704e+04 1.007079e+04 1.011187e+04
6.6 1.011854e+04 1.003500e+04 1.004808e+04 1.013162e+04
7.6 1.008887e+04 1.006318e+04 1.007487e+04 1.010055e+04
8.6 1.007768e+04 1.003892e+04 1.005066e+04 1.008942e+04
0.3 1.007056e+04 1.004586e+04 1.006418e+04 1.008888e+04
1.3 1.021432e+04 1.004812e+04 1.005692e+04 1.022312e+04
2.3 1.002981e+04 1.003021e+04 1.004925e+04 1.004884e+04
3.3 1.010812e+04 1.006704e+04 1.007079e+04 1.011187e+04
4.3 1.011854e+04 1.003500e+04 1.004808e+04 1.013162e+04
5.3 1.008887e+04 1.006318e+04 1.007487e+04 1.010055e+04
6.3 1.007768e+04 1.003892e+04 1.005066e+04 1.008942e+04
7.3 1.015396e+04 1.005113e+04 1.006881e+04 1.017164e+04
8.3 1.014419e+04 1.004805e+04 1.005607e+04 1.015221e+04
0.9 1.010812e+04 1.006704e+04 1.007079e+04 1.011187e+04
1.9 1.011854e+04 1.003500e+04 1.004808e+04 1.013162e+04
2.9 1.008887e+04 1.006318e+04 1.007487e+04 1.010055e+04
3.9 1.007768e+04 1.003892e+04 1.005066e+04 1.008942e+04
4.9 1.015396e+04 1.005113e+04 1.006881e+04 1.017164e+04
5.9 1.014419e+04 1.004805e+04 1.005607e+04 1.015221e+04
6.9 1.011546e+04 1.003145e+04 1.005086e+04 1.013488e+04
7.9 1.008396e+04 9.992950e+03 1.013042e+04 1.022143e+04
8.9 1.011209e+04 1.014370e+04 1.014921e+04 1.011760e+04
0.7 1.008887e+04 1.006318e+04 1.007487e+04 1.010055e+04
1.7 1.007768e+04 1.003892e+04 1.005066e+04 1.008942e+04
2.7 1.015396e+04 1.005113e+04 1.006881e+04 1.017164e+04
3.7 1.014419e+04 1.004805e+04 1.005607e+04 1.015221e+04
4.7 1.011546e+04 1.003145e+04 1.005086e+04 1.013488e+04
5.7 1.008396e+04 9.992950e+03 1.013042e+04 1.022143e+04
6.7 1.011209e+04 1.014370e+04 1.014921e+04 1.011760e+04
7.7 1.034367e+04 1.034040e+04 1.015032e+04 1.015359e+04
8.7 1.029549e+04 1.029022e+04 1.015034e+04 1.015561e+04
0.3 1.015396e+04 1.005113e+04 1.006881e+04 1.017164e+04
1.3 1.014419e+04 1.004805e+04 1.005607e+04 1.015221e+04
2.3 1.011546e+04 1.003145e+04 1.005086e+04 1.013488e+04
3.3 1.008396e+04 9.992950e+03 1.013042e+04 1.022143e+04
4.3 1.011209e+04 1.014370e+04 1.014921e+04 1.011760e+04
5.3 1.034367e+04 1.034040e+04 1.015032e+04 1.015359e+04
6.3 1.029549e+04 1.029022e+04 1.015034e+04 1.015561e+04
7.3 1.023392e+04 1.022831e+04 1.015033e+04 1.015595e+04
8.3 1.023492e+04 1.018787e+04 1.015033e+04 1.019738e+04
0.5 9.911655e+03 1.000653e+04 1.013386e+04 1.003898e+04
1.5 1.003991e+04 1.008568e+04 1.005816e+04 1.001240e+04
2.5 1.001640e+04 1.005334e+04 1.006199e+04 1.002505e+04
3.5 1.003109e+04 1.005274e+04 1.006094e+04 1.003929e+04
4.5 9.941568e+03 1.003028e+04 1.004721e+04 9.958498e+03
5.5 9.986227e+03 1.007641e+04 1.007674e+04 9.986553e+03
6.5 9.964628e+03 1.003958e+04 1.004938e+04 9.974427e+03
7.5 9.961111e+03 1.006252e+04 1.007684e+04 9.975434e+03
8.5 9.976324e+03 1.004440e+04 1.005376e+04 9.985682e+03
0.2 1.001640e+04 1.005334e+04 1.006199e+04 1.002505e+04
1.2 1.003109e+04 1.005274e+04 1.006094e+04 1.003929e+04
2.2 9.941568e+03 1.003028e+04 1.004721e+04 9.958498e+03
3.2 9.986227e+03 1.007641e+04 1.007674e+04 9.986553e+03
4.2 9.964628e+03 1.003958e+04 1.004938e+04 9.974427e+03
5.2 9.961111e+03 1.006252e+04 1.007684e+04 9.975434e+03
6.2 9.976324e+03 1.004440e+04 1.005376e+04 9.985682e+03
7.2 9.998048e+03 1.004017e+04 1.006021e+04 1.001808e+04
8.2 1.002134e+04 1.005273e+04 1.006057e+04 1.002917e+04
0.8 9.986227e+03 1.007641e+04 1.007674e+04 9.986553e+03
1.8 9.964628e+03 1.003958e+04 1.004938e+04 9.974427e+03
2.8 9.961111e+03 1.006252e+04 1.007684e+04 9.975434e+03
3.8 9.976324e+03 1.004440e+04 1.005376e+04 9.985682e+03
4.8 9.998048e+03 1.004017e+04 1.006021e+04 1.001808e+04
5.8 1.002134e+04 1.005273e+04 1.006057e+04 1.002917e+04
6.8 1.005979e+04 1.002927e+04 1.004767e+04 1.007819e+04
7.8 1.001949e+04 1.006214e+04 1.007003e+04 1.002738e+04
8.8 9.952645e+03 1.003510e+04 1.004882e+04 9.966362e+03
0.5 9.961111e+03 1.006252e+04 1.007684e+04 9.975434e+03
1.5 9.976324e+03 1.004440e+04 1.005376e+04 9.985682e+03
2.5 9.998048e+03 1.004017e+04 1.006021e+04 1.001808e+04
3.5 1.002134e+04 1.005273e+04 1.006057e+04 1.002917e+04
4.5 1.005979e+04 1.002927e+04 1.004767e+04 1.007819e+04
5.5 1.001949e+04 1.006214e+04 1.007003e+04 1.002738e+04
6.5 9.952645e+03 1.003510e+04 1.004882e+04 9.966362e+03
7.5 9.960001e+03 1.006426e+04 1.007584e+04 9.971582e+03
8.5 1.000447e+04 1.004278e+04 1.005229e+04 1.001398e+04
0.2 9.998048e+03 1.004017e+04 1.006021e+04 1.001808e+04
1.2 1.002134e+04 1.005273e+04 1.006057e+04 1.002917e+04
2.2 1.005979e+04 1.002927e+04 1.004767e+04 1.007819e+04
3.2 1.001949e+04 1.006214e+04 1.007003e+04 1.002738e+04
4.2 9.952645e+03 1.003510e+04 1.004882e+04 9.966362e+03
5.2 9.960001e+03 1.006426e+04 1.007584e+04 9.971582e+03
6.2 1.000447e+04 1.004278e+04 1.005229e+04 1.001398e+04
7.2 1.012350e+04 1.005023e+04 1.006718e+04 1.014044e+04
8.2 1.007585e+04 1.005192e+04 1.005856e+04 1.008249e+04
0.9 1.001949e+04 1.006214e+04 1.007003e+04 1.002738e+04
1.9 9.952645e+03 1.003510e+04 1.004882e+04 9.966362e+03
2.9 9.960001e+03 1.006426e+04 1.007584e+04 9.971582e+03
3.9 1.000447e+04 1.004278e+04 1.005229e+04 1.001398e+04
4.9 1.012350e+04 1.005023e+04 1.006718e+04 1.014044e+04
5.9 1.007585e+04 1.005192e+04 1.005856e+04 1.008249e+04
6.9 1.007431e+04 1.003208e+04 1.005043e+04 1.009267e+04
7.9 1.001267e+04 9.995878e+03 1.012959e+04 1.014638e+04
8.9 1.006325e+04 1.012944e+04 1.015100e+04 1.008481e+04
0.6 9.960001e+03 1.006426e+04 1.007584e+04 9.971582e+03
1.6 1.000447e+04 1.004278e+04 1.005229e+04 1.001398e+04
2.6 1.012350e+04 1.005023e+04 1.006718e+04 1.014044e+04
3.6 1.007585e+04 1.005192e+04 1.005856e+04 1.008249e+04
4.6 1.007431e+04 1.003208e+04 1.005043e+04 1.009267e+04
5.6 1.001267e+04 9.995878e+03 1.012959e+04 1.014638e+04
6.6 1.006325e+04 1.012944e+04 1.015100e+04 1.008481e+04
7.6 1.040263e+04 1.034298e+04 1.015263e+04 1.021228e+04
8.6 1.043669e+04 1.029769e+04 1.015303e+04 1.029203e+04
0.3 1.012350e+04 1.005023e+04 1.006718e+04 1.014044e+04
1.3 1.007585e+04 1.005192e+04 1.005856e+04 1.008249e+04
2.3 1.007431e+04 1.003208e+04 1.005043e+04 1.009267e+04
3.3 1.001267e+04 9.995878e+03 1.012959e+04 1.014638e+04
4.3 1.006325e+04 1.012944e+04 1.015100e+04 1.008481e+04
5.3 1.040263e+04 1.034298e+04 1.015263e+04 1.021228e+04
6.3 1.043669e+04 1.029769e+04 1.015303e+04 1.029203e+04
7.3 1.023423e+04 1.023543e+04 1.015344e+04 1.015224e+04
8.3 1.010698e+04 1.019468e+04 1.015393e+04 1.006622e+04
0.5 1.007028e+04 1.001559e+04 1.014015e+04 1.019484e+04
1.5 1.000116e+04 1.009600e+04 1.006534e+04 9.970492e+03
2.5 1.004794e+04 1.006465e+04 1.006979e+04 1.005308e+04
3.5 9.898857e+03 1.006289e+04 1.006864e+04 9.904617e+03
4.5 9.896072e+03 1.004503e+04 1.005792e+04 9.908962e+03
5.5 9.997739e+03 1.008591e+04 1.008287e+04 9.994696e+03
6.5 1.006628e+04 1.005556e+04 1.006166e+04 1.007238e+04
7.5 1.005203e+04 1.008711e+04 1.009238e+04 1.005730e+04
8.5 9.996604e+03 1.006686e+04 1.006887e+04 9.998614e+03
0.2 1.004794e+04 1.006465e+04 1.006979e+04 1.005308e+04
1.2 9.898857e+03 1.006289e+04 1.006864e+04 9.904617e+03
2.2 9.896072e+03 1.004503e+04 1.005792e+04 9.908962e+03
3.2 9.997739e+03 1.008591e+04 1.008287e+04 9.994696e+03
4.2 1.006628e+04 1.005556e+04 1.006166e+04 1.007238e+04
5.2 1.005203e+04 1.008711e+04 1.009238e+04 1.005730e+04
6.2 9.996604e+03 1.006686e+04 1.006887e+04 9.998614e+03
7.2 1.006496e+04 1.007270e+04 1.008323e+04 1.007550e+04
8.2 1.011403e+04 1.007932e+04 1.007850e+04 1.011321e+04
0.9 9.997739e+03 1.008591e+04 1.008287e+04 9.994696e+03
1.9 1.006628e+04 1.005556e+04 1.006166e+04 1.007238e+04
2.9 1.005203e+04 1.008711e+04 1.009238e+04 1.005730e+04
3.9 9.996604e+03 1.006686e+04 1.006887e+04 9.998614e+03
4.9 1.006496e+04 1.007270e+04 1.008323e+04 1.007550e+04
5.9 1.011403e+04 1.007932e+04 1.007850e+04 1.011321e+04
6.9 1.012568e+04 1.006082e+04 1.007083e+04 1.013569e+04
7.9 1.016684e+04 1.009756e+04 1.009379e+04 1.016307e+04
8.9 1.006105e+04 1.007102e+04 1.007453e+04 1.006457e+04
0.6 1.005203e+04 1.008711e+04 1.009238e+04 1.005730e+04
1.6 9.996604e+03 1.006686e+04 1.006887e+04 9.998614e+03
2.6 1.006496e+04 1.007270e+04 1.008323e+04 1.007550e+04
3.6 1.011403e+04 1.007932e+04 1.007850e+04 1.011321e+04
4.6 1.012568e+04 1.006082e+04 1.007083e+04 1.013569e+04
5.6 1.016684e+04 1.009756e+04 1.009379e+04 1.016307e+04
6.6 1.006105e+04 1.007102e+04 1.007453e+04 1.006457e+04
7.6 1.010040e+04 1.010360e+04 1.010369e+04 1.010050e+04
8.6 1.004931e+04 1.008294e+04 1.008182e+04 1.004818e+04
0.3 1.006496e+04 1.007270e+04 1.008323e+04 1.007550e+04
1.3 1.011403e+04 1.007932e+04 1.007850e+04 1.011321e+04
2.3 1.012568e+04 1.006082e+04 1.007083e+04 1.013569e+04
3.3 1.016684e+04 1.009756e+04 1.009379e+04 1.016307e+04
4.3 1.006105e+04 1.007102e+04 1.007453e+04 1.006457e+04
5.3 1.010040e+04 1.010360e+04 1.010369e+04 1.010050e+04
6.3 1.004931e+04 1.008294e+04 1.008182e+04 1.004818e+04
7.3 1.014930e+04 1.010078e+04 1.010437e+04 1.015290e+04
8.3 1.019270e+04 1.010411e+04 1.009456e+04 1.018315e+04
1.0 1.016684e+04 1.009756e+04 1.009379e+04 1.016307e+04
2.0 1.006105e+04 1.007102e+04 1.007453e+04 1.006457e+04
3.0 1.010040e+04 1.010360e+04 1.010369e+04 1.010050e+04
4.0 1.004931e+04 1.008294e+04 1.008182e+04 1.004818e+04
5.0 1.014930e+04 1.010078e+04 1.010437e+04 1.015290e+04
6.0 1.019270e+04 1.010411e+04 1.009456e+04 1.018315e+04
0.6 1.010040e+04 1.010360e+04 1.010369e+04 1.010050e+04
1.6 1.004931e+04 1.008294e+04 1.008182e+04 1.004818e+04
2.6 1.014930e+04 1.010078e+04 1.010437e+04 1.015290e+04
3.6 1.019270e+04 1.010411e+04 1.009456e+04 1.018315e+04
0.3 1.014930e+04 1.010078e+04 1.010437e+04 1.015290e+04
1.3 1.019270e+04 1.010411e+04 1.009456e+04 1.018315e+04
