0.5 9.224604e+03 9.220570e+03 9.211728e+03 9.215763e+03
1.5 9.148035e+03 9.264672e+03 9.499958e+03 9.383321e+03
2.5 9.329362e+03 9.285481e+03 9.502440e+03 9.546321e+03
3.5 9.470415e+03 9.428195e+03 9.326573e+03 9.368794e+03
4.5 9.192059e+03 9.299480e+03 9.237337e+03 9.129916e+03
5.5 9.400020e+03 9.247127e+03 9.210530e+03 9.363424e+03
6.5 9.531299e+03 9.282938e+03 9.204343e+03 9.452704e+03
7.5 9.259256e+03 9.207512e+03 9.203560e+03 9.255304e+03
0.1 8.985690e+03 9.292238e+03 9.201530e+03 8.894982e+03
1.1 9.615120e+03 9.403085e+03 9.366821e+03 9.578856e+03
2.1 9.208255e+03 9.328370e+03 9.695454e+03 9.575340e+03
3.1 9.360854e+03 9.188366e+03 9.568983e+03 9.741471e+03
4.1 9.091534e+03 9.036706e+03 9.340840e+03 9.395669e+03
5.1 9.428987e+03 9.070121e+03 9.238993e+03 9.597859e+03
6.1 9.145169e+03 9.161641e+03 9.208859e+03 9.192387e+03
7.1 9.076892e+03 9.240117e+03 9.201366e+03 9.038141e+03
0.5 9.309436e+03 9.262167e+03 9.220337e+03 9.267607e+03
1.5 9.091511e+03 9.296551e+03 9.505971e+03 9.300931e+03
2.5 9.265957e+03 9.328883e+03 9.506305e+03 9.443380e+03
3.5 9.678955e+03 9.471507e+03 9.328441e+03 9.535890e+03
4.5 9.393907e+03 9.325208e+03 9.237109e+03 9.305808e+03
5.5 9.178727e+03 9.276729e+03 9.208733e+03 9.110731e+03
6.5 9.005072e+03 9.305528e+03 9.201565e+03 8.901109e+03
7.5 9.477049e+03 9.225331e+03 9.200171e+03 9.451889e+03
0.1 9.042758e+03 9.291775e+03 9.199683e+03 8.950666e+03
1.1 9.143223e+03 9.411351e+03 9.356578e+03 9.088449e+03
2.1 9.423466e+03 9.332718e+03 9.690659e+03 9.781406e+03
3.1 9.290960e+03 9.198280e+03 9.574562e+03 9.667241e+03
4.1 8.176323e+03 9.041422e+03 9.344105e+03 8.479005e+03
5.1 9.067447e+03 9.071118e+03 9.239669e+03 9.235997e+03
6.1 9.386934e+03 9.162066e+03 9.208647e+03 9.433515e+03
7.1 9.079693e+03 9.240773e+03 9.200983e+03 9.039904e+03
0.5 9.575177e+03 9.263867e+03 9.220033e+03 9.531343e+03
1.5 9.414629e+03 9.290677e+03 9.505725e+03 9.629676e+03
2.5 9.549640e+03 9.337383e+03 9.506103e+03 9.718360e+03
3.5 9.512573e+03 9.483619e+03 9.328292e+03 9.357246e+03
4.5 9.430685e+03 9.317654e+03 9.237100e+03 9.350131e+03
5.5 9.342455e+03 9.271712e+03 9.208864e+03 9.279607e+03
6.5 9.591321e+03 9.314131e+03 9.201795e+03 9.478986e+03
7.5 9.250861e+03 9.212093e+03 9.200484e+03 9.239252e+03
0.0 9.114905e+03 9.278899e+03 9.202948e+03 9.038954e+03
1.0 9.485751e+03 9.415973e+03 9.343316e+03 9.413094e+03
2.0 9.711210e+03 9.330932e+03 9.686649e+03 1.006693e+04
3.0 9.253418e+03 9.208866e+03 9.592764e+03 9.637316e+03
4.0 8.787075e+03 9.042865e+03 9.358528e+03 9.102737e+03
5.0 9.126711e+03 9.065563e+03 9.249406e+03 9.310554e+03
6.0 9.434997e+03 9.155795e+03 9.217326e+03 9.496528e+03
7.0 9.335117e+03 9.235314e+03 9.210293e+03 9.310095e+03
0.5 9.115872e+03 9.260966e+03 9.232086e+03 9.086992e+03
1.5 9.122629e+03 9.287305e+03 9.519507e+03 9.354831e+03
2.5 9.155875e+03 9.333492e+03 9.521812e+03 9.344195e+03
3.5 9.121257e+03 9.477515e+03 9.346155e+03 8.989897e+03
4.5 9.542662e+03 9.316162e+03 9.257338e+03 9.483839e+03
5.5 9.252342e+03 9.273386e+03 9.231707e+03 9.210663e+03
6.5 9.434478e+03 9.292092e+03 9.227479e+03 9.369865e+03
7.5 9.060181e+03 9.219867e+03 9.229246e+03 9.069560e+03
