0.5 1.028177e+04 1.014656e+04 1.007626e+04 1.021147e+04
1.5 1.015844e+04 1.005558e+04 1.009191e+04 1.019477e+04
2.5 1.021097e+04 1.013189e+04 1.011695e+04 1.019603e+04
3.5 1.010452e+04 1.008783e+04 1.012387e+04 1.014055e+04
4.5 1.013386e+04 1.008631e+04 1.011562e+04 1.016317e+04
5.5 1.001793e+04 1.006305e+04 1.010321e+04 1.005809e+04
6.5 1.004550e+04 1.009737e+04 1.008984e+04 1.003797e+04
7.5 9.929012e+03 1.006553e+04 1.007961e+04 9.943089e+03
0.1 1.004405e+04 1.004021e+04 1.007584e+04 1.007968e+04
1.1 1.001067e+04 9.999664e+03 1.008185e+04 1.009286e+04
2.1 1.010201e+04 1.015807e+04 1.011237e+04 1.005631e+04
3.1 1.032376e+04 1.034541e+04 1.014135e+04 1.011970e+04
4.1 1.032763e+04 1.029257e+04 1.014294e+04 1.017800e+04
5.1 1.013475e+04 1.023051e+04 1.012741e+04 1.003165e+04
6.1 1.009638e+04 1.019001e+04 1.010825e+04 1.001462e+04
7.1 1.017142e+04 1.016480e+04 1.008859e+04 1.009522e+04
0.5 1.005431e+04 1.010162e+04 1.007558e+04 1.002828e+04
1.5 1.007741e+04 1.001039e+04 1.009088e+04 1.015791e+04
2.5 1.020890e+04 1.008901e+04 1.011564e+04 1.023552e+04
3.5 1.004002e+04 1.005172e+04 1.012234e+04 1.011064e+04
4.5 1.018980e+04 1.005035e+04 1.011389e+04 1.025334e+04
5.5 1.013397e+04 1.002977e+04 1.010130e+04 1.020550e+04
6.5 1.003971e+04 1.006932e+04 1.008780e+04 1.005819e+04
7.5 1.009260e+04 1.003704e+04 1.007750e+04 1.013306e+04
0.1 1.011497e+04 1.003096e+04 1.007490e+04 1.015891e+04
1.1 1.008347e+04 9.992439e+03 1.008061e+04 1.017163e+04
2.1 1.011160e+04 1.014316e+04 1.011071e+04 1.007914e+04
3.1 1.034317e+04 1.033988e+04 1.014034e+04 1.014363e+04
4.1 1.029499e+04 1.028972e+04 1.014266e+04 1.014793e+04
5.1 1.023343e+04 1.022782e+04 1.012743e+04 1.013304e+04
6.1 1.023443e+04 1.018739e+04 1.010838e+04 1.015541e+04
7.1 1.019969e+04 1.016238e+04 1.008871e+04 1.012602e+04
0.5 9.957671e+03 1.009952e+04 1.007534e+04 9.933491e+03
1.5 9.911180e+03 1.000603e+04 1.009068e+04 9.995830e+03
2.5 1.003943e+04 1.008519e+04 1.011546e+04 1.006971e+04
3.5 1.001592e+04 1.005286e+04 1.012219e+04 1.008526e+04
4.5 1.003061e+04 1.005226e+04 1.011376e+04 1.009211e+04
5.5 9.941089e+03 1.002980e+04 1.010120e+04 1.001249e+04
6.5 9.985747e+03 1.007593e+04 1.008774e+04 9.997559e+03
7.5 9.964149e+03 1.003909e+04 1.007747e+04 1.000253e+04
0.0 1.007383e+04 1.003159e+04 1.007541e+04 1.011765e+04
1.0 1.001219e+04 9.995369e+03 1.008039e+04 1.009721e+04
2.0 1.006249e+04 1.012890e+04 1.010948e+04 1.004307e+04
3.0 1.040213e+04 1.034245e+04 1.014029e+04 1.019996e+04
4.0 1.043619e+04 1.029718e+04 1.014404e+04 1.028304e+04
5.0 1.023374e+04 1.023494e+04 1.012944e+04 1.012824e+04
6.0 1.010650e+04 1.019420e+04 1.011066e+04 1.002297e+04
7.0 1.023425e+04 1.016937e+04 1.009110e+04 1.015597e+04
0.5 1.011183e+04 1.010744e+04 1.007736e+04 1.008174e+04
1.5 1.006980e+04 1.001508e+04 1.009301e+04 1.014773e+04
2.5 1.000067e+04 1.009551e+04 1.011815e+04 1.002332e+04
3.5 1.004746e+04 1.006417e+04 1.012529e+04 1.010858e+04
4.5 9.898383e+03 1.006240e+04 1.011732e+04 9.953304e+03
5.5 9.895597e+03 1.004455e+04 1.010528e+04 9.956322e+03
6.5 9.997256e+03 1.008542e+04 1.009238e+04 1.000421e+04
7.5 1.006580e+04 1.005507e+04 1.008274e+04 1.009347e+04
