0.5 9.572559e+03 9.462526e+03 9.448415e+03 9.558448e+03
1.5 9.472681e+03 9.433761e+03 9.420616e+03 9.459536e+03
2.5 9.416933e+03 9.419441e+03 9.451605e+03 9.449097e+03
3.5 9.408284e+03 9.398218e+03 9.456779e+03 9.466845e+03
4.5 9.411086e+03 9.432828e+03 9.456898e+03 9.435155e+03
5.5 9.404575e+03 9.441444e+03 9.456799e+03 9.419929e+03
6.5 9.442776e+03 9.468246e+03 9.456717e+03 9.431247e+03
7.5 9.434925e+03 9.462439e+03 9.456654e+03 9.429140e+03
0.1 9.418067e+03 9.441725e+03 9.456594e+03 9.432936e+03
1.1 9.436313e+03 9.457641e+03 9.421140e+03 9.399813e+03
2.1 9.535544e+03 9.519164e+03 9.418404e+03 9.434784e+03
3.1 9.574063e+03 9.564989e+03 9.451786e+03 9.460860e+03
4.1 9.577915e+03 9.542601e+03 9.456418e+03 9.491731e+03
5.1 9.496380e+03 9.502597e+03 9.456661e+03 9.450445e+03
6.1 9.467378e+03 9.469558e+03 9.456671e+03 9.454491e+03
7.1 9.443861e+03 9.449582e+03 9.456671e+03 9.450950e+03
0.5 9.457993e+03 9.429349e+03 9.447384e+03 9.476028e+03
1.5 9.450512e+03 9.402705e+03 9.419799e+03 9.467606e+03
2.5 9.429080e+03 9.389967e+03 9.450967e+03 9.490080e+03
3.5 9.419437e+03 9.373588e+03 9.456346e+03 9.502195e+03
4.5 9.436144e+03 9.410657e+03 9.456644e+03 9.482131e+03
5.5 9.430746e+03 9.421058e+03 9.456651e+03 9.466340e+03
6.5 9.424389e+03 9.451789e+03 9.456647e+03 9.429248e+03
7.5 9.477859e+03 9.446281e+03 9.456644e+03 9.488222e+03
0.1 9.455596e+03 9.438332e+03 9.456664e+03 9.473928e+03
1.1 9.446093e+03 9.453637e+03 9.422091e+03 9.414547e+03
2.1 9.461771e+03 9.514601e+03 9.417352e+03 9.364522e+03
3.1 9.519114e+03 9.562872e+03 9.451479e+03 9.407721e+03
4.1 9.544689e+03 9.541746e+03 9.456421e+03 9.459364e+03
5.1 9.558975e+03 9.502080e+03 9.456681e+03 9.513576e+03
6.1 9.465462e+03 9.468936e+03 9.456690e+03 9.453216e+03
7.1 9.396721e+03 9.448891e+03 9.456688e+03 9.404518e+03
0.5 9.379478e+03 9.428605e+03 9.447400e+03 9.398273e+03
1.5 9.378264e+03 9.401366e+03 9.419816e+03 9.396713e+03
2.5 9.411120e+03 9.387742e+03 9.450984e+03 9.474363e+03
3.5 9.418889e+03 9.373917e+03 9.456357e+03 9.501329e+03
4.5 9.395849e+03 9.412977e+03 9.456645e+03 9.439517e+03
5.5 9.364499e+03 9.421719e+03 9.456648e+03 9.399428e+03
6.5 9.374993e+03 9.454475e+03 9.456641e+03 9.377158e+03
7.5 9.392376e+03 9.447865e+03 9.456633e+03 9.401143e+03
0.0 9.485665e+03 9.439470e+03 9.456435e+03 9.502630e+03
1.0 9.501716e+03 9.452522e+03 9.423735e+03 9.472928e+03
2.0 9.526798e+03 9.511598e+03 9.414974e+03 9.430173e+03
3.0 9.596607e+03 9.564058e+03 9.450365e+03 9.482915e+03
4.0 9.601210e+03 9.545131e+03 9.455929e+03 9.512009e+03
5.0 9.462138e+03 9.505851e+03 9.456161e+03 9.412449e+03
6.0 9.410811e+03 9.472290e+03 9.456091e+03 9.394612e+03
7.0 9.453682e+03 9.451968e+03 9.455997e+03 9.457711e+03
0.5 9.403561e+03 9.431550e+03 9.446492e+03 9.418503e+03
1.5 9.366010e+03 9.404664e+03 9.418781e+03 9.380127e+03
2.5 9.339750e+03 9.391414e+03 9.449809e+03 9.398145e+03
3.5 9.325793e+03 9.377907e+03 9.455027e+03 9.402913e+03
4.5 9.354940e+03 9.415552e+03 9.455145e+03 9.394534e+03
5.5 9.381004e+03 9.426222e+03 9.454965e+03 9.409748e+03
6.5 9.420119e+03 9.457772e+03 9.454759e+03 9.417105e+03
7.5 9.429446e+03 9.451671e+03 9.454539e+03 9.432314e+03
