0.5 7.496938e+03 7.422534e+03 7.457685e+03 7.532090e+03
1.5 7.437933e+03 7.381634e+03 7.291382e+03 7.347681e+03
2.5 7.391602e+03 7.370525e+03 7.289950e+03 7.311027e+03
3.5 7.407285e+03 7.394047e+03 7.391422e+03 7.404659e+03
4.5 7.392304e+03 7.461921e+03 7.442909e+03 7.373292e+03
5.5 7.398652e+03 7.461336e+03 7.458377e+03 7.395693e+03
6.5 7.424715e+03 7.445510e+03 7.461946e+03 7.441152e+03
7.5 7.415885e+03 7.433127e+03 7.462398e+03 7.445156e+03
0.1 7.395230e+03 7.390498e+03 7.463569e+03 7.468301e+03
1.1 7.411016e+03 7.402141e+03 7.368200e+03 7.377074e+03
2.1 7.446162e+03 7.431183e+03 7.178584e+03 7.193564e+03
3.1 7.519710e+03 7.546397e+03 7.251556e+03 7.224869e+03
4.1 7.632352e+03 7.632174e+03 7.383190e+03 7.383368e+03
5.1 7.464135e+03 7.587895e+03 7.441954e+03 7.318194e+03
6.1 7.437458e+03 7.504384e+03 7.459341e+03 7.392415e+03
7.1 7.386262e+03 7.425818e+03 7.463665e+03 7.424108e+03
0.5 7.393253e+03 7.384021e+03 7.452718e+03 7.461951e+03
1.5 7.404937e+03 7.346799e+03 7.287913e+03 7.346050e+03
2.5 7.392760e+03 7.334463e+03 7.287720e+03 7.346016e+03
3.5 7.372663e+03 7.361777e+03 7.390344e+03 7.401230e+03
4.5 7.413915e+03 7.435406e+03 7.443041e+03 7.421551e+03
5.5 7.391843e+03 7.435405e+03 7.459414e+03 7.415852e+03
6.5 7.391977e+03 7.424089e+03 7.463549e+03 7.431437e+03
7.5 7.411079e+03 7.412935e+03 7.464354e+03 7.462498e+03
0.1 7.387041e+03 7.386485e+03 7.464635e+03 7.465191e+03
1.1 7.379812e+03 7.396268e+03 7.374110e+03 7.357654e+03
2.1 7.365491e+03 7.426562e+03 7.181351e+03 7.120280e+03
3.1 7.433995e+03 7.539133e+03 7.248337e+03 7.143198e+03
4.1 7.823797e+03 7.628961e+03 7.381307e+03 7.576143e+03
5.1 7.761897e+03 7.587296e+03 7.441564e+03 7.616166e+03
6.1 7.552380e+03 7.504345e+03 7.459463e+03 7.507498e+03
7.1 7.370098e+03 7.425687e+03 7.463885e+03 7.408296e+03
0.5 7.310310e+03 7.382680e+03 7.452894e+03 7.380524e+03
1.5 7.332467e+03 7.346689e+03 7.288055e+03 7.273833e+03
2.5 7.369620e+03 7.330665e+03 7.287836e+03 7.326791e+03
3.5 7.415488e+03 7.359253e+03 7.390431e+03 7.446666e+03
4.5 7.409081e+03 7.438633e+03 7.443047e+03 7.413495e+03
5.5 7.357033e+03 7.436764e+03 7.459338e+03 7.379607e+03
6.5 7.365831e+03 7.424066e+03 7.463417e+03 7.405182e+03
7.5 7.365096e+03 7.416693e+03 7.464173e+03 7.412576e+03
0.0 7.435436e+03 7.390579e+03 7.462752e+03 7.507609e+03
1.0 7.357340e+03 7.395318e+03 7.381762e+03 7.343784e+03
2.0 7.423742e+03 7.427390e+03 7.183665e+03 7.180016e+03
3.0 7.488192e+03 7.533464e+03 7.237835e+03 7.192563e+03
4.0 7.781395e+03 7.630568e+03 7.372985e+03 7.523812e+03
5.0 7.559671e+03 7.593857e+03 7.435946e+03 7.401760e+03
6.0 7.401807e+03 7.511815e+03 7.454455e+03 7.344447e+03
7.0 7.381089e+03 7.432893e+03 7.458514e+03 7.406710e+03
0.5 7.353891e+03 7.387624e+03 7.445939e+03 7.412206e+03
1.5 7.356754e+03 7.352355e+03 7.280103e+03 7.284502e+03
2.5 7.313084e+03 7.337127e+03 7.278772e+03 7.254730e+03
3.5 7.302562e+03 7.366892e+03 7.380124e+03 7.315794e+03
4.5 7.341854e+03 7.444731e+03 7.431369e+03 7.328493e+03
5.5 7.358287e+03 7.444296e+03 7.446158e+03 7.360149e+03
6.5 7.374992e+03 7.436442e+03 7.448598e+03 7.387147e+03
7.5 7.398681e+03 7.423843e+03 7.447578e+03 7.422416e+03
