0.5 9.628220e+03 9.608591e+03 9.552359e+03 9.571988e+03
1.5 9.606840e+03 9.617131e+03 9.561126e+03 9.550835e+03
2.5 9.585855e+03 9.575977e+03 9.590415e+03 9.600293e+03
3.5 9.575945e+03 9.573438e+03 9.621371e+03 9.623877e+03
4.5 9.571089e+03 9.589506e+03 9.646565e+03 9.628148e+03
5.5 9.600661e+03 9.647220e+03 9.663395e+03 9.616836e+03
6.5 9.573250e+03 9.641951e+03 9.669824e+03 9.601123e+03
7.5 9.542060e+03 9.679363e+03 9.671109e+03 9.533806e+03
8.5 9.591149e+03 9.646362e+03 9.669422e+03 9.614210e+03
0.2 9.585855e+03 9.575977e+03 9.590415e+03 9.600293e+03
1.2 9.575945e+03 9.573438e+03 9.621371e+03 9.623877e+03
2.2 9.571089e+03 9.589506e+03 9.646565e+03 9.628148e+03
3.2 9.600661e+03 9.647220e+03 9.663395e+03 9.616836e+03
4.2 9.573250e+03 9.641951e+03 9.669824e+03 9.601123e+03
5.2 9.542060e+03 9.679363e+03 9.671109e+03 9.533806e+03
6.2 9.591149e+03 9.646362e+03 9.669422e+03 9.614210e+03
7.2 9.656560e+03 9.666172e+03 9.670311e+03 9.660699e+03
8.2 9.672716e+03 9.651272e+03 9.668936e+03 9.690380e+03
0.9 9.600661e+03 9.647220e+03 9.663395e+03 9.616836e+03
1.9 9.573250e+03 9.641951e+03 9.669824e+03 9.601123e+03
2.9 9.542060e+03 9.679363e+03 9.671109e+03 9.533806e+03
3.9 9.591149e+03 9.646362e+03 9.669422e+03 9.614210e+03
4.9 9.656560e+03 9.666172e+03 9.670311e+03 9.660699e+03
5.9 9.672716e+03 9.651272e+03 9.668936e+03 9.690380e+03
6.9 9.668317e+03 9.643781e+03 9.669558e+03 9.694095e+03
7.9 9.655093e+03 9.661501e+03 9.669122e+03 9.662714e+03
8.9 9.615372e+03 9.639472e+03 9.669218e+03 9.645118e+03
0.6 9.542060e+03 9.679363e+03 9.671109e+03 9.533806e+03
1.6 9.591149e+03 9.646362e+03 9.669422e+03 9.614210e+03
2.6 9.656560e+03 9.666172e+03 9.670311e+03 9.660699e+03
3.6 9.672716e+03 9.651272e+03 9.668936e+03 9.690380e+03
4.6 9.668317e+03 9.643781e+03 9.669558e+03 9.694095e+03
5.6 9.655093e+03 9.661501e+03 9.669122e+03 9.662714e+03
6.6 9.615372e+03 9.639472e+03 9.669218e+03 9.645118e+03
7.6 9.635919e+03 9.672099e+03 9.670119e+03 9.633938e+03
8.6 9.657425e+03 9.640319e+03 9.669513e+03 9.686618e+03
0.3 9.656560e+03 9.666172e+03 9.670311e+03 9.660699e+03
1.3 9.672716e+03 9.651272e+03 9.668936e+03 9.690380e+03
2.3 9.668317e+03 9.643781e+03 9.669558e+03 9.694095e+03
3.3 9.655093e+03 9.661501e+03 9.669122e+03 9.662714e+03
4.3 9.615372e+03 9.639472e+03 9.669218e+03 9.645118e+03
5.3 9.635919e+03 9.672099e+03 9.670119e+03 9.633938e+03
6.3 9.657425e+03 9.640319e+03 9.669513e+03 9.686618e+03
7.3 9.665214e+03 9.668597e+03 9.671142e+03 9.667759e+03
8.3 9.623812e+03 9.645390e+03 9.670253e+03 9.648675e+03
1.0 9.655093e+03 9.661501e+03 9.669122e+03 9.662714e+03
2.0 9.615372e+03 9.639472e+03 9.669218e+03 9.645118e+03
3.0 9.635919e+03 9.672099e+03 9.670119e+03 9.633938e+03
4.0 9.657425e+03 9.640319e+03 9.669513e+03 9.686618e+03
5.0 9.665214e+03 9.668597e+03 9.671142e+03 9.667759e+03
6.0 9.623812e+03 9.645390e+03 9.670253e+03 9.648675e+03
7.0 9.601499e+03 9.646652e+03 9.671574e+03 9.626421e+03
8.0 9.615429e+03 9.684362e+03 9.666914e+03 9.597981e+03
9.0 9.808238e+03 9.790565e+03 9.643204e+03 9.660877e+03
0.7 9.635919e+03 9.672099e+03 9.670119e+03 9.633938e+03
1.7 9.657425e+03 9.640319e+03 9.669513e+03 9.686618e+03
2.7 9.665214e+03 9.668597e+03 9.671142e+03 9.667759e+03
3.7 9.623812e+03 9.645390e+03 9.670253e+03 9.648675e+03
4.7 9.601499e+03 9.646652e+03 9.671574e+03 9.626421e+03
5.7 9.615429e+03 9.684362e+03 9.666914e+03 9.597981e+03
6.7 9.808238e+03 9.790565e+03 9.643204e+03 9.660877e+03
7.7 9.777624e+03 9.747828e+03 9.609152e+03 9.638949e+03
8.7 9.696481e+03 9.597366e+03 9.580035e+03 9.679150e+03
0.4 9.665214e+03 9.668597e+03 9.671142e+03 9.667759e+03
1.4 9.623812e+03 9.645390e+03 9.670253e+03 9.648675e+03
2.4 9.601499e+03 9.646652e+03 9.671574e+03 9.626421e+03
3.4 9.615429e+03 9.684362e+03 9.666914e+03 9.597981e+03
4.4 9.808238e+03 9.790565e+03 9.643204e+03 9.660877e+03
5.4 9.777624e+03 9.747828e+03 9.609152e+03 9.638949e+03
6.4 9.696481e+03 9.597366e+03 9.580035e+03 9.679150e+03
7.4 9.663952e+03 9.540263e+03 9.558970e+03 9.682659e+03
8.4 9.645466e+03 9.538842e+03 9.546971e+03 9.653595e+03
0.5 9.637904e+03 9.585248e+03 9.544929e+03 9.597585e+03
1.5 9.653687e+03 9.599193e+03 9.556669e+03 9.611163e+03
2.5 9.657825e+03 9.563653e+03 9.588379e+03 9.682551e+03
3.5 9.636353e+03 9.560080e+03 9.620953e+03 9.697227e+03
4.5 9.641053e+03 9.579211e+03 9.647534e+03 9.709376e+03
5.5 9.648078e+03 9.639347e+03 9.665094e+03 9.673825e+03
6.5 9.715439e+03 9.633379e+03 9.671794e+03 9.753854e+03
7.5 9.726787e+03 9.672302e+03 9.673650e+03 9.728135e+03
8.5 9.694688e+03 9.640975e+03 9.672745e+03 9.726457e+03
0.2 9.657825e+03 9.563653e+03 9.588379e+03 9.682551e+03
1.2 9.636353e+03 9.560080e+03 9.620953e+03 9.697227e+03
2.2 9.641053e+03 9.579211e+03 9.647534e+03 9.709376e+03
3.2 9.648078e+03 9.639347e+03 9.665094e+03 9.673825e+03
4.2 9.715439e+03 9.633379e+03 9.671794e+03 9.753854e+03
5.2 9.726787e+03 9.672302e+03 9.673650e+03 9.728135e+03
6.2 9.694688e+03 9.640975e+03 9.672745e+03 9.726457e+03
7.2 9.703594e+03 9.661246e+03 9.674249e+03 9.716597e+03
8.2 9.710014e+03 9.648011e+03 9.673812e+03 9.735815e+03
0.9 9.648078e+03 9.639347e+03 9.665094e+03 9.673825e+03
1.9 9.715439e+03 9.633379e+03 9.671794e+03 9.753854e+03
2.9 9.726787e+03 9.672302e+03 9.673650e+03 9.728135e+03
3.9 9.694688e+03 9.640975e+03 9.672745e+03 9.726457e+03
4.9 9.703594e+03 9.661246e+03 9.674249e+03 9.716597e+03
5.9 9.710014e+03 9.648011e+03 9.673812e+03 9.735815e+03
6.9 9.682321e+03 9.644183e+03 9.675162e+03 9.713301e+03
7.9 9.691506e+03 9.663834e+03 9.674082e+03 9.701754e+03
8.9 9.683888e+03 9.637180e+03 9.672854e+03 9.719563e+03
0.6 9.726787e+03 9.672302e+03 9.673650e+03 9.728135e+03
1.6 9.694688e+03 9.640975e+03 9.672745e+03 9.726457e+03
2.6 9.703594e+03 9.661246e+03 9.674249e+03 9.716597e+03
3.6 9.710014e+03 9.648011e+03 9.673812e+03 9.735815e+03
4.6 9.682321e+03 9.644183e+03 9.675162e+03 9.713301e+03
5.6 9.691506e+03 9.663834e+03 9.674082e+03 9.701754e+03
6.6 9.683888e+03 9.637180e+03 9.672854e+03 9.719563e+03
7.6 9.696582e+03 9.670728e+03 9.673264e+03 9.699118e+03
8.6 9.681984e+03 9.639406e+03 9.672495e+03 9.715073e+03
0.3 9.703594e+03 9.661246e+03 9.674249e+03 9.716597e+03
1.3 9.710014e+03 9.648011e+03 9.673812e+03 9.735815e+03
2.3 9.682321e+03 9.644183e+03 9.675162e+03 9.713301e+03
3.3 9.691506e+03 9.663834e+03 9.674082e+03 9.701754e+03
4.3 9.683888e+03 9.637180e+03 9.672854e+03 9.719563e+03
5.3 9.696582e+03 9.670728e+03 9.673264e+03 9.699118e+03
6.3 9.681984e+03 9.639406e+03 9.672495e+03 9.715073e+03
7.3 9.703873e+03 9.666673e+03 9.674149e+03 9.711349e+03
8.3 9.725049e+03 9.646170e+03 9.673484e+03 9.752363e+03
0.9 9.691506e+03 9.663834e+03 9.674082e+03 9.701754e+03
1.9 9.683888e+03 9.637180e+03 9.672854e+03 9.719563e+03
2.9 9.696582e+03 9.670728e+03 9.673264e+03 9.699118e+03
3.9 9.681984e+03 9.639406e+03 9.672495e+03 9.715073e+03
4.9 9.703873e+03 9.666673e+03 9.674149e+03 9.711349e+03
5.9 9.725049e+03 9.646170e+03 9.673484e+03 9.752363e+03
6.9 9.703208e+03 9.645673e+03 9.674745e+03 9.732279e+03
7.9 9.713757e+03 9.683408e+03 9.670183e+03 9.700532e+03
8.9 9.786061e+03 9.787892e+03 9.646637e+03 9.644805e+03
0.7 9.696582e+03 9.670728e+03 9.673264e+03 9.699118e+03
1.7 9.681984e+03 9.639406e+03 9.672495e+03 9.715073e+03
2.7 9.703873e+03 9.666673e+03 9.674149e+03 9.711349e+03
3.7 9.725049e+03 9.646170e+03 9.673484e+03 9.752363e+03
4.7 9.703208e+03 9.645673e+03 9.674745e+03 9.732279e+03
5.7 9.713757e+03 9.683408e+03 9.670183e+03 9.700532e+03
6.7 9.786061e+03 9.787892e+03 9.646637e+03 9.644805e+03
7.7 9.789877e+03 9.752700e+03 9.612370e+03 9.649547e+03
8.7 9.459564e+03 9.600616e+03 9.582772e+03 9.441720e+03
0.3 9.703873e+03 9.666673e+03 9.674149e+03 9.711349e+03
1.3 9.725049e+03 9.646170e+03 9.673484e+03 9.752363e+03
2.3 9.703208e+03 9.645673e+03 9.674745e+03 9.732279e+03
3.3 9.713757e+03 9.683408e+03 9.670183e+03 9.700532e+03
4.3 9.786061e+03 9.787892e+03 9.646637e+03 9.644805e+03
5.3 9.789877e+03 9.752700e+03 9.612370e+03 9.649547e+03
6.3 9.459564e+03 9.600616e+03 9.582772e+03 9.441720e+03
7.3 9.499785e+03 9.541417e+03 9.561269e+03 9.519637e+03
8.3 9.427133e+03 9.539040e+03 9.548778e+03 9.436872e+03
0.5 9.504292e+03 9.583413e+03 9.545961e+03 9.466839e+03
1.5 9.569482e+03 9.599912e+03 9.558103e+03 9.527673e+03
2.5 9.552607e+03 9.567662e+03 9.590023e+03 9.574969e+03
3.5 9.528577e+03 9.561237e+03 9.621937e+03 9.589277e+03
4.5 9.518644e+03 9.579031e+03 9.647826e+03 9.587439e+03
5.5 9.530501e+03 9.643752e+03 9.664704e+03 9.551453e+03
6.5 9.564241e+03 9.631225e+03 9.670153e+03 9.603170e+03
7.5 9.577262e+03 9.672268e+03 9.671807e+03 9.576801e+03
8.5 9.563698e+03 9.640259e+03 9.670890e+03 9.594328e+03
0.2 9.552607e+03 9.567662e+03 9.590023e+03 9.574969e+03
1.2 9.528577e+03 9.561237e+03 9.621937e+03 9.589277e+03
2.2 9.518644e+03 9.579031e+03 9.647826e+03 9.587439e+03
3.2 9.530501e+03 9.643752e+03 9.664704e+03 9.551453e+03
4.2 9.564241e+03 9.631225e+03 9.670153e+03 9.603170e+03
5.2 9.577262e+03 9.672268e+03 9.671807e+03 9.576801e+03
6.2 9.563698e+03 9.640259e+03 9.670890e+03 9.594328e+03
7.2 9.602521e+03 9.654557e+03 9.672474e+03 9.620438e+03
8.2 9.615099e+03 9.650156e+03 9.672249e+03 9.637192e+03
0.8 9.530501e+03 9.643752e+03 9.664704e+03 9.551453e+03
1.8 9.564241e+03 9.631225e+03 9.670153e+03 9.603170e+03
2.8 9.577262e+03 9.672268e+03 9.671807e+03 9.576801e+03
3.8 9.563698e+03 9.640259e+03 9.670890e+03 9.594328e+03
4.8 9.602521e+03 9.654557e+03 9.672474e+03 9.620438e+03
5.8 9.615099e+03 9.650156e+03 9.672249e+03 9.637192e+03
6.8 9.644941e+03 9.639664e+03 9.673399e+03 9.678677e+03
7.8 9.635589e+03 9.663689e+03 9.673401e+03 9.645302e+03
8.8 9.645671e+03 9.639235e+03 9.673312e+03 9.679748e+03
0.5 9.577262e+03 9.672268e+03 9.671807e+03 9.576801e+03
1.5 9.563698e+03 9.640259e+03 9.670890e+03 9.594328e+03
2.5 9.602521e+03 9.654557e+03 9.672474e+03 9.620438e+03
3.5 9.615099e+03 9.650156e+03 9.672249e+03 9.637192e+03
4.5 9.644941e+03 9.639664e+03 9.673399e+03 9.678677e+03
5.5 9.635589e+03 9.663689e+03 9.673401e+03 9.645302e+03
6.5 9.645671e+03 9.639235e+03 9.673312e+03 9.679748e+03
7.5 9.664574e+03 9.673498e+03 9.674220e+03 9.665296e+03
8.5 9.654051e+03 9.641652e+03 9.673065e+03 9.685464e+03
0.2 9.602521e+03 9.654557e+03 9.672474e+03 9.620438e+03
1.2 9.615099e+03 9.650156e+03 9.672249e+03 9.637192e+03
2.2 9.644941e+03 9.639664e+03 9.673399e+03 9.678677e+03
3.2 9.635589e+03 9.663689e+03 9.673401e+03 9.645302e+03
4.2 9.645671e+03 9.639235e+03 9.673312e+03 9.679748e+03
5.2 9.664574e+03 9.673498e+03 9.674220e+03 9.665296e+03
6.2 9.654051e+03 9.641652e+03 9.673065e+03 9.685464e+03
7.2 9.668126e+03 9.664765e+03 9.674266e+03 9.677626e+03
8.2 9.679995e+03 9.648321e+03 9.672984e+03 9.704658e+03
0.9 9.635589e+03 9.663689e+03 9.673401e+03 9.645302e+03
1.9 9.645671e+03 9.639235e+03 9.673312e+03 9.679748e+03
2.9 9.664574e+03 9.673498e+03 9.674220e+03 9.665296e+03
3.9 9.654051e+03 9.641652e+03 9.673065e+03 9.685464e+03
4.9 9.668126e+03 9.664765e+03 9.674266e+03 9.677626e+03
5.9 9.679995e+03 9.648321e+03 9.672984e+03 9.704658e+03
6.9 9.678168e+03 9.643491e+03 9.673638e+03 9.708315e+03
7.9 9.828159e+03 9.680886e+03 9.669587e+03 9.816860e+03
8.9 9.816392e+03 9.781347e+03 9.646775e+03 9.681820e+03
0.6 9.664574e+03 9.673498e+03 9.674220e+03 9.665296e+03
1.6 9.654051e+03 9.641652e+03 9.673065e+03 9.685464e+03
2.6 9.668126e+03 9.664765e+03 9.674266e+03 9.677626e+03
3.6 9.679995e+03 9.648321e+03 9.672984e+03 9.704658e+03
4.6 9.678168e+03 9.643491e+03 9.673638e+03 9.708315e+03
5.6 9.828159e+03 9.680886e+03 9.669587e+03 9.816860e+03
6.6 9.816392e+03 9.781347e+03 9.646775e+03 9.681820e+03
7.6 9.832584e+03 9.761436e+03 9.612418e+03 9.683566e+03
8.6 9.548369e+03 9.606537e+03 9.582083e+03 9.523914e+03
0.3 9.668126e+03 9.664765e+03 9.674266e+03 9.677626e+03
1.3 9.679995e+03 9.648321e+03 9.672984e+03 9.704658e+03
2.3 9.678168e+03 9.643491e+03 9.673638e+03 9.708315e+03
3.3 9.828159e+03 9.680886e+03 9.669587e+03 9.816860e+03
4.3 9.816392e+03 9.781347e+03 9.646775e+03 9.681820e+03
5.3 9.832584e+03 9.761436e+03 9.612418e+03 9.683566e+03
6.3 9.548369e+03 9.606537e+03 9.582083e+03 9.523914e+03
7.3 9.466050e+03 9.543069e+03 9.559815e+03 9.482795e+03
8.3 9.502359e+03 9.538761e+03 9.546362e+03 9.509960e+03
0.5 9.509473e+03 9.583497e+03 9.540697e+03 9.466673e+03
1.5 9.537029e+03 9.599798e+03 9.551951e+03 9.489182e+03
2.5 9.543892e+03 9.566843e+03 9.582847e+03 9.559896e+03
3.5 9.552977e+03 9.559732e+03 9.613993e+03 9.607238e+03
4.5 9.569477e+03 9.579609e+03 9.639038e+03 9.628905e+03
5.5 9.610736e+03 9.637276e+03 9.654706e+03 9.628166e+03
6.5 9.613959e+03 9.631513e+03 9.659482e+03 9.641929e+03
7.5 9.643123e+03 9.672042e+03 9.659197e+03 9.630278e+03
8.5 9.575823e+03 9.636636e+03 9.655688e+03 9.594876e+03
0.2 9.543892e+03 9.566843e+03 9.582847e+03 9.559896e+03
1.2 9.552977e+03 9.559732e+03 9.613993e+03 9.607238e+03
2.2 9.569477e+03 9.579609e+03 9.639038e+03 9.628905e+03
3.2 9.610736e+03 9.637276e+03 9.654706e+03 9.628166e+03
4.2 9.613959e+03 9.631513e+03 9.659482e+03 9.641929e+03
5.2 9.643123e+03 9.672042e+03 9.659197e+03 9.630278e+03
6.2 9.575823e+03 9.636636e+03 9.655688e+03 9.594876e+03
7.2 9.596886e+03 9.656536e+03 9.654637e+03 9.594986e+03
8.2 9.621378e+03 9.641988e+03 9.651418e+03 9.630808e+03
0.9 9.610736e+03 9.637276e+03 9.654706e+03 9.628166e+03
1.9 9.613959e+03 9.631513e+03 9.659482e+03 9.641929e+03
2.9 9.643123e+03 9.672042e+03 9.659197e+03 9.630278e+03
3.9 9.575823e+03 9.636636e+03 9.655688e+03 9.594876e+03
4.9 9.596886e+03 9.656536e+03 9.654637e+03 9.594986e+03
5.9 9.621378e+03 9.641988e+03 9.651418e+03 9.630808e+03
6.9 9.670749e+03 9.634382e+03 9.649861e+03 9.686229e+03
7.9 9.667458e+03 9.653505e+03 9.646589e+03 9.660542e+03
8.9 9.673265e+03 9.627734e+03 9.643286e+03 9.688816e+03
0.6 9.643123e+03 9.672042e+03 9.659197e+03 9.630278e+03
1.6 9.575823e+03 9.636636e+03 9.655688e+03 9.594876e+03
2.6 9.596886e+03 9.656536e+03 9.654637e+03 9.594986e+03
3.6 9.621378e+03 9.641988e+03 9.651418e+03 9.630808e+03
4.6 9.670749e+03 9.634382e+03 9.649861e+03 9.686229e+03
5.6 9.667458e+03 9.653505e+03 9.646589e+03 9.660542e+03
6.6 9.673265e+03 9.627734e+03 9.643286e+03 9.688816e+03
7.6 9.652739e+03 9.659825e+03 9.640912e+03 9.633825e+03
8.6 9.631564e+03 9.626648e+03 9.636925e+03 9.641841e+03
0.3 9.596886e+03 9.656536e+03 9.654637e+03 9.594986e+03
1.3 9.621378e+03 9.641988e+03 9.651418e+03 9.630808e+03
2.3 9.670749e+03 9.634382e+03 9.649861e+03 9.686229e+03
3.3 9.667458e+03 9.653505e+03 9.646589e+03 9.660542e+03
4.3 9.673265e+03 9.627734e+03 9.643286e+03 9.688816e+03
5.3 9.652739e+03 9.659825e+03 9.640912e+03 9.633825e+03
6.3 9.631564e+03 9.626648e+03 9.636925e+03 9.641841e+03
7.3 9.638464e+03 9.654187e+03 9.635018e+03 9.619295e+03
8.3 9.644895e+03 9.629665e+03 9.629614e+03 9.644844e+03
1.0 9.667458e+03 9.653505e+03 9.646589e+03 9.660542e+03
2.0 9.673265e+03 9.627734e+03 9.643286e+03 9.688816e+03
3.0 9.652739e+03 9.659825e+03 9.640912e+03 9.633825e+03
4.0 9.631564e+03 9.626648e+03 9.636925e+03 9.641841e+03
5.0 9.638464e+03 9.654187e+03 9.635018e+03 9.619295e+03
6.0 9.644895e+03 9.629665e+03 9.629614e+03 9.644844e+03
0.6 9.652739e+03 9.659825e+03 9.640912e+03 9.633825e+03
1.6 9.631564e+03 9.626648e+03 9.636925e+03 9.641841e+03
2.6 9.638464e+03 9.654187e+03 9.635018e+03 9.619295e+03
3.6 9.644895e+03 9.629665e+03 9.629614e+03 9.644844e+03
0.3 9.638464e+03 9.654187e+03 9.635018e+03 9.619295e+03
1.3 9.644895e+03 9.629665e+03 9.629614e+03 9.644844e+03
