1.100340e+04 1.088440e+04 1.085449e+04 1.103331e+04
1.086863e+04 1.109729e+04 1.088443e+04 1.108149e+04
1.082905e+04 1.109913e+04 1.089537e+04 1.103281e+04
1.079491e+04 1.096923e+04 1.083522e+04 1.092891e+04
1.084754e+04 1.090332e+04 1.085673e+04 1.089413e+04
1.078477e+04 1.088352e+04 1.088203e+04 1.078626e+04
1.092142e+04 1.087895e+04 1.097139e+04 1.082898e+04
1.081725e+04 1.087837e+04 1.095667e+04 1.073895e+04
1.079498e+04 1.087859e+04 1.100451e+04 1.066905e+04
1.093843e+04 1.087875e+04 1.096176e+04 1.085542e+04
1.104398e+04 1.087879e+04 1.098038e+04 1.094239e+04
1.101448e+04 1.087874e+04 1.096820e+04 1.092502e+04
1.100279e+04 1.087867e+04 1.094796e+04 1.093350e+04
1.105822e+04 1.087851e+04 1.097970e+04 1.095703e+04
1.096628e+04 1.087828e+04 1.094352e+04 1.090104e+04
1.090842e+04 1.087800e+04 1.098960e+04 1.079682e+04
1.100986e+04 1.087771e+04 1.094674e+04 1.094083e+04
1.095726e+04 1.087741e+04 1.097950e+04 1.085517e+04
1.090781e+04 1.087712e+04 1.095515e+04 1.082978e+04
1.084793e+04 1.087687e+04 1.094722e+04 1.077758e+04
1.094961e+04 1.099896e+04 1.101677e+04 1.093180e+04
1.124722e+04 1.124169e+04 1.121008e+04 1.127882e+04
1.113112e+04 1.114827e+04 1.118631e+04 1.109309e+04
1.112838e+04 1.097977e+04 1.096801e+04 1.114013e+04
1.105347e+04 1.090454e+04 1.085347e+04 1.110454e+04
1.101518e+04 1.088229e+04 1.081650e+04 1.108096e+04
1.099603e+04 1.087675e+04 1.082032e+04 1.105246e+04
1.102816e+04 1.087575e+04 1.082903e+04 1.107488e+04
1.094038e+04 1.089076e+04 1.079817e+04 1.103297e+04
1.095048e+04 1.110173e+04 1.083136e+04 1.122085e+04
1.100981e+04 1.110198e+04 1.085081e+04 1.126098e+04
1.103784e+04 1.097061e+04 1.080155e+04 1.120690e+04
1.100064e+04 1.090315e+04 1.082355e+04 1.108024e+04
1.096543e+04 1.088219e+04 1.085419e+04 1.099343e+04
1.103725e+04 1.087690e+04 1.094940e+04 1.096475e+04
1.110280e+04 1.087587e+04 1.093399e+04 1.104468e+04
1.106750e+04 1.087582e+04 1.098410e+04 1.095922e+04
1.115227e+04 1.087585e+04 1.094470e+04 1.108342e+04
1.110620e+04 1.087587e+04 1.096512e+04 1.101696e+04
1.116758e+04 1.087589e+04 1.095539e+04 1.108808e+04
1.104733e+04 1.087583e+04 1.094232e+04 1.098085e+04
1.104412e+04 1.087576e+04 1.098043e+04 1.093946e+04
1.102239e+04 1.087571e+04 1.093726e+04 1.096084e+04
1.105748e+04 1.087566e+04 1.098269e+04 1.095045e+04
1.108233e+04 1.087561e+04 1.094116e+04 1.101679e+04
1.101169e+04 1.087556e+04 1.097267e+04 1.091458e+04
1.110156e+04 1.087550e+04 1.095343e+04 1.102363e+04
1.109801e+04 1.087551e+04 1.094383e+04 1.102969e+04
1.111420e+04 1.099139e+04 1.101263e+04 1.109296e+04
1.127233e+04 1.123815e+04 1.120357e+04 1.130691e+04
1.131014e+04 1.115240e+04 1.119147e+04 1.127107e+04
1.077759e+04 1.098218e+04 1.097212e+04 1.078765e+04
1.078056e+04 1.090504e+04 1.085513e+04 1.083047e+04
1.050721e+04 1.088213e+04 1.081678e+04 1.057255e+04
1.067059e+04 1.087647e+04 1.082016e+04 1.072689e+04
1.061125e+04 1.087548e+04 1.082911e+04 1.065762e+04
1.065661e+04 1.089054e+04 1.079841e+04 1.074873e+04
1.070351e+04 1.110155e+04 1.082819e+04 1.097687e+04
1.072428e+04 1.110183e+04 1.085046e+04 1.097566e+04
1.063702e+04 1.097050e+04 1.080723e+04 1.080028e+04
1.074056e+04 1.090314e+04 1.082676e+04 1.081695e+04
1.068457e+04 1.088229e+04 1.085442e+04 1.071244e+04
1.075393e+04 1.087707e+04 1.095680e+04 1.067420e+04
1.076556e+04 1.087610e+04 1.093190e+04 1.070976e+04
1.089032e+04 1.087611e+04 1.098211e+04 1.078431e+04
1.078552e+04 1.087621e+04 1.094379e+04 1.071794e+04
1.085875e+04 1.087634e+04 1.095436e+04 1.078072e+04
1.088598e+04 1.087652e+04 1.095858e+04 1.080392e+04
1.095615e+04 1.087667e+04 1.093643e+04 1.089639e+04
1.091014e+04 1.087678e+04 1.097673e+04 1.081019e+04
1.088166e+04 1.087689e+04 1.093973e+04 1.081881e+04
1.093347e+04 1.087701e+04 1.098691e+04 1.082357e+04
1.093827e+04 1.087717e+04 1.094637e+04 1.086906e+04
1.088370e+04 1.087736e+04 1.097109e+04 1.078996e+04
1.097311e+04 1.087759e+04 1.095759e+04 1.089311e+04
1.090952e+04 1.087792e+04 1.094187e+04 1.084556e+04
1.106347e+04 1.098160e+04 1.100795e+04 1.103711e+04
1.121996e+04 1.123518e+04 1.119285e+04 1.126230e+04
1.125446e+04 1.116584e+04 1.120393e+04 1.121637e+04
1.090092e+04 1.099283e+04 1.098286e+04 1.091090e+04
1.075915e+04 1.091223e+04 1.086073e+04 1.081065e+04
1.080634e+04 1.088854e+04 1.081954e+04 1.087533e+04
1.082810e+04 1.088334e+04 1.082196e+04 1.088949e+04
1.080220e+04 1.088325e+04 1.083138e+04 1.085407e+04
1.074528e+04 1.089944e+04 1.080105e+04 1.084367e+04
1.074833e+04 1.111173e+04 1.083092e+04 1.102915e+04
1.080337e+04 1.111343e+04 1.085322e+04 1.106358e+04
1.082687e+04 1.098369e+04 1.080934e+04 1.100123e+04
1.084962e+04 1.091809e+04 1.082715e+04 1.094056e+04
1.087412e+04 1.089916e+04 1.085895e+04 1.091433e+04
1.091647e+04 1.089604e+04 1.095148e+04 1.086103e+04
1.076909e+04 1.089734e+04 1.093593e+04 1.073051e+04
1.099036e+04 1.089981e+04 1.098968e+04 1.090049e+04
1.088011e+04 1.090253e+04 1.094510e+04 1.083754e+04
1.089227e+04 1.090539e+04 1.096436e+04 1.083329e+04
1.084610e+04 1.090827e+04 1.095400e+04 1.080037e+04
1.091264e+04 1.091134e+04 1.093512e+04 1.088886e+04
1.095872e+04 1.091466e+04 1.097115e+04 1.090223e+04
1.100891e+04 1.091819e+04 1.093073e+04 1.099637e+04
1.095591e+04 1.092189e+04 1.097559e+04 1.090221e+04
1.093024e+04 1.092573e+04 1.093223e+04 1.092374e+04
1.099105e+04 1.092970e+04 1.096458e+04 1.095618e+04
1.088668e+04 1.093376e+04 1.094195e+04 1.087849e+04
1.104395e+04 1.093753e+04 1.091922e+04 1.106225e+04
