8.183249e+03 8.115174e+03
8.104281e+03 8.062893e+03
8.075045e+03 8.064761e+03
8.084436e+03 8.071402e+03
8.076305e+03 8.113647e+03
8.075953e+03 8.111731e+03
8.109112e+03 8.110141e+03
8.096148e+03 8.100212e+03
8.058433e+03 8.082071e+03
8.066342e+03 8.097959e+03
8.128348e+03 8.076070e+03
8.075729e+03 8.095995e+03
8.095887e+03 8.080787e+03
8.096667e+03 8.088175e+03
8.070885e+03 8.085031e+03
8.071777e+03 8.076320e+03
8.096488e+03 8.088425e+03
8.135980e+03 8.068012e+03
8.096537e+03 8.089223e+03
8.061167e+03 8.071469e+03
8.067499e+03 8.062589e+03
8.088741e+03 8.091951e+03
8.198574e+03 8.192241e+03
8.235618e+03 8.242244e+03
8.126811e+03 8.213760e+03
8.100448e+03 8.164019e+03
8.059975e+03 8.118679e+03
8.060530e+03 8.093750e+03
8.061964e+03 8.085621e+03
8.070515e+03 8.035473e+03
8.056540e+03 8.036863e+03
8.043919e+03 8.046781e+03
8.075022e+03 8.092527e+03
8.052525e+03 8.091364e+03
8.050413e+03 8.093323e+03
8.083682e+03 8.084087e+03
8.095933e+03 8.065667e+03
8.087194e+03 8.082620e+03
8.102137e+03 8.062425e+03
8.091068e+03 8.081784e+03
8.074340e+03 8.068895e+03
8.060755e+03 8.082337e+03
8.053187e+03 8.079956e+03
8.058181e+03 8.067654e+03
8.039985e+03 8.080834e+03
8.039584e+03 8.060915e+03
8.058496e+03 8.083573e+03
8.045787e+03 8.067668e+03
8.027768e+03 8.058333e+03
8.025098e+03 8.086965e+03
8.100774e+03 8.186885e+03
8.313623e+03 8.239667e+03
8.370249e+03 8.212782e+03
8.229798e+03 8.163413e+03
8.100879e+03 8.118081e+03
8.061032e+03 8.092705e+03
8.045019e+03 8.084472e+03
8.055134e+03 8.034714e+03
8.085120e+03 8.033911e+03
8.110188e+03 8.045345e+03
8.088385e+03 8.094734e+03
8.047468e+03 8.092193e+03
8.059632e+03 8.094377e+03
8.062150e+03 8.086814e+03
8.074293e+03 8.062789e+03
8.079585e+03 8.083515e+03
8.103866e+03 8.062344e+03
8.099992e+03 8.081883e+03
8.111554e+03 8.071346e+03
8.129089e+03 8.076264e+03
8.087467e+03 8.078318e+03
8.105019e+03 8.066951e+03
8.117456e+03 8.083380e+03
8.133119e+03 8.063018e+03
8.148694e+03 8.084756e+03
8.122484e+03 8.070096e+03
8.041412e+03 8.058795e+03
8.084833e+03 8.085294e+03
8.177941e+03 8.183396e+03
8.339017e+03 8.241138e+03
8.198197e+03 8.217143e+03
8.089260e+03 8.168278e+03
8.103109e+03 8.122825e+03
8.066729e+03 8.096525e+03
8.053601e+03 8.088126e+03
8.032969e+03 8.038901e+03
8.002212e+03 8.038689e+03
7.991022e+03 8.050892e+03
8.009793e+03 8.099028e+03
8.029094e+03 8.097915e+03
8.060142e+03 8.102072e+03
8.069221e+03 8.092134e+03
8.076879e+03 8.075822e+03
8.079535e+03 8.095108e+03
8.052931e+03 8.074086e+03
8.099888e+03 8.096168e+03
8.121934e+03 8.083644e+03
8.144163e+03 8.094833e+03
8.128842e+03 8.094733e+03
8.138801e+03 8.085506e+03
8.124696e+03 8.100710e+03
8.111486e+03 8.081732e+03
8.110080e+03 8.110022e+03
8.125348e+03 8.093593e+03
