1.112580e+04 1.108469e+04
1.114872e+04 1.107639e+04
1.106634e+04 1.104951e+04
1.111282e+04 1.107583e+04
1.113577e+04 1.116024e+04
1.128847e+04 1.121985e+04
1.133607e+04 1.127623e+04
1.123184e+04 1.129105e+04
1.127585e+04 1.129354e+04
1.132083e+04 1.129257e+04
1.135539e+04 1.128553e+04
1.133825e+04 1.129181e+04
1.124147e+04 1.128206e+04
1.121035e+04 1.128996e+04
1.121401e+04 1.128323e+04
1.119246e+04 1.128723e+04
1.123980e+04 1.128626e+04
1.125311e+04 1.128346e+04
1.116179e+04 1.128950e+04
1.108536e+04 1.128152e+04
1.124087e+04 1.130521e+04
1.137071e+04 1.129686e+04
1.132818e+04 1.122540e+04
1.122796e+04 1.114789e+04
1.115617e+04 1.108738e+04
1.102871e+04 1.105195e+04
1.093866e+04 1.104361e+04
1.102533e+04 1.104377e+04
1.107240e+04 1.104400e+04
1.108649e+04 1.104261e+04
1.108166e+04 1.102216e+04
1.108759e+04 1.105619e+04
1.114622e+04 1.114540e+04
1.120608e+04 1.120874e+04
1.137840e+04 1.126920e+04
1.135401e+04 1.128476e+04
1.141468e+04 1.128843e+04
1.129204e+04 1.128987e+04
1.138891e+04 1.128500e+04
1.134742e+04 1.129294e+04
1.126632e+04 1.128667e+04
1.125079e+04 1.129742e+04
1.125299e+04 1.128757e+04
1.121771e+04 1.128858e+04
1.118268e+04 1.128798e+04
1.122199e+04 1.128518e+04
1.123107e+04 1.129305e+04
1.121211e+04 1.128558e+04
1.123883e+04 1.130834e+04
1.130602e+04 1.130158e+04
1.135969e+04 1.123076e+04
1.098093e+04 1.115259e+04
1.115453e+04 1.109129e+04
1.098684e+04 1.105480e+04
1.103797e+04 1.104576e+04
1.098003e+04 1.104566e+04
1.096817e+04 1.104567e+04
1.096265e+04 1.104380e+04
1.118879e+04 1.102331e+04
1.119559e+04 1.105939e+04
1.121341e+04 1.114895e+04
1.122541e+04 1.120985e+04
1.126229e+04 1.127023e+04
1.114252e+04 1.128297e+04
1.131118e+04 1.128332e+04
1.130532e+04 1.128686e+04
1.132859e+04 1.128016e+04
1.129270e+04 1.129064e+04
1.130265e+04 1.128388e+04
1.131595e+04 1.129242e+04
1.137513e+04 1.128784e+04
1.130066e+04 1.129048e+04
1.135305e+04 1.129101e+04
1.132476e+04 1.128614e+04
1.136482e+04 1.129324e+04
1.120486e+04 1.128438e+04
1.128783e+04 1.130517e+04
1.143697e+04 1.130189e+04
1.150314e+04 1.123275e+04
1.104852e+04 1.115349e+04
1.091531e+04 1.109063e+04
1.098062e+04 1.105194e+04
1.104625e+04 1.104123e+04
1.095945e+04 1.104013e+04
1.103363e+04 1.103908e+04
1.094284e+04 1.103597e+04
1.097344e+04 1.101402e+04
1.107893e+04 1.104836e+04
1.106056e+04 1.113539e+04
1.123994e+04 1.119587e+04
1.120540e+04 1.125335e+04
1.125326e+04 1.126470e+04
1.123031e+04 1.126575e+04
1.098749e+04 1.126252e+04
1.121333e+04 1.125195e+04
1.123866e+04 1.125569e+04
1.136623e+04 1.124299e+04
1.137226e+04 1.124774e+04
1.132647e+04 1.123515e+04
1.127177e+04 1.123202e+04
1.122843e+04 1.122568e+04
1.114665e+04 1.121630e+04
1.121122e+04 1.121723e+04
1.135943e+04 1.119814e+04
