9.224604e+03 8.509125e+03 9.220570e+03 8.513160e+03
9.148035e+03 8.519489e+03 9.264672e+03 8.402852e+03
9.329362e+03 8.942381e+03 9.285481e+03 8.986262e+03
9.470415e+03 9.399467e+03 9.428195e+03 9.441687e+03
9.192059e+03 9.452948e+03 9.299480e+03 9.345527e+03
9.400020e+03 9.569907e+03 9.247127e+03 9.722801e+03
9.531299e+03 9.513220e+03 9.282938e+03 9.761581e+03
9.259256e+03 9.551606e+03 9.207512e+03 9.603350e+03
9.333789e+03 9.553980e+03 9.354281e+03 9.533489e+03
9.534716e+03 9.530554e+03 9.207457e+03 9.857814e+03
9.040140e+03 9.600291e+03 9.338826e+03 9.301605e+03
9.186754e+03 9.524135e+03 9.228061e+03 9.482828e+03
9.402130e+03 9.614998e+03 9.259072e+03 9.758056e+03
9.304652e+03 9.540176e+03 9.283049e+03 9.561779e+03
8.951854e+03 9.599235e+03 9.231264e+03 9.319825e+03
9.451568e+03 9.581508e+03 9.351954e+03 9.681123e+03
9.119513e+03 9.582586e+03 9.219815e+03 9.482284e+03
9.181139e+03 9.634763e+03 9.368365e+03 9.447537e+03
9.049944e+03 9.573529e+03 9.228634e+03 9.394840e+03
8.985690e+03 9.664729e+03 9.292238e+03 9.358180e+03
9.615120e+03 9.357799e+03 9.403085e+03 9.569834e+03
9.208255e+03 8.885037e+03 9.328370e+03 8.764922e+03
9.360854e+03 8.663490e+03 9.188366e+03 8.835979e+03
9.091534e+03 8.598558e+03 9.036706e+03 8.653387e+03
9.428987e+03 8.585167e+03 9.070121e+03 8.944033e+03
9.145169e+03 8.584883e+03 9.161641e+03 8.568411e+03
9.076892e+03 8.587146e+03 9.240117e+03 8.423921e+03
9.288415e+03 8.589262e+03 9.281622e+03 8.596055e+03
9.309436e+03 8.590954e+03 9.262167e+03 8.638223e+03
9.091511e+03 8.614366e+03 9.296551e+03 8.409325e+03
9.265957e+03 9.054699e+03 9.328883e+03 8.991773e+03
9.678955e+03 9.506887e+03 9.471507e+03 9.714335e+03
9.393907e+03 9.560717e+03 9.325208e+03 9.629416e+03
9.178727e+03 9.680108e+03 9.276729e+03 9.582107e+03
9.005072e+03 9.608274e+03 9.305528e+03 9.307817e+03
9.477049e+03 9.647309e+03 9.225331e+03 9.899027e+03
9.187763e+03 9.653337e+03 9.376559e+03 9.464541e+03
8.999792e+03 9.629007e+03 9.229616e+03 9.399183e+03
9.155318e+03 9.696006e+03 9.355620e+03 9.495704e+03
9.441704e+03 9.628223e+03 9.250292e+03 9.819635e+03
9.638631e+03 9.708217e+03 9.282671e+03 1.006418e+04
9.233928e+03 9.596259e+03 9.292561e+03 9.537625e+03
9.090115e+03 9.650085e+03 9.228190e+03 9.512010e+03
9.318898e+03 9.643693e+03 9.365739e+03 9.596852e+03
9.002143e+03 9.638151e+03 9.231924e+03 9.408370e+03
9.217914e+03 9.691030e+03 9.376359e+03 9.532586e+03
9.447795e+03 9.620289e+03 9.239212e+03 9.828871e+03
9.042758e+03 9.706646e+03 9.291775e+03 9.457628e+03
9.143223e+03 9.408815e+03 9.411351e+03 9.140686e+03
9.423466e+03 8.927206e+03 9.332718e+03 9.017954e+03
9.290960e+03 8.695845e+03 9.198280e+03 8.788525e+03
8.176323e+03 8.624995e+03 9.041422e+03 7.759895e+03
9.067447e+03 8.607723e+03 9.071118e+03 8.604051e+03
9.386934e+03 8.604389e+03 9.162066e+03 8.829257e+03
9.079693e+03 8.604072e+03 9.240773e+03 8.442993e+03
9.247140e+03 8.603926e+03 9.283085e+03 8.567981e+03
9.575177e+03 8.603646e+03 9.263867e+03 8.914956e+03
9.414629e+03 8.629405e+03 9.290677e+03 8.753356e+03
9.549640e+03 9.078631e+03 9.337383e+03 9.290888e+03
9.512573e+03 9.519073e+03 9.483619e+03 9.548027e+03
9.430685e+03 9.555830e+03 9.317654e+03 9.668862e+03
9.342455e+03 9.678418e+03 9.271712e+03 9.749162e+03
9.591321e+03 9.590479e+03 9.314131e+03 9.867669e+03
9.250861e+03 9.624011e+03 9.212093e+03 9.662779e+03
9.325494e+03 9.650360e+03 9.389752e+03 9.586102e+03
9.233778e+03 9.609761e+03 9.227569e+03 9.615969e+03
9.307676e+03 9.694066e+03 9.340056e+03 9.661686e+03
9.183664e+03 9.609584e+03 9.258565e+03 9.534684e+03
9.166958e+03 9.690298e+03 9.264132e+03 9.593123e+03
9.483095e+03 9.619165e+03 9.314562e+03 9.787698e+03
9.579004e+03 9.658065e+03 9.238484e+03 9.998586e+03
9.510637e+03 9.650430e+03 9.373839e+03 9.787228e+03
9.383553e+03 9.627457e+03 9.227814e+03 9.783196e+03
9.191751e+03 9.686870e+03 9.363009e+03 9.515612e+03
9.219673e+03 9.606950e+03 9.241812e+03 9.584812e+03
9.114905e+03 9.691044e+03 9.278899e+03 9.527050e+03
9.485751e+03 9.419711e+03 9.415973e+03 9.489489e+03
9.711210e+03 8.927458e+03 9.330932e+03 9.307736e+03
9.253418e+03 8.681176e+03 9.208866e+03 8.725728e+03
8.787075e+03 8.601985e+03 9.042865e+03 8.346195e+03
9.126711e+03 8.579274e+03 9.065563e+03 8.640422e+03
9.434997e+03 8.570882e+03 9.155795e+03 8.850084e+03
9.335117e+03 8.565082e+03 9.235314e+03 8.664885e+03
9.225180e+03 8.558704e+03 9.279514e+03 8.504370e+03
9.115872e+03 8.551319e+03 9.260966e+03 8.406225e+03
9.122629e+03 8.568999e+03 9.287305e+03 8.404323e+03
9.155875e+03 9.009110e+03 9.333492e+03 8.831493e+03
9.121257e+03 9.439623e+03 9.477515e+03 9.083365e+03
9.542662e+03 9.478337e+03 9.316162e+03 9.704837e+03
9.252342e+03 9.584297e+03 9.273386e+03 9.563253e+03
9.434478e+03 9.492571e+03 9.292092e+03 9.634958e+03
9.060181e+03 9.519856e+03 9.219867e+03 9.360170e+03
9.678929e+03 9.496475e+03 9.373598e+03 9.801805e+03
9.359145e+03 9.449282e+03 9.213343e+03 9.595085e+03
9.301683e+03 9.501508e+03 9.347795e+03 9.455396e+03
9.287799e+03 9.402496e+03 9.236418e+03 9.453877e+03
9.309243e+03 9.466123e+03 9.264421e+03 9.510945e+03
9.184331e+03 9.350077e+03 9.286895e+03 9.247513e+03
9.068679e+03 9.377145e+03 9.222929e+03 9.222895e+03
9.540083e+03 9.339134e+03 9.353137e+03 9.526080e+03
9.373794e+03 9.304266e+03 9.215790e+03 9.462269e+03
9.197203e+03 9.325979e+03 9.367526e+03 9.155657e+03
9.357310e+03 9.200782e+03 9.211418e+03 9.346674e+03
9.121727e+03 9.270551e+03 9.256182e+03 9.136096e+03
