7.496938e+03 7.359868e+03 7.422534e+03 7.434272e+03
7.437933e+03 7.420545e+03 7.381634e+03 7.476843e+03
7.391602e+03 7.517622e+03 7.370525e+03 7.538700e+03
7.407285e+03 7.544467e+03 7.394047e+03 7.557704e+03
7.392304e+03 7.512484e+03 7.461921e+03 7.442867e+03
7.398652e+03 7.464365e+03 7.461336e+03 7.401681e+03
7.424715e+03 7.412521e+03 7.445510e+03 7.391726e+03
7.415885e+03 7.372836e+03 7.433127e+03 7.355594e+03
7.380479e+03 7.363239e+03 7.395935e+03 7.347784e+03
7.368789e+03 7.363080e+03 7.427750e+03 7.304120e+03
7.446201e+03 7.362794e+03 7.391036e+03 7.417960e+03
7.394139e+03 7.362420e+03 7.423205e+03 7.333353e+03
7.433297e+03 7.361993e+03 7.404119e+03 7.391171e+03
7.426316e+03 7.361527e+03 7.408990e+03 7.378854e+03
7.427442e+03 7.361017e+03 7.411182e+03 7.377277e+03
7.404293e+03 7.360468e+03 7.389258e+03 7.375503e+03
7.434231e+03 7.359898e+03 7.415743e+03 7.378386e+03
7.466196e+03 7.359325e+03 7.378843e+03 7.446678e+03
7.444704e+03 7.358766e+03 7.415541e+03 7.387929e+03
7.395230e+03 7.358233e+03 7.390498e+03 7.362965e+03
7.411016e+03 7.381546e+03 7.402141e+03 7.390420e+03
7.446162e+03 7.499861e+03 7.431183e+03 7.514841e+03
7.519710e+03 7.612259e+03 7.546397e+03 7.585572e+03
7.632352e+03 7.618438e+03 7.632174e+03 7.618616e+03
7.464135e+03 7.558205e+03 7.587895e+03 7.434445e+03
7.437458e+03 7.483910e+03 7.504384e+03 7.416984e+03
7.386262e+03 7.407662e+03 7.425818e+03 7.368106e+03
7.386861e+03 7.363412e+03 7.382174e+03 7.368099e+03
7.393253e+03 7.357223e+03 7.384021e+03 7.366455e+03
7.404937e+03 7.416549e+03 7.346799e+03 7.474686e+03
7.392760e+03 7.512549e+03 7.334463e+03 7.570845e+03
7.372663e+03 7.538535e+03 7.361777e+03 7.549421e+03
7.413915e+03 7.505762e+03 7.435406e+03 7.484272e+03
7.391843e+03 7.456935e+03 7.435405e+03 7.413373e+03
7.391977e+03 7.404588e+03 7.424089e+03 7.372475e+03
7.411079e+03 7.364649e+03 7.412935e+03 7.362793e+03
7.425088e+03 7.355025e+03 7.375109e+03 7.405004e+03
7.423430e+03 7.355030e+03 7.408288e+03 7.370172e+03
7.437212e+03 7.355044e+03 7.374150e+03 7.418106e+03
7.418793e+03 7.355057e+03 7.405486e+03 7.368363e+03
7.408216e+03 7.355049e+03 7.388956e+03 7.374308e+03
7.394728e+03 7.355004e+03 7.401577e+03 7.348156e+03
7.387223e+03 7.354938e+03 7.405670e+03 7.336490e+03
7.382698e+03 7.354864e+03 7.378184e+03 7.359378e+03
7.374485e+03 7.354790e+03 7.406045e+03 7.323230e+03
7.359934e+03 7.354721e+03 7.370232e+03 7.344423e+03
7.386483e+03 7.354643e+03 7.408339e+03 7.332787e+03
7.387041e+03 7.354585e+03 7.386485e+03 7.355141e+03
7.379812e+03 7.376700e+03 7.396268e+03 7.360244e+03
7.365491e+03 7.493427e+03 7.426562e+03 7.432356e+03
7.433995e+03 7.608359e+03 7.539133e+03 7.503220e+03
7.823797e+03 7.617346e+03 7.628961e+03 7.812182e+03
7.761897e+03 7.558275e+03 7.587296e+03 7.732876e+03
7.552380e+03 7.484394e+03 7.504345e+03 7.532429e+03
7.370098e+03 7.408125e+03 7.425687e+03 7.352536e+03
7.329137e+03 7.362859e+03 7.381130e+03 7.310865e+03
7.310310e+03 7.356297e+03 7.382680e+03 7.283927e+03
7.332467e+03 7.415761e+03 7.346689e+03 7.401538e+03
7.369620e+03 7.511878e+03 7.330665e+03 7.550833e+03
7.415488e+03 7.537951e+03 7.359253e+03 7.594186e+03
7.409081e+03 7.505279e+03 7.438633e+03 7.475727e+03
7.357033e+03 7.456575e+03 7.436764e+03 7.376844e+03
7.365831e+03 7.404358e+03 7.424066e+03 7.346124e+03
7.365096e+03 7.364542e+03 7.416693e+03 7.312945e+03
7.376553e+03 7.355027e+03 7.370170e+03 7.361410e+03
7.397784e+03 7.355127e+03 7.408934e+03 7.343978e+03
7.402451e+03 7.355233e+03 7.375286e+03 7.382399e+03
7.407288e+03 7.355366e+03 7.404337e+03 7.358317e+03
7.418700e+03 7.355518e+03 7.393120e+03 7.381098e+03
7.442083e+03 7.355664e+03 7.392854e+03 7.404893e+03
7.406114e+03 7.355793e+03 7.403178e+03 7.358729e+03
7.412543e+03 7.355911e+03 7.377087e+03 7.391368e+03
7.432550e+03 7.356028e+03 7.409587e+03 7.378991e+03
7.443311e+03 7.356161e+03 7.374239e+03 7.425232e+03
7.466644e+03 7.356327e+03 7.409575e+03 7.413395e+03
7.435436e+03 7.356547e+03 7.390579e+03 7.401405e+03
7.357340e+03 7.375863e+03 7.395318e+03 7.337886e+03
7.423742e+03 7.488692e+03 7.427390e+03 7.485044e+03
7.488192e+03 7.608142e+03 7.533464e+03 7.562870e+03
7.781395e+03 7.622688e+03 7.630568e+03 7.773515e+03
7.559671e+03 7.566091e+03 7.593857e+03 7.531905e+03
7.401807e+03 7.493265e+03 7.511815e+03 7.383257e+03
7.381089e+03 7.417400e+03 7.432893e+03 7.365596e+03
7.351204e+03 7.370710e+03 7.386559e+03 7.335355e+03
7.353891e+03 7.364098e+03 7.387624e+03 7.330364e+03
7.356754e+03 7.424796e+03 7.352355e+03 7.429195e+03
7.313084e+03 7.522312e+03 7.337127e+03 7.498269e+03
7.302562e+03 7.549977e+03 7.366892e+03 7.485648e+03
7.341854e+03 7.519089e+03 7.444731e+03 7.416212e+03
7.358287e+03 7.472373e+03 7.444296e+03 7.386363e+03
7.374992e+03 7.422357e+03 7.436442e+03 7.360906e+03
7.398681e+03 7.384966e+03 7.423843e+03 7.359804e+03
7.396404e+03 7.378105e+03 7.388077e+03 7.386432e+03
7.418398e+03 7.381095e+03 7.425182e+03 7.374311e+03
7.375429e+03 7.384314e+03 7.389401e+03 7.370343e+03
7.421458e+03 7.387711e+03 7.424345e+03 7.384824e+03
7.440578e+03 7.391260e+03 7.408818e+03 7.423020e+03
7.470660e+03 7.395008e+03 7.418125e+03 7.447543e+03
7.460314e+03 7.399006e+03 7.425024e+03 7.434296e+03
7.477076e+03 7.403278e+03 7.401883e+03 7.478471e+03
7.461391e+03 7.407843e+03 7.432547e+03 7.436687e+03
7.440099e+03 7.412676e+03 7.397224e+03 7.455552e+03
7.427438e+03 7.417724e+03 7.443240e+03 7.401921e+03
7.447707e+03 7.422855e+03 7.421701e+03 7.448860e+03
