1.028227e+04 1.014705e+04
1.015894e+04 1.005609e+04
1.021147e+04 1.013239e+04
1.010501e+04 1.008832e+04
1.013435e+04 1.008679e+04
1.001841e+04 1.006353e+04
1.004599e+04 1.009786e+04
9.929495e+03 1.006602e+04
9.942345e+03 1.009031e+04
9.844927e+03 1.006763e+04
9.984443e+03 1.007017e+04
1.000474e+04 1.007216e+04
1.011933e+04 1.004871e+04
1.009249e+04 1.007687e+04
1.012913e+04 1.004778e+04
1.021303e+04 1.007737e+04
1.019267e+04 1.005136e+04
1.018163e+04 1.006432e+04
1.005884e+04 1.005701e+04
1.004454e+04 1.004070e+04
1.001116e+04 1.000018e+04
1.010250e+04 1.015861e+04
1.032426e+04 1.034593e+04
1.032813e+04 1.029308e+04
1.013525e+04 1.023100e+04
1.009688e+04 1.019050e+04
1.017192e+04 1.016528e+04
1.005389e+04 1.015315e+04
1.005480e+04 1.010210e+04
1.007790e+04 1.001089e+04
1.020940e+04 1.008951e+04
1.004051e+04 1.005220e+04
1.019029e+04 1.005083e+04
1.013447e+04 1.003025e+04
1.004020e+04 1.006980e+04
1.009309e+04 1.003753e+04
1.016475e+04 1.006270e+04
9.997514e+03 1.004199e+04
1.007056e+04 1.004586e+04
1.021432e+04 1.004812e+04
1.002981e+04 1.003021e+04
1.010812e+04 1.006704e+04
1.011854e+04 1.003500e+04
1.008887e+04 1.006318e+04
1.007768e+04 1.003892e+04
1.015396e+04 1.005113e+04
1.014419e+04 1.004805e+04
1.011546e+04 1.003145e+04
1.008396e+04 9.992950e+03
1.011209e+04 1.014370e+04
1.034367e+04 1.034040e+04
1.029549e+04 1.029022e+04
1.023392e+04 1.022831e+04
1.023492e+04 1.018787e+04
1.020018e+04 1.016286e+04
1.003258e+04 1.015082e+04
9.958150e+03 1.010001e+04
9.911655e+03 1.000653e+04
1.003991e+04 1.008568e+04
1.001640e+04 1.005334e+04
1.003109e+04 1.005274e+04
9.941568e+03 1.003028e+04
9.986227e+03 1.007641e+04
9.964628e+03 1.003958e+04
9.961111e+03 1.006252e+04
9.976324e+03 1.004440e+04
9.998048e+03 1.004017e+04
1.002134e+04 1.005273e+04
1.005979e+04 1.002927e+04
1.001949e+04 1.006214e+04
9.952645e+03 1.003510e+04
9.960001e+03 1.006426e+04
1.000447e+04 1.004278e+04
1.012350e+04 1.005023e+04
1.007585e+04 1.005192e+04
1.007431e+04 1.003208e+04
1.001267e+04 9.995878e+03
1.006325e+04 1.012944e+04
1.040263e+04 1.034298e+04
1.043669e+04 1.029769e+04
1.023423e+04 1.023543e+04
1.010698e+04 1.019468e+04
1.023473e+04 1.016986e+04
1.019588e+04 1.015803e+04
1.011231e+04 1.010793e+04
1.007028e+04 1.001559e+04
1.000116e+04 1.009600e+04
1.004794e+04 1.006465e+04
9.898857e+03 1.006289e+04
9.896072e+03 1.004503e+04
9.997739e+03 1.008591e+04
1.006628e+04 1.005556e+04
1.005203e+04 1.008711e+04
9.996604e+03 1.006686e+04
1.006496e+04 1.007270e+04
1.011403e+04 1.007932e+04
1.012568e+04 1.006082e+04
1.016684e+04 1.009756e+04
1.006105e+04 1.007102e+04
1.010040e+04 1.010360e+04
1.004931e+04 1.008294e+04
1.014930e+04 1.010078e+04
1.019270e+04 1.010411e+04
1.011796e+04 1.008380e+04
