6.833277e+03 6.769670e+03 6.747536e+03 6.855411e+03
6.922473e+03 6.989860e+03 6.827850e+03 7.084484e+03
6.695305e+03 6.744407e+03 6.724374e+03 6.715337e+03
6.648053e+03 6.703419e+03 6.715583e+03 6.635888e+03
6.742545e+03 6.702481e+03 6.766942e+03 6.678085e+03
6.745660e+03 6.703266e+03 6.780943e+03 6.667983e+03
6.737787e+03 6.703915e+03 6.727451e+03 6.714251e+03
6.865152e+03 6.704410e+03 6.755796e+03 6.813766e+03
6.737976e+03 6.704772e+03 6.681770e+03 6.760978e+03
6.657495e+03 6.705020e+03 6.751198e+03 6.611317e+03
6.660241e+03 6.705174e+03 6.697770e+03 6.667645e+03
6.781696e+03 6.705275e+03 6.740735e+03 6.746236e+03
6.703780e+03 6.705358e+03 6.739703e+03 6.669436e+03
6.762286e+03 6.705323e+03 6.716359e+03 6.751249e+03
6.734892e+03 6.705242e+03 6.750872e+03 6.689262e+03
6.629126e+03 6.705136e+03 6.688325e+03 6.645937e+03
6.752848e+03 6.705016e+03 6.753213e+03 6.704651e+03
6.637861e+03 6.704889e+03 6.687645e+03 6.655105e+03
6.737200e+03 6.704764e+03 6.746440e+03 6.695525e+03
6.759094e+03 6.704887e+03 6.728935e+03 6.735045e+03
6.715261e+03 6.985711e+03 6.791796e+03 6.909176e+03
6.824758e+03 7.007388e+03 6.738375e+03 7.093772e+03
6.632437e+03 6.742970e+03 6.676019e+03 6.699387e+03
6.832555e+03 6.706282e+03 6.800856e+03 6.737981e+03
6.778708e+03 6.704357e+03 6.816261e+03 6.666804e+03
6.647806e+03 6.704276e+03 6.777082e+03 6.575000e+03
6.727031e+03 6.704276e+03 6.728779e+03 6.702529e+03
6.640429e+03 6.704295e+03 6.700247e+03 6.644477e+03
6.754840e+03 6.777842e+03 6.755017e+03 6.777665e+03
6.822516e+03 6.996333e+03 6.838147e+03 6.980702e+03
6.726145e+03 6.749458e+03 6.727948e+03 6.747655e+03
6.708629e+03 6.706849e+03 6.714928e+03 6.700550e+03
6.668324e+03 6.704489e+03 6.772456e+03 6.600358e+03
6.723394e+03 6.704433e+03 6.783095e+03 6.644731e+03
6.708713e+03 6.704464e+03 6.729457e+03 6.683720e+03
6.679808e+03 6.704494e+03 6.759697e+03 6.624605e+03
6.737495e+03 6.704519e+03 6.683318e+03 6.758697e+03
6.741627e+03 6.704539e+03 6.751717e+03 6.694449e+03
6.704013e+03 6.704553e+03 6.699744e+03 6.708821e+03
6.761071e+03 6.704540e+03 6.740377e+03 6.725235e+03
6.725263e+03 6.704455e+03 6.736083e+03 6.693635e+03
6.686416e+03 6.704419e+03 6.714331e+03 6.676504e+03
6.676958e+03 6.704387e+03 6.755622e+03 6.625722e+03
6.636774e+03 6.704351e+03 6.687335e+03 6.653790e+03
6.719502e+03 6.704313e+03 6.752220e+03 6.671594e+03
6.630084e+03 6.704274e+03 6.688821e+03 6.645537e+03
6.712255e+03 6.704245e+03 6.744666e+03 6.671834e+03
6.726366e+03 6.704336e+03 6.731795e+03 6.698908e+03
6.786199e+03 6.978183e+03 6.788670e+03 6.975711e+03
6.732950e+03 7.015721e+03 6.744986e+03 7.003686e+03
6.584298e+03 6.745401e+03 6.672506e+03 6.657193e+03
6.860755e+03 6.706255e+03 6.798834e+03 6.768176e+03
6.809023e+03 6.704198e+03 6.816654e+03 6.696567e+03
6.947745e+03 6.704129e+03 6.778098e+03 6.873776e+03
6.704266e+03 6.704141e+03 6.729689e+03 6.678718e+03
6.700250e+03 6.704165e+03 6.700402e+03 6.704013e+03
6.754634e+03 6.777714e+03 6.754822e+03 6.777526e+03
6.834597e+03 6.996202e+03 6.842113e+03 6.988686e+03
6.810135e+03 6.749322e+03 6.725943e+03 6.833514e+03
6.820785e+03 6.706763e+03 6.709078e+03 6.818471e+03
6.875718e+03 6.704487e+03 6.774159e+03 6.806046e+03
6.780501e+03 6.704461e+03 6.784854e+03 6.700109e+03
6.701679e+03 6.704518e+03 6.722764e+03 6.683434e+03
6.758936e+03 6.704580e+03 6.764114e+03 6.699402e+03
6.703598e+03 6.704644e+03 6.678443e+03 6.729799e+03
6.743931e+03 6.704711e+03 6.751650e+03 6.696992e+03
6.734728e+03 6.704846e+03 6.709024e+03 6.730550e+03
6.790599e+03 6.704978e+03 6.735219e+03 6.760358e+03
6.831886e+03 6.705045e+03 6.744351e+03 6.792579e+03
6.760638e+03 6.705116e+03 6.708394e+03 6.757360e+03
6.843899e+03 6.705205e+03 6.751777e+03 6.797327e+03
6.677418e+03 6.705316e+03 6.683894e+03 6.698840e+03
6.702271e+03 6.705453e+03 6.752404e+03 6.655320e+03
6.714570e+03 6.705622e+03 6.695152e+03 6.725039e+03
6.752323e+03 6.705842e+03 6.742572e+03 6.715592e+03
6.809074e+03 6.706144e+03 6.737612e+03 6.777605e+03
6.771716e+03 6.965163e+03 6.782745e+03 6.954133e+03
6.751110e+03 7.034557e+03 6.758876e+03 7.026791e+03
6.651342e+03 6.754227e+03 6.666728e+03 6.738842e+03
6.836694e+03 6.710155e+03 6.795533e+03 6.751316e+03
6.919023e+03 6.708314e+03 6.818467e+03 6.808869e+03
6.787827e+03 6.708875e+03 6.781397e+03 6.715304e+03
6.611852e+03 6.709613e+03 6.733022e+03 6.588443e+03
6.747758e+03 6.710451e+03 6.702466e+03 6.755743e+03
6.726971e+03 6.784905e+03 6.756399e+03 6.755478e+03
6.767816e+03 7.004400e+03 6.843996e+03 6.928220e+03
6.703298e+03 6.758629e+03 6.728172e+03 6.733755e+03
6.700520e+03 6.717297e+03 6.712561e+03 6.705257e+03
6.710427e+03 6.716361e+03 6.777288e+03 6.649500e+03
6.797034e+03 6.717790e+03 6.785475e+03 6.729349e+03
6.749237e+03 6.719419e+03 6.736474e+03 6.732183e+03
6.837990e+03 6.721168e+03 6.764007e+03 6.795151e+03
6.730197e+03 6.723033e+03 6.685028e+03 6.768202e+03
6.754911e+03 6.725011e+03 6.760138e+03 6.719784e+03
6.670185e+03 6.726986e+03 6.705574e+03 6.691597e+03
6.683728e+03 6.729018e+03 6.748316e+03 6.664429e+03
6.750693e+03 6.731281e+03 6.748030e+03 6.733944e+03
6.753932e+03 6.733664e+03 6.723265e+03 6.764331e+03
6.857332e+03 6.736140e+03 6.763715e+03 6.829757e+03
6.782156e+03 6.738699e+03 6.698400e+03 6.822455e+03
6.785038e+03 6.741331e+03 6.765321e+03 6.761048e+03
6.747235e+03 6.744028e+03 6.698832e+03 6.792432e+03
6.659975e+03 6.746662e+03 6.761820e+03 6.644817e+03
6.715059e+03 6.748918e+03 6.756536e+03 6.707441e+03
