9.759442e+03 9.636158e+03 9.626244e+03 9.769356e+03
9.672594e+03 9.802571e+03 9.652787e+03 9.822377e+03
9.650421e+03 9.804004e+03 9.661152e+03 9.793273e+03
9.629961e+03 9.702465e+03 9.619930e+03 9.712496e+03
9.620025e+03 9.650944e+03 9.617494e+03 9.653475e+03
9.614883e+03 9.635466e+03 9.633678e+03 9.616671e+03
9.644516e+03 9.631894e+03 9.691604e+03 9.584807e+03
9.617773e+03 9.631442e+03 9.686328e+03 9.562886e+03
9.585337e+03 9.631613e+03 9.723843e+03 9.493107e+03
9.634503e+03 9.631737e+03 9.690749e+03 9.575491e+03
9.701355e+03 9.631770e+03 9.710608e+03 9.622517e+03
9.717804e+03 9.631732e+03 9.695671e+03 9.653865e+03
9.713042e+03 9.631672e+03 9.688151e+03 9.656563e+03
9.699334e+03 9.631551e+03 9.705926e+03 9.624959e+03
9.659783e+03 9.631368e+03 9.683831e+03 9.607321e+03
9.680391e+03 9.631154e+03 9.716551e+03 9.594993e+03
9.702050e+03 9.630925e+03 9.684683e+03 9.648292e+03
9.709783e+03 9.630693e+03 9.713038e+03 9.627438e+03
9.668692e+03 9.630466e+03 9.689771e+03 9.609386e+03
9.645560e+03 9.630270e+03 9.691031e+03 9.584800e+03
9.659862e+03 9.725703e+03 9.729111e+03 9.656453e+03
9.853803e+03 9.915443e+03 9.835609e+03 9.933637e+03
9.822754e+03 9.842423e+03 9.792457e+03 9.872720e+03
9.741139e+03 9.710702e+03 9.641459e+03 9.810383e+03
9.708666e+03 9.651900e+03 9.584100e+03 9.776466e+03
9.690000e+03 9.634502e+03 9.582602e+03 9.741900e+03
9.682994e+03 9.630175e+03 9.604418e+03 9.708752e+03
9.698636e+03 9.629393e+03 9.620510e+03 9.707519e+03
9.689854e+03 9.641128e+03 9.601676e+03 9.729307e+03
9.681961e+03 9.806043e+03 9.629345e+03 9.858659e+03
9.698116e+03 9.806235e+03 9.643136e+03 9.861215e+03
9.702300e+03 9.703544e+03 9.607553e+03 9.798291e+03
9.680677e+03 9.650812e+03 9.604085e+03 9.727404e+03
9.685678e+03 9.634429e+03 9.623344e+03 9.696762e+03
9.692058e+03 9.630290e+03 9.683703e+03 9.638645e+03
9.759265e+03 9.629485e+03 9.677727e+03 9.711024e+03
9.771589e+03 9.629446e+03 9.716758e+03 9.684277e+03
9.739244e+03 9.629470e+03 9.685346e+03 9.683367e+03
9.748066e+03 9.629489e+03 9.705670e+03 9.671885e+03
9.754803e+03 9.629500e+03 9.692405e+03 9.691898e+03
9.727093e+03 9.629458e+03 9.688563e+03 9.667988e+03
9.735927e+03 9.629401e+03 9.708275e+03 9.657053e+03
9.728841e+03 9.629358e+03 9.681538e+03 9.676661e+03
9.740957e+03 9.629321e+03 9.715180e+03 9.655098e+03
9.726664e+03 9.629284e+03 9.683770e+03 9.672178e+03
9.747940e+03 9.629245e+03 9.711111e+03 9.666074e+03
9.770158e+03 9.629200e+03 9.690559e+03 9.708800e+03
9.747507e+03 9.629203e+03 9.690055e+03 9.686655e+03
9.758287e+03 9.719789e+03 9.728154e+03 9.749922e+03
9.831009e+03 9.912674e+03 9.832943e+03 9.910740e+03
9.834634e+03 9.845644e+03 9.797352e+03 9.882926e+03
9.502156e+03 9.712587e+03 9.644725e+03 9.570018e+03
9.543719e+03 9.652290e+03 9.585264e+03 9.610745e+03
9.471214e+03 9.634379e+03 9.582805e+03 9.522788e+03
9.505175e+03 9.629954e+03 9.604373e+03 9.530757e+03
9.485075e+03 9.629180e+03 9.620833e+03 9.493423e+03
9.553615e+03 9.640953e+03 9.602164e+03 9.592404e+03
9.547881e+03 9.805900e+03 9.627507e+03 9.726275e+03
9.613388e+03 9.806119e+03 9.643860e+03 9.775647e+03
9.596651e+03 9.703457e+03 9.611578e+03 9.688530e+03
9.572860e+03 9.650807e+03 9.605249e+03 9.618417e+03
9.562597e+03 9.634504e+03 9.623165e+03 9.573936e+03
9.574046e+03 9.630423e+03 9.688120e+03 9.516349e+03
9.608105e+03 9.629666e+03 9.675563e+03 9.562208e+03
9.621039e+03 9.629674e+03 9.716717e+03 9.533996e+03
9.607649e+03 9.629750e+03 9.684624e+03 9.552775e+03
9.646818e+03 9.629850e+03 9.698956e+03 9.577712e+03
9.658930e+03 9.629992e+03 9.694553e+03 9.594369e+03
9.689471e+03 9.630110e+03 9.684027e+03 9.635553e+03
9.679630e+03 9.630197e+03 9.708126e+03 9.601701e+03
9.691093e+03 9.630282e+03 9.683601e+03 9.637774e+03
9.708926e+03 9.630381e+03 9.717961e+03 9.621345e+03
9.698375e+03 9.630501e+03 9.686027e+03 9.642848e+03
9.712451e+03 9.630649e+03 9.709201e+03 9.633900e+03
9.725091e+03 9.630833e+03 9.692717e+03 9.663208e+03
9.722682e+03 9.631088e+03 9.687867e+03 9.665904e+03
9.873953e+03 9.712132e+03 9.725610e+03 9.860474e+03
9.861686e+03 9.910359e+03 9.826397e+03 9.945649e+03
9.877738e+03 9.856153e+03 9.806120e+03 9.927771e+03
9.591365e+03 9.720914e+03 9.650667e+03 9.661612e+03
9.510207e+03 9.657911e+03 9.586924e+03 9.581194e+03
9.545559e+03 9.639390e+03 9.582527e+03 9.602422e+03
9.621153e+03 9.635329e+03 9.603564e+03 9.652918e+03
9.596711e+03 9.635258e+03 9.620736e+03 9.611233e+03
9.591906e+03 9.647912e+03 9.602390e+03 9.637428e+03
9.552810e+03 9.813858e+03 9.627586e+03 9.739081e+03
9.580267e+03 9.815189e+03 9.643740e+03 9.751716e+03
9.587468e+03 9.713771e+03 9.610750e+03 9.690488e+03
9.596427e+03 9.662491e+03 9.603732e+03 9.655187e+03
9.613355e+03 9.647693e+03 9.623737e+03 9.637310e+03
9.655088e+03 9.645252e+03 9.681617e+03 9.618723e+03
9.657996e+03 9.646272e+03 9.675842e+03 9.628426e+03
9.687191e+03 9.648197e+03 9.716481e+03 9.618907e+03
9.619991e+03 9.650328e+03 9.680974e+03 9.589345e+03
9.640724e+03 9.652558e+03 9.700920e+03 9.592362e+03
9.665357e+03 9.654817e+03 9.686334e+03 9.633840e+03
9.715938e+03 9.657214e+03 9.678697e+03 9.694456e+03
9.712225e+03 9.659810e+03 9.697876e+03 9.674159e+03
9.717235e+03 9.662569e+03 9.672023e+03 9.707781e+03
9.697291e+03 9.665459e+03 9.704199e+03 9.658552e+03
9.675808e+03 9.668462e+03 9.670923e+03 9.673347e+03
9.683229e+03 9.671566e+03 9.698531e+03 9.656264e+03
9.689275e+03 9.674740e+03 9.673940e+03 9.690075e+03
9.715074e+03 9.677685e+03 9.665394e+03 9.727365e+03
