9.766451e+03 9.702672e+03 9.694861e+03 9.774261e+03
9.779284e+03 9.858108e+03 9.748110e+03 9.889283e+03
9.701899e+03 9.684837e+03 9.657912e+03 9.728825e+03
9.640983e+03 9.655903e+03 9.674020e+03 9.622866e+03
9.693214e+03 9.655242e+03 9.704734e+03 9.643721e+03
9.636651e+03 9.655795e+03 9.708570e+03 9.583877e+03
9.789243e+03 9.656254e+03 9.675145e+03 9.770352e+03
9.885100e+03 9.656603e+03 9.684638e+03 9.857065e+03
9.713325e+03 9.656858e+03 9.647393e+03 9.722791e+03
9.680719e+03 9.657034e+03 9.681228e+03 9.656525e+03
9.660431e+03 9.657143e+03 9.655861e+03 9.661713e+03
9.619320e+03 9.657213e+03 9.676095e+03 9.600439e+03
9.571099e+03 9.657272e+03 9.676581e+03 9.551790e+03
9.637960e+03 9.657247e+03 9.664325e+03 9.630883e+03
9.561300e+03 9.657190e+03 9.681835e+03 9.536655e+03
9.564841e+03 9.657116e+03 9.650950e+03 9.571007e+03
9.650517e+03 9.657031e+03 9.682683e+03 9.624865e+03
9.633258e+03 9.656941e+03 9.651058e+03 9.639141e+03
9.675741e+03 9.656853e+03 9.679111e+03 9.653484e+03
9.577290e+03 9.656940e+03 9.671500e+03 9.562729e+03
9.628196e+03 9.855179e+03 9.739382e+03 9.743993e+03
9.727055e+03 9.870482e+03 9.681476e+03 9.916061e+03
9.651323e+03 9.683823e+03 9.624966e+03 9.710181e+03
9.753485e+03 9.657925e+03 9.713842e+03 9.697568e+03
9.651363e+03 9.656566e+03 9.731587e+03 9.576342e+03
9.631533e+03 9.656508e+03 9.710443e+03 9.577598e+03
9.597832e+03 9.656509e+03 9.680277e+03 9.574063e+03
9.564670e+03 9.656522e+03 9.661892e+03 9.559300e+03
9.676613e+03 9.708440e+03 9.701120e+03 9.683934e+03
9.736971e+03 9.862678e+03 9.755375e+03 9.844273e+03
9.697071e+03 9.688403e+03 9.661597e+03 9.723878e+03
9.658774e+03 9.658325e+03 9.675105e+03 9.641994e+03
9.622928e+03 9.656659e+03 9.708527e+03 9.571060e+03
9.641958e+03 9.656619e+03 9.710534e+03 9.588043e+03
9.603197e+03 9.656641e+03 9.676712e+03 9.583126e+03
9.742260e+03 9.656663e+03 9.687061e+03 9.711861e+03
9.656829e+03 9.656680e+03 9.648612e+03 9.664897e+03
9.731428e+03 9.656694e+03 9.681824e+03 9.706298e+03
9.681503e+03 9.656704e+03 9.657059e+03 9.681147e+03
9.687752e+03 9.656695e+03 9.676136e+03 9.668311e+03
9.676049e+03 9.656635e+03 9.674809e+03 9.657874e+03
9.642027e+03 9.656609e+03 9.662999e+03 9.635637e+03
9.638113e+03 9.656587e+03 9.683952e+03 9.610748e+03
9.620801e+03 9.656561e+03 9.650485e+03 9.626877e+03
9.690275e+03 9.656534e+03 9.682183e+03 9.664627e+03
9.590336e+03 9.656507e+03 9.651646e+03 9.595197e+03
9.706239e+03 9.656487e+03 9.678143e+03 9.684582e+03
9.595007e+03 9.656551e+03 9.672740e+03 9.578818e+03
9.724808e+03 9.849865e+03 9.737337e+03 9.837335e+03
9.595231e+03 9.876364e+03 9.686573e+03 9.785023e+03
9.457261e+03 9.685539e+03 9.622547e+03 9.520253e+03
9.836525e+03 9.657905e+03 9.712231e+03 9.782200e+03
9.731374e+03 9.656453e+03 9.731625e+03 9.656202e+03
9.851725e+03 9.656404e+03 9.710985e+03 9.797144e+03
9.802578e+03 9.656413e+03 9.680806e+03 9.778185e+03
9.710290e+03 9.656430e+03 9.661942e+03 9.704778e+03
9.652277e+03 9.708350e+03 9.700948e+03 9.659679e+03
9.770057e+03 9.862585e+03 9.757279e+03 9.875363e+03
9.693375e+03 9.688308e+03 9.660645e+03 9.721038e+03
9.811745e+03 9.658264e+03 9.672122e+03 9.797887e+03
9.778523e+03 9.656657e+03 9.709121e+03 9.726059e+03
9.724463e+03 9.656639e+03 9.711284e+03 9.669818e+03
9.617722e+03 9.656680e+03 9.673240e+03 9.601162e+03
9.694734e+03 9.656723e+03 9.689117e+03 9.662341e+03
9.667863e+03 9.656768e+03 9.646409e+03 9.678223e+03
9.690748e+03 9.656815e+03 9.681783e+03 9.665780e+03
9.726633e+03 9.656911e+03 9.661792e+03 9.721751e+03
9.702522e+03 9.657004e+03 9.673608e+03 9.685919e+03
9.751679e+03 9.657051e+03 9.678879e+03 9.729850e+03
9.735072e+03 9.657101e+03 9.660490e+03 9.731684e+03
9.739140e+03 9.657164e+03 9.682153e+03 9.714151e+03
9.660455e+03 9.657243e+03 9.648822e+03 9.668876e+03
9.661291e+03 9.657339e+03 9.682151e+03 9.636479e+03
9.728863e+03 9.657458e+03 9.654773e+03 9.731549e+03
9.637931e+03 9.657614e+03 9.677153e+03 9.618391e+03
9.675798e+03 9.657827e+03 9.675676e+03 9.657949e+03
9.884840e+03 9.840674e+03 9.733604e+03 9.991910e+03
9.704151e+03 9.889660e+03 9.697509e+03 9.896303e+03
9.660772e+03 9.691770e+03 9.618872e+03 9.733671e+03
9.749942e+03 9.660658e+03 9.709808e+03 9.700793e+03
9.701406e+03 9.659359e+03 9.732704e+03 9.628061e+03
9.652470e+03 9.659755e+03 9.713252e+03 9.598973e+03
9.622514e+03 9.660276e+03 9.683240e+03 9.599549e+03
9.664120e+03 9.660867e+03 9.663616e+03 9.661371e+03
9.703672e+03 9.713426e+03 9.702363e+03 9.714735e+03
9.738400e+03 9.868372e+03 9.758953e+03 9.847820e+03
9.626188e+03 9.694877e+03 9.662611e+03 9.658455e+03
9.642693e+03 9.665701e+03 9.674846e+03 9.633548e+03
9.634101e+03 9.665039e+03 9.711940e+03 9.587200e+03
9.653907e+03 9.666048e+03 9.712948e+03 9.607008e+03
9.737617e+03 9.667198e+03 9.681578e+03 9.723238e+03
9.764045e+03 9.668433e+03 9.690911e+03 9.741566e+03
9.684146e+03 9.669749e+03 9.651332e+03 9.702563e+03
9.657655e+03 9.671146e+03 9.688112e+03 9.640689e+03
9.597768e+03 9.672540e+03 9.662463e+03 9.607845e+03
9.626069e+03 9.673974e+03 9.682811e+03 9.617232e+03
9.710233e+03 9.675572e+03 9.683913e+03 9.701892e+03
9.635507e+03 9.677254e+03 9.671146e+03 9.641615e+03
9.786143e+03 9.679002e+03 9.691928e+03 9.773217e+03
9.719030e+03 9.680808e+03 9.660204e+03 9.739635e+03
9.727617e+03 9.682666e+03 9.693291e+03 9.716993e+03
9.668712e+03 9.684570e+03 9.661682e+03 9.691600e+03
9.608474e+03 9.686430e+03 9.691966e+03 9.602938e+03
9.794072e+03 9.688022e+03 9.690977e+03 9.791117e+03
