9.572559e+03 9.462526e+03
9.472681e+03 9.433761e+03
9.416933e+03 9.419441e+03
9.408284e+03 9.398218e+03
9.411086e+03 9.432828e+03
9.404575e+03 9.441444e+03
9.442776e+03 9.468246e+03
9.434925e+03 9.462439e+03
9.380908e+03 9.463007e+03
9.404755e+03 9.463574e+03
9.482350e+03 9.452867e+03
9.456779e+03 9.463970e+03
9.467939e+03 9.448186e+03
9.467027e+03 9.461488e+03
9.429860e+03 9.450206e+03
9.437893e+03 9.455695e+03
9.472284e+03 9.453507e+03
9.495459e+03 9.447352e+03
9.461595e+03 9.456250e+03
9.418067e+03 9.441725e+03
9.436313e+03 9.457641e+03
9.535544e+03 9.519164e+03
9.574063e+03 9.564989e+03
9.577915e+03 9.542601e+03
9.496380e+03 9.502597e+03
9.467378e+03 9.469558e+03
9.443861e+03 9.449582e+03
9.446046e+03 9.440464e+03
9.457993e+03 9.429349e+03
9.450512e+03 9.402705e+03
9.429080e+03 9.389967e+03
9.419437e+03 9.373588e+03
9.436144e+03 9.410657e+03
9.430746e+03 9.421058e+03
9.424389e+03 9.451789e+03
9.477859e+03 9.446281e+03
9.497680e+03 9.447157e+03
9.482690e+03 9.449203e+03
9.482728e+03 9.440026e+03
9.490191e+03 9.451196e+03
9.467748e+03 9.438710e+03
9.456306e+03 9.457876e+03
9.443649e+03 9.445453e+03
9.455667e+03 9.448252e+03
9.444036e+03 9.447109e+03
9.448057e+03 9.440917e+03
9.481558e+03 9.452036e+03
9.455596e+03 9.438332e+03
9.446093e+03 9.453637e+03
9.461771e+03 9.514601e+03
9.519114e+03 9.562872e+03
9.544689e+03 9.541746e+03
9.558975e+03 9.502080e+03
9.465462e+03 9.468936e+03
9.396721e+03 9.448891e+03
9.359819e+03 9.439684e+03
9.379478e+03 9.428605e+03
9.378264e+03 9.401366e+03
9.411120e+03 9.387742e+03
9.418889e+03 9.373917e+03
9.395849e+03 9.412977e+03
9.364499e+03 9.421719e+03
9.374993e+03 9.454475e+03
9.392376e+03 9.447865e+03
9.406506e+03 9.444843e+03
9.409249e+03 9.449800e+03
9.438348e+03 9.437436e+03
9.448439e+03 9.452218e+03
9.463253e+03 9.439096e+03
9.476706e+03 9.452699e+03
9.450305e+03 9.444800e+03
9.455881e+03 9.448623e+03
9.477471e+03 9.450030e+03
9.483294e+03 9.441845e+03
9.499753e+03 9.453809e+03
9.485665e+03 9.439470e+03
9.501716e+03 9.452522e+03
9.526798e+03 9.511598e+03
9.596607e+03 9.564058e+03
9.601210e+03 9.545131e+03
9.462138e+03 9.505851e+03
9.410811e+03 9.472290e+03
9.453682e+03 9.451968e+03
9.421063e+03 9.442533e+03
9.403561e+03 9.431550e+03
9.366010e+03 9.404664e+03
9.339750e+03 9.391414e+03
9.325793e+03 9.377907e+03
9.354940e+03 9.415552e+03
9.381004e+03 9.426222e+03
9.420119e+03 9.457772e+03
9.429446e+03 9.451671e+03
9.437939e+03 9.454874e+03
9.415911e+03 9.457209e+03
9.404814e+03 9.447085e+03
9.447655e+03 9.459932e+03
9.487409e+03 9.446161e+03
9.504436e+03 9.463046e+03
9.494182e+03 9.452693e+03
9.488758e+03 9.457328e+03
9.477196e+03 9.456974e+03
9.456861e+03 9.451490e+03
9.470341e+03 9.465636e+03
9.492615e+03 9.448154e+03
