1.429847e+03 1.361779e+03 1.403142e+03 1.388485e+03
1.474036e+03 1.402278e+03 1.393599e+03 1.482715e+03
1.385029e+03 1.467073e+03 1.365982e+03 1.486119e+03
1.398446e+03 1.484990e+03 1.399961e+03 1.483475e+03
1.370681e+03 1.463643e+03 1.443502e+03 1.390822e+03
1.468169e+03 1.431526e+03 1.444512e+03 1.455183e+03
1.388563e+03 1.396922e+03 1.411144e+03 1.374341e+03
1.374829e+03 1.370435e+03 1.412746e+03 1.332518e+03
1.412729e+03 1.364029e+03 1.373173e+03 1.403585e+03
1.361920e+03 1.363923e+03 1.407869e+03 1.317974e+03
1.381929e+03 1.363732e+03 1.378423e+03 1.367239e+03
1.367522e+03 1.363483e+03 1.402562e+03 1.328442e+03
1.422611e+03 1.363198e+03 1.397976e+03 1.387832e+03
1.393655e+03 1.362887e+03 1.389586e+03 1.366956e+03
1.407140e+03 1.362546e+03 1.403889e+03 1.365797e+03
1.412891e+03 1.362180e+03 1.373982e+03 1.401089e+03
1.373054e+03 1.361799e+03 1.405728e+03 1.329125e+03
1.380115e+03 1.361417e+03 1.371384e+03 1.370148e+03
1.428003e+03 1.361044e+03 1.402882e+03 1.386165e+03
1.451100e+03 1.360688e+03 1.390412e+03 1.421377e+03
1.392149e+03 1.376248e+03 1.397827e+03 1.370570e+03
1.334231e+03 1.455218e+03 1.352833e+03 1.436616e+03
1.424706e+03 1.530238e+03 1.391649e+03 1.563294e+03
1.453839e+03 1.534362e+03 1.496852e+03 1.491349e+03
1.413746e+03 1.494159e+03 1.498270e+03 1.409636e+03
1.383736e+03 1.444571e+03 1.455538e+03 1.372769e+03
1.415824e+03 1.393679e+03 1.406352e+03 1.403152e+03
1.383952e+03 1.364145e+03 1.377567e+03 1.370529e+03
1.441783e+03 1.360014e+03 1.395997e+03 1.405800e+03
1.360689e+03 1.399611e+03 1.388546e+03 1.371754e+03
1.355388e+03 1.463686e+03 1.358111e+03 1.460963e+03
1.449990e+03 1.481031e+03 1.391367e+03 1.539654e+03
1.320030e+03 1.459157e+03 1.438814e+03 1.340372e+03
1.419111e+03 1.426567e+03 1.438718e+03 1.406960e+03
1.396069e+03 1.391627e+03 1.406325e+03 1.381371e+03
1.422461e+03 1.364971e+03 1.409003e+03 1.378429e+03
1.365300e+03 1.358547e+03 1.368401e+03 1.355446e+03
1.445625e+03 1.358550e+03 1.403037e+03 1.401138e+03
1.336178e+03 1.358560e+03 1.374793e+03 1.319944e+03
1.383173e+03 1.358568e+03 1.397878e+03 1.343864e+03
1.423062e+03 1.358563e+03 1.392607e+03 1.389018e+03
1.372144e+03 1.358533e+03 1.386582e+03 1.344095e+03
1.405255e+03 1.358488e+03 1.404057e+03 1.359687e+03
1.367460e+03 1.358439e+03 1.370680e+03 1.355220e+03
1.366991e+03 1.358390e+03 1.402760e+03 1.322621e+03
1.410689e+03 1.358344e+03 1.369563e+03 1.399470e+03
1.405775e+03 1.358292e+03 1.400219e+03 1.363849e+03
1.392682e+03 1.358253e+03 1.390331e+03 1.360603e+03
1.435066e+03 1.373014e+03 1.396003e+03 1.412076e+03
1.317158e+03 1.450924e+03 1.354122e+03 1.413959e+03
1.336082e+03 1.527635e+03 1.387111e+03 1.476606e+03
1.736627e+03 1.533633e+03 1.494650e+03 1.775611e+03
1.488586e+03 1.494206e+03 1.498218e+03 1.484575e+03
1.520089e+03 1.444894e+03 1.456070e+03 1.508914e+03
1.398190e+03 1.393988e+03 1.406842e+03 1.385337e+03
1.328794e+03 1.363775e+03 1.377367e+03 1.315202e+03
1.306125e+03 1.359396e+03 1.395513e+03 1.270008e+03
1.444368e+03 1.399085e+03 1.390016e+03 1.453437e+03
1.365174e+03 1.463239e+03 1.356402e+03 1.472010e+03
1.383100e+03 1.480641e+03 1.388396e+03 1.475345e+03
1.440718e+03 1.458834e+03 1.440112e+03 1.459439e+03
1.421334e+03 1.426327e+03 1.439633e+03 1.408028e+03
1.400964e+03 1.391474e+03 1.403550e+03 1.388888e+03
1.366621e+03 1.364899e+03 1.411512e+03 1.320009e+03
1.418133e+03 1.358548e+03 1.365306e+03 1.411376e+03
1.380764e+03 1.358615e+03 1.403082e+03 1.336297e+03
1.399695e+03 1.358686e+03 1.378697e+03 1.379683e+03
1.400733e+03 1.358774e+03 1.395473e+03 1.364034e+03
1.439329e+03 1.358876e+03 1.396730e+03 1.401475e+03
1.344289e+03 1.358973e+03 1.382221e+03 1.321042e+03
1.432969e+03 1.359060e+03 1.401887e+03 1.390142e+03
1.394656e+03 1.359138e+03 1.368974e+03 1.384820e+03
1.440548e+03 1.359216e+03 1.403503e+03 1.396261e+03
1.403080e+03 1.359305e+03 1.372862e+03 1.389523e+03
1.309372e+03 1.359416e+03 1.399514e+03 1.269274e+03
1.437449e+03 1.359563e+03 1.393403e+03 1.403608e+03
1.319469e+03 1.372455e+03 1.395278e+03 1.296647e+03
1.388566e+03 1.447763e+03 1.359729e+03 1.476600e+03
1.319956e+03 1.527490e+03 1.380717e+03 1.466730e+03
1.484645e+03 1.537199e+03 1.492405e+03 1.529439e+03
1.528878e+03 1.499423e+03 1.500281e+03 1.528020e+03
1.503743e+03 1.450816e+03 1.459283e+03 1.495275e+03
1.358607e+03 1.400179e+03 1.409986e+03 1.348799e+03
1.343781e+03 1.369016e+03 1.379167e+03 1.333630e+03
1.421176e+03 1.364602e+03 1.396764e+03 1.389014e+03
1.360423e+03 1.405116e+03 1.391502e+03 1.374037e+03
1.324250e+03 1.470203e+03 1.358154e+03 1.436299e+03
1.422944e+03 1.488668e+03 1.390861e+03 1.520751e+03
1.405859e+03 1.468051e+03 1.442060e+03 1.431851e+03
1.451262e+03 1.436871e+03 1.440840e+03 1.447293e+03
1.384337e+03 1.403488e+03 1.411022e+03 1.376802e+03
1.418992e+03 1.378531e+03 1.412270e+03 1.385253e+03
1.360789e+03 1.373952e+03 1.371037e+03 1.363703e+03
1.388349e+03 1.375947e+03 1.409189e+03 1.355108e+03
1.420970e+03 1.378096e+03 1.379532e+03 1.419533e+03
1.379804e+03 1.380363e+03 1.404247e+03 1.355919e+03
1.392443e+03 1.382732e+03 1.400789e+03 1.374386e+03
1.348305e+03 1.385234e+03 1.392816e+03 1.340723e+03
1.419997e+03 1.387902e+03 1.410542e+03 1.397357e+03
1.400834e+03 1.390753e+03 1.379297e+03 1.412291e+03
1.440872e+03 1.393800e+03 1.412821e+03 1.421851e+03
1.418375e+03 1.397026e+03 1.378527e+03 1.436875e+03
1.395826e+03 1.400395e+03 1.413812e+03 1.382409e+03
1.456637e+03 1.403820e+03 1.407181e+03 1.453275e+03
