9.197745e+03 8.854434e+03 9.079896e+03 8.972283e+03
9.207597e+03 8.892227e+03 9.120157e+03 8.979667e+03
9.055941e+03 9.122972e+03 9.081848e+03 9.097066e+03
8.988523e+03 9.128943e+03 9.017713e+03 9.099754e+03
9.080041e+03 9.123424e+03 9.074821e+03 9.128643e+03
9.074963e+03 9.166091e+03 9.099951e+03 9.141103e+03
9.046931e+03 9.099840e+03 9.066452e+03 9.080319e+03
9.132425e+03 9.166390e+03 9.106722e+03 9.192093e+03
9.028295e+03 9.090229e+03 9.026726e+03 9.091798e+03
8.982076e+03 9.161116e+03 9.105039e+03 9.038152e+03
9.013279e+03 9.125786e+03 9.039592e+03 9.099473e+03
9.097759e+03 9.147881e+03 9.093606e+03 9.152035e+03
9.060059e+03 9.178960e+03 9.084429e+03 9.154590e+03
9.078310e+03 9.126638e+03 9.065127e+03 9.139821e+03
9.084237e+03 9.186543e+03 9.098213e+03 9.172567e+03
8.968265e+03 9.109608e+03 9.030859e+03 9.047014e+03
9.104105e+03 9.183276e+03 9.102727e+03 9.184655e+03
9.032263e+03 9.127393e+03 9.026015e+03 9.133641e+03
9.105970e+03 9.172101e+03 9.096709e+03 9.181362e+03
9.073091e+03 9.183986e+03 9.069588e+03 9.187489e+03
9.027984e+03 8.951339e+03 9.059475e+03 8.919848e+03
9.147480e+03 8.900649e+03 9.084034e+03 8.964095e+03
9.050632e+03 8.898888e+03 9.090460e+03 8.859061e+03
9.261437e+03 8.899977e+03 9.167720e+03 8.993694e+03
9.151760e+03 8.901027e+03 9.154776e+03 8.898011e+03
9.034923e+03 8.901914e+03 9.108563e+03 8.828275e+03
9.079325e+03 8.902672e+03 9.065590e+03 8.916406e+03
9.017877e+03 8.903283e+03 9.042143e+03 8.879017e+03
9.115847e+03 8.903781e+03 9.071538e+03 8.948089e+03
9.153380e+03 8.946956e+03 9.116313e+03 8.984022e+03
9.071671e+03 9.173792e+03 9.071449e+03 9.174013e+03
9.017418e+03 9.171377e+03 9.005323e+03 9.183472e+03
9.038686e+03 9.171517e+03 9.070800e+03 9.139402e+03
9.072928e+03 9.209946e+03 9.093129e+03 9.189744e+03
9.069052e+03 9.137512e+03 9.061578e+03 9.144985e+03
9.064620e+03 9.206319e+03 9.104225e+03 9.166714e+03
9.106941e+03 9.128308e+03 9.021769e+03 9.213480e+03
9.098596e+03 9.196830e+03 9.099641e+03 9.195785e+03
9.060064e+03 9.161354e+03 9.036540e+03 9.184878e+03
9.127072e+03 9.182716e+03 9.087874e+03 9.221913e+03
9.080338e+03 9.205311e+03 9.076635e+03 9.209014e+03
9.043890e+03 9.141868e+03 9.062049e+03 9.123709e+03
9.070531e+03 9.208749e+03 9.102149e+03 9.177131e+03
9.001561e+03 9.129877e+03 9.026922e+03 9.104516e+03
9.113702e+03 9.201144e+03 9.099236e+03 9.215610e+03
9.022622e+03 9.147702e+03 9.024842e+03 9.145482e+03
9.101872e+03 9.185225e+03 9.093245e+03 9.193851e+03
9.099870e+03 9.200557e+03 9.071719e+03 9.228708e+03
9.053542e+03 8.966312e+03 9.055689e+03 8.964165e+03
9.095338e+03 8.910990e+03 9.085585e+03 8.920743e+03
9.028872e+03 8.907698e+03 9.086993e+03 8.849577e+03
9.145835e+03 8.907643e+03 9.166188e+03 8.887290e+03
9.159717e+03 8.907676e+03 9.155079e+03 8.912314e+03
9.213418e+03 8.907676e+03 9.109141e+03 9.011953e+03
9.011159e+03 8.907640e+03 9.065983e+03 8.852816e+03
8.984107e+03 8.907570e+03 9.041969e+03 8.849707e+03
9.016140e+03 8.907471e+03 9.071132e+03 8.852479e+03
9.069201e+03 8.956173e+03 9.120255e+03 8.905119e+03
9.116496e+03 9.179058e+03 9.068193e+03 9.227362e+03
9.092303e+03 9.167801e+03 8.999007e+03 9.261098e+03
9.121781e+03 9.170896e+03 9.073986e+03 9.218691e+03
9.041646e+03 9.211308e+03 9.095561e+03 9.157394e+03
8.998197e+03 9.124364e+03 9.055572e+03 9.066989e+03
9.071554e+03 9.204928e+03 9.110170e+03 9.166312e+03
8.996041e+03 9.124060e+03 9.015281e+03 9.104821e+03
9.092925e+03 9.192035e+03 9.100010e+03 9.184951e+03
9.073435e+03 9.173047e+03 9.045729e+03 9.200753e+03
9.109730e+03 9.171976e+03 9.082650e+03 9.199056e+03
9.153157e+03 9.209961e+03 9.086130e+03 9.276988e+03
9.078813e+03 9.144127e+03 9.052669e+03 9.170271e+03
9.151758e+03 9.206565e+03 9.097307e+03 9.261016e+03
9.010454e+03 9.127013e+03 9.022969e+03 9.114499e+03
9.065467e+03 9.196352e+03 9.100615e+03 9.161204e+03
9.076177e+03 9.152514e+03 9.032069e+03 9.196623e+03
9.108899e+03 9.177889e+03 9.091409e+03 9.195379e+03
9.156848e+03 9.201821e+03 9.078419e+03 9.280250e+03
8.985564e+03 8.968760e+03 9.050879e+03 8.903445e+03
9.072310e+03 8.905702e+03 9.091086e+03 8.886926e+03
9.079751e+03 8.900900e+03 9.082500e+03 8.898151e+03
9.255276e+03 8.899739e+03 9.165096e+03 8.989920e+03
9.142669e+03 8.898517e+03 9.157700e+03 8.883486e+03
9.075244e+03 8.897094e+03 9.112333e+03 8.860005e+03
8.972652e+03 8.895425e+03 9.068843e+03 8.799234e+03
9.065099e+03 8.893509e+03 9.043745e+03 8.914863e+03
9.074132e+03 8.891315e+03 9.072498e+03 8.892950e+03
9.086489e+03 8.937669e+03 9.121853e+03 8.902305e+03
9.045683e+03 9.157932e+03 9.070049e+03 9.133566e+03
8.968482e+03 9.144830e+03 9.002069e+03 9.111243e+03
9.010683e+03 9.148196e+03 9.075508e+03 9.083371e+03
9.082531e+03 9.179765e+03 9.094785e+03 9.167512e+03
9.063227e+03 9.106315e+03 9.068377e+03 9.101165e+03
9.152715e+03 9.168774e+03 9.107148e+03 9.214341e+03
9.033815e+03 9.078306e+03 9.022387e+03 9.089734e+03
9.071717e+03 9.147541e+03 9.107343e+03 9.111914e+03
9.006530e+03 9.105249e+03 9.040236e+03 9.071543e+03
9.039971e+03 9.119178e+03 9.094116e+03 9.065032e+03
9.109176e+03 9.141762e+03 9.085954e+03 9.164984e+03
9.098526e+03 9.074144e+03 9.066022e+03 9.106648e+03
9.207376e+03 9.130869e+03 9.105377e+03 9.232868e+03
9.090397e+03 9.045007e+03 9.033543e+03 9.101861e+03
9.114966e+03 9.109415e+03 9.107625e+03 9.116757e+03
9.070408e+03 9.042993e+03 9.029162e+03 9.084239e+03
9.031004e+03 9.071898e+03 9.106238e+03 8.996664e+03
9.081282e+03 9.092845e+03 9.090480e+03 9.083648e+03
