Cluster Index	Voxels	Z-MAX	Z-MAX X (vox)	Z-MAX Y (vox)	Z-MAX Z (vox)	Z-COG X (vox)	Z-COG Y (vox)	Z-COG Z (vox)	COPE-MAX	COPE-MAX X (vox)	COPE-MAX Y (vox)	COPE-MAX Z (vox)	COPE-MEAN
162	177	4.85	28	11	7	27.1	17.4	8.1	6.56	28	9	8	2.05
161	49	4.81	34	39	25	34.7	36.9	25.6	6.07	33	36	26	3.39
160	38	4.11	35	12	21	34	11.9	21.7	3.78	32	12	23	2.3
159	31	4.51	38	16	11	39	15.6	11.1	2.15	38	16	11	1.52
158	29	4.26	47	20	8	45.8	19.1	7.29	4.22	46	18	7	2.02
157	27	4.21	21	22	3	20	23.1	3.19	2.08	23	26	3	1.28
156	21	5.04	49	15	19	46.3	14.8	20.7	4.93	45	14	21	3.44
155	19	4.62	16	18	19	16	17.2	19.3	2.99	15	18	19	1.91
154	16	3.87	33	31	7	32.8	30.5	6.87	1.26	32	31	7	1.07
153	16	4.01	41	25	7	39.8	25.3	7.94	2.79	39	24	9	1.57
152	16	4.05	22	12	19	23.1	12.1	19.9	3.1	23	12	20	1.93
151	14	4.52	30	43	25	30.7	43.2	24.8	6.88	30	43	25	4.42
150	14	4.36	13	30	8	15.1	30.1	8	1.93	13	30	8	1.42
149	13	5.57	23	47	13	23.5	47.4	13.1	2.34	24	47	13	1.5
148	12	4.41	21	14	7	20.6	14.5	6.23	3.09	21	14	7	1.94
147	10	4.34	36	30	9	36.1	31	9.29	2.06	36	33	9	1.25
146	9	3.49	28	15	8	27.5	14.7	8.12	3.4	29	14	8	1.92
145	8	4.05	44	49	11	44.2	49	11	2.56	44	49	11	2.03
144	8	3.65	13	30	12	12.8	29.8	11.3	1.38	14	30	12	1.13
143	8	4.28	17	36	7	17.6	35.2	7.38	1.46	17	36	7	1.2
142	7	3.59	32	53	17	32.7	53.6	16.9	2.67	33	53	17	2.16
141	7	3.78	42	15	19	42.1	14.8	19	1.83	43	15	19	1.37
140	7	3.63	35	49	13	35.6	49	13	2.02	35	49	13	1.81
139	7	4.3	19	25	11	19.8	26	11.1	1.05	19	25	11	0.961
138	6	3.79	32	8	17	32.8	7.66	17.2	3.05	33	8	17	2.52
137	6	4.44	33	18	11	32.5	18	11	2.13	33	18	11	1.68
136	6	4	20	41	13	19.4	40.8	13	2.2	19	41	13	1.93
135	6	3.62	51	30	17	52	30.5	17	1.41	52	30	17	1.18
134	5	4.02	51	19	19	50.8	19.2	19.6	1.9	51	19	20	1.55
133	5	3.76	34	47	18	33.2	47.4	18	2.38	34	48	18	2.01
132	5	3.68	52	29	10	51.2	28.8	9.41	1.49	52	29	10	1.26
131	5	3.84	50	21	17	50.6	21.2	17	1.42	51	22	17	1.18
130	5	3.46	26	36	7	25.4	35.8	7.4	1.46	25	36	7	1.27
129	5	3.79	24	39	11	23.6	39.4	10.6	2.53	24	39	10	1.54
128	5	4.21	32	19	7	31.4	19.2	7	1.5	32	19	7	1.27
127	5	3.53	35	40	20	34.2	40	20.6	1.93	34	40	20	1.74
126	5	4.15	28	7	17	27.8	7.37	17	2.41	28	7	17	1.95
125	5	4.07	22	45	23	22.2	45.6	23.2	3.89	23	46	23	2.41
124	5	3.73	23	42	24	23.2	41.4	24	4.34	23	42	24	3.16
123	4	3.91	34	50	11	33.8	50.2	11	1.86	33	50	11	1.67
122	4	3.97	32	6	13	31.8	5.77	12.8	3.63	32	6	13	2.54
121	4	3.81	28	9	3	29	9	3.49	1.31	29	9	4	1.1
120	4	3.66	46	14	11	45.8	13.8	11	1.31	46	14	11	1.14
119	4	3.53	28	48	15	28.5	47.5	15	1.23	29	48	15	1.08
118	4	3.75	47	16	4	46.5	16.5	4	2.01	46	16	4	1.73
117	4	3.78	33	11	11	33	10.8	11	2.49	33	11	11	2.03
116	3	3.41	28	25	13	27.7	25.3	13	1.44	28	26	13	1.27
115	3	3.71	21	15	15	20.4	16	15	1.02	21	15	15	0.855
114	3	3.23	38	43	15	37.7	43.3	15	1.57	38	43	15	1.34
113	3	3.29	23	15	12	23.7	15	12.3	0.884	23	15	12	0.846
112	3	3.49	23	15	17	22.7	15.7	17	1.02	23	15	17	0.963
111	3	4.09	44	24	11	43.7	23.7	11	1.86	43	24	11	1.7
110	3	3.54	30	45	13	30.3	44.4	13	1.22	30	45	13	1.01
109	3	4.37	33	21	27	33.6	20.7	27	2.58	34	21	27	2.26
108	3	3.55	43	20	1	42.7	20.3	1	1.49	43	21	1	1.31
107	3	3.81	20	18	3	20.6	18.3	3	1.3	20	18	3	1.24
106	3	3.48	18	41	23	18.3	40.3	23	2.6	19	40	23	2.26
105	3	3.44	49	30	23	48.7	30.7	23	2.78	49	31	23	2.68
104	3	4.42	36	13	23	35.7	12.7	23	3.46	36	13	23	3.13
103	3	3.4	36	14	5	36.3	13	5	1.48	37	12	5	1.34
102	3	3.27	25	13	5	26	13	5	1.37	26	13	5	1.32
101	3	3.3	33	24	21	33	24	21	2	33	23	21	1.81
100	3	3.37	53	24	9	53	23	9.33	0.988	53	22	10	0.864
99	3	3.24	29	29	6	29	30	6	1.4	29	31	6	1.19
98	3	3.66	51	37	9	50.7	36.4	9	1.16	51	37	9	1.01
97	3	3.44	36	20	9	36.3	19.3	9	2.11	37	19	9	1.96
96	3	3.26	48	35	8	48	35	8	0.886	48	36	7	0.851
95	3	3.58	12	26	19	12.3	25.4	19	1.31	12	26	19	1.05
94	3	3.54	17	15	8	16.3	15.3	8.65	1.21	16	15	9	1.16
93	3	3.46	31	44	20	31.3	43.3	20	1.91	32	43	20	1.61
92	2	3.64	41	35	26	41	34.5	26	2.25	41	35	26	1.89
91	2	3.48	23	11	14	23.5	11	14	1.03	24	11	14	0.992
90	2	3.11	40	46	18	40	46.5	18	1.8	40	46	18	1.79
89	2	3.9	36	40	18	35.5	40	18	1.11	35	40	18	1.1
88	2	3.58	29	55	16	28.5	55	16	2.55	28	55	16	2.15
87	2	3.51	43	29	20	43.5	29	19.5	1.26	43	29	20	1.2
86	2	3.25	11	31	20	11	31.5	19.5	0.691	11	31	20	0.675
85	2	3.11	32	16	22	32.5	16	22	3.47	32	16	22	3.16
84	2	3.32	48	42	19	47.5	42	19	1.54	48	42	19	1.33
83	2	3.21	47	38	20	47	37.5	20	1.65	47	38	20	1.65
82	2	3.4	37	8	17	37.5	8.49	17	2.35	38	9	17	2.2
81	2	3.67	23	11	17	22.5	10.5	17	1.47	22	10	17	1.37
80	2	4.21	16	21	23	16.5	20.5	23	2.46	17	20	23	2.42
79	2	3.32	24	47	11	24.5	47	11	1.6	25	47	11	1.56
78	2	3.42	51	39	12	51	39.5	12	1.98	51	39	12	1.91
77	2	3.78	45	9	13	45	9.47	13	1.62	45	9	13	1.3
76	2	3.32	44	20	4	43.5	20.5	4	1.12	44	20	4	1.03
75	2	3.43	33	15	11	32.5	15	11	1.62	33	15	11	1.45
74	2	3.54	45	24	7	45	24.5	7	1.3	45	24	7	1.25
73	2	3.73	33	28	3	33.5	28	3	1.63	34	28	3	1.38
72	2	3.43	28	24	5	28	23.5	5	1.04	28	24	5	1.01
71	2	3.97	43	25	5	43.5	25	5	2.12	43	25	5	2.01
70	2	3.2	20	21	13	19.5	21.5	13	0.762	19	22	13	0.705
69	2	3.21	25	24	10	24.5	24	10	1.27	25	24	10	1.23
68	2	3.65	51	20	7	51	19.5	7	1.37	51	20	7	1.32
67	2	3.28	43	25	13	43	25.5	13	0.824	43	25	13	0.797
66	2	3.41	35	10	9	34.5	10	9	1.77	34	10	9	1.56
65	2	3.74	43	44	4	42.5	44	4	1.73	43	44	4	1.53
64	2	3.26	31	28	9	30.5	28	8.51	0.909	30	28	8	0.841
63	2	4.07	38	26	13	37.5	26	13	1.42	38	26	13	1.33
62	2	3.39	43	19	12	42.5	19	11.5	1.73	43	19	12	1.43
61	2	4.04	34	7	11	34	7.45	11	1.87	34	7	11	1.77
60	1	3.1	16	41	21	16	41	21	2.58	16	41	21	2.58
59	1	3.36	46	44	21	46	44	21	1.68	46	44	21	1.68
58	1	3.15	52	30	21	52	30	21	1.5	52	30	21	1.5
57	1	3.39	50	30	21	50	30	21	1.6	50	30	21	1.6
56	1	3.09	34	52	21	34	52	21	3.38	34	52	21	3.38
55	1	3.11	23	47	19	23	47	19	0.903	23	47	19	0.903
54	1	3.26	17	47	19	17	47	19	1.83	17	47	19	1.83
53	1	3.3	47	20	5	47	20	5	0.955	47	20	5	0.955
52	1	3.49	25	11	1	25	11	1	0.91	25	11	1	0.91
51	1	3.34	29	38	26	29	38	26	3.51	29	38	26	3.51
50	1	3.44	37	30	1	37	30	1	1.49	37	30	1	1.49
49	1	3.43	18	33	25	18	33	25	0.828	18	33	25	0.828
48	1	3.56	40	23	25	40	23	25	1.42	40	23	25	1.42
47	1	3.13	44	21	25	44	21	25	1.81	44	21	25	1.81
46	1	3.74	30	17	25	30	17	25	1.68	30	17	25	1.68
45	1	3.61	27	44	24	27	44	24	2.55	27	44	24	2.55
44	1	3.23	15	24	4	15	24	4	1.7	15	24	4	1.7
43	1	3.09	31	35	24	31	35	24	1.29	31	35	24	1.29
42	1	3.33	44	14	4	44	14	4	1.55	44	14	4	1.55
41	1	3.16	16	16	4	16	16	4	0.706	16	16	4	0.706
40	1	3.09	16	38	23	16	38	23	0.877	16	38	23	0.877
39	1	3.24	43	23	4	43	23	4	0.956	43	23	4	0.956
38	1	3.45	46	30	23	46	30	23	1.61	46	30	23	1.61
37	1	3.18	33	18	23	33	18	23	2.89	33	18	23	2.89
36	1	3.31	40	14	5	40	14	5	1.22	40	14	5	1.22
35	1	3.73	19	27	3	19	27	3	1.38	19	27	3	1.38
34	1	3.37	27	28	12	27	28	12	1	27	28	12	1
33	1	3.3	14	36	16	14	36	16	1.32	14	36	16	1.32
32	1	3.6	18	25	16	18	25	16	1.12	18	25	16	1.12
31	1	3.12	30	16	13	30	16	13	1.92	30	16	13	1.92
30	1	3.29	28	18	13	28	18	13	1.96	28	18	13	1.96
29	1	3.29	32	31	15	32	31	15	4.01	32	31	15	4.01
28	1	3.19	35	28	15	35	28	15	1.66	35	28	15	1.66
27	1	3.24	37	27	9	37	27	9	4.51	37	27	9	4.51
26	1	3.15	54	20	15	54	20	15	0.688	54	20	15	0.688
25	1	3.09	44	14	15	44	14	15	1.13	44	14	15	1.13
24	1	3.1	51	45	14	51	45	14	0.603	51	45	14	0.603
23	1	3.33	44	33	14	44	33	14	1.09	44	33	14	1.09
22	1	3.15	39	12	14	39	12	14	0.768	39	12	14	0.768
21	1	3.11	47	22	13	47	22	13	0.904	47	22	13	0.904
20	1	3.62	32	24	28	32	24	28	1.24	32	24	28	1.24
19	1	3.34	16	43	13	16	43	13	1.98	16	43	13	1.98
18	1	3.36	31	23	15	31	23	15	1.3	31	23	15	1.3
17	1	3.26	47	45	7	47	45	7	1.33	47	45	7	1.33
16	1	3.09	43	25	8	43	25	8	1.26	43	25	8	1.26
15	1	3.17	46	21	19	46	21	19	1.46	46	21	19	1.46
14	1	3.63	53	32	9	53	32	9	1.41	53	32	9	1.41
13	1	3.17	17	38	10	17	38	10	1.02	17	38	10	1.02
12	1	3.78	29	9	19	29	9	19	2.81	29	9	19	2.81
11	1	3.24	17	14	11	17	14	11	1.52	17	14	11	1.52
10	1	3.25	12	23	12	12	23	12	1.18	12	23	12	1.18
9	1	3.65	41	54	17	41	54	17	1.65	41	54	17	1.65
8	1	3.46	21	52	17	21	52	17	1.51	21	52	17	1.51
7	1	3.1	48	40	17	48	40	17	0.755	48	40	17	0.755
6	1	3.27	33	26	17	33	26	17	1.84	33	26	17	1.84
5	1	3.4	36	23	11	36	23	11	2.25	36	23	11	2.25
4	1	3.17	39	30	11	39	30	11	1.03	39	30	11	1.03
3	1	3.22	47	45	11	47	45	11	1.32	47	45	11	1.32
2	1	3.33	41	8	17	41	8	17	2.55	41	8	17	2.55
1	1	3.26	29	14	11	29	14	11	0.923	29	14	11	0.923
