4.551322e+01 2.156648e+01 3.049961e+01 3.658009e+01
3.088380e+01 2.156648e+01 3.049961e+01 2.195067e+01
5.916770e+01 2.156648e+01 3.049961e+01 5.023457e+01
1.565163e+01 2.156648e+01 3.049961e+01 6.718503e+00
6.449875e+00 2.156648e+01 3.049961e+01 -2.483255e+00
6.081405e+01 2.156648e+01 3.049961e+01 5.188092e+01
-4.982973e+00 2.156648e+01 3.049961e+01 -1.391610e+01
-2.157628e+01 4.036094e+00 -5.707900e+00 -1.183228e+01
1.924435e+00 4.036094e+00 -5.707900e+00 1.166843e+01
-1.386284e+01 4.036094e+00 -5.707900e+00 -4.118843e+00
5.494543e+00 4.036094e+00 -5.707900e+00 1.523854e+01
-8.238854e-01 4.036094e+00 -5.707900e+00 8.920109e+00
7.455142e+00 4.036094e+00 -5.707900e+00 1.719914e+01
-1.856642e+01 4.036094e+00 -5.707900e+00 -8.822422e+00
