2.447914e+01 1.031219e+01 1.458365e+01 2.020769e+01
-5.717234e+00 1.031219e+01 1.458365e+01 -9.988685e+00
5.674484e+00 1.031219e+01 1.458365e+01 1.403033e+00
1.275775e+01 1.031219e+01 1.458365e+01 8.486302e+00
1.569512e+01 1.031219e+01 1.458365e+01 1.142367e+01
8.984273e+00 1.031219e+01 1.458365e+01 4.712822e+00
1.365475e+01 1.031219e+01 1.458365e+01 9.383302e+00
3.099727e+01 1.031219e+01 1.458365e+01 2.672582e+01
8.636163e+00 1.031219e+01 1.458365e+01 4.364712e+00
-1.404008e+01 1.011965e+01 -1.431134e+01 1.039091e+01
-8.151091e+00 1.011965e+01 -1.431134e+01 1.627989e+01
-1.281835e+01 1.011965e+01 -1.431134e+01 1.161264e+01
-2.534895e+01 1.011965e+01 -1.431134e+01 -9.179636e-01
5.575836e-01 1.011965e+01 -1.431134e+01 2.498857e+01
