0.5 9.527427e+03 9.389647e+03 9.464596e+03 9.602375e+03
1.5 9.467521e+03 9.422229e+03 9.498929e+03 9.544222e+03
2.5 9.435318e+03 9.474528e+03 9.535385e+03 9.496174e+03
3.5 9.437535e+03 9.505639e+03 9.528817e+03 9.460713e+03
4.5 9.454529e+03 9.510166e+03 9.505592e+03 9.449955e+03
5.5 9.450676e+03 9.509752e+03 9.486386e+03 9.427309e+03
6.5 9.480339e+03 9.507244e+03 9.475167e+03 9.448261e+03
7.5 9.463761e+03 9.504425e+03 9.469669e+03 9.429005e+03
8.5 9.421465e+03 9.505269e+03 9.467238e+03 9.383433e+03
9.5 9.451692e+03 9.502314e+03 9.466210e+03 9.415588e+03
10.5 9.538344e+03 9.504629e+03 9.465752e+03 9.499467e+03
0.1 9.466695e+03 9.505438e+03 9.464145e+03 9.425402e+03
1.1 9.497628e+03 9.511778e+03 9.478852e+03 9.464702e+03
2.1 9.616184e+03 9.537744e+03 9.537754e+03 9.616194e+03
3.1 9.590265e+03 9.535061e+03 9.569737e+03 9.624941e+03
4.1 9.580242e+03 9.490477e+03 9.548531e+03 9.638296e+03
5.1 9.516705e+03 9.443630e+03 9.514200e+03 9.587274e+03
6.1 9.487676e+03 9.412566e+03 9.488877e+03 9.563987e+03
7.1 9.468308e+03 9.396099e+03 9.474769e+03 9.546978e+03
8.1 9.473475e+03 9.388527e+03 9.468030e+03 9.552978e+03
9.1 9.488444e+03 9.386689e+03 9.466433e+03 9.568189e+03
10.1 9.480959e+03 9.419803e+03 9.499053e+03 9.560210e+03
0.5 9.488444e+03 9.386689e+03 9.466433e+03 9.568189e+03
1.5 9.480959e+03 9.419803e+03 9.499053e+03 9.560210e+03
2.5 9.472886e+03 9.473811e+03 9.534561e+03 9.533636e+03
3.5 9.495559e+03 9.506115e+03 9.527428e+03 9.516873e+03
4.5 9.502282e+03 9.511243e+03 9.503837e+03 9.494877e+03
5.5 9.502994e+03 9.511515e+03 9.484310e+03 9.475789e+03
6.5 9.510608e+03 9.508954e+03 9.472875e+03 9.474529e+03
7.5 9.569927e+03 9.506129e+03 9.467267e+03 9.531065e+03
8.5 9.583137e+03 9.507511e+03 9.464807e+03 9.540433e+03
9.5 9.563421e+03 9.505184e+03 9.463810e+03 9.522047e+03
10.5 9.559842e+03 9.507979e+03 9.463426e+03 9.515289e+03
0.1 9.549715e+03 9.507734e+03 9.463050e+03 9.505031e+03
1.1 9.560519e+03 9.513601e+03 9.476934e+03 9.523852e+03
2.1 9.589290e+03 9.539155e+03 9.535387e+03 9.585523e+03
3.1 9.623167e+03 9.537635e+03 9.569033e+03 9.654566e+03
4.1 9.485460e+03 9.493407e+03 9.548778e+03 9.540831e+03
5.1 9.443395e+03 9.446103e+03 9.514476e+03 9.511769e+03
6.1 9.308001e+03 9.414452e+03 9.488927e+03 9.382476e+03
7.1 9.292818e+03 9.397538e+03 9.474645e+03 9.369925e+03
8.1 9.271979e+03 9.389669e+03 9.467827e+03 9.350136e+03
9.1 9.333417e+03 9.387637e+03 9.466213e+03 9.411994e+03
10.1 9.335101e+03 9.420716e+03 9.498846e+03 9.413232e+03
0.5 9.333417e+03 9.387637e+03 9.466213e+03 9.411994e+03
1.5 9.335101e+03 9.420716e+03 9.498846e+03 9.413232e+03
2.5 9.406417e+03 9.475346e+03 9.534379e+03 9.465450e+03
3.5 9.423308e+03 9.507660e+03 9.527264e+03 9.442912e+03
4.5 9.410801e+03 9.511713e+03 9.503709e+03 9.402797e+03
5.5 9.391120e+03 9.511397e+03 9.484227e+03 9.363951e+03
6.5 9.404597e+03 9.508168e+03 9.472837e+03 9.369266e+03
7.5 9.423758e+03 9.504200e+03 9.467266e+03 9.386825e+03
8.5 9.444248e+03 9.506034e+03 9.464839e+03 9.403054e+03
9.5 9.450638e+03 9.503514e+03 9.463873e+03 9.410996e+03
10.5 9.473884e+03 9.506600e+03 9.463524e+03 9.430808e+03
0.0 9.529596e+03 9.507263e+03 9.463817e+03 9.486150e+03
1.0 9.624911e+03 9.512473e+03 9.475983e+03 9.588421e+03
2.0 9.629532e+03 9.537370e+03 9.533245e+03 9.625407e+03
3.0 9.661837e+03 9.538426e+03 9.570105e+03 9.693516e+03
4.0 9.531708e+03 9.495248e+03 9.551843e+03 9.588303e+03
5.0 9.371455e+03 9.447274e+03 9.517701e+03 9.441882e+03
6.0 9.348039e+03 9.414606e+03 9.491821e+03 9.425254e+03
7.0 9.402814e+03 9.396889e+03 9.477362e+03 9.483287e+03
8.0 9.369371e+03 9.388453e+03 9.470621e+03 9.451538e+03
9.0 9.373088e+03 9.385993e+03 9.469278e+03 9.456373e+03
10.0 9.355101e+03 9.418678e+03 9.502310e+03 9.438733e+03
0.5 9.373088e+03 9.385993e+03 9.469278e+03 9.456373e+03
1.5 9.355101e+03 9.418678e+03 9.502310e+03 9.438733e+03
2.5 9.370786e+03 9.472900e+03 9.538338e+03 9.436224e+03
3.5 9.388112e+03 9.504755e+03 9.531788e+03 9.415146e+03
4.5 9.420582e+03 9.508911e+03 9.508882e+03 9.420553e+03
5.5 9.444392e+03 9.508418e+03 9.490121e+03 9.426095e+03
6.5 9.475644e+03 9.504750e+03 9.479525e+03 9.450420e+03
7.5 9.493689e+03 9.501189e+03 9.474826e+03 9.467326e+03
8.5 9.492166e+03 9.501359e+03 9.473348e+03 9.464155e+03
9.5 9.452858e+03 9.497355e+03 9.473411e+03 9.428915e+03
10.5 9.447940e+03 9.499000e+03 9.474163e+03 9.423103e+03
