0.5 1.003792e+04 1.005147e+04 1.003813e+04 1.002458e+04
1.5 1.012060e+04 1.011471e+04 1.006296e+04 1.006885e+04
2.5 1.009292e+04 1.016685e+04 1.012202e+04 1.004809e+04
3.5 1.015784e+04 1.018587e+04 1.016552e+04 1.013749e+04
4.5 1.014705e+04 1.019509e+04 1.019497e+04 1.014692e+04
5.5 1.027295e+04 1.019693e+04 1.020862e+04 1.028464e+04
6.5 1.013198e+04 1.019533e+04 1.021282e+04 1.014947e+04
7.5 1.013789e+04 1.019791e+04 1.021796e+04 1.015794e+04
8.5 1.019627e+04 1.019380e+04 1.021493e+04 1.021740e+04
9.5 1.027880e+04 1.019767e+04 1.021928e+04 1.030042e+04
10.5 1.022967e+04 1.019377e+04 1.021572e+04 1.025162e+04
11.5 1.019665e+04 1.019631e+04 1.021838e+04 1.021873e+04
0.2 1.009292e+04 1.016685e+04 1.012202e+04 1.004809e+04
1.2 1.015784e+04 1.018587e+04 1.016552e+04 1.013749e+04
2.2 1.014705e+04 1.019509e+04 1.019497e+04 1.014692e+04
3.2 1.027295e+04 1.019693e+04 1.020862e+04 1.028464e+04
4.2 1.013198e+04 1.019533e+04 1.021282e+04 1.014947e+04
5.2 1.013789e+04 1.019791e+04 1.021796e+04 1.015794e+04
6.2 1.019627e+04 1.019380e+04 1.021493e+04 1.021740e+04
7.2 1.027880e+04 1.019767e+04 1.021928e+04 1.030042e+04
8.2 1.022967e+04 1.019377e+04 1.021572e+04 1.025162e+04
9.2 1.019665e+04 1.019631e+04 1.021838e+04 1.021873e+04
10.2 1.016054e+04 1.019531e+04 1.021753e+04 1.018276e+04
11.2 1.014272e+04 1.019505e+04 1.021744e+04 1.016510e+04
0.9 1.027295e+04 1.019693e+04 1.020862e+04 1.028464e+04
1.9 1.013198e+04 1.019533e+04 1.021282e+04 1.014947e+04
2.9 1.013789e+04 1.019791e+04 1.021796e+04 1.015794e+04
3.9 1.019627e+04 1.019380e+04 1.021493e+04 1.021740e+04
4.9 1.027880e+04 1.019767e+04 1.021928e+04 1.030042e+04
5.9 1.022967e+04 1.019377e+04 1.021572e+04 1.025162e+04
6.9 1.019665e+04 1.019631e+04 1.021838e+04 1.021873e+04
7.9 1.016054e+04 1.019531e+04 1.021753e+04 1.018276e+04
8.9 1.014272e+04 1.019505e+04 1.021744e+04 1.016510e+04
9.9 1.014728e+04 1.019760e+04 1.022017e+04 1.016985e+04
10.9 1.018738e+04 1.019492e+04 1.021767e+04 1.021014e+04
11.9 1.021249e+04 1.019945e+04 1.022239e+04 1.023543e+04
0.6 1.013789e+04 1.019791e+04 1.021796e+04 1.015794e+04
1.6 1.019627e+04 1.019380e+04 1.021493e+04 1.021740e+04
2.6 1.027880e+04 1.019767e+04 1.021928e+04 1.030042e+04
3.6 1.022967e+04 1.019377e+04 1.021572e+04 1.025162e+04
4.6 1.019665e+04 1.019631e+04 1.021838e+04 1.021873e+04
5.6 1.016054e+04 1.019531e+04 1.021753e+04 1.018276e+04
6.6 1.014272e+04 1.019505e+04 1.021744e+04 1.016510e+04
7.6 1.014728e+04 1.019760e+04 1.022017e+04 1.016985e+04
8.6 1.018738e+04 1.019492e+04 1.021767e+04 1.021014e+04
9.6 1.021249e+04 1.019945e+04 1.022239e+04 1.023543e+04
10.6 1.011063e+04 1.019597e+04 1.021910e+04 1.013377e+04
11.6 1.008260e+04 1.019976e+04 1.022307e+04 1.010590e+04
0.3 1.027880e+04 1.019767e+04 1.021928e+04 1.030042e+04
1.3 1.022967e+04 1.019377e+04 1.021572e+04 1.025162e+04
2.3 1.019665e+04 1.019631e+04 1.021838e+04 1.021873e+04
3.3 1.016054e+04 1.019531e+04 1.021753e+04 1.018276e+04
4.3 1.014272e+04 1.019505e+04 1.021744e+04 1.016510e+04
5.3 1.014728e+04 1.019760e+04 1.022017e+04 1.016985e+04
6.3 1.018738e+04 1.019492e+04 1.021767e+04 1.021014e+04
7.3 1.021249e+04 1.019945e+04 1.022239e+04 1.023543e+04
8.3 1.011063e+04 1.019597e+04 1.021910e+04 1.013377e+04
9.3 1.008260e+04 1.019976e+04 1.022307e+04 1.010590e+04
10.3 1.018102e+04 1.020214e+04 1.020995e+04 1.018884e+04
11.3 1.021221e+04 1.021257e+04 1.015833e+04 1.015796e+04
1.0 1.016054e+04 1.019531e+04 1.021753e+04 1.018276e+04
2.0 1.014272e+04 1.019505e+04 1.021744e+04 1.016510e+04
3.0 1.014728e+04 1.019760e+04 1.022017e+04 1.016985e+04
4.0 1.018738e+04 1.019492e+04 1.021767e+04 1.021014e+04
5.0 1.021249e+04 1.019945e+04 1.022239e+04 1.023543e+04
6.0 1.011063e+04 1.019597e+04 1.021910e+04 1.013377e+04
7.0 1.008260e+04 1.019976e+04 1.022307e+04 1.010590e+04
8.0 1.018102e+04 1.020214e+04 1.020995e+04 1.018884e+04
9.0 1.021221e+04 1.021257e+04 1.015833e+04 1.015796e+04
10.0 1.026248e+04 1.019194e+04 1.010400e+04 1.017454e+04
11.0 1.016072e+04 1.013295e+04 1.006735e+04 1.009512e+04
12.0 1.014196e+04 1.007716e+04 1.004774e+04 1.011253e+04
0.7 1.014728e+04 1.019760e+04 1.022017e+04 1.016985e+04
1.7 1.018738e+04 1.019492e+04 1.021767e+04 1.021014e+04
2.7 1.021249e+04 1.019945e+04 1.022239e+04 1.023543e+04
3.7 1.011063e+04 1.019597e+04 1.021910e+04 1.013377e+04
4.7 1.008260e+04 1.019976e+04 1.022307e+04 1.010590e+04
5.7 1.018102e+04 1.020214e+04 1.020995e+04 1.018884e+04
6.7 1.021221e+04 1.021257e+04 1.015833e+04 1.015796e+04
7.7 1.026248e+04 1.019194e+04 1.010400e+04 1.017454e+04
8.7 1.016072e+04 1.013295e+04 1.006735e+04 1.009512e+04
9.7 1.014196e+04 1.007716e+04 1.004774e+04 1.011253e+04
10.7 1.014845e+04 1.004149e+04 1.003874e+04 1.014570e+04
11.7 1.008321e+04 1.002293e+04 1.003504e+04 1.009532e+04
0.4 1.021249e+04 1.019945e+04 1.022239e+04 1.023543e+04
1.4 1.011063e+04 1.019597e+04 1.021910e+04 1.013377e+04
2.4 1.008260e+04 1.019976e+04 1.022307e+04 1.010590e+04
3.4 1.018102e+04 1.020214e+04 1.020995e+04 1.018884e+04
4.4 1.021221e+04 1.021257e+04 1.015833e+04 1.015796e+04
5.4 1.026248e+04 1.019194e+04 1.010400e+04 1.017454e+04
6.4 1.016072e+04 1.013295e+04 1.006735e+04 1.009512e+04
7.4 1.014196e+04 1.007716e+04 1.004774e+04 1.011253e+04
8.4 1.014845e+04 1.004149e+04 1.003874e+04 1.014570e+04
9.4 1.008321e+04 1.002293e+04 1.003504e+04 1.009532e+04
10.4 1.006050e+04 1.001452e+04 1.003373e+04 1.007971e+04
11.4 1.015689e+04 1.001246e+04 1.003336e+04 1.017779e+04
0.5 1.014195e+04 1.004760e+04 1.003413e+04 1.012848e+04
1.5 1.011992e+04 1.011401e+04 1.006313e+04 1.006904e+04
2.5 1.010821e+04 1.016830e+04 1.012494e+04 1.006484e+04
3.5 1.019686e+04 1.018846e+04 1.016995e+04 1.017835e+04
4.5 1.021007e+04 1.019892e+04 1.020099e+04 1.021214e+04
5.5 1.015638e+04 1.020079e+04 1.021489e+04 1.017049e+04
6.5 1.021366e+04 1.019924e+04 1.021926e+04 1.023367e+04
7.5 1.033910e+04 1.020267e+04 1.022528e+04 1.036171e+04
8.5 1.030013e+04 1.019953e+04 1.022319e+04 1.032379e+04
9.5 1.023266e+04 1.020411e+04 1.022818e+04 1.025673e+04
10.5 1.016948e+04 1.020161e+04 1.022590e+04 1.019376e+04
11.5 1.021275e+04 1.020478e+04 1.022908e+04 1.023704e+04
0.2 1.010821e+04 1.016830e+04 1.012494e+04 1.006484e+04
1.2 1.019686e+04 1.018846e+04 1.016995e+04 1.017835e+04
2.2 1.021007e+04 1.019892e+04 1.020099e+04 1.021214e+04
3.2 1.015638e+04 1.020079e+04 1.021489e+04 1.017049e+04
4.2 1.021366e+04 1.019924e+04 1.021926e+04 1.023367e+04
5.2 1.033910e+04 1.020267e+04 1.022528e+04 1.036171e+04
6.2 1.030013e+04 1.019953e+04 1.022319e+04 1.032379e+04
7.2 1.023266e+04 1.020411e+04 1.022818e+04 1.025673e+04
8.2 1.016948e+04 1.020161e+04 1.022590e+04 1.019376e+04
9.2 1.021275e+04 1.020478e+04 1.022908e+04 1.023704e+04
10.2 1.026113e+04 1.020161e+04 1.022593e+04 1.028544e+04
11.2 1.021853e+04 1.019906e+04 1.022340e+04 1.024287e+04
0.9 1.015638e+04 1.020079e+04 1.021489e+04 1.017049e+04
1.9 1.021366e+04 1.019924e+04 1.021926e+04 1.023367e+04
2.9 1.033910e+04 1.020267e+04 1.022528e+04 1.036171e+04
3.9 1.030013e+04 1.019953e+04 1.022319e+04 1.032379e+04
4.9 1.023266e+04 1.020411e+04 1.022818e+04 1.025673e+04
5.9 1.016948e+04 1.020161e+04 1.022590e+04 1.019376e+04
6.9 1.021275e+04 1.020478e+04 1.022908e+04 1.023704e+04
7.9 1.026113e+04 1.020161e+04 1.022593e+04 1.028544e+04
8.9 1.021853e+04 1.019906e+04 1.022340e+04 1.024287e+04
9.9 1.010356e+04 1.020171e+04 1.022608e+04 1.012792e+04
10.9 1.011523e+04 1.019930e+04 1.022369e+04 1.013962e+04
11.9 1.020597e+04 1.020412e+04 1.022853e+04 1.023039e+04
0.6 1.033910e+04 1.020267e+04 1.022528e+04 1.036171e+04
1.6 1.030013e+04 1.019953e+04 1.022319e+04 1.032379e+04
2.6 1.023266e+04 1.020411e+04 1.022818e+04 1.025673e+04
3.6 1.016948e+04 1.020161e+04 1.022590e+04 1.019376e+04
4.6 1.021275e+04 1.020478e+04 1.022908e+04 1.023704e+04
5.6 1.026113e+04 1.020161e+04 1.022593e+04 1.028544e+04
6.6 1.021853e+04 1.019906e+04 1.022340e+04 1.024287e+04
7.6 1.010356e+04 1.020171e+04 1.022608e+04 1.012792e+04
8.6 1.011523e+04 1.019930e+04 1.022369e+04 1.013962e+04
9.6 1.020597e+04 1.020412e+04 1.022853e+04 1.023039e+04
10.6 1.009743e+04 1.020059e+04 1.022503e+04 1.012187e+04
11.6 1.028763e+04 1.020392e+04 1.022838e+04 1.031210e+04
0.3 1.023266e+04 1.020411e+04 1.022818e+04 1.025673e+04
1.3 1.016948e+04 1.020161e+04 1.022590e+04 1.019376e+04
2.3 1.021275e+04 1.020478e+04 1.022908e+04 1.023704e+04
3.3 1.026113e+04 1.020161e+04 1.022593e+04 1.028544e+04
4.3 1.021853e+04 1.019906e+04 1.022340e+04 1.024287e+04
5.3 1.010356e+04 1.020171e+04 1.022608e+04 1.012792e+04
6.3 1.011523e+04 1.019930e+04 1.022369e+04 1.013962e+04
7.3 1.020597e+04 1.020412e+04 1.022853e+04 1.023039e+04
8.3 1.009743e+04 1.020059e+04 1.022503e+04 1.012187e+04
9.3 1.028763e+04 1.020392e+04 1.022838e+04 1.031210e+04
10.3 1.012694e+04 1.020598e+04 1.021582e+04 1.013677e+04
11.3 1.028436e+04 1.021600e+04 1.016425e+04 1.023261e+04
0.9 1.026113e+04 1.020161e+04 1.022593e+04 1.028544e+04
1.9 1.021853e+04 1.019906e+04 1.022340e+04 1.024287e+04
2.9 1.010356e+04 1.020171e+04 1.022608e+04 1.012792e+04
3.9 1.011523e+04 1.019930e+04 1.022369e+04 1.013962e+04
4.9 1.020597e+04 1.020412e+04 1.022853e+04 1.023039e+04
5.9 1.009743e+04 1.020059e+04 1.022503e+04 1.012187e+04
6.9 1.028763e+04 1.020392e+04 1.022838e+04 1.031210e+04
7.9 1.012694e+04 1.020598e+04 1.021582e+04 1.013677e+04
8.9 1.028436e+04 1.021600e+04 1.016425e+04 1.023261e+04
9.9 1.022793e+04 1.019633e+04 1.010913e+04 1.014073e+04
10.9 1.008493e+04 1.013742e+04 1.007156e+04 1.001908e+04
11.9 1.007886e+04 1.008090e+04 1.005118e+04 1.004914e+04
0.7 1.010356e+04 1.020171e+04 1.022608e+04 1.012792e+04
1.7 1.011523e+04 1.019930e+04 1.022369e+04 1.013962e+04
2.7 1.020597e+04 1.020412e+04 1.022853e+04 1.023039e+04
3.7 1.009743e+04 1.020059e+04 1.022503e+04 1.012187e+04
4.7 1.028763e+04 1.020392e+04 1.022838e+04 1.031210e+04
5.7 1.012694e+04 1.020598e+04 1.021582e+04 1.013677e+04
6.7 1.028436e+04 1.021600e+04 1.016425e+04 1.023261e+04
7.7 1.022793e+04 1.019633e+04 1.010913e+04 1.014073e+04
8.7 1.008493e+04 1.013742e+04 1.007156e+04 1.001908e+04
9.7 1.007886e+04 1.008090e+04 1.005118e+04 1.004914e+04
10.7 1.005434e+04 1.004442e+04 1.004161e+04 1.005154e+04
11.7 9.968915e+03 1.002525e+04 1.003749e+04 9.981160e+03
0.3 1.020597e+04 1.020412e+04 1.022853e+04 1.023039e+04
1.3 1.009743e+04 1.020059e+04 1.022503e+04 1.012187e+04
2.3 1.028763e+04 1.020392e+04 1.022838e+04 1.031210e+04
3.3 1.012694e+04 1.020598e+04 1.021582e+04 1.013677e+04
4.3 1.028436e+04 1.021600e+04 1.016425e+04 1.023261e+04
5.3 1.022793e+04 1.019633e+04 1.010913e+04 1.014073e+04
6.3 1.008493e+04 1.013742e+04 1.007156e+04 1.001908e+04
7.3 1.007886e+04 1.008090e+04 1.005118e+04 1.004914e+04
8.3 1.005434e+04 1.004442e+04 1.004161e+04 1.005154e+04
9.3 9.968915e+03 1.002525e+04 1.003749e+04 9.981160e+03
10.3 9.974364e+03 1.001642e+04 1.003584e+04 9.993792e+03
11.3 9.906769e+03 1.001406e+04 1.003519e+04 9.927897e+03
0.5 1.000744e+04 1.004914e+04 1.003589e+04 9.994190e+03
1.5 1.013924e+04 1.011651e+04 1.006582e+04 1.008855e+04
2.5 1.018118e+04 1.017081e+04 1.012762e+04 1.013799e+04
3.5 1.014229e+04 1.018927e+04 1.017089e+04 1.012391e+04
4.5 1.016000e+04 1.019878e+04 1.020093e+04 1.016215e+04
5.5 1.013850e+04 1.019957e+04 1.021372e+04 1.015265e+04
6.5 1.019620e+04 1.019622e+04 1.021623e+04 1.021622e+04
7.5 1.021170e+04 1.020034e+04 1.022291e+04 1.023427e+04
8.5 1.019864e+04 1.019689e+04 1.022048e+04 1.022223e+04
9.5 1.016871e+04 1.020190e+04 1.022586e+04 1.019267e+04
10.5 1.017824e+04 1.019957e+04 1.022370e+04 1.020238e+04
11.5 1.021610e+04 1.020199e+04 1.022606e+04 1.024017e+04
0.2 1.018118e+04 1.017081e+04 1.012762e+04 1.013799e+04
1.2 1.014229e+04 1.018927e+04 1.017089e+04 1.012391e+04
2.2 1.016000e+04 1.019878e+04 1.020093e+04 1.016215e+04
3.2 1.013850e+04 1.019957e+04 1.021372e+04 1.015265e+04
4.2 1.019620e+04 1.019622e+04 1.021623e+04 1.021622e+04
5.2 1.021170e+04 1.020034e+04 1.022291e+04 1.023427e+04
6.2 1.019864e+04 1.019689e+04 1.022048e+04 1.022223e+04
7.2 1.016871e+04 1.020190e+04 1.022586e+04 1.019267e+04
8.2 1.017824e+04 1.019957e+04 1.022370e+04 1.020238e+04
9.2 1.021610e+04 1.020199e+04 1.022606e+04 1.024017e+04
10.2 1.020472e+04 1.020199e+04 1.022601e+04 1.022874e+04
11.2 1.021607e+04 1.020079e+04 1.022477e+04 1.024004e+04
0.8 1.013850e+04 1.019957e+04 1.021372e+04 1.015265e+04
1.8 1.019620e+04 1.019622e+04 1.021623e+04 1.021622e+04
2.8 1.021170e+04 1.020034e+04 1.022291e+04 1.023427e+04
3.8 1.019864e+04 1.019689e+04 1.022048e+04 1.022223e+04
4.8 1.016871e+04 1.020190e+04 1.022586e+04 1.019267e+04
5.8 1.017824e+04 1.019957e+04 1.022370e+04 1.020238e+04
6.8 1.021610e+04 1.020199e+04 1.022606e+04 1.024017e+04
7.8 1.020472e+04 1.020199e+04 1.022601e+04 1.022874e+04
8.8 1.021607e+04 1.020079e+04 1.022477e+04 1.024004e+04
9.8 1.020514e+04 1.020362e+04 1.022755e+04 1.022907e+04
10.8 1.019650e+04 1.020002e+04 1.022390e+04 1.022038e+04
11.8 1.029944e+04 1.020408e+04 1.022790e+04 1.032327e+04
0.5 1.021170e+04 1.020034e+04 1.022291e+04 1.023427e+04
1.5 1.019864e+04 1.019689e+04 1.022048e+04 1.022223e+04
2.5 1.016871e+04 1.020190e+04 1.022586e+04 1.019267e+04
3.5 1.017824e+04 1.019957e+04 1.022370e+04 1.020238e+04
4.5 1.021610e+04 1.020199e+04 1.022606e+04 1.024017e+04
5.5 1.020472e+04 1.020199e+04 1.022601e+04 1.022874e+04
6.5 1.021607e+04 1.020079e+04 1.022477e+04 1.024004e+04
7.5 1.020514e+04 1.020362e+04 1.022755e+04 1.022907e+04
8.5 1.019650e+04 1.020002e+04 1.022390e+04 1.022038e+04
9.5 1.029944e+04 1.020408e+04 1.022790e+04 1.032327e+04
10.5 1.025643e+04 1.020019e+04 1.022394e+04 1.028018e+04
11.5 1.026654e+04 1.020279e+04 1.022644e+04 1.029019e+04
0.2 1.016871e+04 1.020190e+04 1.022586e+04 1.019267e+04
1.2 1.017824e+04 1.019957e+04 1.022370e+04 1.020238e+04
2.2 1.021610e+04 1.020199e+04 1.022606e+04 1.024017e+04
3.2 1.020472e+04 1.020199e+04 1.022601e+04 1.022874e+04
4.2 1.021607e+04 1.020079e+04 1.022477e+04 1.024004e+04
5.2 1.020514e+04 1.020362e+04 1.022755e+04 1.022907e+04
6.2 1.019650e+04 1.020002e+04 1.022390e+04 1.022038e+04
7.2 1.029944e+04 1.020408e+04 1.022790e+04 1.032327e+04
8.2 1.025643e+04 1.020019e+04 1.022394e+04 1.028018e+04
9.2 1.026654e+04 1.020279e+04 1.022644e+04 1.029019e+04
10.2 1.029665e+04 1.020470e+04 1.021554e+04 1.030749e+04
11.2 1.026070e+04 1.021430e+04 1.016481e+04 1.021121e+04
0.9 1.020472e+04 1.020199e+04 1.022601e+04 1.022874e+04
1.9 1.021607e+04 1.020079e+04 1.022477e+04 1.024004e+04
2.9 1.020514e+04 1.020362e+04 1.022755e+04 1.022907e+04
3.9 1.019650e+04 1.020002e+04 1.022390e+04 1.022038e+04
4.9 1.029944e+04 1.020408e+04 1.022790e+04 1.032327e+04
5.9 1.025643e+04 1.020019e+04 1.022394e+04 1.028018e+04
6.9 1.026654e+04 1.020279e+04 1.022644e+04 1.029019e+04
7.9 1.029665e+04 1.020470e+04 1.021554e+04 1.030749e+04
8.9 1.026070e+04 1.021430e+04 1.016481e+04 1.021121e+04
9.9 1.030134e+04 1.019702e+04 1.010869e+04 1.021301e+04
10.9 1.003117e+04 1.013873e+04 1.006964e+04 9.962079e+03
11.9 9.949415e+03 1.008108e+04 1.004796e+04 9.916298e+03
0.6 1.020514e+04 1.020362e+04 1.022755e+04 1.022907e+04
1.6 1.019650e+04 1.020002e+04 1.022390e+04 1.022038e+04
2.6 1.029944e+04 1.020408e+04 1.022790e+04 1.032327e+04
3.6 1.025643e+04 1.020019e+04 1.022394e+04 1.028018e+04
4.6 1.026654e+04 1.020279e+04 1.022644e+04 1.029019e+04
5.6 1.029665e+04 1.020470e+04 1.021554e+04 1.030749e+04
6.6 1.026070e+04 1.021430e+04 1.016481e+04 1.021121e+04
7.6 1.030134e+04 1.019702e+04 1.010869e+04 1.021301e+04
8.6 1.003117e+04 1.013873e+04 1.006964e+04 9.962079e+03
9.6 9.949415e+03 1.008108e+04 1.004796e+04 9.916298e+03
10.6 1.002238e+04 1.004317e+04 1.003732e+04 1.001653e+04
11.6 9.997613e+03 1.002283e+04 1.003221e+04 1.000700e+04
0.3 1.029944e+04 1.020408e+04 1.022790e+04 1.032327e+04
1.3 1.025643e+04 1.020019e+04 1.022394e+04 1.028018e+04
2.3 1.026654e+04 1.020279e+04 1.022644e+04 1.029019e+04
3.3 1.029665e+04 1.020470e+04 1.021554e+04 1.030749e+04
4.3 1.026070e+04 1.021430e+04 1.016481e+04 1.021121e+04
5.3 1.030134e+04 1.019702e+04 1.010869e+04 1.021301e+04
6.3 1.003117e+04 1.013873e+04 1.006964e+04 9.962079e+03
7.3 9.949415e+03 1.008108e+04 1.004796e+04 9.916298e+03
8.3 1.002238e+04 1.004317e+04 1.003732e+04 1.001653e+04
9.3 9.997613e+03 1.002283e+04 1.003221e+04 1.000700e+04
10.3 9.945854e+03 1.001307e+04 1.002956e+04 9.962339e+03
11.3 9.932507e+03 1.000991e+04 1.002781e+04 9.950406e+03
0.5 9.937537e+03 1.004416e+04 1.002726e+04 9.920635e+03
1.5 1.007814e+04 1.011064e+04 1.005578e+04 1.002328e+04
2.5 1.014407e+04 1.016393e+04 1.011597e+04 1.009611e+04
3.5 1.011351e+04 1.018222e+04 1.015839e+04 1.008969e+04
4.5 1.024523e+04 1.019108e+04 1.018702e+04 1.024117e+04
5.5 1.020402e+04 1.019078e+04 1.019788e+04 1.021112e+04
6.5 1.022153e+04 1.018761e+04 1.019967e+04 1.023359e+04
7.5 1.018183e+04 1.018864e+04 1.020225e+04 1.019544e+04
8.5 1.010727e+04 1.018233e+04 1.019587e+04 1.012082e+04
9.5 1.015709e+04 1.018452e+04 1.019728e+04 1.016984e+04
10.5 1.024708e+04 1.017892e+04 1.019065e+04 1.025881e+04
11.5 1.023104e+04 1.017928e+04 1.018970e+04 1.024146e+04
0.2 1.014407e+04 1.016393e+04 1.011597e+04 1.009611e+04
1.2 1.011351e+04 1.018222e+04 1.015839e+04 1.008969e+04
2.2 1.024523e+04 1.019108e+04 1.018702e+04 1.024117e+04
3.2 1.020402e+04 1.019078e+04 1.019788e+04 1.021112e+04
4.2 1.022153e+04 1.018761e+04 1.019967e+04 1.023359e+04
5.2 1.018183e+04 1.018864e+04 1.020225e+04 1.019544e+04
6.2 1.010727e+04 1.018233e+04 1.019587e+04 1.012082e+04
7.2 1.015709e+04 1.018452e+04 1.019728e+04 1.016984e+04
8.2 1.024708e+04 1.017892e+04 1.019065e+04 1.025881e+04
9.2 1.023104e+04 1.017928e+04 1.018970e+04 1.024146e+04
10.2 1.013900e+04 1.017493e+04 1.018395e+04 1.014803e+04
11.2 1.020491e+04 1.017068e+04 1.017821e+04 1.021244e+04
0.9 1.020402e+04 1.019078e+04 1.019788e+04 1.021112e+04
1.9 1.022153e+04 1.018761e+04 1.019967e+04 1.023359e+04
2.9 1.018183e+04 1.018864e+04 1.020225e+04 1.019544e+04
3.9 1.010727e+04 1.018233e+04 1.019587e+04 1.012082e+04
4.9 1.015709e+04 1.018452e+04 1.019728e+04 1.016984e+04
5.9 1.024708e+04 1.017892e+04 1.019065e+04 1.025881e+04
6.9 1.023104e+04 1.017928e+04 1.018970e+04 1.024146e+04
7.9 1.013900e+04 1.017493e+04 1.018395e+04 1.014803e+04
8.9 1.020491e+04 1.017068e+04 1.017821e+04 1.021244e+04
9.9 1.023590e+04 1.017037e+04 1.017631e+04 1.024184e+04
10.9 1.018893e+04 1.016447e+04 1.016873e+04 1.019319e+04
11.9 1.014095e+04 1.016560e+04 1.016810e+04 1.014344e+04
0.6 1.018183e+04 1.018864e+04 1.020225e+04 1.019544e+04
1.6 1.010727e+04 1.018233e+04 1.019587e+04 1.012082e+04
2.6 1.015709e+04 1.018452e+04 1.019728e+04 1.016984e+04
3.6 1.024708e+04 1.017892e+04 1.019065e+04 1.025881e+04
4.6 1.023104e+04 1.017928e+04 1.018970e+04 1.024146e+04
5.6 1.013900e+04 1.017493e+04 1.018395e+04 1.014803e+04
6.6 1.020491e+04 1.017068e+04 1.017821e+04 1.021244e+04
7.6 1.023590e+04 1.017037e+04 1.017631e+04 1.024184e+04
8.6 1.018893e+04 1.016447e+04 1.016873e+04 1.019319e+04
9.6 1.014095e+04 1.016560e+04 1.016810e+04 1.014344e+04
10.6 1.009048e+04 1.015637e+04 1.015704e+04 1.009114e+04
0.3 1.015709e+04 1.018452e+04 1.019728e+04 1.016984e+04
1.3 1.024708e+04 1.017892e+04 1.019065e+04 1.025881e+04
2.3 1.023104e+04 1.017928e+04 1.018970e+04 1.024146e+04
3.3 1.013900e+04 1.017493e+04 1.018395e+04 1.014803e+04
4.3 1.020491e+04 1.017068e+04 1.017821e+04 1.021244e+04
5.3 1.023590e+04 1.017037e+04 1.017631e+04 1.024184e+04
6.3 1.018893e+04 1.016447e+04 1.016873e+04 1.019319e+04
7.3 1.014095e+04 1.016560e+04 1.016810e+04 1.014344e+04
8.3 1.009048e+04 1.015637e+04 1.015704e+04 1.009114e+04
1.0 1.013900e+04 1.017493e+04 1.018395e+04 1.014803e+04
2.0 1.020491e+04 1.017068e+04 1.017821e+04 1.021244e+04
3.0 1.023590e+04 1.017037e+04 1.017631e+04 1.024184e+04
4.0 1.018893e+04 1.016447e+04 1.016873e+04 1.019319e+04
5.0 1.014095e+04 1.016560e+04 1.016810e+04 1.014344e+04
6.0 1.009048e+04 1.015637e+04 1.015704e+04 1.009114e+04
0.6 1.023590e+04 1.017037e+04 1.017631e+04 1.024184e+04
1.6 1.018893e+04 1.016447e+04 1.016873e+04 1.019319e+04
2.6 1.014095e+04 1.016560e+04 1.016810e+04 1.014344e+04
3.6 1.009048e+04 1.015637e+04 1.015704e+04 1.009114e+04
0.3 1.014095e+04 1.016560e+04 1.016810e+04 1.014344e+04
1.3 1.009048e+04 1.015637e+04 1.015704e+04 1.009114e+04
