0.5 9.476426e+03 9.431112e+03 9.418451e+03 9.463764e+03
1.5 9.444158e+03 9.483413e+03 9.434297e+03 9.395041e+03
2.5 9.446464e+03 9.514530e+03 9.471981e+03 9.403915e+03
3.5 9.463408e+03 9.519062e+03 9.499737e+03 9.444084e+03
4.5 9.459584e+03 9.518651e+03 9.518532e+03 9.459465e+03
5.5 9.489307e+03 9.516145e+03 9.527245e+03 9.500408e+03
6.5 9.472669e+03 9.513326e+03 9.529924e+03 9.489267e+03
7.5 9.430414e+03 9.514171e+03 9.533200e+03 9.449443e+03
8.5 9.460613e+03 9.511215e+03 9.531272e+03 9.480670e+03
9.5 9.547309e+03 9.513530e+03 9.534046e+03 9.567824e+03
10.5 9.527447e+03 9.510938e+03 9.531772e+03 9.548280e+03
11.5 9.547050e+03 9.512518e+03 9.533472e+03 9.568003e+03
0.2 9.446464e+03 9.514530e+03 9.471981e+03 9.403915e+03
1.2 9.463408e+03 9.519062e+03 9.499737e+03 9.444084e+03
2.2 9.459584e+03 9.518651e+03 9.518532e+03 9.459465e+03
3.2 9.489307e+03 9.516145e+03 9.527245e+03 9.500408e+03
4.2 9.472669e+03 9.513326e+03 9.529924e+03 9.489267e+03
5.2 9.430414e+03 9.514171e+03 9.533200e+03 9.449443e+03
6.2 9.460613e+03 9.511215e+03 9.531272e+03 9.480670e+03
7.2 9.547309e+03 9.513530e+03 9.534046e+03 9.567824e+03
8.2 9.527447e+03 9.510938e+03 9.531772e+03 9.548280e+03
9.2 9.547050e+03 9.512518e+03 9.533472e+03 9.568003e+03
10.2 9.528826e+03 9.511836e+03 9.532926e+03 9.549915e+03
11.2 9.498956e+03 9.511622e+03 9.532869e+03 9.520202e+03
0.9 9.489307e+03 9.516145e+03 9.527245e+03 9.500408e+03
1.9 9.472669e+03 9.513326e+03 9.529924e+03 9.489267e+03
2.9 9.430414e+03 9.514171e+03 9.533200e+03 9.449443e+03
3.9 9.460613e+03 9.511215e+03 9.531272e+03 9.480670e+03
4.9 9.547309e+03 9.513530e+03 9.534046e+03 9.567824e+03
5.9 9.527447e+03 9.510938e+03 9.531772e+03 9.548280e+03
6.9 9.547050e+03 9.512518e+03 9.533472e+03 9.568003e+03
7.9 9.528826e+03 9.511836e+03 9.532926e+03 9.549915e+03
8.9 9.498956e+03 9.511622e+03 9.532869e+03 9.520202e+03
9.9 9.507371e+03 9.513193e+03 9.534612e+03 9.528790e+03
10.9 9.532562e+03 9.511422e+03 9.533020e+03 9.554161e+03
11.9 9.537953e+03 9.514252e+03 9.536030e+03 9.559732e+03
0.6 9.430414e+03 9.514171e+03 9.533200e+03 9.449443e+03
1.6 9.460613e+03 9.511215e+03 9.531272e+03 9.480670e+03
2.6 9.547309e+03 9.513530e+03 9.534046e+03 9.567824e+03
3.6 9.527447e+03 9.510938e+03 9.531772e+03 9.548280e+03
4.6 9.547050e+03 9.512518e+03 9.533472e+03 9.568003e+03
5.6 9.528826e+03 9.511836e+03 9.532926e+03 9.549915e+03
6.6 9.498956e+03 9.511622e+03 9.532869e+03 9.520202e+03
7.6 9.507371e+03 9.513193e+03 9.534612e+03 9.528790e+03
8.6 9.532562e+03 9.511422e+03 9.533020e+03 9.554161e+03
9.6 9.537953e+03 9.514252e+03 9.536030e+03 9.559732e+03
10.6 9.502225e+03 9.511973e+03 9.533928e+03 9.524180e+03
11.6 9.475520e+03 9.514340e+03 9.536462e+03 9.497642e+03
0.3 9.547309e+03 9.513530e+03 9.534046e+03 9.567824e+03
1.3 9.527447e+03 9.510938e+03 9.531772e+03 9.548280e+03
2.3 9.547050e+03 9.512518e+03 9.533472e+03 9.568003e+03
3.3 9.528826e+03 9.511836e+03 9.532926e+03 9.549915e+03
4.3 9.498956e+03 9.511622e+03 9.532869e+03 9.520202e+03
5.3 9.507371e+03 9.513193e+03 9.534612e+03 9.528790e+03
6.3 9.532562e+03 9.511422e+03 9.533020e+03 9.554161e+03
7.3 9.537953e+03 9.514252e+03 9.536030e+03 9.559732e+03
8.3 9.502225e+03 9.511973e+03 9.533928e+03 9.524180e+03
9.3 9.475520e+03 9.514340e+03 9.536462e+03 9.497642e+03
10.3 9.506514e+03 9.520678e+03 9.528093e+03 9.513929e+03
11.3 9.625012e+03 9.546638e+03 9.495153e+03 9.573527e+03
1.0 9.528826e+03 9.511836e+03 9.532926e+03 9.549915e+03
2.0 9.498956e+03 9.511622e+03 9.532869e+03 9.520202e+03
3.0 9.507371e+03 9.513193e+03 9.534612e+03 9.528790e+03
4.0 9.532562e+03 9.511422e+03 9.533020e+03 9.554161e+03
5.0 9.537953e+03 9.514252e+03 9.536030e+03 9.559732e+03
6.0 9.502225e+03 9.511973e+03 9.533928e+03 9.524180e+03
7.0 9.475520e+03 9.514340e+03 9.536462e+03 9.497642e+03
8.0 9.506514e+03 9.520678e+03 9.528093e+03 9.513929e+03
9.0 9.625012e+03 9.546638e+03 9.495153e+03 9.573527e+03
10.0 9.599216e+03 9.543949e+03 9.460481e+03 9.515748e+03
11.0 9.589045e+03 9.499362e+03 9.437100e+03 9.526783e+03
12.0 9.525626e+03 9.452514e+03 9.424582e+03 9.497694e+03
0.7 9.507371e+03 9.513193e+03 9.534612e+03 9.528790e+03
1.7 9.532562e+03 9.511422e+03 9.533020e+03 9.554161e+03
2.7 9.537953e+03 9.514252e+03 9.536030e+03 9.559732e+03
3.7 9.502225e+03 9.511973e+03 9.533928e+03 9.524180e+03
4.7 9.475520e+03 9.514340e+03 9.536462e+03 9.497642e+03
5.7 9.506514e+03 9.520678e+03 9.528093e+03 9.513929e+03
6.7 9.625012e+03 9.546638e+03 9.495153e+03 9.573527e+03
7.7 9.599216e+03 9.543949e+03 9.460481e+03 9.515748e+03
8.7 9.589045e+03 9.499362e+03 9.437100e+03 9.526783e+03
9.7 9.525626e+03 9.452514e+03 9.424582e+03 9.497694e+03
10.7 9.496508e+03 9.421450e+03 9.418840e+03 9.493898e+03
11.7 9.477137e+03 9.404983e+03 9.416480e+03 9.488635e+03
0.4 9.537953e+03 9.514252e+03 9.536030e+03 9.559732e+03
1.4 9.502225e+03 9.511973e+03 9.533928e+03 9.524180e+03
2.4 9.475520e+03 9.514340e+03 9.536462e+03 9.497642e+03
3.4 9.506514e+03 9.520678e+03 9.528093e+03 9.513929e+03
4.4 9.625012e+03 9.546638e+03 9.495153e+03 9.573527e+03
5.4 9.599216e+03 9.543949e+03 9.460481e+03 9.515748e+03
6.4 9.589045e+03 9.499362e+03 9.437100e+03 9.526783e+03
7.4 9.525626e+03 9.452514e+03 9.424582e+03 9.497694e+03
8.4 9.496508e+03 9.421450e+03 9.418840e+03 9.493898e+03
9.4 9.477137e+03 9.404983e+03 9.416480e+03 9.488635e+03
10.4 9.482322e+03 9.397411e+03 9.415647e+03 9.500559e+03
11.4 9.497262e+03 9.395572e+03 9.415406e+03 9.517096e+03
0.5 9.489797e+03 9.428686e+03 9.415900e+03 9.477011e+03
1.5 9.481674e+03 9.482696e+03 9.434404e+03 9.433382e+03
2.5 9.504369e+03 9.515006e+03 9.473846e+03 9.463209e+03
3.5 9.511111e+03 9.520139e+03 9.502569e+03 9.493542e+03
4.5 9.511855e+03 9.520414e+03 9.522372e+03 9.513813e+03
5.5 9.519470e+03 9.517855e+03 9.531247e+03 9.532862e+03
6.5 9.578824e+03 9.515031e+03 9.534031e+03 9.597823e+03
7.5 9.592031e+03 9.516414e+03 9.537873e+03 9.613490e+03
8.5 9.572290e+03 9.514086e+03 9.536543e+03 9.594747e+03
9.5 9.568739e+03 9.516882e+03 9.539722e+03 9.591579e+03
10.5 9.570149e+03 9.515218e+03 9.538270e+03 9.593202e+03
11.5 9.546611e+03 9.517238e+03 9.540297e+03 9.569670e+03
0.2 9.504369e+03 9.515006e+03 9.473846e+03 9.463209e+03
1.2 9.511111e+03 9.520139e+03 9.502569e+03 9.493542e+03
2.2 9.511855e+03 9.520414e+03 9.522372e+03 9.513813e+03
3.2 9.519470e+03 9.517855e+03 9.531247e+03 9.532862e+03
4.2 9.578824e+03 9.515031e+03 9.534031e+03 9.597823e+03
5.2 9.592031e+03 9.516414e+03 9.537873e+03 9.613490e+03
6.2 9.572290e+03 9.514086e+03 9.536543e+03 9.594747e+03
7.2 9.568739e+03 9.516882e+03 9.539722e+03 9.591579e+03
8.2 9.570149e+03 9.515218e+03 9.538270e+03 9.593202e+03
9.2 9.546611e+03 9.517238e+03 9.540297e+03 9.569670e+03
10.2 9.547137e+03 9.515206e+03 9.538286e+03 9.570217e+03
11.2 9.547871e+03 9.513569e+03 9.536674e+03 9.570976e+03
0.9 9.519470e+03 9.517855e+03 9.531247e+03 9.532862e+03
1.9 9.578824e+03 9.515031e+03 9.534031e+03 9.597823e+03
2.9 9.592031e+03 9.516414e+03 9.537873e+03 9.613490e+03
3.9 9.572290e+03 9.514086e+03 9.536543e+03 9.594747e+03
4.9 9.568739e+03 9.516882e+03 9.539722e+03 9.591579e+03
5.9 9.570149e+03 9.515218e+03 9.538270e+03 9.593202e+03
6.9 9.546611e+03 9.517238e+03 9.540297e+03 9.569670e+03
7.9 9.547137e+03 9.515206e+03 9.538286e+03 9.570217e+03
8.9 9.547871e+03 9.513569e+03 9.536674e+03 9.570976e+03
9.9 9.550783e+03 9.515252e+03 9.538381e+03 9.573912e+03
10.9 9.543505e+03 9.513710e+03 9.536862e+03 9.566656e+03
11.9 9.554819e+03 9.516776e+03 9.539950e+03 9.577993e+03
0.6 9.592031e+03 9.516414e+03 9.537873e+03 9.613490e+03
1.6 9.572290e+03 9.514086e+03 9.536543e+03 9.594747e+03
2.6 9.568739e+03 9.516882e+03 9.539722e+03 9.591579e+03
3.6 9.570149e+03 9.515218e+03 9.538270e+03 9.593202e+03
4.6 9.546611e+03 9.517238e+03 9.540297e+03 9.569670e+03
5.6 9.547137e+03 9.515206e+03 9.538286e+03 9.570217e+03
6.6 9.547871e+03 9.513569e+03 9.536674e+03 9.570976e+03
7.6 9.550783e+03 9.515252e+03 9.538381e+03 9.573912e+03
8.6 9.543505e+03 9.513710e+03 9.536862e+03 9.566656e+03
9.6 9.554819e+03 9.516776e+03 9.539950e+03 9.577993e+03
10.6 9.579975e+03 9.514513e+03 9.537714e+03 9.603176e+03
11.6 9.558497e+03 9.516636e+03 9.539854e+03 9.581715e+03
0.3 9.568739e+03 9.516882e+03 9.539722e+03 9.591579e+03
1.3 9.570149e+03 9.515218e+03 9.538270e+03 9.593202e+03
2.3 9.546611e+03 9.517238e+03 9.540297e+03 9.569670e+03
3.3 9.547137e+03 9.515206e+03 9.538286e+03 9.570217e+03
4.3 9.547871e+03 9.513569e+03 9.536674e+03 9.570976e+03
5.3 9.550783e+03 9.515252e+03 9.538381e+03 9.573912e+03
6.3 9.543505e+03 9.513710e+03 9.536862e+03 9.566656e+03
7.3 9.554819e+03 9.516776e+03 9.539950e+03 9.577993e+03
8.3 9.579975e+03 9.514513e+03 9.537714e+03 9.603176e+03
9.3 9.558497e+03 9.516636e+03 9.539854e+03 9.581715e+03
10.3 9.569318e+03 9.522502e+03 9.531835e+03 9.578652e+03
11.3 9.598083e+03 9.548050e+03 9.498931e+03 9.548964e+03
0.9 9.547137e+03 9.515206e+03 9.538286e+03 9.570217e+03
1.9 9.547871e+03 9.513569e+03 9.536674e+03 9.570976e+03
2.9 9.550783e+03 9.515252e+03 9.538381e+03 9.573912e+03
3.9 9.543505e+03 9.513710e+03 9.536862e+03 9.566656e+03
4.9 9.554819e+03 9.516776e+03 9.539950e+03 9.577993e+03
5.9 9.579975e+03 9.514513e+03 9.537714e+03 9.603176e+03
6.9 9.558497e+03 9.516636e+03 9.539854e+03 9.581715e+03
7.9 9.569318e+03 9.522502e+03 9.531835e+03 9.578652e+03
8.9 9.598083e+03 9.548050e+03 9.498931e+03 9.548964e+03
9.9 9.632057e+03 9.546524e+03 9.463759e+03 9.549293e+03
10.9 9.494348e+03 9.502293e+03 9.439783e+03 9.431839e+03
11.9 9.452470e+03 9.454987e+03 9.426778e+03 9.424261e+03
0.7 9.550783e+03 9.515252e+03 9.538381e+03 9.573912e+03
1.7 9.543505e+03 9.513710e+03 9.536862e+03 9.566656e+03
2.7 9.554819e+03 9.516776e+03 9.539950e+03 9.577993e+03
3.7 9.579975e+03 9.514513e+03 9.537714e+03 9.603176e+03
4.7 9.558497e+03 9.516636e+03 9.539854e+03 9.581715e+03
5.7 9.569318e+03 9.522502e+03 9.531835e+03 9.578652e+03
6.7 9.598083e+03 9.548050e+03 9.498931e+03 9.548964e+03
7.7 9.632057e+03 9.546524e+03 9.463759e+03 9.549293e+03
8.7 9.494348e+03 9.502293e+03 9.439783e+03 9.431839e+03
9.7 9.452470e+03 9.454987e+03 9.426778e+03 9.424261e+03
10.7 9.316929e+03 9.423336e+03 9.420676e+03 9.314270e+03
11.7 9.301737e+03 9.406422e+03 9.418044e+03 9.313359e+03
0.3 9.554819e+03 9.516776e+03 9.539950e+03 9.577993e+03
1.3 9.579975e+03 9.514513e+03 9.537714e+03 9.603176e+03
2.3 9.558497e+03 9.516636e+03 9.539854e+03 9.581715e+03
3.3 9.569318e+03 9.522502e+03 9.531835e+03 9.578652e+03
4.3 9.598083e+03 9.548050e+03 9.498931e+03 9.548964e+03
5.3 9.632057e+03 9.546524e+03 9.463759e+03 9.549293e+03
6.3 9.494348e+03 9.502293e+03 9.439783e+03 9.431839e+03
7.3 9.452470e+03 9.454987e+03 9.426778e+03 9.424261e+03
8.3 9.316929e+03 9.423336e+03 9.420676e+03 9.314270e+03
9.3 9.301737e+03 9.406422e+03 9.418044e+03 9.313359e+03
10.3 9.280937e+03 9.398553e+03 9.416993e+03 9.299378e+03
11.3 9.342329e+03 9.396521e+03 9.416574e+03 9.362382e+03
0.5 9.344017e+03 9.429599e+03 9.417020e+03 9.331438e+03
1.5 9.415436e+03 9.484231e+03 9.436121e+03 9.367325e+03
2.5 9.432297e+03 9.516552e+03 9.475556e+03 9.391301e+03
3.5 9.419771e+03 9.520609e+03 9.503168e+03 9.402330e+03
4.5 9.400043e+03 9.520296e+03 9.522336e+03 9.402083e+03
5.5 9.413483e+03 9.517069e+03 9.530499e+03 9.426914e+03
6.5 9.432704e+03 9.513101e+03 9.532101e+03 9.451704e+03
7.5 9.453236e+03 9.514936e+03 9.536364e+03 9.474664e+03
8.5 9.459539e+03 9.512416e+03 9.534810e+03 9.481933e+03
9.5 9.482822e+03 9.515502e+03 9.538245e+03 9.505565e+03
10.5 9.490054e+03 9.513959e+03 9.536865e+03 9.512960e+03
11.5 9.513426e+03 9.515526e+03 9.538374e+03 9.536274e+03
0.2 9.432297e+03 9.516552e+03 9.475556e+03 9.391301e+03
1.2 9.419771e+03 9.520609e+03 9.503168e+03 9.402330e+03
2.2 9.400043e+03 9.520296e+03 9.522336e+03 9.402083e+03
3.2 9.413483e+03 9.517069e+03 9.530499e+03 9.426914e+03
4.2 9.432704e+03 9.513101e+03 9.532101e+03 9.451704e+03
5.2 9.453236e+03 9.514936e+03 9.536364e+03 9.474664e+03
6.2 9.459539e+03 9.512416e+03 9.534810e+03 9.481933e+03
7.2 9.482822e+03 9.515502e+03 9.538245e+03 9.505565e+03
8.2 9.490054e+03 9.513959e+03 9.536865e+03 9.512960e+03
9.2 9.513426e+03 9.515526e+03 9.538374e+03 9.536274e+03
10.2 9.517333e+03 9.515544e+03 9.538341e+03 9.540130e+03
11.2 9.512305e+03 9.514793e+03 9.537546e+03 9.535059e+03
0.8 9.413483e+03 9.517069e+03 9.530499e+03 9.426914e+03
1.8 9.432704e+03 9.513101e+03 9.532101e+03 9.451704e+03
2.8 9.453236e+03 9.514936e+03 9.536364e+03 9.474664e+03
3.8 9.459539e+03 9.512416e+03 9.534810e+03 9.481933e+03
4.8 9.482822e+03 9.515502e+03 9.538245e+03 9.505565e+03
5.8 9.490054e+03 9.513959e+03 9.536865e+03 9.512960e+03
6.8 9.513426e+03 9.515526e+03 9.538374e+03 9.536274e+03
7.8 9.517333e+03 9.515544e+03 9.538341e+03 9.540130e+03
8.8 9.512305e+03 9.514793e+03 9.537546e+03 9.535059e+03
9.8 9.520966e+03 9.516609e+03 9.539320e+03 9.543678e+03
10.8 9.532477e+03 9.514329e+03 9.536994e+03 9.555142e+03
11.8 9.541668e+03 9.516934e+03 9.539544e+03 9.564278e+03
0.5 9.453236e+03 9.514936e+03 9.536364e+03 9.474664e+03
1.5 9.459539e+03 9.512416e+03 9.534810e+03 9.481933e+03
2.5 9.482822e+03 9.515502e+03 9.538245e+03 9.505565e+03
3.5 9.490054e+03 9.513959e+03 9.536865e+03 9.512960e+03
4.5 9.513426e+03 9.515526e+03 9.538374e+03 9.536274e+03
5.5 9.517333e+03 9.515544e+03 9.538341e+03 9.540130e+03
6.5 9.512305e+03 9.514793e+03 9.537546e+03 9.535059e+03
7.5 9.520966e+03 9.516609e+03 9.539320e+03 9.543678e+03
8.5 9.532477e+03 9.514329e+03 9.536994e+03 9.555142e+03
9.5 9.541668e+03 9.516934e+03 9.539544e+03 9.564278e+03
10.5 9.551652e+03 9.514477e+03 9.537019e+03 9.574193e+03
11.5 9.538549e+03 9.516165e+03 9.538616e+03 9.561000e+03
0.2 9.482822e+03 9.515502e+03 9.538245e+03 9.505565e+03
1.2 9.490054e+03 9.513959e+03 9.536865e+03 9.512960e+03
2.2 9.513426e+03 9.515526e+03 9.538374e+03 9.536274e+03
3.2 9.517333e+03 9.515544e+03 9.538341e+03 9.540130e+03
4.2 9.512305e+03 9.514793e+03 9.537546e+03 9.535059e+03
5.2 9.520966e+03 9.516609e+03 9.539320e+03 9.543678e+03
6.2 9.532477e+03 9.514329e+03 9.536994e+03 9.555142e+03
7.2 9.541668e+03 9.516934e+03 9.539544e+03 9.564278e+03
8.2 9.551652e+03 9.514477e+03 9.537019e+03 9.574193e+03
9.2 9.538549e+03 9.516165e+03 9.538616e+03 9.561000e+03
10.2 9.633843e+03 9.521374e+03 9.531658e+03 9.644127e+03
11.2 9.638630e+03 9.546265e+03 9.499288e+03 9.591654e+03
0.9 9.517333e+03 9.515544e+03 9.538341e+03 9.540130e+03
1.9 9.512305e+03 9.514793e+03 9.537546e+03 9.535059e+03
2.9 9.520966e+03 9.516609e+03 9.539320e+03 9.543678e+03
3.9 9.532477e+03 9.514329e+03 9.536994e+03 9.555142e+03
4.9 9.541668e+03 9.516934e+03 9.539544e+03 9.564278e+03
5.9 9.551652e+03 9.514477e+03 9.537019e+03 9.574193e+03
6.9 9.538549e+03 9.516165e+03 9.538616e+03 9.561000e+03
7.9 9.633843e+03 9.521374e+03 9.531658e+03 9.644127e+03
8.9 9.638630e+03 9.546265e+03 9.499288e+03 9.591654e+03
9.9 9.670735e+03 9.547315e+03 9.463479e+03 9.586899e+03
10.9 9.540626e+03 9.504133e+03 9.438559e+03 9.475052e+03
11.9 9.380363e+03 9.456158e+03 9.424725e+03 9.348930e+03
0.6 9.520966e+03 9.516609e+03 9.539320e+03 9.543678e+03
1.6 9.532477e+03 9.514329e+03 9.536994e+03 9.555142e+03
2.6 9.541668e+03 9.516934e+03 9.539544e+03 9.564278e+03
3.6 9.551652e+03 9.514477e+03 9.537019e+03 9.574193e+03
4.6 9.538549e+03 9.516165e+03 9.538616e+03 9.561000e+03
5.6 9.633843e+03 9.521374e+03 9.531658e+03 9.644127e+03
6.6 9.638630e+03 9.546265e+03 9.499288e+03 9.591654e+03
7.6 9.670735e+03 9.547315e+03 9.463479e+03 9.586899e+03
8.6 9.540626e+03 9.504133e+03 9.438559e+03 9.475052e+03
9.6 9.380363e+03 9.456158e+03 9.424725e+03 9.348930e+03
10.6 9.356880e+03 9.423490e+03 9.417936e+03 9.351327e+03
11.6 9.411734e+03 9.405772e+03 9.414678e+03 9.420639e+03
0.3 9.541668e+03 9.516934e+03 9.539544e+03 9.564278e+03
1.3 9.551652e+03 9.514477e+03 9.537019e+03 9.574193e+03
2.3 9.538549e+03 9.516165e+03 9.538616e+03 9.561000e+03
3.3 9.633843e+03 9.521374e+03 9.531658e+03 9.644127e+03
4.3 9.638630e+03 9.546265e+03 9.499288e+03 9.591654e+03
5.3 9.670735e+03 9.547315e+03 9.463479e+03 9.586899e+03
6.3 9.540626e+03 9.504133e+03 9.438559e+03 9.475052e+03
7.3 9.380363e+03 9.456158e+03 9.424725e+03 9.348930e+03
8.3 9.356880e+03 9.423490e+03 9.417936e+03 9.351327e+03
9.3 9.411734e+03 9.405772e+03 9.414678e+03 9.420639e+03
10.3 9.378262e+03 9.397336e+03 9.412983e+03 9.393908e+03
11.3 9.381917e+03 9.394876e+03 9.411865e+03 9.398906e+03
0.5 9.363934e+03 9.427560e+03 9.411518e+03 9.347892e+03
1.5 9.379557e+03 9.481785e+03 9.429715e+03 9.327488e+03
2.5 9.396926e+03 9.513645e+03 9.468125e+03 9.351407e+03
3.5 9.429453e+03 9.517806e+03 9.495192e+03 9.406838e+03
4.5 9.453290e+03 9.517316e+03 9.513462e+03 9.449436e+03
5.5 9.484555e+03 9.513649e+03 9.520391e+03 9.491297e+03
6.5 9.502566e+03 9.510088e+03 9.521530e+03 9.514007e+03
7.5 9.501108e+03 9.510259e+03 9.523177e+03 9.514027e+03
8.5 9.461716e+03 9.506254e+03 9.519109e+03 9.474571e+03
9.5 9.456811e+03 9.507900e+03 9.520004e+03 9.468915e+03
10.5 9.494440e+03 9.504646e+03 9.515777e+03 9.505570e+03
11.5 9.535124e+03 9.505280e+03 9.515169e+03 9.545013e+03
0.2 9.396926e+03 9.513645e+03 9.468125e+03 9.351407e+03
1.2 9.429453e+03 9.517806e+03 9.495192e+03 9.406838e+03
2.2 9.453290e+03 9.517316e+03 9.513462e+03 9.449436e+03
3.2 9.484555e+03 9.513649e+03 9.520391e+03 9.491297e+03
4.2 9.502566e+03 9.510088e+03 9.521530e+03 9.514007e+03
5.2 9.501108e+03 9.510259e+03 9.523177e+03 9.514027e+03
6.2 9.461716e+03 9.506254e+03 9.519109e+03 9.474571e+03
7.2 9.456811e+03 9.507900e+03 9.520004e+03 9.468915e+03
8.2 9.494440e+03 9.504646e+03 9.515777e+03 9.505570e+03
9.2 9.535124e+03 9.505280e+03 9.515169e+03 9.545013e+03
10.2 9.539617e+03 9.502934e+03 9.511502e+03 9.548185e+03
11.2 9.545450e+03 9.500688e+03 9.507838e+03 9.552601e+03
0.9 9.484555e+03 9.513649e+03 9.520391e+03 9.491297e+03
1.9 9.502566e+03 9.510088e+03 9.521530e+03 9.514007e+03
2.9 9.501108e+03 9.510259e+03 9.523177e+03 9.514027e+03
3.9 9.461716e+03 9.506254e+03 9.519109e+03 9.474571e+03
4.9 9.456811e+03 9.507900e+03 9.520004e+03 9.468915e+03
5.9 9.494440e+03 9.504646e+03 9.515777e+03 9.505570e+03
6.9 9.535124e+03 9.505280e+03 9.515169e+03 9.545013e+03
7.9 9.539617e+03 9.502934e+03 9.511502e+03 9.548185e+03
8.9 9.545450e+03 9.500688e+03 9.507838e+03 9.552601e+03
9.9 9.531739e+03 9.500986e+03 9.506626e+03 9.537380e+03
10.9 9.514668e+03 9.497745e+03 9.501789e+03 9.518712e+03
11.9 9.498655e+03 9.499015e+03 9.501386e+03 9.501025e+03
0.6 9.501108e+03 9.510259e+03 9.523177e+03 9.514027e+03
1.6 9.461716e+03 9.506254e+03 9.519109e+03 9.474571e+03
2.6 9.456811e+03 9.507900e+03 9.520004e+03 9.468915e+03
3.6 9.494440e+03 9.504646e+03 9.515777e+03 9.505570e+03
4.6 9.535124e+03 9.505280e+03 9.515169e+03 9.545013e+03
5.6 9.539617e+03 9.502934e+03 9.511502e+03 9.548185e+03
6.6 9.545450e+03 9.500688e+03 9.507838e+03 9.552601e+03
7.6 9.531739e+03 9.500986e+03 9.506626e+03 9.537380e+03
8.6 9.514668e+03 9.497745e+03 9.501789e+03 9.518712e+03
9.6 9.498655e+03 9.499015e+03 9.501386e+03 9.501025e+03
10.6 9.502121e+03 9.493697e+03 9.494327e+03 9.502751e+03
0.3 9.456811e+03 9.507900e+03 9.520004e+03 9.468915e+03
1.3 9.494440e+03 9.504646e+03 9.515777e+03 9.505570e+03
2.3 9.535124e+03 9.505280e+03 9.515169e+03 9.545013e+03
3.3 9.539617e+03 9.502934e+03 9.511502e+03 9.548185e+03
4.3 9.545450e+03 9.500688e+03 9.507838e+03 9.552601e+03
5.3 9.531739e+03 9.500986e+03 9.506626e+03 9.537380e+03
6.3 9.514668e+03 9.497745e+03 9.501789e+03 9.518712e+03
7.3 9.498655e+03 9.499015e+03 9.501386e+03 9.501025e+03
8.3 9.502121e+03 9.493697e+03 9.494327e+03 9.502751e+03
1.0 9.539617e+03 9.502934e+03 9.511502e+03 9.548185e+03
2.0 9.545450e+03 9.500688e+03 9.507838e+03 9.552601e+03
3.0 9.531739e+03 9.500986e+03 9.506626e+03 9.537380e+03
4.0 9.514668e+03 9.497745e+03 9.501789e+03 9.518712e+03
5.0 9.498655e+03 9.499015e+03 9.501386e+03 9.501025e+03
6.0 9.502121e+03 9.493697e+03 9.494327e+03 9.502751e+03
0.6 9.531739e+03 9.500986e+03 9.506626e+03 9.537380e+03
1.6 9.514668e+03 9.497745e+03 9.501789e+03 9.518712e+03
2.6 9.498655e+03 9.499015e+03 9.501386e+03 9.501025e+03
3.6 9.502121e+03 9.493697e+03 9.494327e+03 9.502751e+03
0.3 9.498655e+03 9.499015e+03 9.501386e+03 9.501025e+03
1.3 9.502121e+03 9.493697e+03 9.494327e+03 9.502751e+03
