9.527427e+03 9.411319e+03 9.389647e+03 9.549098e+03
9.467521e+03 9.409567e+03 9.422229e+03 9.454859e+03
9.435318e+03 9.425411e+03 9.474528e+03 9.386201e+03
9.437535e+03 9.463089e+03 9.505639e+03 9.394986e+03
9.454529e+03 9.490841e+03 9.510166e+03 9.435204e+03
9.450676e+03 9.509633e+03 9.509752e+03 9.450557e+03
9.480339e+03 9.518345e+03 9.507244e+03 9.491439e+03
9.463761e+03 9.521023e+03 9.504425e+03 9.480359e+03
9.421465e+03 9.524299e+03 9.505269e+03 9.440494e+03
9.451692e+03 9.522372e+03 9.502314e+03 9.471750e+03
9.538344e+03 9.525145e+03 9.504629e+03 9.558860e+03
9.518604e+03 9.522871e+03 9.502037e+03 9.539438e+03
9.538167e+03 9.524571e+03 9.503617e+03 9.559121e+03
9.519897e+03 9.524025e+03 9.502935e+03 9.540987e+03
9.490086e+03 9.523968e+03 9.502721e+03 9.511333e+03
9.498524e+03 9.525711e+03 9.504292e+03 9.519943e+03
9.523706e+03 9.524119e+03 9.502520e+03 9.545304e+03
9.529006e+03 9.527129e+03 9.505350e+03 9.550786e+03
9.493393e+03 9.525027e+03 9.503071e+03 9.515349e+03
9.466695e+03 9.527561e+03 9.505438e+03 9.488817e+03
9.497628e+03 9.519193e+03 9.511778e+03 9.505043e+03
9.616184e+03 9.486257e+03 9.537744e+03 9.564697e+03
9.590265e+03 9.451591e+03 9.535061e+03 9.506795e+03
9.580242e+03 9.428214e+03 9.490477e+03 9.517979e+03
9.516705e+03 9.415698e+03 9.443630e+03 9.488773e+03
9.487676e+03 9.409957e+03 9.412566e+03 9.485067e+03
9.468308e+03 9.407597e+03 9.396099e+03 9.479806e+03
9.473475e+03 9.406764e+03 9.388527e+03 9.491712e+03
9.488444e+03 9.406523e+03 9.386689e+03 9.508278e+03
9.480959e+03 9.407017e+03 9.419803e+03 9.468173e+03
9.472886e+03 9.425518e+03 9.473811e+03 9.424592e+03
9.495559e+03 9.464954e+03 9.506115e+03 9.454398e+03
9.502282e+03 9.493673e+03 9.511243e+03 9.484713e+03
9.502994e+03 9.513472e+03 9.511515e+03 9.504951e+03
9.510608e+03 9.522346e+03 9.508954e+03 9.524000e+03
9.569927e+03 9.525129e+03 9.506129e+03 9.588927e+03
9.583137e+03 9.528971e+03 9.507511e+03 9.604597e+03
9.563421e+03 9.527641e+03 9.505184e+03 9.585878e+03
9.559842e+03 9.530820e+03 9.507979e+03 9.582683e+03
9.561310e+03 9.529368e+03 9.506316e+03 9.584363e+03
9.537766e+03 9.531394e+03 9.508335e+03 9.560825e+03
9.538302e+03 9.529384e+03 9.506304e+03 9.561382e+03
9.539027e+03 9.527772e+03 9.504667e+03 9.562132e+03
9.541934e+03 9.529480e+03 9.506350e+03 9.565063e+03
9.534694e+03 9.527960e+03 9.504808e+03 9.557846e+03
9.546051e+03 9.531048e+03 9.507873e+03 9.569225e+03
9.571156e+03 9.528812e+03 9.505611e+03 9.594357e+03
9.549715e+03 9.530952e+03 9.507734e+03 9.572933e+03
9.560519e+03 9.522934e+03 9.513601e+03 9.569853e+03
9.589290e+03 9.490035e+03 9.539155e+03 9.540170e+03
9.623167e+03 9.454869e+03 9.537635e+03 9.540401e+03
9.485460e+03 9.430896e+03 9.493407e+03 9.422949e+03
9.443395e+03 9.417894e+03 9.446103e+03 9.415186e+03
9.308001e+03 9.411792e+03 9.414452e+03 9.305341e+03
9.292818e+03 9.409161e+03 9.397538e+03 9.304441e+03
9.271979e+03 9.408110e+03 9.389669e+03 9.290419e+03
9.333417e+03 9.407691e+03 9.387637e+03 9.353471e+03
9.335101e+03 9.408137e+03 9.420716e+03 9.322522e+03
9.406417e+03 9.427234e+03 9.475346e+03 9.358305e+03
9.423308e+03 9.466663e+03 9.507660e+03 9.382312e+03
9.410801e+03 9.494271e+03 9.511713e+03 9.393359e+03
9.391120e+03 9.513437e+03 9.511397e+03 9.393160e+03
9.404597e+03 9.521599e+03 9.508168e+03 9.418028e+03
9.423758e+03 9.523201e+03 9.504200e+03 9.442759e+03
9.444248e+03 9.527462e+03 9.506034e+03 9.465676e+03
9.450638e+03 9.525909e+03 9.503514e+03 9.473032e+03
9.473884e+03 9.529343e+03 9.506600e+03 9.496627e+03
9.481073e+03 9.527964e+03 9.505057e+03 9.503980e+03
9.504435e+03 9.529472e+03 9.506624e+03 9.527284e+03
9.508347e+03 9.529439e+03 9.506642e+03 9.531144e+03
9.503378e+03 9.528645e+03 9.505891e+03 9.526132e+03
9.512028e+03 9.530418e+03 9.507706e+03 9.534740e+03
9.523552e+03 9.528092e+03 9.505427e+03 9.546218e+03
9.532730e+03 9.530642e+03 9.508032e+03 9.555340e+03
9.542636e+03 9.528117e+03 9.505575e+03 9.565177e+03
9.529596e+03 9.529714e+03 9.507263e+03 9.552047e+03
9.624911e+03 9.522758e+03 9.512473e+03 9.635196e+03
9.629532e+03 9.490393e+03 9.537370e+03 9.582555e+03
9.661837e+03 9.454588e+03 9.538426e+03 9.577999e+03
9.531708e+03 9.429672e+03 9.495248e+03 9.466133e+03
9.371455e+03 9.415841e+03 9.447274e+03 9.340022e+03
9.348039e+03 9.409053e+03 9.414606e+03 9.342486e+03
9.402814e+03 9.405795e+03 9.396889e+03 9.411720e+03
9.369371e+03 9.404100e+03 9.388453e+03 9.385017e+03
9.373088e+03 9.402982e+03 9.385993e+03 9.390078e+03
9.355101e+03 9.402635e+03 9.418678e+03 9.339058e+03
9.370786e+03 9.420830e+03 9.472900e+03 9.318716e+03
9.388112e+03 9.459234e+03 9.504755e+03 9.342592e+03
9.420582e+03 9.486296e+03 9.508911e+03 9.397967e+03
9.444392e+03 9.504564e+03 9.508418e+03 9.440538e+03
9.475644e+03 9.511492e+03 9.504750e+03 9.482387e+03
9.493689e+03 9.512630e+03 9.501189e+03 9.505130e+03
9.492166e+03 9.514278e+03 9.501359e+03 9.505085e+03
9.452858e+03 9.510210e+03 9.497355e+03 9.465714e+03
9.447940e+03 9.511105e+03 9.499000e+03 9.460045e+03
9.485525e+03 9.506879e+03 9.495748e+03 9.496656e+03
9.526177e+03 9.506271e+03 9.496381e+03 9.536067e+03
9.530647e+03 9.502604e+03 9.494036e+03 9.539215e+03
9.536524e+03 9.498941e+03 9.491790e+03 9.543676e+03
9.522832e+03 9.497729e+03 9.492089e+03 9.528472e+03
9.505757e+03 9.492893e+03 9.488849e+03 9.509801e+03
9.489759e+03 9.492490e+03 9.490119e+03 9.492130e+03
9.493190e+03 9.485432e+03 9.484802e+03 9.493820e+03
9.530492e+03 9.483437e+03 9.484547e+03 9.529382e+03
