0.9 8.358902e+03 8.433097e+03 8.476746e+03 8.402551e+03
1.9 8.459250e+03 8.413703e+03 8.496162e+03 8.541709e+03
2.9 8.345395e+03 8.298448e+03 8.365328e+03 8.412274e+03
3.9 8.487825e+03 8.464446e+03 8.337806e+03 8.361185e+03
4.9 8.368884e+03 8.466817e+03 8.379182e+03 8.281249e+03
5.9 8.624519e+03 8.478303e+03 8.539595e+03 8.685811e+03
6.9 8.156829e+03 8.292834e+03 8.387128e+03 8.251123e+03
7.9 8.337008e+03 8.378033e+03 8.411896e+03 8.370871e+03
0.6 8.368884e+03 8.466817e+03 8.379182e+03 8.281249e+03
1.6 8.624519e+03 8.478303e+03 8.539595e+03 8.685811e+03
2.6 8.156829e+03 8.292834e+03 8.387128e+03 8.251123e+03
3.6 8.337008e+03 8.378033e+03 8.411896e+03 8.370871e+03
4.6 8.399034e+03 8.487354e+03 8.507370e+03 8.419050e+03
5.6 8.435851e+03 8.525305e+03 8.573170e+03 8.483715e+03
6.6 8.445353e+03 8.453442e+03 8.522377e+03 8.514288e+03
7.6 8.409744e+03 8.434085e+03 8.480464e+03 8.456124e+03
0.7 8.337008e+03 8.378033e+03 8.411896e+03 8.370871e+03
1.7 8.399034e+03 8.487354e+03 8.507370e+03 8.419050e+03
2.7 8.435851e+03 8.525305e+03 8.573170e+03 8.483715e+03
3.7 8.445353e+03 8.453442e+03 8.522377e+03 8.514288e+03
4.7 8.409744e+03 8.434085e+03 8.480464e+03 8.456124e+03
5.7 8.603804e+03 8.488739e+03 8.543851e+03 8.658916e+03
6.7 8.613304e+03 8.459969e+03 8.376085e+03 8.529420e+03
7.7 8.436361e+03 8.418707e+03 8.326839e+03 8.344493e+03
0.3 8.399034e+03 8.487354e+03 8.507370e+03 8.419050e+03
1.3 8.435851e+03 8.525305e+03 8.573170e+03 8.483715e+03
2.3 8.445353e+03 8.453442e+03 8.522377e+03 8.514288e+03
3.3 8.409744e+03 8.434085e+03 8.480464e+03 8.456124e+03
4.3 8.603804e+03 8.488739e+03 8.543851e+03 8.658916e+03
5.3 8.613304e+03 8.459969e+03 8.376085e+03 8.529420e+03
6.3 8.436361e+03 8.418707e+03 8.326839e+03 8.344493e+03
7.3 8.557805e+03 8.462682e+03 8.334524e+03 8.429647e+03
0.9 8.445353e+03 8.453442e+03 8.522377e+03 8.514288e+03
1.9 8.409744e+03 8.434085e+03 8.480464e+03 8.456124e+03
2.9 8.603804e+03 8.488739e+03 8.543851e+03 8.658916e+03
3.9 8.613304e+03 8.459969e+03 8.376085e+03 8.529420e+03
4.9 8.436361e+03 8.418707e+03 8.326839e+03 8.344493e+03
5.9 8.557805e+03 8.462682e+03 8.334524e+03 8.429647e+03
6.9 8.206993e+03 8.306379e+03 8.346487e+03 8.247101e+03
7.9 8.504397e+03 8.378380e+03 8.424345e+03 8.550362e+03
0.5 8.409744e+03 8.434085e+03 8.480464e+03 8.456124e+03
1.5 8.603804e+03 8.488739e+03 8.543851e+03 8.658916e+03
2.5 8.613304e+03 8.459969e+03 8.376085e+03 8.529420e+03
3.5 8.436361e+03 8.418707e+03 8.326839e+03 8.344493e+03
4.5 8.557805e+03 8.462682e+03 8.334524e+03 8.429647e+03
5.5 8.206993e+03 8.306379e+03 8.346487e+03 8.247101e+03
6.5 8.504397e+03 8.378380e+03 8.424345e+03 8.550362e+03
7.5 8.572337e+03 8.441038e+03 8.516635e+03 8.647934e+03
0.7 8.504397e+03 8.378380e+03 8.424345e+03 8.550362e+03
1.7 8.572337e+03 8.441038e+03 8.516635e+03 8.647934e+03
2.7 8.229254e+03 8.280530e+03 8.370887e+03 8.319611e+03
3.7 8.282217e+03 8.275727e+03 8.333426e+03 8.339916e+03
4.7 8.415338e+03 8.290448e+03 8.338847e+03 8.463737e+03
5.7 8.147687e+03 8.298019e+03 8.347046e+03 8.196714e+03
6.7 8.310714e+03 8.305677e+03 8.349662e+03 8.354699e+03
7.7 8.516757e+03 8.369331e+03 8.383843e+03 8.531269e+03
0.6 8.516757e+03 8.369331e+03 8.383843e+03 8.531269e+03
1.6 8.531795e+03 8.522088e+03 8.536693e+03 8.546400e+03
2.6 8.577685e+03 8.512500e+03 8.572721e+03 8.637906e+03
3.6 8.368663e+03 8.428095e+03 8.495168e+03 8.435737e+03
4.6 8.448931e+03 8.454688e+03 8.495860e+03 8.490103e+03
5.6 8.507877e+03 8.488842e+03 8.549996e+03 8.569030e+03
6.6 8.295955e+03 8.426897e+03 8.389109e+03 8.258167e+03
7.6 8.555842e+03 8.388373e+03 8.323474e+03 8.490943e+03
0.2 8.531795e+03 8.522088e+03 8.536693e+03 8.546400e+03
1.2 8.577685e+03 8.512500e+03 8.572721e+03 8.637906e+03
2.2 8.368663e+03 8.428095e+03 8.495168e+03 8.435737e+03
3.2 8.448931e+03 8.454688e+03 8.495860e+03 8.490103e+03
4.2 8.507877e+03 8.488842e+03 8.549996e+03 8.569030e+03
5.2 8.295955e+03 8.426897e+03 8.389109e+03 8.258167e+03
6.2 8.555842e+03 8.388373e+03 8.323474e+03 8.490943e+03
7.2 8.128523e+03 8.288410e+03 8.327526e+03 8.167639e+03
0.7 8.368663e+03 8.428095e+03 8.495168e+03 8.435737e+03
1.7 8.448931e+03 8.454688e+03 8.495860e+03 8.490103e+03
2.7 8.507877e+03 8.488842e+03 8.549996e+03 8.569030e+03
3.7 8.295955e+03 8.426897e+03 8.389109e+03 8.258167e+03
4.7 8.555842e+03 8.388373e+03 8.323474e+03 8.490943e+03
5.7 8.128523e+03 8.288410e+03 8.327526e+03 8.167639e+03
6.7 8.469085e+03 8.448861e+03 8.340316e+03 8.360539e+03
7.7 8.604033e+03 8.436407e+03 8.345646e+03 8.513272e+03
0.3 8.448931e+03 8.454688e+03 8.495860e+03 8.490103e+03
1.3 8.507877e+03 8.488842e+03 8.549996e+03 8.569030e+03
2.3 8.295955e+03 8.426897e+03 8.389109e+03 8.258167e+03
3.3 8.555842e+03 8.388373e+03 8.323474e+03 8.490943e+03
4.3 8.128523e+03 8.288410e+03 8.327526e+03 8.167639e+03
5.3 8.469085e+03 8.448861e+03 8.340316e+03 8.360539e+03
6.3 8.604033e+03 8.436407e+03 8.345646e+03 8.513272e+03
7.3 8.465689e+03 8.486986e+03 8.346621e+03 8.325325e+03
0.7 8.511688e+03 8.440674e+03 8.419703e+03 8.490717e+03
1.7 8.383034e+03 8.439050e+03 8.511004e+03 8.454988e+03
2.7 8.468680e+03 8.478802e+03 8.365122e+03 8.355000e+03
3.7 8.563487e+03 8.442354e+03 8.327643e+03 8.448777e+03
4.7 8.392622e+03 8.391939e+03 8.333063e+03 8.333746e+03
5.7 8.274329e+03 8.284129e+03 8.341260e+03 8.331460e+03
6.7 8.525872e+03 8.443758e+03 8.343874e+03 8.425989e+03
7.7 8.592666e+03 8.432200e+03 8.344137e+03 8.504603e+03
0.9 8.346507e+03 8.435863e+03 8.462308e+03 8.372952e+03
1.9 8.425125e+03 8.406154e+03 8.481721e+03 8.500691e+03
2.9 8.135948e+03 8.298251e+03 8.350882e+03 8.188579e+03
3.9 8.454864e+03 8.456543e+03 8.485122e+03 8.483443e+03
4.9 8.297700e+03 8.432517e+03 8.478233e+03 8.343416e+03
5.9 8.402764e+03 8.466805e+03 8.525830e+03 8.461789e+03
6.9 8.461954e+03 8.467348e+03 8.354579e+03 8.349185e+03
7.9 8.109778e+03 8.415247e+03 8.314942e+03 8.009473e+03
1.0 8.454864e+03 8.456543e+03 8.485122e+03 8.483443e+03
2.0 8.297700e+03 8.432517e+03 8.478233e+03 8.343416e+03
3.0 8.402764e+03 8.466805e+03 8.525830e+03 8.461789e+03
4.0 8.461954e+03 8.467348e+03 8.354579e+03 8.349185e+03
5.0 8.109778e+03 8.415247e+03 8.314942e+03 8.009473e+03
6.0 8.464172e+03 8.418342e+03 8.324324e+03 8.370154e+03
7.0 8.290325e+03 8.279755e+03 8.335127e+03 8.345697e+03
8.0 8.435461e+03 8.393961e+03 8.338688e+03 8.380188e+03
0.6 8.297700e+03 8.432517e+03 8.478233e+03 8.343416e+03
1.6 8.402764e+03 8.466805e+03 8.525830e+03 8.461789e+03
2.6 8.461954e+03 8.467348e+03 8.354579e+03 8.349185e+03
3.6 8.109778e+03 8.415247e+03 8.314942e+03 8.009473e+03
4.6 8.464172e+03 8.418342e+03 8.324324e+03 8.370154e+03
5.6 8.290325e+03 8.279755e+03 8.335127e+03 8.345697e+03
6.6 8.435461e+03 8.393961e+03 8.338688e+03 8.380188e+03
7.6 8.484602e+03 8.432798e+03 8.339157e+03 8.390960e+03
1.0 8.492787e+03 8.474426e+03 8.500447e+03 8.518808e+03
2.0 8.424765e+03 8.336196e+03 8.451894e+03 8.540463e+03
3.0 8.317463e+03 8.261904e+03 8.338790e+03 8.394349e+03
4.0 8.464788e+03 8.467397e+03 8.319718e+03 8.317109e+03
5.0 8.313444e+03 8.436553e+03 8.328480e+03 8.205372e+03
6.0 8.600253e+03 8.425928e+03 8.334961e+03 8.509286e+03
7.0 8.277336e+03 8.278080e+03 8.336565e+03 8.335821e+03
8.0 8.430818e+03 8.391391e+03 8.336591e+03 8.376018e+03
0.5 8.628979e+03 8.448556e+03 8.346244e+03 8.526666e+03
1.5 8.664679e+03 8.512309e+03 8.537341e+03 8.689711e+03
2.5 8.409732e+03 8.456590e+03 8.545730e+03 8.498872e+03
3.5 8.426778e+03 8.397407e+03 8.468799e+03 8.498170e+03
4.5 8.424976e+03 8.463913e+03 8.507808e+03 8.468871e+03
5.5 8.356029e+03 8.457511e+03 8.534756e+03 8.433274e+03
6.5 8.330877e+03 8.298299e+03 8.397043e+03 8.429622e+03
7.5 8.352486e+03 8.241022e+03 8.312572e+03 8.424037e+03
1.0 8.409732e+03 8.456590e+03 8.545730e+03 8.498872e+03
2.0 8.426778e+03 8.397407e+03 8.468799e+03 8.498170e+03
3.0 8.424976e+03 8.463913e+03 8.507808e+03 8.468871e+03
4.0 8.356029e+03 8.457511e+03 8.534756e+03 8.433274e+03
5.0 8.330877e+03 8.298299e+03 8.397043e+03 8.429622e+03
6.0 8.352486e+03 8.241022e+03 8.312572e+03 8.424037e+03
7.0 8.226223e+03 8.271627e+03 8.311843e+03 8.266438e+03
8.0 8.375196e+03 8.409497e+03 8.325160e+03 8.290860e+03
0.6 8.426778e+03 8.397407e+03 8.468799e+03 8.498170e+03
1.6 8.424976e+03 8.463913e+03 8.507808e+03 8.468871e+03
2.6 8.356029e+03 8.457511e+03 8.534756e+03 8.433274e+03
3.6 8.330877e+03 8.298299e+03 8.397043e+03 8.429622e+03
4.6 8.352486e+03 8.241022e+03 8.312572e+03 8.424037e+03
5.6 8.226223e+03 8.271627e+03 8.311843e+03 8.266438e+03
6.6 8.375196e+03 8.409497e+03 8.325160e+03 8.290860e+03
7.6 8.204312e+03 8.437167e+03 8.331515e+03 8.098660e+03
0.2 8.424976e+03 8.463913e+03 8.507808e+03 8.468871e+03
1.2 8.356029e+03 8.457511e+03 8.534756e+03 8.433274e+03
2.2 8.330877e+03 8.298299e+03 8.397043e+03 8.429622e+03
3.2 8.352486e+03 8.241022e+03 8.312572e+03 8.424037e+03
4.2 8.226223e+03 8.271627e+03 8.311843e+03 8.266438e+03
5.2 8.375196e+03 8.409497e+03 8.325160e+03 8.290860e+03
6.2 8.204312e+03 8.437167e+03 8.331515e+03 8.098660e+03
7.2 8.485693e+03 8.477014e+03 8.332828e+03 8.341507e+03
0.2 8.606742e+03 8.486035e+03 8.332246e+03 8.452953e+03
1.2 8.422845e+03 8.492403e+03 8.522804e+03 8.453245e+03
2.2 8.545544e+03 8.304801e+03 8.420610e+03 8.661353e+03
3.2 8.314000e+03 8.278224e+03 8.326862e+03 8.362639e+03
4.2 8.573253e+03 8.494590e+03 8.517386e+03 8.596049e+03
5.2 8.298268e+03 8.443890e+03 8.509984e+03 8.364362e+03
6.2 8.401667e+03 8.414426e+03 8.467522e+03 8.454764e+03
7.2 8.319682e+03 8.445319e+03 8.523825e+03 8.398187e+03
0.3 8.314000e+03 8.278224e+03 8.326862e+03 8.362639e+03
1.3 8.573253e+03 8.494590e+03 8.517386e+03 8.596049e+03
2.3 8.298268e+03 8.443890e+03 8.509984e+03 8.364362e+03
3.3 8.401667e+03 8.414426e+03 8.467522e+03 8.454764e+03
4.3 8.319682e+03 8.445319e+03 8.523825e+03 8.398187e+03
0.9 8.298268e+03 8.443890e+03 8.509984e+03 8.364362e+03
1.9 8.401667e+03 8.414426e+03 8.467522e+03 8.454764e+03
2.9 8.319682e+03 8.445319e+03 8.523825e+03 8.398187e+03
0.5 8.401667e+03 8.414426e+03 8.467522e+03 8.454764e+03
1.5 8.319682e+03 8.445319e+03 8.523825e+03 8.398187e+03
