0.5 9.540253e+03 9.591318e+03 9.610222e+03 9.559156e+03
1.5 9.630703e+03 9.619387e+03 9.604906e+03 9.616222e+03
2.5 9.548827e+03 9.585345e+03 9.597756e+03 9.561238e+03
3.5 9.577484e+03 9.590214e+03 9.607695e+03 9.594965e+03
4.5 9.616297e+03 9.612923e+03 9.603896e+03 9.607270e+03
5.5 9.572130e+03 9.583470e+03 9.599890e+03 9.588551e+03
6.5 9.620858e+03 9.596239e+03 9.607711e+03 9.632329e+03
7.5 9.598197e+03 9.607439e+03 9.602329e+03 9.593087e+03
0.6 9.577484e+03 9.590214e+03 9.607695e+03 9.594965e+03
1.6 9.616297e+03 9.612923e+03 9.603896e+03 9.607270e+03
2.6 9.572130e+03 9.583470e+03 9.599890e+03 9.588551e+03
3.6 9.620858e+03 9.596239e+03 9.607711e+03 9.632329e+03
4.6 9.598197e+03 9.607439e+03 9.602329e+03 9.593087e+03
5.6 9.576951e+03 9.583069e+03 9.598133e+03 9.592015e+03
6.6 9.627520e+03 9.619807e+03 9.602782e+03 9.610494e+03
7.6 9.645109e+03 9.620479e+03 9.604157e+03 9.628787e+03
0.7 9.620858e+03 9.596239e+03 9.607711e+03 9.632329e+03
1.7 9.598197e+03 9.607439e+03 9.602329e+03 9.593087e+03
2.7 9.576951e+03 9.583069e+03 9.598133e+03 9.592015e+03
3.7 9.627520e+03 9.619807e+03 9.602782e+03 9.610494e+03
4.7 9.645109e+03 9.620479e+03 9.604157e+03 9.628787e+03
5.7 9.564456e+03 9.584743e+03 9.609310e+03 9.589023e+03
6.7 9.613391e+03 9.608522e+03 9.607470e+03 9.612339e+03
7.7 9.579938e+03 9.609978e+03 9.598438e+03 9.568398e+03
1.0 9.613391e+03 9.608522e+03 9.607470e+03 9.612339e+03
2.0 9.579938e+03 9.609978e+03 9.598438e+03 9.568398e+03
3.0 9.651411e+03 9.635227e+03 9.599384e+03 9.615569e+03
4.0 9.591194e+03 9.583962e+03 9.603351e+03 9.610584e+03
5.0 9.627159e+03 9.601912e+03 9.604183e+03 9.629430e+03
6.0 9.605949e+03 9.633986e+03 9.603950e+03 9.575912e+03
7.0 9.651968e+03 9.650058e+03 9.603739e+03 9.605650e+03
8.0 9.618821e+03 9.630770e+03 9.603679e+03 9.591730e+03
1.0 9.666210e+03 9.614178e+03 9.608462e+03 9.660493e+03
2.0 9.601188e+03 9.597826e+03 9.604505e+03 9.607867e+03
3.0 9.641528e+03 9.604002e+03 9.599326e+03 9.636852e+03
4.0 9.573132e+03 9.577012e+03 9.596728e+03 9.592848e+03
5.0 9.607348e+03 9.602866e+03 9.602687e+03 9.607169e+03
6.0 9.653682e+03 9.628001e+03 9.604343e+03 9.630023e+03
7.0 9.576532e+03 9.580095e+03 9.604155e+03 9.600592e+03
8.0 9.578997e+03 9.573467e+03 9.603818e+03 9.609348e+03
0.6 9.601188e+03 9.597826e+03 9.604505e+03 9.607867e+03
1.6 9.641528e+03 9.604002e+03 9.599326e+03 9.636852e+03
2.6 9.573132e+03 9.577012e+03 9.596728e+03 9.592848e+03
3.6 9.607348e+03 9.602866e+03 9.602687e+03 9.607169e+03
4.6 9.653682e+03 9.628001e+03 9.604343e+03 9.630023e+03
5.6 9.576532e+03 9.580095e+03 9.604155e+03 9.600592e+03
6.6 9.578997e+03 9.573467e+03 9.603818e+03 9.609348e+03
7.6 9.582484e+03 9.576597e+03 9.603696e+03 9.609583e+03
0.9 9.609971e+03 9.610129e+03 9.608207e+03 9.608050e+03
1.9 9.640942e+03 9.590084e+03 9.600053e+03 9.650911e+03
2.9 9.588408e+03 9.574709e+03 9.603797e+03 9.617497e+03
3.9 9.639336e+03 9.606305e+03 9.607828e+03 9.640859e+03
4.9 9.602928e+03 9.603612e+03 9.605008e+03 9.604324e+03
5.9 9.601320e+03 9.612977e+03 9.605869e+03 9.594212e+03
6.9 9.570156e+03 9.612525e+03 9.599708e+03 9.557339e+03
7.9 9.668049e+03 9.610183e+03 9.596338e+03 9.654203e+03
1.0 9.639336e+03 9.606305e+03 9.607828e+03 9.640859e+03
2.0 9.602928e+03 9.603612e+03 9.605008e+03 9.604324e+03
3.0 9.601320e+03 9.612977e+03 9.605869e+03 9.594212e+03
4.0 9.570156e+03 9.612525e+03 9.599708e+03 9.557339e+03
5.0 9.668049e+03 9.610183e+03 9.596338e+03 9.654203e+03
6.0 9.611545e+03 9.628335e+03 9.607516e+03 9.590727e+03
7.0 9.641202e+03 9.616610e+03 9.610130e+03 9.634723e+03
8.0 9.627358e+03 9.600829e+03 9.601884e+03 9.628413e+03
0.6 9.602928e+03 9.603612e+03 9.605008e+03 9.604324e+03
1.6 9.601320e+03 9.612977e+03 9.605869e+03 9.594212e+03
2.6 9.570156e+03 9.612525e+03 9.599708e+03 9.557339e+03
3.6 9.668049e+03 9.610183e+03 9.596338e+03 9.654203e+03
4.6 9.611545e+03 9.628335e+03 9.607516e+03 9.590727e+03
5.6 9.641202e+03 9.616610e+03 9.610130e+03 9.634723e+03
6.6 9.627358e+03 9.600829e+03 9.601884e+03 9.628413e+03
7.6 9.589996e+03 9.590693e+03 9.597606e+03 9.596909e+03
0.2 9.601320e+03 9.612977e+03 9.605869e+03 9.594212e+03
1.2 9.570156e+03 9.612525e+03 9.599708e+03 9.557339e+03
2.2 9.668049e+03 9.610183e+03 9.596338e+03 9.654203e+03
3.2 9.611545e+03 9.628335e+03 9.607516e+03 9.590727e+03
4.2 9.641202e+03 9.616610e+03 9.610130e+03 9.634723e+03
5.2 9.627358e+03 9.600829e+03 9.601884e+03 9.628413e+03
6.2 9.589996e+03 9.590693e+03 9.597606e+03 9.596909e+03
7.2 9.586236e+03 9.575975e+03 9.603995e+03 9.614255e+03
0.3 9.611545e+03 9.628335e+03 9.607516e+03 9.590727e+03
1.3 9.641202e+03 9.616610e+03 9.610130e+03 9.634723e+03
2.3 9.627358e+03 9.600829e+03 9.601884e+03 9.628413e+03
3.3 9.589996e+03 9.590693e+03 9.597606e+03 9.596909e+03
4.3 9.586236e+03 9.575975e+03 9.603995e+03 9.614255e+03
5.3 9.602914e+03 9.606181e+03 9.608325e+03 9.605058e+03
6.3 9.631706e+03 9.602781e+03 9.605211e+03 9.634137e+03
7.3 9.563068e+03 9.605758e+03 9.599698e+03 9.557008e+03
0.9 9.627358e+03 9.600829e+03 9.601884e+03 9.628413e+03
1.9 9.589996e+03 9.590693e+03 9.597606e+03 9.596909e+03
2.9 9.586236e+03 9.575975e+03 9.603995e+03 9.614255e+03
3.9 9.602914e+03 9.606181e+03 9.608325e+03 9.605058e+03
4.9 9.631706e+03 9.602781e+03 9.605211e+03 9.634137e+03
5.9 9.563068e+03 9.605758e+03 9.599698e+03 9.557008e+03
6.9 9.637689e+03 9.572900e+03 9.596826e+03 9.661615e+03
7.9 9.594565e+03 9.571794e+03 9.602704e+03 9.625475e+03
1.0 9.602914e+03 9.606181e+03 9.608325e+03 9.605058e+03
2.0 9.631706e+03 9.602781e+03 9.605211e+03 9.634137e+03
3.0 9.563068e+03 9.605758e+03 9.599698e+03 9.557008e+03
4.0 9.637689e+03 9.572900e+03 9.596826e+03 9.661615e+03
5.0 9.594565e+03 9.571794e+03 9.602704e+03 9.625475e+03
6.0 9.608608e+03 9.575026e+03 9.604345e+03 9.637927e+03
7.0 9.600801e+03 9.580447e+03 9.604155e+03 9.624509e+03
8.0 9.621643e+03 9.618764e+03 9.603819e+03 9.606698e+03
0.6 9.631706e+03 9.602781e+03 9.605211e+03 9.634137e+03
1.6 9.563068e+03 9.605758e+03 9.599698e+03 9.557008e+03
2.6 9.637689e+03 9.572900e+03 9.596826e+03 9.661615e+03
3.6 9.594565e+03 9.571794e+03 9.602704e+03 9.625475e+03
4.6 9.608608e+03 9.575026e+03 9.604345e+03 9.637927e+03
5.6 9.600801e+03 9.580447e+03 9.604155e+03 9.624509e+03
6.6 9.621643e+03 9.618764e+03 9.603819e+03 9.606698e+03
7.6 9.620666e+03 9.616949e+03 9.603697e+03 9.607413e+03
0.2 9.621216e+03 9.636519e+03 9.609885e+03 9.594582e+03
1.2 9.613974e+03 9.612688e+03 9.608950e+03 9.610235e+03
2.2 9.566385e+03 9.594681e+03 9.602634e+03 9.574339e+03
3.2 9.602055e+03 9.594448e+03 9.598439e+03 9.606047e+03
4.2 9.576971e+03 9.573232e+03 9.601556e+03 9.605296e+03
5.2 9.597090e+03 9.596634e+03 9.608016e+03 9.608472e+03
6.2 9.585683e+03 9.603159e+03 9.607312e+03 9.589836e+03
7.2 9.619519e+03 9.613437e+03 9.600198e+03 9.606279e+03
0.7 9.566385e+03 9.594681e+03 9.602634e+03 9.574339e+03
1.7 9.602055e+03 9.594448e+03 9.598439e+03 9.606047e+03
2.7 9.576971e+03 9.573232e+03 9.601556e+03 9.605296e+03
3.7 9.597090e+03 9.596634e+03 9.608016e+03 9.608472e+03
4.7 9.585683e+03 9.603159e+03 9.607312e+03 9.589836e+03
5.7 9.619519e+03 9.613437e+03 9.600198e+03 9.606279e+03
6.7 9.644432e+03 9.627326e+03 9.596141e+03 9.613247e+03
7.7 9.626326e+03 9.600044e+03 9.602134e+03 9.628416e+03
0.9 9.597090e+03 9.596634e+03 9.608016e+03 9.608472e+03
1.9 9.585683e+03 9.603159e+03 9.607312e+03 9.589836e+03
2.9 9.619519e+03 9.613437e+03 9.600198e+03 9.606279e+03
3.9 9.644432e+03 9.627326e+03 9.596141e+03 9.613247e+03
4.9 9.626326e+03 9.600044e+03 9.602134e+03 9.628416e+03
5.9 9.611895e+03 9.575162e+03 9.610500e+03 9.647233e+03
6.9 9.617136e+03 9.607529e+03 9.609496e+03 9.619103e+03
7.9 9.558099e+03 9.600225e+03 9.602818e+03 9.560692e+03
0.5 9.585683e+03 9.603159e+03 9.607312e+03 9.589836e+03
1.5 9.619519e+03 9.613437e+03 9.600198e+03 9.606279e+03
2.5 9.644432e+03 9.627326e+03 9.596141e+03 9.613247e+03
3.5 9.626326e+03 9.600044e+03 9.602134e+03 9.628416e+03
4.5 9.611895e+03 9.575162e+03 9.610500e+03 9.647233e+03
5.5 9.617136e+03 9.607529e+03 9.609496e+03 9.619103e+03
6.5 9.558099e+03 9.600225e+03 9.602818e+03 9.560692e+03
7.5 9.594667e+03 9.597298e+03 9.598476e+03 9.595845e+03
0.2 9.611895e+03 9.575162e+03 9.610500e+03 9.647233e+03
1.2 9.617136e+03 9.607529e+03 9.609496e+03 9.619103e+03
2.2 9.558099e+03 9.600225e+03 9.602818e+03 9.560692e+03
3.2 9.594667e+03 9.597298e+03 9.598476e+03 9.595845e+03
4.2 9.562037e+03 9.573178e+03 9.601561e+03 9.590420e+03
5.2 9.606804e+03 9.595731e+03 9.607694e+03 9.618767e+03
6.2 9.615116e+03 9.603295e+03 9.600758e+03 9.612579e+03
7.2 9.665888e+03 9.640090e+03 9.598959e+03 9.624757e+03
0.7 9.558099e+03 9.600225e+03 9.602818e+03 9.560692e+03
1.7 9.594667e+03 9.597298e+03 9.598476e+03 9.595845e+03
2.7 9.562037e+03 9.573178e+03 9.601561e+03 9.590420e+03
3.7 9.606804e+03 9.595731e+03 9.607694e+03 9.618767e+03
4.7 9.615116e+03 9.603295e+03 9.600758e+03 9.612579e+03
5.7 9.665888e+03 9.640090e+03 9.598959e+03 9.624757e+03
6.7 9.625533e+03 9.634247e+03 9.603157e+03 9.594443e+03
7.7 9.634335e+03 9.613646e+03 9.604193e+03 9.624882e+03
0.9 9.606804e+03 9.595731e+03 9.607694e+03 9.618767e+03
1.9 9.615116e+03 9.603295e+03 9.600758e+03 9.612579e+03
2.9 9.665888e+03 9.640090e+03 9.598959e+03 9.624757e+03
3.9 9.625533e+03 9.634247e+03 9.603157e+03 9.594443e+03
4.9 9.634335e+03 9.613646e+03 9.604193e+03 9.624882e+03
5.9 9.649619e+03 9.630260e+03 9.603998e+03 9.623358e+03
6.9 9.620475e+03 9.633286e+03 9.603760e+03 9.590949e+03
7.9 9.559025e+03 9.586718e+03 9.603685e+03 9.575992e+03
0.9 9.601397e+03 9.597658e+03 9.608531e+03 9.612270e+03
1.9 9.553800e+03 9.602516e+03 9.606609e+03 9.557893e+03
2.9 9.604476e+03 9.606523e+03 9.599770e+03 9.597723e+03
3.9 9.515020e+03 9.572253e+03 9.597124e+03 9.539891e+03
4.9 9.568586e+03 9.579620e+03 9.608200e+03 9.597166e+03
5.9 9.610569e+03 9.609511e+03 9.604225e+03 9.605284e+03
6.9 9.616039e+03 9.634299e+03 9.597591e+03 9.579331e+03
7.9 9.626496e+03 9.590434e+03 9.602357e+03 9.638419e+03
0.5 9.553800e+03 9.602516e+03 9.606609e+03 9.557893e+03
1.5 9.604476e+03 9.606523e+03 9.599770e+03 9.597723e+03
2.5 9.515020e+03 9.572253e+03 9.597124e+03 9.539891e+03
3.5 9.568586e+03 9.579620e+03 9.608200e+03 9.597166e+03
4.5 9.610569e+03 9.609511e+03 9.604225e+03 9.605284e+03
5.5 9.616039e+03 9.634299e+03 9.597591e+03 9.579331e+03
6.5 9.626496e+03 9.590434e+03 9.602357e+03 9.638419e+03
7.5 9.585927e+03 9.572746e+03 9.604099e+03 9.617279e+03
0.6 9.568586e+03 9.579620e+03 9.608200e+03 9.597166e+03
1.6 9.610569e+03 9.609511e+03 9.604225e+03 9.605284e+03
2.6 9.616039e+03 9.634299e+03 9.597591e+03 9.579331e+03
3.6 9.626496e+03 9.590434e+03 9.602357e+03 9.638419e+03
4.6 9.585927e+03 9.572746e+03 9.604099e+03 9.617279e+03
5.6 9.651583e+03 9.636637e+03 9.604089e+03 9.619036e+03
6.6 9.587163e+03 9.627321e+03 9.603809e+03 9.563651e+03
7.6 9.600936e+03 9.616057e+03 9.603696e+03 9.588575e+03
