0.5 9.540253e+03 9.591318e+03 9.596848e+03 9.545783e+03
1.5 9.630703e+03 9.619387e+03 9.630321e+03 9.641637e+03
2.5 9.548827e+03 9.585345e+03 9.603520e+03 9.567002e+03
3.5 9.577484e+03 9.590214e+03 9.598539e+03 9.585809e+03
4.5 9.616297e+03 9.612923e+03 9.625136e+03 9.628510e+03
5.5 9.572130e+03 9.583470e+03 9.599778e+03 9.588439e+03
6.5 9.620858e+03 9.596239e+03 9.604817e+03 9.629435e+03
7.5 9.598197e+03 9.607439e+03 9.621488e+03 9.612246e+03
0.6 9.577484e+03 9.590214e+03 9.598539e+03 9.585809e+03
1.6 9.616297e+03 9.612923e+03 9.625136e+03 9.628510e+03
2.6 9.572130e+03 9.583470e+03 9.599778e+03 9.588439e+03
3.6 9.620858e+03 9.596239e+03 9.604817e+03 9.629435e+03
4.6 9.598197e+03 9.607439e+03 9.621488e+03 9.612246e+03
5.6 9.576951e+03 9.583069e+03 9.597630e+03 9.591512e+03
6.6 9.627520e+03 9.619807e+03 9.591729e+03 9.599441e+03
7.6 9.645109e+03 9.620479e+03 9.592839e+03 9.617469e+03
0.7 9.620858e+03 9.596239e+03 9.604817e+03 9.629435e+03
1.7 9.598197e+03 9.607439e+03 9.621488e+03 9.612246e+03
2.7 9.576951e+03 9.583069e+03 9.597630e+03 9.591512e+03
3.7 9.627520e+03 9.619807e+03 9.591729e+03 9.599441e+03
4.7 9.645109e+03 9.620479e+03 9.592839e+03 9.617469e+03
5.7 9.564456e+03 9.584743e+03 9.594326e+03 9.574039e+03
6.7 9.613391e+03 9.608522e+03 9.623127e+03 9.627996e+03
7.7 9.579938e+03 9.609978e+03 9.614764e+03 9.584724e+03
1.0 9.613391e+03 9.608522e+03 9.623127e+03 9.627996e+03
2.0 9.579938e+03 9.609978e+03 9.614764e+03 9.584724e+03
3.0 9.651411e+03 9.635227e+03 9.595023e+03 9.611207e+03
4.0 9.591194e+03 9.583962e+03 9.591723e+03 9.598955e+03
5.0 9.627159e+03 9.601912e+03 9.593293e+03 9.618540e+03
6.0 9.605949e+03 9.633986e+03 9.594464e+03 9.566426e+03
7.0 9.651968e+03 9.650058e+03 9.594781e+03 9.596692e+03
8.0 9.618821e+03 9.630770e+03 9.594823e+03 9.582874e+03
1.0 9.666210e+03 9.614178e+03 9.623093e+03 9.675124e+03
2.0 9.601188e+03 9.597826e+03 9.620569e+03 9.623931e+03
3.0 9.641528e+03 9.604002e+03 9.627594e+03 9.665120e+03
4.0 9.573132e+03 9.577012e+03 9.597253e+03 9.593374e+03
5.0 9.607348e+03 9.602866e+03 9.590281e+03 9.594763e+03
6.0 9.653682e+03 9.628001e+03 9.591950e+03 9.617630e+03
7.0 9.576532e+03 9.580095e+03 9.593877e+03 9.590315e+03
8.0 9.578997e+03 9.573467e+03 9.594538e+03 9.600068e+03
0.6 9.601188e+03 9.597826e+03 9.620569e+03 9.623931e+03
1.6 9.641528e+03 9.604002e+03 9.627594e+03 9.665120e+03
2.6 9.573132e+03 9.577012e+03 9.597253e+03 9.593374e+03
3.6 9.607348e+03 9.602866e+03 9.590281e+03 9.594763e+03
4.6 9.653682e+03 9.628001e+03 9.591950e+03 9.617630e+03
5.6 9.576532e+03 9.580095e+03 9.593877e+03 9.590315e+03
6.6 9.578997e+03 9.573467e+03 9.594538e+03 9.600068e+03
7.6 9.582484e+03 9.576597e+03 9.594657e+03 9.600545e+03
0.9 9.609971e+03 9.610129e+03 9.615526e+03 9.615369e+03
1.9 9.640942e+03 9.590084e+03 9.618961e+03 9.669819e+03
2.9 9.588408e+03 9.574709e+03 9.596105e+03 9.609805e+03
3.9 9.639336e+03 9.606305e+03 9.619632e+03 9.652663e+03
4.9 9.602928e+03 9.603612e+03 9.618465e+03 9.617781e+03
5.9 9.601320e+03 9.612977e+03 9.626836e+03 9.615179e+03
6.9 9.570156e+03 9.612525e+03 9.630304e+03 9.587935e+03
7.9 9.668049e+03 9.610183e+03 9.605577e+03 9.663443e+03
1.0 9.639336e+03 9.606305e+03 9.619632e+03 9.652663e+03
2.0 9.602928e+03 9.603612e+03 9.618465e+03 9.617781e+03
3.0 9.601320e+03 9.612977e+03 9.626836e+03 9.615179e+03
4.0 9.570156e+03 9.612525e+03 9.630304e+03 9.587935e+03
5.0 9.668049e+03 9.610183e+03 9.605577e+03 9.663443e+03
6.0 9.611545e+03 9.628335e+03 9.590905e+03 9.574116e+03
7.0 9.641202e+03 9.616610e+03 9.626223e+03 9.650816e+03
8.0 9.627358e+03 9.600829e+03 9.625642e+03 9.652171e+03
0.6 9.602928e+03 9.603612e+03 9.618465e+03 9.617781e+03
1.6 9.601320e+03 9.612977e+03 9.626836e+03 9.615179e+03
2.6 9.570156e+03 9.612525e+03 9.630304e+03 9.587935e+03
3.6 9.668049e+03 9.610183e+03 9.605577e+03 9.663443e+03
4.6 9.611545e+03 9.628335e+03 9.590905e+03 9.574116e+03
5.6 9.641202e+03 9.616610e+03 9.626223e+03 9.650816e+03
6.6 9.627358e+03 9.600829e+03 9.625642e+03 9.652171e+03
7.6 9.589996e+03 9.590693e+03 9.616652e+03 9.615955e+03
0.2 9.601320e+03 9.612977e+03 9.626836e+03 9.615179e+03
1.2 9.570156e+03 9.612525e+03 9.630304e+03 9.587935e+03
2.2 9.668049e+03 9.610183e+03 9.605577e+03 9.663443e+03
3.2 9.611545e+03 9.628335e+03 9.590905e+03 9.574116e+03
4.2 9.641202e+03 9.616610e+03 9.626223e+03 9.650816e+03
5.2 9.627358e+03 9.600829e+03 9.625642e+03 9.652171e+03
6.2 9.589996e+03 9.590693e+03 9.616652e+03 9.615955e+03
7.2 9.586236e+03 9.575975e+03 9.593071e+03 9.603332e+03
0.3 9.611545e+03 9.628335e+03 9.590905e+03 9.574116e+03
1.3 9.641202e+03 9.616610e+03 9.626223e+03 9.650816e+03
2.3 9.627358e+03 9.600829e+03 9.625642e+03 9.652171e+03
3.3 9.589996e+03 9.590693e+03 9.616652e+03 9.615955e+03
4.3 9.586236e+03 9.575975e+03 9.593071e+03 9.603332e+03
5.3 9.602914e+03 9.606181e+03 9.618379e+03 9.615112e+03
6.3 9.631706e+03 9.602781e+03 9.618100e+03 9.647025e+03
7.3 9.563068e+03 9.605758e+03 9.626675e+03 9.583985e+03
0.9 9.627358e+03 9.600829e+03 9.625642e+03 9.652171e+03
1.9 9.589996e+03 9.590693e+03 9.616652e+03 9.615955e+03
2.9 9.586236e+03 9.575975e+03 9.593071e+03 9.603332e+03
3.9 9.602914e+03 9.606181e+03 9.618379e+03 9.615112e+03
4.9 9.631706e+03 9.602781e+03 9.618100e+03 9.647025e+03
5.9 9.563068e+03 9.605758e+03 9.626675e+03 9.583985e+03
6.9 9.637689e+03 9.572900e+03 9.596781e+03 9.661570e+03
7.9 9.594565e+03 9.571794e+03 9.589888e+03 9.612659e+03
1.0 9.602914e+03 9.606181e+03 9.618379e+03 9.615112e+03
2.0 9.631706e+03 9.602781e+03 9.618100e+03 9.647025e+03
3.0 9.563068e+03 9.605758e+03 9.626675e+03 9.583985e+03
4.0 9.637689e+03 9.572900e+03 9.596781e+03 9.661570e+03
5.0 9.594565e+03 9.571794e+03 9.589888e+03 9.612659e+03
6.0 9.608608e+03 9.575026e+03 9.591569e+03 9.625151e+03
7.0 9.600801e+03 9.580447e+03 9.593499e+03 9.613853e+03
8.0 9.621643e+03 9.618764e+03 9.594161e+03 9.597040e+03
0.6 9.631706e+03 9.602781e+03 9.618100e+03 9.647025e+03
1.6 9.563068e+03 9.605758e+03 9.626675e+03 9.583985e+03
2.6 9.637689e+03 9.572900e+03 9.596781e+03 9.661570e+03
3.6 9.594565e+03 9.571794e+03 9.589888e+03 9.612659e+03
4.6 9.608608e+03 9.575026e+03 9.591569e+03 9.625151e+03
5.6 9.600801e+03 9.580447e+03 9.593499e+03 9.613853e+03
6.6 9.621643e+03 9.618764e+03 9.594161e+03 9.597040e+03
7.6 9.620666e+03 9.616949e+03 9.594283e+03 9.598000e+03
0.2 9.621216e+03 9.636519e+03 9.594261e+03 9.578958e+03
1.2 9.613974e+03 9.612688e+03 9.627645e+03 9.628930e+03
2.2 9.566385e+03 9.594681e+03 9.622657e+03 9.594362e+03
3.2 9.602055e+03 9.594448e+03 9.622098e+03 9.629706e+03
4.2 9.576971e+03 9.573232e+03 9.594571e+03 9.598311e+03
5.2 9.597090e+03 9.596634e+03 9.610727e+03 9.611183e+03
6.2 9.585683e+03 9.603159e+03 9.617926e+03 9.600450e+03
7.2 9.619519e+03 9.613437e+03 9.630311e+03 9.636392e+03
0.7 9.566385e+03 9.594681e+03 9.622657e+03 9.594362e+03
1.7 9.602055e+03 9.594448e+03 9.622098e+03 9.629706e+03
2.7 9.576971e+03 9.573232e+03 9.594571e+03 9.598311e+03
3.7 9.597090e+03 9.596634e+03 9.610727e+03 9.611183e+03
4.7 9.585683e+03 9.603159e+03 9.617926e+03 9.600450e+03
5.7 9.619519e+03 9.613437e+03 9.630311e+03 9.636392e+03
6.7 9.644432e+03 9.627326e+03 9.599299e+03 9.616405e+03
7.7 9.626326e+03 9.600044e+03 9.589846e+03 9.616128e+03
0.9 9.597090e+03 9.596634e+03 9.610727e+03 9.611183e+03
1.9 9.585683e+03 9.603159e+03 9.617926e+03 9.600450e+03
2.9 9.619519e+03 9.613437e+03 9.630311e+03 9.636392e+03
3.9 9.644432e+03 9.627326e+03 9.599299e+03 9.616405e+03
4.9 9.626326e+03 9.600044e+03 9.589846e+03 9.616128e+03
5.9 9.611895e+03 9.575162e+03 9.591026e+03 9.627759e+03
6.9 9.617136e+03 9.607529e+03 9.626523e+03 9.636130e+03
7.9 9.558099e+03 9.600225e+03 9.622353e+03 9.580226e+03
0.5 9.585683e+03 9.603159e+03 9.617926e+03 9.600450e+03
1.5 9.619519e+03 9.613437e+03 9.630311e+03 9.636392e+03
2.5 9.644432e+03 9.627326e+03 9.599299e+03 9.616405e+03
3.5 9.626326e+03 9.600044e+03 9.589846e+03 9.616128e+03
4.5 9.611895e+03 9.575162e+03 9.591026e+03 9.627759e+03
5.5 9.617136e+03 9.607529e+03 9.626523e+03 9.636130e+03
6.5 9.558099e+03 9.600225e+03 9.622353e+03 9.580226e+03
7.5 9.594667e+03 9.597298e+03 9.621967e+03 9.619337e+03
0.2 9.611895e+03 9.575162e+03 9.591026e+03 9.627759e+03
1.2 9.617136e+03 9.607529e+03 9.626523e+03 9.636130e+03
2.2 9.558099e+03 9.600225e+03 9.622353e+03 9.580226e+03
3.2 9.594667e+03 9.597298e+03 9.621967e+03 9.619337e+03
4.2 9.562037e+03 9.573178e+03 9.594464e+03 9.583322e+03
5.2 9.606804e+03 9.595731e+03 9.610623e+03 9.621696e+03
6.2 9.615116e+03 9.603295e+03 9.616090e+03 9.627911e+03
7.2 9.665888e+03 9.640090e+03 9.594987e+03 9.620785e+03
0.7 9.558099e+03 9.600225e+03 9.622353e+03 9.580226e+03
1.7 9.594667e+03 9.597298e+03 9.621967e+03 9.619337e+03
2.7 9.562037e+03 9.573178e+03 9.594464e+03 9.583322e+03
3.7 9.606804e+03 9.595731e+03 9.610623e+03 9.621696e+03
4.7 9.615116e+03 9.603295e+03 9.616090e+03 9.627911e+03
5.7 9.665888e+03 9.640090e+03 9.594987e+03 9.620785e+03
6.7 9.625533e+03 9.634247e+03 9.590761e+03 9.582048e+03
7.7 9.634335e+03 9.613646e+03 9.592209e+03 9.612898e+03
0.9 9.606804e+03 9.595731e+03 9.610623e+03 9.621696e+03
1.9 9.615116e+03 9.603295e+03 9.616090e+03 9.627911e+03
2.9 9.665888e+03 9.640090e+03 9.594987e+03 9.620785e+03
3.9 9.625533e+03 9.634247e+03 9.590761e+03 9.582048e+03
4.9 9.634335e+03 9.613646e+03 9.592209e+03 9.612898e+03
5.9 9.649619e+03 9.630260e+03 9.593553e+03 9.612912e+03
6.9 9.620475e+03 9.633286e+03 9.593957e+03 9.581146e+03
7.9 9.559025e+03 9.586718e+03 9.594021e+03 9.566328e+03
0.9 9.601397e+03 9.597658e+03 9.614971e+03 9.618710e+03
1.9 9.553800e+03 9.602516e+03 9.620143e+03 9.571427e+03
2.9 9.604476e+03 9.606523e+03 9.630780e+03 9.628733e+03
3.9 9.515020e+03 9.572253e+03 9.599219e+03 9.541986e+03
4.9 9.568586e+03 9.579620e+03 9.595600e+03 9.584567e+03
5.9 9.610569e+03 9.609511e+03 9.623544e+03 9.624602e+03
6.9 9.616039e+03 9.634299e+03 9.598606e+03 9.580346e+03
7.9 9.626496e+03 9.590434e+03 9.590871e+03 9.626933e+03
0.5 9.553800e+03 9.602516e+03 9.620143e+03 9.571427e+03
1.5 9.604476e+03 9.606523e+03 9.630780e+03 9.628733e+03
2.5 9.515020e+03 9.572253e+03 9.599219e+03 9.541986e+03
3.5 9.568586e+03 9.579620e+03 9.595600e+03 9.584567e+03
4.5 9.610569e+03 9.609511e+03 9.623544e+03 9.624602e+03
5.5 9.616039e+03 9.634299e+03 9.598606e+03 9.580346e+03
6.5 9.626496e+03 9.590434e+03 9.590871e+03 9.626933e+03
7.5 9.585927e+03 9.572746e+03 9.591532e+03 9.604713e+03
0.6 9.568586e+03 9.579620e+03 9.595600e+03 9.584567e+03
1.6 9.610569e+03 9.609511e+03 9.623544e+03 9.624602e+03
2.6 9.616039e+03 9.634299e+03 9.598606e+03 9.580346e+03
3.6 9.626496e+03 9.590434e+03 9.590871e+03 9.626933e+03
4.6 9.585927e+03 9.572746e+03 9.591532e+03 9.604713e+03
5.6 9.651583e+03 9.636637e+03 9.593157e+03 9.608103e+03
6.6 9.587163e+03 9.627321e+03 9.593769e+03 9.553611e+03
7.6 9.600936e+03 9.616057e+03 9.593886e+03 9.578765e+03
