0.5 8.924362e+03 9.080029e+03 9.135804e+03 8.980137e+03
1.5 9.160687e+03 9.210100e+03 9.132332e+03 9.082918e+03
2.5 8.912397e+03 9.098121e+03 9.127660e+03 8.941937e+03
3.5 9.110450e+03 9.084498e+03 9.134153e+03 9.160105e+03
4.5 9.265987e+03 9.188084e+03 9.131672e+03 9.209575e+03
5.5 9.005893e+03 9.083929e+03 9.129055e+03 9.051018e+03
6.5 9.211636e+03 9.108958e+03 9.134164e+03 9.236841e+03
7.5 9.224147e+03 9.171846e+03 9.130648e+03 9.182950e+03
0.6 9.110450e+03 9.084498e+03 9.134153e+03 9.160105e+03
1.6 9.265987e+03 9.188084e+03 9.131672e+03 9.209575e+03
2.6 9.005893e+03 9.083929e+03 9.129055e+03 9.051018e+03
3.6 9.211636e+03 9.108958e+03 9.134164e+03 9.236841e+03
4.6 9.224147e+03 9.171846e+03 9.130648e+03 9.182950e+03
5.6 8.996684e+03 9.095397e+03 9.127907e+03 9.029194e+03
6.6 9.084865e+03 9.167058e+03 9.130944e+03 9.048751e+03
7.6 9.151341e+03 9.141157e+03 9.131842e+03 9.142026e+03
0.7 9.211636e+03 9.108958e+03 9.134164e+03 9.236841e+03
1.7 9.224147e+03 9.171846e+03 9.130648e+03 9.182950e+03
2.7 8.996684e+03 9.095397e+03 9.127907e+03 9.029194e+03
3.7 9.084865e+03 9.167058e+03 9.130944e+03 9.048751e+03
4.7 9.151341e+03 9.141157e+03 9.131842e+03 9.142026e+03
5.7 9.052339e+03 9.044934e+03 9.135208e+03 9.142613e+03
6.7 9.206543e+03 9.169796e+03 9.134006e+03 9.170753e+03
7.7 9.123837e+03 9.195397e+03 9.128106e+03 9.056546e+03
1.0 9.206543e+03 9.169796e+03 9.134006e+03 9.170753e+03
2.0 9.123837e+03 9.195397e+03 9.128106e+03 9.056546e+03
3.0 9.310343e+03 9.200713e+03 9.128724e+03 9.238354e+03
4.0 8.956986e+03 9.052386e+03 9.131316e+03 9.035917e+03
5.0 9.098676e+03 9.122743e+03 9.131859e+03 9.107792e+03
6.0 9.103485e+03 9.205515e+03 9.131707e+03 9.029677e+03
7.0 9.173745e+03 9.228765e+03 9.131569e+03 9.076550e+03
8.0 9.159216e+03 9.171614e+03 9.131530e+03 9.119132e+03
1.0 9.280493e+03 9.156612e+03 9.134654e+03 9.258536e+03
2.0 9.164845e+03 9.139410e+03 9.132069e+03 9.157504e+03
3.0 9.281559e+03 9.180951e+03 9.128686e+03 9.229294e+03
4.0 9.018358e+03 9.079670e+03 9.126989e+03 9.065677e+03
5.0 9.224962e+03 9.128052e+03 9.130882e+03 9.227792e+03
6.0 9.220054e+03 9.163464e+03 9.131963e+03 9.188553e+03
7.0 9.020076e+03 9.039365e+03 9.131841e+03 9.112552e+03
8.0 9.031709e+03 9.041564e+03 9.131621e+03 9.121766e+03
0.6 9.164845e+03 9.139410e+03 9.132069e+03 9.157504e+03
1.6 9.281559e+03 9.180951e+03 9.128686e+03 9.229294e+03
2.6 9.018358e+03 9.079670e+03 9.126989e+03 9.065677e+03
3.6 9.224962e+03 9.128052e+03 9.130882e+03 9.227792e+03
4.6 9.220054e+03 9.163464e+03 9.131963e+03 9.188553e+03
5.6 9.020076e+03 9.039365e+03 9.131841e+03 9.112552e+03
6.6 9.031709e+03 9.041564e+03 9.131621e+03 9.121766e+03
7.6 9.111381e+03 9.054301e+03 9.131541e+03 9.188621e+03
0.9 9.040487e+03 9.134132e+03 9.134488e+03 9.040844e+03
1.9 9.307757e+03 9.123935e+03 9.129161e+03 9.312983e+03
2.9 8.972263e+03 9.052348e+03 9.131607e+03 9.051522e+03
3.9 9.186353e+03 9.158705e+03 9.134241e+03 9.161888e+03
4.9 9.268679e+03 9.153998e+03 9.132398e+03 9.247079e+03
5.9 9.124771e+03 9.187740e+03 9.132960e+03 9.069991e+03
6.9 9.102126e+03 9.210654e+03 9.128936e+03 9.020408e+03
7.9 9.231243e+03 9.180553e+03 9.126734e+03 9.177424e+03
1.0 9.186353e+03 9.158705e+03 9.134241e+03 9.161888e+03
2.0 9.268679e+03 9.153998e+03 9.132398e+03 9.247079e+03
3.0 9.124771e+03 9.187740e+03 9.132960e+03 9.069991e+03
4.0 9.102126e+03 9.210654e+03 9.128936e+03 9.020408e+03
5.0 9.231243e+03 9.180553e+03 9.126734e+03 9.177424e+03
6.0 9.125112e+03 9.156985e+03 9.134036e+03 9.102164e+03
7.0 9.183194e+03 9.168217e+03 9.135744e+03 9.150721e+03
8.0 9.257385e+03 9.160297e+03 9.130357e+03 9.227445e+03
0.6 9.268679e+03 9.153998e+03 9.132398e+03 9.247079e+03
1.6 9.124771e+03 9.187740e+03 9.132960e+03 9.069991e+03
2.6 9.102126e+03 9.210654e+03 9.128936e+03 9.020408e+03
3.6 9.231243e+03 9.180553e+03 9.126734e+03 9.177424e+03
4.6 9.125112e+03 9.156985e+03 9.134036e+03 9.102164e+03
5.6 9.183194e+03 9.168217e+03 9.135744e+03 9.150721e+03
6.6 9.257385e+03 9.160297e+03 9.130357e+03 9.227445e+03
7.6 9.131680e+03 9.133919e+03 9.127563e+03 9.125323e+03
0.2 9.124771e+03 9.187740e+03 9.132960e+03 9.069991e+03
1.2 9.102126e+03 9.210654e+03 9.128936e+03 9.020408e+03
2.2 9.231243e+03 9.180553e+03 9.126734e+03 9.177424e+03
3.2 9.125112e+03 9.156985e+03 9.134036e+03 9.102164e+03
4.2 9.183194e+03 9.168217e+03 9.135744e+03 9.150721e+03
5.2 9.257385e+03 9.160297e+03 9.130357e+03 9.227445e+03
6.2 9.131680e+03 9.133919e+03 9.127563e+03 9.125323e+03
7.2 9.054913e+03 9.049434e+03 9.131736e+03 9.137215e+03
0.3 9.125112e+03 9.156985e+03 9.134036e+03 9.102164e+03
1.3 9.183194e+03 9.168217e+03 9.135744e+03 9.150721e+03
2.3 9.257385e+03 9.160297e+03 9.130357e+03 9.227445e+03
3.3 9.131680e+03 9.133919e+03 9.127563e+03 9.125323e+03
4.3 9.054913e+03 9.049434e+03 9.131736e+03 9.137215e+03
5.3 9.198088e+03 9.153882e+03 9.134565e+03 9.178771e+03
6.3 9.202528e+03 9.150410e+03 9.132531e+03 9.184649e+03
7.3 9.043535e+03 9.180815e+03 9.128929e+03 8.991649e+03
0.9 9.257385e+03 9.160297e+03 9.130357e+03 9.227445e+03
1.9 9.131680e+03 9.133919e+03 9.127563e+03 9.125323e+03
2.9 9.054913e+03 9.049434e+03 9.131736e+03 9.137215e+03
3.9 9.198088e+03 9.153882e+03 9.134565e+03 9.178771e+03
4.9 9.202528e+03 9.150410e+03 9.132531e+03 9.184649e+03
5.9 9.043535e+03 9.180815e+03 9.128929e+03 8.991649e+03
6.9 9.201341e+03 9.059258e+03 9.127053e+03 9.269135e+03
7.9 9.208512e+03 9.035341e+03 9.130893e+03 9.304064e+03
1.0 9.198088e+03 9.153882e+03 9.134565e+03 9.178771e+03
2.0 9.202528e+03 9.150410e+03 9.132531e+03 9.184649e+03
3.0 9.043535e+03 9.180815e+03 9.128929e+03 8.991649e+03
4.0 9.201341e+03 9.059258e+03 9.127053e+03 9.269135e+03
5.0 9.208512e+03 9.035341e+03 9.130893e+03 9.304064e+03
6.0 9.050024e+03 9.042915e+03 9.131965e+03 9.139075e+03
7.0 9.018864e+03 9.072123e+03 9.131841e+03 9.078582e+03
8.0 9.105059e+03 9.166753e+03 9.131621e+03 9.069926e+03
0.6 9.202528e+03 9.150410e+03 9.132531e+03 9.184649e+03
1.6 9.043535e+03 9.180815e+03 9.128929e+03 8.991649e+03
2.6 9.201341e+03 9.059258e+03 9.127053e+03 9.269135e+03
3.6 9.208512e+03 9.035341e+03 9.130893e+03 9.304064e+03
4.6 9.050024e+03 9.042915e+03 9.131965e+03 9.139075e+03
5.6 9.018864e+03 9.072123e+03 9.131841e+03 9.078582e+03
6.6 9.105059e+03 9.166753e+03 9.131621e+03 9.069926e+03
7.6 9.166957e+03 9.135922e+03 9.131541e+03 9.162576e+03
0.2 9.106559e+03 9.170343e+03 9.135584e+03 9.071799e+03
1.2 9.145752e+03 9.160295e+03 9.134973e+03 9.120430e+03
2.2 8.893060e+03 9.139775e+03 9.130847e+03 8.884132e+03
3.2 9.132230e+03 9.150948e+03 9.128107e+03 9.109390e+03
4.2 9.035022e+03 9.049937e+03 9.130143e+03 9.115229e+03
5.2 9.158835e+03 9.119468e+03 9.134363e+03 9.173730e+03
6.2 9.155872e+03 9.147439e+03 9.133903e+03 9.142336e+03
7.2 9.260271e+03 9.221477e+03 9.129256e+03 9.168049e+03
0.7 8.893060e+03 9.139775e+03 9.130847e+03 8.884132e+03
1.7 9.132230e+03 9.150948e+03 9.128107e+03 9.109390e+03
2.7 9.035022e+03 9.049937e+03 9.130143e+03 9.115229e+03
3.7 9.158835e+03 9.119468e+03 9.134363e+03 9.173730e+03
4.7 9.155872e+03 9.147439e+03 9.133903e+03 9.142336e+03
5.7 9.260271e+03 9.221477e+03 9.129256e+03 9.168049e+03
6.7 9.278805e+03 9.205793e+03 9.126605e+03 9.199617e+03
7.7 9.165028e+03 9.085907e+03 9.130521e+03 9.209642e+03
0.9 9.158835e+03 9.119468e+03 9.134363e+03 9.173730e+03
1.9 9.155872e+03 9.147439e+03 9.133903e+03 9.142336e+03
2.9 9.260271e+03 9.221477e+03 9.129256e+03 9.168049e+03
3.9 9.278805e+03 9.205793e+03 9.126605e+03 9.199617e+03
4.9 9.165028e+03 9.085907e+03 9.130521e+03 9.209642e+03
5.9 9.040046e+03 9.017624e+03 9.135986e+03 9.158407e+03
6.9 9.158556e+03 9.166879e+03 9.135330e+03 9.127006e+03
7.9 9.073127e+03 9.157005e+03 9.130968e+03 9.047090e+03
0.5 9.155872e+03 9.147439e+03 9.133903e+03 9.142336e+03
1.5 9.260271e+03 9.221477e+03 9.129256e+03 9.168049e+03
2.5 9.278805e+03 9.205793e+03 9.126605e+03 9.199617e+03
3.5 9.165028e+03 9.085907e+03 9.130521e+03 9.209642e+03
4.5 9.040046e+03 9.017624e+03 9.135986e+03 9.158407e+03
5.5 9.158556e+03 9.166879e+03 9.135330e+03 9.127006e+03
6.5 9.073127e+03 9.157005e+03 9.130968e+03 9.047090e+03
7.5 9.323568e+03 9.156128e+03 9.128131e+03 9.295571e+03
0.2 9.040046e+03 9.017624e+03 9.135986e+03 9.158407e+03
1.2 9.158556e+03 9.166879e+03 9.135330e+03 9.127006e+03
2.2 9.073127e+03 9.157005e+03 9.130968e+03 9.047090e+03
3.2 9.323568e+03 9.156128e+03 9.128131e+03 9.295571e+03
4.2 9.105688e+03 9.048258e+03 9.130147e+03 9.187577e+03
5.2 9.181522e+03 9.118319e+03 9.134153e+03 9.197356e+03
6.2 9.301015e+03 9.177607e+03 9.129621e+03 9.253029e+03
7.2 9.335074e+03 9.233523e+03 9.128446e+03 9.229998e+03
0.7 9.073127e+03 9.157005e+03 9.130968e+03 9.047090e+03
1.7 9.323568e+03 9.156128e+03 9.128131e+03 9.295571e+03
2.7 9.105688e+03 9.048258e+03 9.130147e+03 9.187577e+03
3.7 9.181522e+03 9.118319e+03 9.134153e+03 9.197356e+03
4.7 9.301015e+03 9.177607e+03 9.129621e+03 9.253029e+03
5.7 9.335074e+03 9.233523e+03 9.128446e+03 9.229998e+03
6.7 9.153244e+03 9.176758e+03 9.131189e+03 9.107675e+03
7.7 9.151171e+03 9.131775e+03 9.131866e+03 9.151262e+03
0.9 9.181522e+03 9.118319e+03 9.134153e+03 9.197356e+03
1.9 9.301015e+03 9.177607e+03 9.129621e+03 9.253029e+03
2.9 9.335074e+03 9.233523e+03 9.128446e+03 9.229998e+03
3.9 9.153244e+03 9.176758e+03 9.131189e+03 9.107675e+03
4.9 9.151171e+03 9.131775e+03 9.131866e+03 9.151262e+03
5.9 9.152558e+03 9.184861e+03 9.131738e+03 9.099435e+03
6.9 9.112580e+03 9.174090e+03 9.131583e+03 9.070073e+03
7.9 9.111933e+03 9.051917e+03 9.131534e+03 9.191550e+03
0.9 9.159016e+03 9.129589e+03 9.134700e+03 9.164126e+03
1.9 8.935373e+03 9.151521e+03 9.133444e+03 8.917296e+03
2.9 9.188468e+03 9.189364e+03 9.128976e+03 9.128080e+03
3.9 8.921455e+03 9.061204e+03 9.127248e+03 8.987499e+03
4.9 8.974053e+03 9.053740e+03 9.134483e+03 9.054796e+03
5.9 9.283744e+03 9.197374e+03 9.131887e+03 9.218257e+03
6.9 9.171975e+03 9.216066e+03 9.127553e+03 9.083462e+03
7.9 9.209727e+03 9.060715e+03 9.130666e+03 9.279678e+03
0.5 8.935373e+03 9.151521e+03 9.133444e+03 8.917296e+03
1.5 9.188468e+03 9.189364e+03 9.128976e+03 9.128080e+03
2.5 8.921455e+03 9.061204e+03 9.127248e+03 8.987499e+03
3.5 8.974053e+03 9.053740e+03 9.134483e+03 9.054796e+03
4.5 9.283744e+03 9.197374e+03 9.131887e+03 9.218257e+03
5.5 9.171975e+03 9.216066e+03 9.127553e+03 9.083462e+03
6.5 9.209727e+03 9.060715e+03 9.130666e+03 9.279678e+03
7.5 9.069450e+03 9.048347e+03 9.131804e+03 9.152908e+03
0.6 8.974053e+03 9.053740e+03 9.134483e+03 9.054796e+03
1.6 9.283744e+03 9.197374e+03 9.131887e+03 9.218257e+03
2.6 9.171975e+03 9.216066e+03 9.127553e+03 9.083462e+03
3.6 9.209727e+03 9.060715e+03 9.130666e+03 9.279678e+03
4.6 9.069450e+03 9.048347e+03 9.131804e+03 9.152908e+03
5.6 9.307853e+03 9.211788e+03 9.131798e+03 9.227862e+03
6.6 9.079408e+03 9.166109e+03 9.131615e+03 9.044914e+03
7.6 9.102093e+03 9.146639e+03 9.131541e+03 9.086995e+03
