0.9 9.627520e+03 9.619807e+03 9.608065e+03 9.615777e+03
1.9 9.645109e+03 9.620479e+03 9.600174e+03 9.624804e+03
2.9 9.564456e+03 9.584743e+03 9.598749e+03 9.578462e+03
3.9 9.613391e+03 9.608522e+03 9.604181e+03 9.609050e+03
4.9 9.579938e+03 9.609978e+03 9.610081e+03 9.580041e+03
5.9 9.651411e+03 9.635227e+03 9.603915e+03 9.620099e+03
6.9 9.591194e+03 9.583962e+03 9.599705e+03 9.606938e+03
7.9 9.627159e+03 9.601912e+03 9.607501e+03 9.632748e+03
0.6 9.579938e+03 9.609978e+03 9.610081e+03 9.580041e+03
1.6 9.651411e+03 9.635227e+03 9.603915e+03 9.620099e+03
2.6 9.591194e+03 9.583962e+03 9.599705e+03 9.606938e+03
3.6 9.627159e+03 9.601912e+03 9.607501e+03 9.632748e+03
4.6 9.605949e+03 9.633986e+03 9.608755e+03 9.580717e+03
5.6 9.651968e+03 9.650058e+03 9.604124e+03 9.606034e+03
6.6 9.618821e+03 9.630770e+03 9.600753e+03 9.588804e+03
7.6 9.581256e+03 9.621245e+03 9.604364e+03 9.564375e+03
0.7 9.627159e+03 9.601912e+03 9.607501e+03 9.632748e+03
1.7 9.605949e+03 9.633986e+03 9.608755e+03 9.580717e+03
2.7 9.651968e+03 9.650058e+03 9.604124e+03 9.606034e+03
3.7 9.618821e+03 9.630770e+03 9.600753e+03 9.588804e+03
4.7 9.581256e+03 9.621245e+03 9.604364e+03 9.564375e+03
5.7 9.642809e+03 9.642350e+03 9.600377e+03 9.600836e+03
6.7 9.666210e+03 9.614178e+03 9.596898e+03 9.648929e+03
7.7 9.601188e+03 9.597826e+03 9.602441e+03 9.605803e+03
0.3 9.605949e+03 9.633986e+03 9.608755e+03 9.580717e+03
1.3 9.651968e+03 9.650058e+03 9.604124e+03 9.606034e+03
2.3 9.618821e+03 9.630770e+03 9.600753e+03 9.588804e+03
3.3 9.581256e+03 9.621245e+03 9.604364e+03 9.564375e+03
4.3 9.642809e+03 9.642350e+03 9.600377e+03 9.600836e+03
5.3 9.666210e+03 9.614178e+03 9.596898e+03 9.648929e+03
6.3 9.601188e+03 9.597826e+03 9.602441e+03 9.605803e+03
7.3 9.641528e+03 9.604002e+03 9.604365e+03 9.641891e+03
0.9 9.618821e+03 9.630770e+03 9.600753e+03 9.588804e+03
1.9 9.581256e+03 9.621245e+03 9.604364e+03 9.564375e+03
2.9 9.642809e+03 9.642350e+03 9.600377e+03 9.600836e+03
3.9 9.666210e+03 9.614178e+03 9.596898e+03 9.648929e+03
4.9 9.601188e+03 9.597826e+03 9.602441e+03 9.605803e+03
5.9 9.641528e+03 9.604002e+03 9.604365e+03 9.641891e+03
6.9 9.573132e+03 9.577012e+03 9.606569e+03 9.602690e+03
7.9 9.607348e+03 9.602866e+03 9.609067e+03 9.613549e+03
0.5 9.581256e+03 9.621245e+03 9.604364e+03 9.564375e+03
1.5 9.642809e+03 9.642350e+03 9.600377e+03 9.600836e+03
2.5 9.666210e+03 9.614178e+03 9.596898e+03 9.648929e+03
3.5 9.601188e+03 9.597826e+03 9.602441e+03 9.605803e+03
4.5 9.641528e+03 9.604002e+03 9.604365e+03 9.641891e+03
5.5 9.573132e+03 9.577012e+03 9.606569e+03 9.602690e+03
6.5 9.607348e+03 9.602866e+03 9.609067e+03 9.613549e+03
7.5 9.653682e+03 9.628001e+03 9.601991e+03 9.627671e+03
0.7 9.607348e+03 9.602866e+03 9.609067e+03 9.613549e+03
1.7 9.653682e+03 9.628001e+03 9.601991e+03 9.627671e+03
2.7 9.576532e+03 9.580095e+03 9.597964e+03 9.594402e+03
3.7 9.578997e+03 9.573467e+03 9.602738e+03 9.608268e+03
4.7 9.582484e+03 9.576597e+03 9.604173e+03 9.610061e+03
5.7 9.536335e+03 9.579051e+03 9.604082e+03 9.561366e+03
6.7 9.565796e+03 9.580672e+03 9.604899e+03 9.590023e+03
7.7 9.598139e+03 9.596073e+03 9.609615e+03 9.611682e+03
0.6 9.598139e+03 9.596073e+03 9.609615e+03 9.611682e+03
1.6 9.626703e+03 9.643899e+03 9.609612e+03 9.592416e+03
2.6 9.631034e+03 9.647895e+03 9.602344e+03 9.585483e+03
3.6 9.648346e+03 9.622526e+03 9.601263e+03 9.627083e+03
4.6 9.644612e+03 9.626875e+03 9.605408e+03 9.623145e+03
5.6 9.649209e+03 9.642600e+03 9.600300e+03 9.606908e+03
6.6 9.609971e+03 9.610129e+03 9.596593e+03 9.596436e+03
7.6 9.640942e+03 9.590084e+03 9.601812e+03 9.652670e+03
0.2 9.626703e+03 9.643899e+03 9.609612e+03 9.592416e+03
1.2 9.631034e+03 9.647895e+03 9.602344e+03 9.585483e+03
2.2 9.648346e+03 9.622526e+03 9.601263e+03 9.627083e+03
3.2 9.644612e+03 9.626875e+03 9.605408e+03 9.623145e+03
4.2 9.649209e+03 9.642600e+03 9.600300e+03 9.606908e+03
5.2 9.609971e+03 9.610129e+03 9.596593e+03 9.596436e+03
6.2 9.640942e+03 9.590084e+03 9.601812e+03 9.652670e+03
7.2 9.588408e+03 9.574709e+03 9.604279e+03 9.617979e+03
0.7 9.648346e+03 9.622526e+03 9.601263e+03 9.627083e+03
1.7 9.644612e+03 9.626875e+03 9.605408e+03 9.623145e+03
2.7 9.649209e+03 9.642600e+03 9.600300e+03 9.606908e+03
3.7 9.609971e+03 9.610129e+03 9.596593e+03 9.596436e+03
4.7 9.640942e+03 9.590084e+03 9.601812e+03 9.652670e+03
5.7 9.588408e+03 9.574709e+03 9.604279e+03 9.617979e+03
6.7 9.639336e+03 9.606305e+03 9.604314e+03 9.637345e+03
7.7 9.602928e+03 9.603612e+03 9.603940e+03 9.603256e+03
0.3 9.644612e+03 9.626875e+03 9.605408e+03 9.623145e+03
1.3 9.649209e+03 9.642600e+03 9.600300e+03 9.606908e+03
2.3 9.609971e+03 9.610129e+03 9.596593e+03 9.596436e+03
3.3 9.640942e+03 9.590084e+03 9.601812e+03 9.652670e+03
4.3 9.588408e+03 9.574709e+03 9.604279e+03 9.617979e+03
5.3 9.639336e+03 9.606305e+03 9.604314e+03 9.637345e+03
6.3 9.602928e+03 9.603612e+03 9.603940e+03 9.603256e+03
7.3 9.601320e+03 9.612977e+03 9.603769e+03 9.592112e+03
0.7 9.668049e+03 9.610183e+03 9.608891e+03 9.666756e+03
1.7 9.611545e+03 9.628335e+03 9.601958e+03 9.585168e+03
2.7 9.641202e+03 9.616610e+03 9.597962e+03 9.622554e+03
3.7 9.627358e+03 9.600829e+03 9.602740e+03 9.629269e+03
4.7 9.589996e+03 9.590693e+03 9.604176e+03 9.603479e+03
5.7 9.586236e+03 9.575975e+03 9.604084e+03 9.614345e+03
6.7 9.602914e+03 9.606181e+03 9.603833e+03 9.600566e+03
7.7 9.631706e+03 9.602781e+03 9.603744e+03 9.632669e+03
0.9 9.621643e+03 9.618764e+03 9.608070e+03 9.610949e+03
1.9 9.620666e+03 9.616949e+03 9.600180e+03 9.603897e+03
2.9 9.586094e+03 9.579645e+03 9.603847e+03 9.610296e+03
3.9 9.641586e+03 9.625498e+03 9.607696e+03 9.623783e+03
4.9 9.593704e+03 9.620607e+03 9.604971e+03 9.578068e+03
5.9 9.621216e+03 9.636519e+03 9.599777e+03 9.584474e+03
6.9 9.613974e+03 9.612688e+03 9.597099e+03 9.598385e+03
7.9 9.566385e+03 9.594681e+03 9.602802e+03 9.574506e+03
1.0 9.641586e+03 9.625498e+03 9.607696e+03 9.623783e+03
2.0 9.593704e+03 9.620607e+03 9.604971e+03 9.578068e+03
3.0 9.621216e+03 9.636519e+03 9.599777e+03 9.584474e+03
4.0 9.613974e+03 9.612688e+03 9.597099e+03 9.598385e+03
5.0 9.566385e+03 9.594681e+03 9.602802e+03 9.574506e+03
6.0 9.602055e+03 9.594448e+03 9.604386e+03 9.611993e+03
7.0 9.576971e+03 9.573232e+03 9.604198e+03 9.607938e+03
8.0 9.597090e+03 9.596634e+03 9.603872e+03 9.604327e+03
0.6 9.593704e+03 9.620607e+03 9.604971e+03 9.578068e+03
1.6 9.621216e+03 9.636519e+03 9.599777e+03 9.584474e+03
2.6 9.613974e+03 9.612688e+03 9.597099e+03 9.598385e+03
3.6 9.566385e+03 9.594681e+03 9.602802e+03 9.574506e+03
4.6 9.602055e+03 9.594448e+03 9.604386e+03 9.611993e+03
5.6 9.576971e+03 9.573232e+03 9.604198e+03 9.607938e+03
6.6 9.597090e+03 9.596634e+03 9.603872e+03 9.604327e+03
7.6 9.585683e+03 9.603159e+03 9.603753e+03 9.586277e+03
1.0 9.644432e+03 9.627326e+03 9.607236e+03 9.624342e+03
2.0 9.626326e+03 9.600044e+03 9.598610e+03 9.624893e+03
3.0 9.611895e+03 9.575162e+03 9.599584e+03 9.636317e+03
4.0 9.617136e+03 9.607529e+03 9.603428e+03 9.613035e+03
5.0 9.558099e+03 9.600225e+03 9.604229e+03 9.562102e+03
6.0 9.594667e+03 9.597298e+03 9.604001e+03 9.601370e+03
7.0 9.562037e+03 9.573178e+03 9.603797e+03 9.592655e+03
8.0 9.606804e+03 9.595731e+03 9.604050e+03 9.615123e+03
0.5 9.615116e+03 9.603295e+03 9.610062e+03 9.621883e+03
1.5 9.665888e+03 9.640090e+03 9.609946e+03 9.635744e+03
2.5 9.625533e+03 9.634247e+03 9.601504e+03 9.592791e+03
3.5 9.634335e+03 9.613646e+03 9.602499e+03 9.623188e+03
4.5 9.649619e+03 9.630260e+03 9.605754e+03 9.625114e+03
5.5 9.620475e+03 9.633286e+03 9.600180e+03 9.587369e+03
6.5 9.559025e+03 9.586718e+03 9.596727e+03 9.569034e+03
7.5 9.568848e+03 9.564612e+03 9.601073e+03 9.605309e+03
1.0 9.625533e+03 9.634247e+03 9.601504e+03 9.592791e+03
2.0 9.634335e+03 9.613646e+03 9.602499e+03 9.623188e+03
3.0 9.649619e+03 9.630260e+03 9.605754e+03 9.625114e+03
4.0 9.620475e+03 9.633286e+03 9.600180e+03 9.587369e+03
5.0 9.559025e+03 9.586718e+03 9.596727e+03 9.569034e+03
6.0 9.568848e+03 9.564612e+03 9.601073e+03 9.605309e+03
7.0 9.561086e+03 9.571354e+03 9.604152e+03 9.593884e+03
8.0 9.601397e+03 9.597658e+03 9.604369e+03 9.608108e+03
0.6 9.634335e+03 9.613646e+03 9.602499e+03 9.623188e+03
1.6 9.649619e+03 9.630260e+03 9.605754e+03 9.625114e+03
2.6 9.620475e+03 9.633286e+03 9.600180e+03 9.587369e+03
3.6 9.559025e+03 9.586718e+03 9.596727e+03 9.569034e+03
4.6 9.568848e+03 9.564612e+03 9.601073e+03 9.605309e+03
5.6 9.561086e+03 9.571354e+03 9.604152e+03 9.593884e+03
6.6 9.601397e+03 9.597658e+03 9.604369e+03 9.608108e+03
7.6 9.553800e+03 9.602516e+03 9.603989e+03 9.555273e+03
0.2 9.649619e+03 9.630260e+03 9.605754e+03 9.625114e+03
1.2 9.620475e+03 9.633286e+03 9.600180e+03 9.587369e+03
2.2 9.559025e+03 9.586718e+03 9.596727e+03 9.569034e+03
3.2 9.568848e+03 9.564612e+03 9.601073e+03 9.605309e+03
4.2 9.561086e+03 9.571354e+03 9.604152e+03 9.593884e+03
5.2 9.601397e+03 9.597658e+03 9.604369e+03 9.608108e+03
6.2 9.553800e+03 9.602516e+03 9.603989e+03 9.555273e+03
7.2 9.604476e+03 9.606523e+03 9.603787e+03 9.601740e+03
0.2 9.610569e+03 9.609511e+03 9.609738e+03 9.610796e+03
1.2 9.616039e+03 9.634299e+03 9.606453e+03 9.588193e+03
2.2 9.626496e+03 9.590434e+03 9.597544e+03 9.633605e+03
3.2 9.585927e+03 9.572746e+03 9.606796e+03 9.619976e+03
4.2 9.651583e+03 9.636637e+03 9.609438e+03 9.624385e+03
5.2 9.587163e+03 9.627321e+03 9.602107e+03 9.561949e+03
6.2 9.600936e+03 9.616057e+03 9.604129e+03 9.589008e+03
7.2 9.617740e+03 9.629614e+03 9.600077e+03 9.588204e+03
0.3 9.585927e+03 9.572746e+03 9.606796e+03 9.619976e+03
1.3 9.651583e+03 9.636637e+03 9.609438e+03 9.624385e+03
2.3 9.587163e+03 9.627321e+03 9.602107e+03 9.561949e+03
3.3 9.600936e+03 9.616057e+03 9.604129e+03 9.589008e+03
4.3 9.617740e+03 9.629614e+03 9.600077e+03 9.588204e+03
0.9 9.587163e+03 9.627321e+03 9.602107e+03 9.561949e+03
1.9 9.600936e+03 9.616057e+03 9.604129e+03 9.589008e+03
2.9 9.617740e+03 9.629614e+03 9.600077e+03 9.588204e+03
0.5 9.600936e+03 9.616057e+03 9.604129e+03 9.589008e+03
1.5 9.617740e+03 9.629614e+03 9.600077e+03 9.588204e+03
