0.5 8.112248e+03 8.341039e+03 8.359158e+03 8.130367e+03
1.5 8.404355e+03 8.516255e+03 8.551144e+03 8.439245e+03
2.5 8.027754e+03 8.340073e+03 8.397424e+03 8.085105e+03
3.5 8.388391e+03 8.342044e+03 8.368855e+03 8.415203e+03
4.5 8.590034e+03 8.482527e+03 8.521405e+03 8.628912e+03
5.5 8.226295e+03 8.324378e+03 8.375966e+03 8.277884e+03
6.5 8.456157e+03 8.377244e+03 8.404864e+03 8.483777e+03
7.5 8.492715e+03 8.455885e+03 8.500481e+03 8.537311e+03
0.6 8.388391e+03 8.342044e+03 8.368855e+03 8.415203e+03
1.6 8.590034e+03 8.482527e+03 8.521405e+03 8.628912e+03
2.6 8.226295e+03 8.324378e+03 8.375966e+03 8.277884e+03
3.6 8.456157e+03 8.377244e+03 8.404864e+03 8.483777e+03
4.6 8.492715e+03 8.455885e+03 8.500481e+03 8.537311e+03
5.6 8.232132e+03 8.329390e+03 8.363644e+03 8.266386e+03
6.6 8.358902e+03 8.433097e+03 8.329798e+03 8.255603e+03
7.6 8.459250e+03 8.413703e+03 8.336164e+03 8.381711e+03
0.7 8.456157e+03 8.377244e+03 8.404864e+03 8.483777e+03
1.7 8.492715e+03 8.455885e+03 8.500481e+03 8.537311e+03
2.7 8.232132e+03 8.329390e+03 8.363644e+03 8.266386e+03
3.7 8.358902e+03 8.433097e+03 8.329798e+03 8.255603e+03
4.7 8.459250e+03 8.413703e+03 8.336164e+03 8.381711e+03
5.7 8.345395e+03 8.298448e+03 8.344694e+03 8.391641e+03
6.7 8.487825e+03 8.464446e+03 8.509880e+03 8.533259e+03
7.7 8.368884e+03 8.466817e+03 8.461917e+03 8.363984e+03
1.0 8.487825e+03 8.464446e+03 8.509880e+03 8.533259e+03
2.0 8.368884e+03 8.466817e+03 8.461917e+03 8.363984e+03
3.0 8.624519e+03 8.478303e+03 8.348692e+03 8.494908e+03
4.0 8.156829e+03 8.292834e+03 8.329765e+03 8.193761e+03
5.0 8.337008e+03 8.378033e+03 8.338769e+03 8.297743e+03
6.0 8.399034e+03 8.487354e+03 8.345484e+03 8.257164e+03
7.0 8.435851e+03 8.525305e+03 8.347304e+03 8.257850e+03
8.0 8.445353e+03 8.453442e+03 8.347542e+03 8.339453e+03
1.0 8.613304e+03 8.459969e+03 8.509685e+03 8.663020e+03
2.0 8.436361e+03 8.418707e+03 8.495209e+03 8.512863e+03
3.0 8.557805e+03 8.462682e+03 8.535503e+03 8.630626e+03
4.0 8.206993e+03 8.306379e+03 8.361483e+03 8.262097e+03
5.0 8.504397e+03 8.378380e+03 8.321494e+03 8.447511e+03
6.0 8.572337e+03 8.441038e+03 8.331066e+03 8.462365e+03
7.0 8.229254e+03 8.280530e+03 8.342121e+03 8.290845e+03
8.0 8.282217e+03 8.275727e+03 8.345909e+03 8.352399e+03
0.6 8.436361e+03 8.418707e+03 8.495209e+03 8.512863e+03
1.6 8.557805e+03 8.462682e+03 8.535503e+03 8.630626e+03
2.6 8.206993e+03 8.306379e+03 8.361483e+03 8.262097e+03
3.6 8.504397e+03 8.378380e+03 8.321494e+03 8.447511e+03
4.6 8.572337e+03 8.441038e+03 8.331066e+03 8.462365e+03
5.6 8.229254e+03 8.280530e+03 8.342121e+03 8.290845e+03
6.6 8.282217e+03 8.275727e+03 8.345909e+03 8.352399e+03
7.6 8.415338e+03 8.290448e+03 8.346595e+03 8.471485e+03
0.9 8.295955e+03 8.426897e+03 8.466287e+03 8.335345e+03
1.9 8.555842e+03 8.388373e+03 8.485987e+03 8.653456e+03
2.9 8.128523e+03 8.288410e+03 8.354899e+03 8.195012e+03
3.9 8.469085e+03 8.448861e+03 8.489839e+03 8.510062e+03
4.9 8.604033e+03 8.436407e+03 8.483145e+03 8.650771e+03
5.9 8.465689e+03 8.486986e+03 8.531155e+03 8.509858e+03
6.9 8.348751e+03 8.501911e+03 8.551047e+03 8.397887e+03
7.9 8.511688e+03 8.440674e+03 8.409225e+03 8.480240e+03
1.0 8.469085e+03 8.448861e+03 8.489839e+03 8.510062e+03
2.0 8.604033e+03 8.436407e+03 8.483145e+03 8.650771e+03
3.0 8.465689e+03 8.486986e+03 8.531155e+03 8.509858e+03
4.0 8.348751e+03 8.501911e+03 8.551047e+03 8.397887e+03
5.0 8.511688e+03 8.440674e+03 8.409225e+03 8.480240e+03
6.0 8.383034e+03 8.439050e+03 8.325075e+03 8.269059e+03
7.0 8.468680e+03 8.478802e+03 8.527641e+03 8.517519e+03
8.0 8.563487e+03 8.442354e+03 8.524306e+03 8.645439e+03
0.6 8.604033e+03 8.436407e+03 8.483145e+03 8.650771e+03
1.6 8.465689e+03 8.486986e+03 8.531155e+03 8.509858e+03
2.6 8.348751e+03 8.501911e+03 8.551047e+03 8.397887e+03
3.6 8.511688e+03 8.440674e+03 8.409225e+03 8.480240e+03
4.6 8.383034e+03 8.439050e+03 8.325075e+03 8.269059e+03
5.6 8.468680e+03 8.478802e+03 8.527641e+03 8.517519e+03
6.6 8.563487e+03 8.442354e+03 8.524306e+03 8.645439e+03
7.6 8.392622e+03 8.391939e+03 8.472742e+03 8.473425e+03
0.2 8.465689e+03 8.486986e+03 8.531155e+03 8.509858e+03
1.2 8.348751e+03 8.501911e+03 8.551047e+03 8.397887e+03
2.2 8.511688e+03 8.440674e+03 8.409225e+03 8.480240e+03
3.2 8.383034e+03 8.439050e+03 8.325075e+03 8.269059e+03
4.2 8.468680e+03 8.478802e+03 8.527641e+03 8.517519e+03
5.2 8.563487e+03 8.442354e+03 8.524306e+03 8.645439e+03
6.2 8.392622e+03 8.391939e+03 8.472742e+03 8.473425e+03
7.2 8.274329e+03 8.284129e+03 8.337496e+03 8.327696e+03
0.3 8.383034e+03 8.439050e+03 8.325075e+03 8.269059e+03
1.3 8.468680e+03 8.478802e+03 8.527641e+03 8.517519e+03
2.3 8.563487e+03 8.442354e+03 8.524306e+03 8.645439e+03
3.3 8.392622e+03 8.391939e+03 8.472742e+03 8.473425e+03
4.3 8.274329e+03 8.284129e+03 8.337496e+03 8.327696e+03
5.3 8.525872e+03 8.443758e+03 8.482651e+03 8.564766e+03
6.3 8.592666e+03 8.432200e+03 8.481047e+03 8.641514e+03
7.3 8.368358e+03 8.463963e+03 8.530233e+03 8.434628e+03
0.9 8.563487e+03 8.442354e+03 8.524306e+03 8.645439e+03
1.9 8.392622e+03 8.391939e+03 8.472742e+03 8.473425e+03
2.9 8.274329e+03 8.284129e+03 8.337496e+03 8.327696e+03
3.9 8.525872e+03 8.443758e+03 8.482651e+03 8.564766e+03
4.9 8.592666e+03 8.432200e+03 8.481047e+03 8.641514e+03
5.9 8.368358e+03 8.463963e+03 8.530233e+03 8.434628e+03
6.9 8.534681e+03 8.283295e+03 8.358772e+03 8.610157e+03
7.9 8.526360e+03 8.261702e+03 8.319240e+03 8.583898e+03
1.0 8.525872e+03 8.443758e+03 8.482651e+03 8.564766e+03
2.0 8.592666e+03 8.432200e+03 8.481047e+03 8.641514e+03
3.0 8.368358e+03 8.463963e+03 8.530233e+03 8.434628e+03
4.0 8.534681e+03 8.283295e+03 8.358772e+03 8.610157e+03
5.0 8.526360e+03 8.261702e+03 8.319240e+03 8.583898e+03
6.0 8.267549e+03 8.276145e+03 8.328882e+03 8.320286e+03
7.0 8.301157e+03 8.309973e+03 8.339950e+03 8.331134e+03
8.0 8.346507e+03 8.435863e+03 8.343750e+03 8.254394e+03
0.6 8.592666e+03 8.432200e+03 8.481047e+03 8.641514e+03
1.6 8.368358e+03 8.463963e+03 8.530233e+03 8.434628e+03
2.6 8.534681e+03 8.283295e+03 8.358772e+03 8.610157e+03
3.6 8.526360e+03 8.261702e+03 8.319240e+03 8.583898e+03
4.6 8.267549e+03 8.276145e+03 8.328882e+03 8.320286e+03
5.6 8.301157e+03 8.309973e+03 8.339950e+03 8.331134e+03
6.6 8.346507e+03 8.435863e+03 8.343750e+03 8.254394e+03
7.6 8.425125e+03 8.406154e+03 8.344449e+03 8.363419e+03
0.2 8.402764e+03 8.466805e+03 8.344321e+03 8.280280e+03
1.2 8.461954e+03 8.467348e+03 8.535795e+03 8.530401e+03
2.2 8.109778e+03 8.415247e+03 8.507187e+03 8.201718e+03
3.2 8.464172e+03 8.418342e+03 8.503982e+03 8.549812e+03
4.2 8.290325e+03 8.279755e+03 8.346101e+03 8.356671e+03
5.2 8.435461e+03 8.393961e+03 8.438761e+03 8.480261e+03
6.2 8.484602e+03 8.432798e+03 8.480053e+03 8.531856e+03
7.2 8.565564e+03 8.513336e+03 8.551085e+03 8.603314e+03
0.7 8.109778e+03 8.415247e+03 8.507187e+03 8.201718e+03
1.7 8.464172e+03 8.418342e+03 8.503982e+03 8.549812e+03
2.7 8.290325e+03 8.279755e+03 8.346101e+03 8.356671e+03
3.7 8.435461e+03 8.393961e+03 8.438761e+03 8.480261e+03
4.7 8.484602e+03 8.432798e+03 8.480053e+03 8.531856e+03
5.7 8.565564e+03 8.513336e+03 8.551085e+03 8.603314e+03
6.7 8.492787e+03 8.474426e+03 8.373216e+03 8.391577e+03
7.7 8.424765e+03 8.336196e+03 8.318996e+03 8.407565e+03
0.9 8.435461e+03 8.393961e+03 8.438761e+03 8.480261e+03
1.9 8.484602e+03 8.432798e+03 8.480053e+03 8.531856e+03
2.9 8.565564e+03 8.513336e+03 8.551085e+03 8.603314e+03
3.9 8.492787e+03 8.474426e+03 8.373216e+03 8.391577e+03
4.9 8.424765e+03 8.336196e+03 8.318996e+03 8.407565e+03
5.9 8.317463e+03 8.261904e+03 8.325767e+03 8.381326e+03
6.9 8.464788e+03 8.467397e+03 8.529359e+03 8.526750e+03
7.9 8.313444e+03 8.436553e+03 8.505441e+03 8.382332e+03
0.5 8.484602e+03 8.432798e+03 8.480053e+03 8.531856e+03
1.5 8.565564e+03 8.513336e+03 8.551085e+03 8.603314e+03
2.5 8.492787e+03 8.474426e+03 8.373216e+03 8.391577e+03
3.5 8.424765e+03 8.336196e+03 8.318996e+03 8.407565e+03
4.5 8.317463e+03 8.261904e+03 8.325767e+03 8.381326e+03
5.5 8.464788e+03 8.467397e+03 8.529359e+03 8.526750e+03
6.5 8.313444e+03 8.436553e+03 8.505441e+03 8.382332e+03
7.5 8.600253e+03 8.425928e+03 8.503230e+03 8.677555e+03
0.2 8.317463e+03 8.261904e+03 8.325767e+03 8.381326e+03
1.2 8.464788e+03 8.467397e+03 8.529359e+03 8.526750e+03
2.2 8.313444e+03 8.436553e+03 8.505441e+03 8.382332e+03
3.2 8.600253e+03 8.425928e+03 8.503230e+03 8.677555e+03
4.2 8.277336e+03 8.278080e+03 8.345487e+03 8.344743e+03
5.2 8.430818e+03 8.391391e+03 8.438167e+03 8.477594e+03
6.2 8.628979e+03 8.448556e+03 8.469522e+03 8.649944e+03
7.2 8.664679e+03 8.512309e+03 8.348483e+03 8.500853e+03
0.7 8.313444e+03 8.436553e+03 8.505441e+03 8.382332e+03
1.7 8.600253e+03 8.425928e+03 8.503230e+03 8.677555e+03
2.7 8.277336e+03 8.278080e+03 8.345487e+03 8.344743e+03
3.7 8.430818e+03 8.391391e+03 8.438167e+03 8.477594e+03
4.7 8.628979e+03 8.448556e+03 8.469522e+03 8.649944e+03
5.7 8.664679e+03 8.512309e+03 8.348483e+03 8.500853e+03
6.7 8.409732e+03 8.456590e+03 8.324249e+03 8.277391e+03
7.7 8.426778e+03 8.397407e+03 8.332552e+03 8.361924e+03
0.9 8.430818e+03 8.391391e+03 8.438167e+03 8.477594e+03
1.9 8.628979e+03 8.448556e+03 8.469522e+03 8.649944e+03
2.9 8.664679e+03 8.512309e+03 8.348483e+03 8.500853e+03
3.9 8.409732e+03 8.456590e+03 8.324249e+03 8.277391e+03
4.9 8.426778e+03 8.397407e+03 8.332552e+03 8.361924e+03
5.9 8.424976e+03 8.463913e+03 8.340258e+03 8.301321e+03
6.9 8.356029e+03 8.457511e+03 8.342575e+03 8.241094e+03
7.9 8.330877e+03 8.298299e+03 8.342943e+03 8.375521e+03
0.9 8.375196e+03 8.409497e+03 8.463106e+03 8.428805e+03
1.9 8.204312e+03 8.437167e+03 8.492767e+03 8.259911e+03
2.9 8.485693e+03 8.477014e+03 8.553775e+03 8.562455e+03
3.9 8.143447e+03 8.287437e+03 8.372759e+03 8.228769e+03
4.9 8.188650e+03 8.300718e+03 8.352002e+03 8.239934e+03
5.9 8.606742e+03 8.486035e+03 8.512274e+03 8.632981e+03
6.9 8.422845e+03 8.492403e+03 8.369240e+03 8.299682e+03
7.9 8.545544e+03 8.304801e+03 8.324879e+03 8.565622e+03
0.5 8.204312e+03 8.437167e+03 8.492767e+03 8.259911e+03
1.5 8.485693e+03 8.477014e+03 8.553775e+03 8.562455e+03
2.5 8.143447e+03 8.287437e+03 8.372759e+03 8.228769e+03
3.5 8.188650e+03 8.300718e+03 8.352002e+03 8.239934e+03
4.5 8.606742e+03 8.486035e+03 8.512274e+03 8.632981e+03
5.5 8.422845e+03 8.492403e+03 8.369240e+03 8.299682e+03
6.5 8.545544e+03 8.304801e+03 8.324879e+03 8.565622e+03
7.5 8.314000e+03 8.278224e+03 8.328672e+03 8.364448e+03
0.6 8.188650e+03 8.300718e+03 8.352002e+03 8.239934e+03
1.6 8.606742e+03 8.486035e+03 8.512274e+03 8.632981e+03
2.6 8.422845e+03 8.492403e+03 8.369240e+03 8.299682e+03
3.6 8.545544e+03 8.304801e+03 8.324879e+03 8.565622e+03
4.6 8.314000e+03 8.278224e+03 8.328672e+03 8.364448e+03
5.6 8.573253e+03 8.494590e+03 8.337987e+03 8.416649e+03
6.6 8.298268e+03 8.443890e+03 8.341499e+03 8.195877e+03
7.6 8.401667e+03 8.414426e+03 8.342173e+03 8.329414e+03
