0.9 9.084865e+03 9.167058e+03 9.156982e+03 9.074789e+03
1.9 9.151341e+03 9.141157e+03 9.111310e+03 9.121494e+03
2.9 9.052339e+03 9.044934e+03 9.103058e+03 9.110463e+03
3.9 9.206543e+03 9.169796e+03 9.134503e+03 9.171250e+03
4.9 9.123837e+03 9.195397e+03 9.168655e+03 9.097095e+03
5.9 9.310343e+03 9.200713e+03 9.132961e+03 9.242591e+03
6.9 8.956986e+03 9.052386e+03 9.108594e+03 9.013195e+03
7.9 9.098676e+03 9.122743e+03 9.153719e+03 9.129652e+03
0.6 9.123837e+03 9.195397e+03 9.168655e+03 9.097095e+03
1.6 9.310343e+03 9.200713e+03 9.132961e+03 9.242591e+03
2.6 8.956986e+03 9.052386e+03 9.108594e+03 9.013195e+03
3.6 9.098676e+03 9.122743e+03 9.153719e+03 9.129652e+03
4.6 9.103485e+03 9.205515e+03 9.160976e+03 9.058947e+03
5.6 9.173745e+03 9.228765e+03 9.134171e+03 9.079151e+03
6.6 9.159216e+03 9.171614e+03 9.114659e+03 9.102261e+03
7.6 9.100491e+03 9.161318e+03 9.135563e+03 9.074736e+03
0.7 9.098676e+03 9.122743e+03 9.153719e+03 9.129652e+03
1.7 9.103485e+03 9.205515e+03 9.160976e+03 9.058947e+03
2.7 9.173745e+03 9.228765e+03 9.134171e+03 9.079151e+03
3.7 9.159216e+03 9.171614e+03 9.114659e+03 9.102261e+03
4.7 9.100491e+03 9.161318e+03 9.135563e+03 9.074736e+03
5.7 9.312445e+03 9.188753e+03 9.112483e+03 9.236175e+03
6.7 9.280493e+03 9.156612e+03 9.092344e+03 9.216226e+03
7.7 9.164845e+03 9.139410e+03 9.124430e+03 9.149864e+03
0.3 9.103485e+03 9.205515e+03 9.160976e+03 9.058947e+03
1.3 9.173745e+03 9.228765e+03 9.134171e+03 9.079151e+03
2.3 9.159216e+03 9.171614e+03 9.114659e+03 9.102261e+03
3.3 9.100491e+03 9.161318e+03 9.135563e+03 9.074736e+03
4.3 9.312445e+03 9.188753e+03 9.112483e+03 9.236175e+03
5.3 9.280493e+03 9.156612e+03 9.092344e+03 9.216226e+03
6.3 9.164845e+03 9.139410e+03 9.124430e+03 9.149864e+03
7.3 9.281559e+03 9.180951e+03 9.135566e+03 9.236174e+03
0.9 9.159216e+03 9.171614e+03 9.114659e+03 9.102261e+03
1.9 9.100491e+03 9.161318e+03 9.135563e+03 9.074736e+03
2.9 9.312445e+03 9.188753e+03 9.112483e+03 9.236175e+03
3.9 9.280493e+03 9.156612e+03 9.092344e+03 9.216226e+03
4.9 9.164845e+03 9.139410e+03 9.124430e+03 9.149864e+03
5.9 9.281559e+03 9.180951e+03 9.135566e+03 9.236174e+03
6.9 9.018358e+03 9.079670e+03 9.148326e+03 9.087015e+03
7.9 9.224962e+03 9.128052e+03 9.162785e+03 9.259695e+03
0.5 9.100491e+03 9.161318e+03 9.135563e+03 9.074736e+03
1.5 9.312445e+03 9.188753e+03 9.112483e+03 9.236175e+03
2.5 9.280493e+03 9.156612e+03 9.092344e+03 9.216226e+03
3.5 9.164845e+03 9.139410e+03 9.124430e+03 9.149864e+03
4.5 9.281559e+03 9.180951e+03 9.135566e+03 9.236174e+03
5.5 9.018358e+03 9.079670e+03 9.148326e+03 9.087015e+03
6.5 9.224962e+03 9.128052e+03 9.162785e+03 9.259695e+03
7.5 9.220054e+03 9.163464e+03 9.121825e+03 9.178414e+03
0.7 9.224962e+03 9.128052e+03 9.162785e+03 9.259695e+03
1.7 9.220054e+03 9.163464e+03 9.121825e+03 9.178414e+03
2.7 9.020076e+03 9.039365e+03 9.098516e+03 9.079227e+03
3.7 9.031709e+03 9.041564e+03 9.126150e+03 9.116295e+03
4.7 9.111381e+03 9.054301e+03 9.134458e+03 9.191538e+03
5.7 8.941482e+03 9.059866e+03 9.133928e+03 9.015545e+03
6.7 9.051773e+03 9.066491e+03 9.138656e+03 9.123939e+03
7.7 9.231742e+03 9.119151e+03 9.165955e+03 9.278546e+03
0.6 9.231742e+03 9.119151e+03 9.165955e+03 9.278546e+03
1.6 9.231689e+03 9.232732e+03 9.165939e+03 9.164896e+03
2.6 9.232311e+03 9.217399e+03 9.123870e+03 9.138781e+03
3.6 9.121657e+03 9.153422e+03 9.117609e+03 9.085845e+03
4.6 9.189712e+03 9.177880e+03 9.141605e+03 9.153437e+03
5.6 9.231396e+03 9.191060e+03 9.112036e+03 9.152371e+03
6.6 9.040487e+03 9.134132e+03 9.090581e+03 8.996937e+03
7.6 9.307757e+03 9.123935e+03 9.120789e+03 9.304611e+03
0.2 9.231689e+03 9.232732e+03 9.165939e+03 9.164896e+03
1.2 9.232311e+03 9.217399e+03 9.123870e+03 9.138781e+03
2.2 9.121657e+03 9.153422e+03 9.117609e+03 9.085845e+03
3.2 9.189712e+03 9.177880e+03 9.141605e+03 9.153437e+03
4.2 9.231396e+03 9.191060e+03 9.112036e+03 9.152371e+03
5.2 9.040487e+03 9.134132e+03 9.090581e+03 8.996937e+03
6.2 9.307757e+03 9.123935e+03 9.120789e+03 9.304611e+03
7.2 8.972263e+03 9.052348e+03 9.135071e+03 9.054986e+03
0.7 9.121657e+03 9.153422e+03 9.117609e+03 9.085845e+03
1.7 9.189712e+03 9.177880e+03 9.141605e+03 9.153437e+03
2.7 9.231396e+03 9.191060e+03 9.112036e+03 9.152371e+03
3.7 9.040487e+03 9.134132e+03 9.090581e+03 8.996937e+03
4.7 9.307757e+03 9.123935e+03 9.120789e+03 9.304611e+03
5.7 8.972263e+03 9.052348e+03 9.135071e+03 9.054986e+03
6.7 9.186353e+03 9.158705e+03 9.135275e+03 9.162922e+03
7.7 9.268679e+03 9.153998e+03 9.133109e+03 9.247790e+03
0.3 9.189712e+03 9.177880e+03 9.141605e+03 9.153437e+03
1.3 9.231396e+03 9.191060e+03 9.112036e+03 9.152371e+03
2.3 9.040487e+03 9.134132e+03 9.090581e+03 8.996937e+03
3.3 9.307757e+03 9.123935e+03 9.120789e+03 9.304611e+03
4.3 8.972263e+03 9.052348e+03 9.135071e+03 9.054986e+03
5.3 9.186353e+03 9.158705e+03 9.135275e+03 9.162922e+03
6.3 9.268679e+03 9.153998e+03 9.133109e+03 9.247790e+03
7.3 9.124771e+03 9.187740e+03 9.132116e+03 9.069147e+03
0.7 9.231243e+03 9.180553e+03 9.161764e+03 9.212454e+03
1.7 9.125112e+03 9.156985e+03 9.121633e+03 9.089760e+03
2.7 9.183194e+03 9.168217e+03 9.098502e+03 9.113479e+03
3.7 9.257385e+03 9.160297e+03 9.126160e+03 9.223247e+03
4.7 9.131680e+03 9.133919e+03 9.134471e+03 9.132231e+03
5.7 9.054913e+03 9.049434e+03 9.133941e+03 9.139420e+03
6.7 9.198088e+03 9.153882e+03 9.132488e+03 9.176694e+03
7.7 9.202528e+03 9.150410e+03 9.131972e+03 9.184091e+03
0.9 9.105059e+03 9.166753e+03 9.157013e+03 9.095319e+03
1.9 9.166957e+03 9.135922e+03 9.111342e+03 9.142376e+03
2.9 8.963648e+03 9.059872e+03 9.132568e+03 9.036345e+03
3.9 9.194062e+03 9.181923e+03 9.154846e+03 9.166984e+03
4.9 9.073695e+03 9.160984e+03 9.139073e+03 9.051785e+03
5.9 9.106559e+03 9.170343e+03 9.109012e+03 9.045227e+03
6.9 9.145752e+03 9.160295e+03 9.093510e+03 9.078966e+03
7.9 8.893060e+03 9.139775e+03 9.126518e+03 8.879803e+03
1.0 9.194062e+03 9.181923e+03 9.154846e+03 9.166984e+03
2.0 9.073695e+03 9.160984e+03 9.139073e+03 9.051785e+03
3.0 9.106559e+03 9.170343e+03 9.109012e+03 9.045227e+03
4.0 9.145752e+03 9.160295e+03 9.093510e+03 9.078966e+03
5.0 8.893060e+03 9.139775e+03 9.126518e+03 8.879803e+03
6.0 9.132230e+03 9.150948e+03 9.135688e+03 9.116970e+03
7.0 9.035022e+03 9.049937e+03 9.134602e+03 9.119688e+03
8.0 9.158835e+03 9.119468e+03 9.132711e+03 9.172078e+03
0.6 9.073695e+03 9.160984e+03 9.139073e+03 9.051785e+03
1.6 9.106559e+03 9.170343e+03 9.109012e+03 9.045227e+03
2.6 9.145752e+03 9.160295e+03 9.093510e+03 9.078966e+03
3.6 8.893060e+03 9.139775e+03 9.126518e+03 8.879803e+03
4.6 9.132230e+03 9.150948e+03 9.135688e+03 9.116970e+03
5.6 9.035022e+03 9.049937e+03 9.134602e+03 9.119688e+03
6.6 9.158835e+03 9.119468e+03 9.132711e+03 9.172078e+03
7.6 9.155872e+03 9.147439e+03 9.132025e+03 9.140458e+03
1.0 9.278805e+03 9.205793e+03 9.152183e+03 9.225195e+03
2.0 9.165028e+03 9.085907e+03 9.102257e+03 9.181378e+03
3.0 9.040046e+03 9.017624e+03 9.107890e+03 9.130311e+03
4.0 9.158556e+03 9.166879e+03 9.130141e+03 9.121818e+03
5.0 9.073127e+03 9.157005e+03 9.134778e+03 9.050900e+03
6.0 9.323568e+03 9.156128e+03 9.133458e+03 9.300899e+03
7.0 9.105688e+03 9.048258e+03 9.132278e+03 9.189709e+03
8.0 9.181522e+03 9.118319e+03 9.133745e+03 9.196948e+03
0.5 9.301015e+03 9.177607e+03 9.168541e+03 9.291949e+03
1.5 9.335074e+03 9.233523e+03 9.167870e+03 9.269422e+03
2.5 9.153244e+03 9.176758e+03 9.119009e+03 9.095495e+03
3.5 9.151171e+03 9.131775e+03 9.124766e+03 9.144162e+03
4.5 9.152558e+03 9.184861e+03 9.143606e+03 9.111302e+03
5.5 9.112580e+03 9.174090e+03 9.111340e+03 9.049830e+03
6.5 9.111933e+03 9.051917e+03 9.091354e+03 9.151370e+03
7.5 9.073372e+03 9.014259e+03 9.116511e+03 9.175623e+03
1.0 9.153244e+03 9.176758e+03 9.119009e+03 9.095495e+03
2.0 9.151171e+03 9.131775e+03 9.124766e+03 9.144162e+03
3.0 9.152558e+03 9.184861e+03 9.143606e+03 9.111302e+03
4.0 9.112580e+03 9.174090e+03 9.111340e+03 9.049830e+03
5.0 9.111933e+03 9.051917e+03 9.091354e+03 9.151370e+03
6.0 9.073372e+03 9.014259e+03 9.116511e+03 9.175623e+03
7.0 9.026781e+03 9.034049e+03 9.134332e+03 9.127064e+03
8.0 9.159016e+03 9.129589e+03 9.135592e+03 9.165019e+03
0.6 9.151171e+03 9.131775e+03 9.124766e+03 9.144162e+03
1.6 9.152558e+03 9.184861e+03 9.143606e+03 9.111302e+03
2.6 9.112580e+03 9.174090e+03 9.111340e+03 9.049830e+03
3.6 9.111933e+03 9.051917e+03 9.091354e+03 9.151370e+03
4.6 9.073372e+03 9.014259e+03 9.116511e+03 9.175623e+03
5.6 9.026781e+03 9.034049e+03 9.134332e+03 9.127064e+03
6.6 9.159016e+03 9.129589e+03 9.135592e+03 9.165019e+03
7.6 8.935373e+03 9.151521e+03 9.133390e+03 8.917243e+03
0.2 9.152558e+03 9.184861e+03 9.143606e+03 9.111302e+03
1.2 9.112580e+03 9.174090e+03 9.111340e+03 9.049830e+03
2.2 9.111933e+03 9.051917e+03 9.091354e+03 9.151370e+03
3.2 9.073372e+03 9.014259e+03 9.116511e+03 9.175623e+03
4.2 9.026781e+03 9.034049e+03 9.134332e+03 9.127064e+03
5.2 9.159016e+03 9.129589e+03 9.135592e+03 9.165019e+03
6.2 8.935373e+03 9.151521e+03 9.133390e+03 8.917243e+03
7.2 9.188468e+03 9.189364e+03 9.132221e+03 9.131325e+03
0.2 9.283744e+03 9.197374e+03 9.166666e+03 9.253037e+03
1.2 9.171975e+03 9.216066e+03 9.147654e+03 9.103563e+03
2.2 9.209727e+03 9.060715e+03 9.096081e+03 9.245093e+03
3.2 9.069450e+03 9.048347e+03 9.149639e+03 9.170742e+03
4.2 9.307853e+03 9.211788e+03 9.164934e+03 9.260999e+03
5.2 9.079408e+03 9.166109e+03 9.122495e+03 9.035794e+03
6.2 9.102093e+03 9.146639e+03 9.134201e+03 9.089655e+03
7.2 9.072434e+03 9.165070e+03 9.110749e+03 9.018113e+03
0.3 9.069450e+03 9.048347e+03 9.149639e+03 9.170742e+03
1.3 9.307853e+03 9.211788e+03 9.164934e+03 9.260999e+03
2.3 9.079408e+03 9.166109e+03 9.122495e+03 9.035794e+03
3.3 9.102093e+03 9.146639e+03 9.134201e+03 9.089655e+03
4.3 9.072434e+03 9.165070e+03 9.110749e+03 9.018113e+03
0.9 9.079408e+03 9.166109e+03 9.122495e+03 9.035794e+03
1.9 9.102093e+03 9.146639e+03 9.134201e+03 9.089655e+03
2.9 9.072434e+03 9.165070e+03 9.110749e+03 9.018113e+03
0.5 9.102093e+03 9.146639e+03 9.134201e+03 9.089655e+03
1.5 9.072434e+03 9.165070e+03 9.110749e+03 9.018113e+03
