9.077249e+03 9.103327e+03 9.069647e+03 9.110929e+03
9.124955e+03 9.103115e+03 9.069372e+03 9.158698e+03
9.078152e+03 9.102902e+03 9.069308e+03 9.111746e+03
8.924362e+03 9.102689e+03 9.080029e+03 8.947022e+03
9.160687e+03 9.102476e+03 9.210100e+03 9.053063e+03
8.912397e+03 9.102263e+03 9.098121e+03 8.916540e+03
9.110450e+03 9.102051e+03 9.084498e+03 9.128003e+03
9.265987e+03 9.101838e+03 9.188084e+03 9.179741e+03
9.005893e+03 9.101625e+03 9.083929e+03 9.023588e+03
9.211636e+03 9.101412e+03 9.108958e+03 9.204089e+03
9.224147e+03 9.101199e+03 9.171846e+03 9.153501e+03
8.996684e+03 9.100985e+03 9.095397e+03 9.002272e+03
9.084865e+03 9.189876e+03 9.167058e+03 9.107683e+03
9.151341e+03 9.204313e+03 9.141157e+03 9.214497e+03
9.052339e+03 9.107032e+03 9.044934e+03 9.114437e+03
9.206543e+03 9.086568e+03 9.169796e+03 9.123315e+03
9.123837e+03 9.117333e+03 9.195397e+03 9.045773e+03
9.310343e+03 9.236607e+03 9.200713e+03 9.346236e+03
8.956986e+03 9.123241e+03 9.052386e+03 9.027841e+03
9.098676e+03 9.141657e+03 9.122743e+03 9.117590e+03
9.103485e+03 9.212646e+03 9.205515e+03 9.110617e+03
9.173745e+03 9.261571e+03 9.228765e+03 9.206551e+03
9.159216e+03 9.223805e+03 9.171614e+03 9.211407e+03
9.100491e+03 9.192641e+03 9.161318e+03 9.131814e+03
9.312445e+03 9.239772e+03 9.188753e+03 9.363464e+03
9.280493e+03 9.115031e+03 9.156612e+03 9.238912e+03
9.164845e+03 9.078414e+03 9.139410e+03 9.103848e+03
9.281559e+03 9.084128e+03 9.180951e+03 9.184736e+03
9.018358e+03 9.093023e+03 9.079670e+03 9.031711e+03
9.224962e+03 9.150914e+03 9.128052e+03 9.247824e+03
9.220054e+03 9.219535e+03 9.163464e+03 9.276125e+03
9.020076e+03 9.111166e+03 9.039365e+03 9.091877e+03
9.031709e+03 9.083311e+03 9.041564e+03 9.073457e+03
9.111381e+03 9.087342e+03 9.054301e+03 9.144422e+03
8.941482e+03 9.093439e+03 9.059866e+03 8.975055e+03
9.051773e+03 9.095384e+03 9.066491e+03 9.080666e+03
9.231742e+03 9.120799e+03 9.119151e+03 9.233390e+03
9.231689e+03 9.234449e+03 9.232732e+03 9.233406e+03
9.232311e+03 9.261238e+03 9.217399e+03 9.276149e+03
9.121657e+03 9.203574e+03 9.153422e+03 9.171809e+03
9.189712e+03 9.204088e+03 9.177880e+03 9.215920e+03
9.231396e+03 9.244340e+03 9.191060e+03 9.284676e+03
9.040487e+03 9.124714e+03 9.134132e+03 9.031070e+03
9.307757e+03 9.075912e+03 9.123935e+03 9.259734e+03
8.972263e+03 9.078925e+03 9.052348e+03 8.998840e+03
9.186353e+03 9.088434e+03 9.158705e+03 9.116081e+03
9.268679e+03 9.092398e+03 9.153998e+03 9.207079e+03
9.124771e+03 9.093123e+03 9.187740e+03 9.030154e+03
9.102126e+03 9.093044e+03 9.210654e+03 8.984516e+03
9.231243e+03 9.147462e+03 9.180553e+03 9.198152e+03
9.125112e+03 9.215349e+03 9.156985e+03 9.183476e+03
9.183194e+03 9.106879e+03 9.168217e+03 9.121856e+03
9.257385e+03 9.079012e+03 9.160297e+03 9.176099e+03
9.131680e+03 9.083041e+03 9.133919e+03 9.080802e+03
9.054913e+03 9.089137e+03 9.049434e+03 9.094616e+03
9.198088e+03 9.091080e+03 9.153882e+03 9.135286e+03
9.202528e+03 9.091275e+03 9.150410e+03 9.143394e+03
9.043535e+03 9.091115e+03 9.180815e+03 8.953835e+03
9.201341e+03 9.090902e+03 9.059258e+03 9.232985e+03
9.208512e+03 9.090686e+03 9.035341e+03 9.263858e+03
9.050024e+03 9.090470e+03 9.042915e+03 9.097580e+03
9.018864e+03 9.090254e+03 9.072123e+03 9.036995e+03
9.105059e+03 9.179141e+03 9.166753e+03 9.117446e+03
9.166957e+03 9.193575e+03 9.135922e+03 9.224610e+03
8.963648e+03 9.096291e+03 9.059872e+03 9.000068e+03
9.194062e+03 9.196104e+03 9.181923e+03 9.208243e+03
9.073695e+03 9.190982e+03 9.160984e+03 9.103694e+03
9.106559e+03 9.226372e+03 9.170343e+03 9.162588e+03
9.145752e+03 9.099039e+03 9.160295e+03 9.084496e+03
8.893060e+03 9.069568e+03 9.139775e+03 8.822852e+03
9.132230e+03 9.076544e+03 9.150948e+03 9.057826e+03
9.035022e+03 9.084576e+03 9.049937e+03 9.069662e+03
9.158835e+03 9.087224e+03 9.119468e+03 9.126590e+03
9.155872e+03 9.087572e+03 9.147439e+03 9.096005e+03
9.260271e+03 9.087428e+03 9.221477e+03 9.126222e+03
9.278805e+03 9.207499e+03 9.205793e+03 9.280510e+03
9.165028e+03 9.171398e+03 9.085907e+03 9.250519e+03
9.040046e+03 9.087300e+03 9.017624e+03 9.109722e+03
9.158556e+03 9.073119e+03 9.166879e+03 9.064796e+03
9.073127e+03 9.079634e+03 9.157005e+03 8.995756e+03
9.323568e+03 9.084453e+03 9.156128e+03 9.251893e+03
9.105688e+03 9.085645e+03 9.048258e+03 9.143076e+03
9.181522e+03 9.085665e+03 9.118319e+03 9.148868e+03
9.301015e+03 9.092842e+03 9.177607e+03 9.216250e+03
9.335074e+03 9.234931e+03 9.233523e+03 9.336482e+03
9.153244e+03 9.241169e+03 9.176758e+03 9.217655e+03
9.151171e+03 9.183967e+03 9.131775e+03 9.203363e+03
9.152558e+03 9.212972e+03 9.184861e+03 9.180669e+03
9.112580e+03 9.233009e+03 9.174090e+03 9.171499e+03
9.111933e+03 9.130614e+03 9.051917e+03 9.190630e+03
9.073372e+03 9.067806e+03 9.014259e+03 9.126919e+03
9.026781e+03 9.067264e+03 9.034049e+03 9.059996e+03
9.159016e+03 9.077166e+03 9.129589e+03 9.106592e+03
8.935373e+03 9.081891e+03 9.151521e+03 8.865743e+03
9.188468e+03 9.082867e+03 9.189364e+03 9.081970e+03
8.921455e+03 9.082834e+03 9.061204e+03 8.943085e+03
8.974053e+03 9.082637e+03 9.053740e+03 9.002951e+03
9.283744e+03 9.082434e+03 9.197374e+03 9.168805e+03
9.171975e+03 9.224122e+03 9.216066e+03 9.180031e+03
9.209727e+03 9.148137e+03 9.060715e+03 9.297149e+03
9.069450e+03 9.078431e+03 9.048347e+03 9.099535e+03
9.307853e+03 9.220094e+03 9.211788e+03 9.316158e+03
9.079408e+03 9.214590e+03 9.166109e+03 9.127889e+03
9.102093e+03 9.183018e+03 9.146639e+03 9.138471e+03
9.072434e+03 9.224881e+03 9.165070e+03 9.132245e+03
8.910176e+03 9.098145e+03 8.997378e+03 9.010942e+03
