9.537358e+03 9.591798e+03 9.583346e+03 9.545810e+03
9.593588e+03 9.591708e+03 9.583241e+03 9.602056e+03
9.530031e+03 9.591618e+03 9.583458e+03 9.538191e+03
9.540253e+03 9.591529e+03 9.591318e+03 9.540464e+03
9.630703e+03 9.591439e+03 9.619387e+03 9.602756e+03
9.548827e+03 9.591350e+03 9.585345e+03 9.554832e+03
9.577484e+03 9.591260e+03 9.590214e+03 9.578530e+03
9.616297e+03 9.591170e+03 9.612923e+03 9.594544e+03
9.572130e+03 9.591081e+03 9.583470e+03 9.579742e+03
9.620858e+03 9.590991e+03 9.596239e+03 9.615609e+03
9.598197e+03 9.590901e+03 9.607439e+03 9.581660e+03
9.576951e+03 9.590812e+03 9.583069e+03 9.584694e+03
9.627520e+03 9.628231e+03 9.619807e+03 9.635943e+03
9.645109e+03 9.634308e+03 9.620479e+03 9.658938e+03
9.564456e+03 9.593357e+03 9.584743e+03 9.573070e+03
9.613391e+03 9.584743e+03 9.608522e+03 9.589612e+03
9.579938e+03 9.597693e+03 9.609978e+03 9.567654e+03
9.651411e+03 9.647903e+03 9.635227e+03 9.664087e+03
9.591194e+03 9.600180e+03 9.583962e+03 9.607413e+03
9.627159e+03 9.607933e+03 9.601912e+03 9.633180e+03
9.605949e+03 9.637816e+03 9.633986e+03 9.609779e+03
9.651968e+03 9.658412e+03 9.650058e+03 9.660322e+03
9.618821e+03 9.642514e+03 9.630770e+03 9.630565e+03
9.581256e+03 9.629395e+03 9.621245e+03 9.589406e+03
9.642809e+03 9.649235e+03 9.642350e+03 9.649694e+03
9.666210e+03 9.596724e+03 9.614178e+03 9.648756e+03
9.601188e+03 9.581310e+03 9.597826e+03 9.584672e+03
9.641528e+03 9.583716e+03 9.604002e+03 9.621241e+03
9.573132e+03 9.587460e+03 9.577012e+03 9.583580e+03
9.607348e+03 9.611829e+03 9.602866e+03 9.616312e+03
9.653682e+03 9.640716e+03 9.628001e+03 9.666397e+03
9.576532e+03 9.595097e+03 9.580095e+03 9.591535e+03
9.578997e+03 9.583372e+03 9.573467e+03 9.588902e+03
9.582484e+03 9.585068e+03 9.576597e+03 9.590956e+03
9.536335e+03 9.587635e+03 9.579051e+03 9.544919e+03
9.565796e+03 9.588454e+03 9.580672e+03 9.573578e+03
9.598139e+03 9.599152e+03 9.596073e+03 9.601219e+03
9.626703e+03 9.646994e+03 9.643899e+03 9.629799e+03
9.631034e+03 9.658271e+03 9.647895e+03 9.641410e+03
9.648346e+03 9.633997e+03 9.622526e+03 9.659817e+03
9.644612e+03 9.634214e+03 9.626875e+03 9.651951e+03
9.649209e+03 9.651158e+03 9.642600e+03 9.657767e+03
9.609971e+03 9.600800e+03 9.610129e+03 9.600643e+03
9.640942e+03 9.580257e+03 9.590084e+03 9.631115e+03
9.588408e+03 9.581525e+03 9.574709e+03 9.595225e+03
9.639336e+03 9.585528e+03 9.606305e+03 9.618559e+03
9.602928e+03 9.587197e+03 9.603612e+03 9.586512e+03
9.601320e+03 9.587502e+03 9.612977e+03 9.575845e+03
9.570156e+03 9.587469e+03 9.612525e+03 9.545100e+03
9.668049e+03 9.610376e+03 9.610183e+03 9.668242e+03
9.611545e+03 9.638954e+03 9.628335e+03 9.622164e+03
9.641202e+03 9.593293e+03 9.616610e+03 9.617885e+03
9.627358e+03 9.581562e+03 9.600829e+03 9.608091e+03
9.589996e+03 9.583258e+03 9.590693e+03 9.582562e+03
9.586236e+03 9.585824e+03 9.575975e+03 9.596085e+03
9.602914e+03 9.586642e+03 9.606181e+03 9.583375e+03
9.631706e+03 9.586724e+03 9.602781e+03 9.615650e+03
9.563068e+03 9.586657e+03 9.605758e+03 9.543967e+03
9.637689e+03 9.586567e+03 9.572900e+03 9.651356e+03
9.594565e+03 9.586476e+03 9.571794e+03 9.609247e+03
9.608608e+03 9.586385e+03 9.575026e+03 9.619967e+03
9.600801e+03 9.586294e+03 9.580447e+03 9.606648e+03
9.621643e+03 9.623712e+03 9.618764e+03 9.626591e+03
9.620666e+03 9.629788e+03 9.616949e+03 9.633505e+03
9.586094e+03 9.588836e+03 9.579645e+03 9.595284e+03
9.641586e+03 9.630853e+03 9.625498e+03 9.646940e+03
9.593704e+03 9.628696e+03 9.620607e+03 9.601794e+03
9.621216e+03 9.643594e+03 9.636519e+03 9.628291e+03
9.613974e+03 9.589993e+03 9.612688e+03 9.591278e+03
9.566385e+03 9.577586e+03 9.594681e+03 9.549291e+03
9.602055e+03 9.580523e+03 9.594448e+03 9.588130e+03
9.576971e+03 9.583904e+03 9.573232e+03 9.587643e+03
9.597090e+03 9.585019e+03 9.596634e+03 9.585474e+03
9.585683e+03 9.585165e+03 9.603159e+03 9.567690e+03
9.619519e+03 9.585105e+03 9.613437e+03 9.591186e+03
9.644432e+03 9.635649e+03 9.627326e+03 9.652756e+03
9.626326e+03 9.620452e+03 9.600044e+03 9.646735e+03
9.611895e+03 9.585051e+03 9.575162e+03 9.621784e+03
9.617136e+03 9.579081e+03 9.607529e+03 9.588689e+03
9.558099e+03 9.581824e+03 9.600225e+03 9.539697e+03
9.594667e+03 9.583852e+03 9.597298e+03 9.581222e+03
9.562037e+03 9.584354e+03 9.573178e+03 9.573212e+03
9.606804e+03 9.584362e+03 9.595731e+03 9.595435e+03
9.615116e+03 9.587384e+03 9.603295e+03 9.599205e+03
9.665888e+03 9.647197e+03 9.640090e+03 9.672995e+03
9.625533e+03 9.649823e+03 9.634247e+03 9.641109e+03
9.634335e+03 9.625744e+03 9.613646e+03 9.646432e+03
9.649619e+03 9.637953e+03 9.630260e+03 9.657313e+03
9.620475e+03 9.646388e+03 9.633286e+03 9.633577e+03
9.559025e+03 9.603284e+03 9.586718e+03 9.575591e+03
9.568848e+03 9.576845e+03 9.564612e+03 9.581081e+03
9.561086e+03 9.576616e+03 9.571354e+03 9.566349e+03
9.601397e+03 9.580785e+03 9.597658e+03 9.584524e+03
9.553800e+03 9.582774e+03 9.602516e+03 9.534058e+03
9.604476e+03 9.583184e+03 9.606523e+03 9.581138e+03
9.515020e+03 9.583171e+03 9.572253e+03 9.525937e+03
9.568586e+03 9.583088e+03 9.579620e+03 9.572055e+03
9.610569e+03 9.583002e+03 9.609511e+03 9.584061e+03
9.616039e+03 9.642647e+03 9.634299e+03 9.624387e+03
9.626496e+03 9.610660e+03 9.590434e+03 9.646722e+03
9.585927e+03 9.581317e+03 9.572746e+03 9.594498e+03
9.651583e+03 9.640951e+03 9.636637e+03 9.655898e+03
9.587163e+03 9.638634e+03 9.627321e+03 9.598476e+03
9.600936e+03 9.625344e+03 9.616057e+03 9.610222e+03
9.617740e+03 9.642967e+03 9.629614e+03 9.631093e+03
9.539234e+03 9.589616e+03 9.569184e+03 9.559666e+03
