0.5 9.794275e+03 9.753333e+03 9.825849e+03 9.866791e+03
1.5 9.807806e+03 9.812190e+03 9.825829e+03 9.821445e+03
2.5 9.884677e+03 9.870993e+03 9.825808e+03 9.839492e+03
3.5 9.941516e+03 9.865658e+03 9.825786e+03 9.901643e+03
4.5 9.934417e+03 9.842489e+03 9.825762e+03 9.917690e+03
5.5 9.783734e+03 9.803373e+03 9.832539e+03 9.812900e+03
6.5 9.831010e+03 9.813058e+03 9.838666e+03 9.856618e+03
7.5 9.795016e+03 9.834654e+03 9.838313e+03 9.798675e+03
0.1 9.804821e+03 9.843953e+03 9.825248e+03 9.786116e+03
1.1 9.775432e+03 9.856230e+03 9.825212e+03 9.744414e+03
2.1 9.826574e+03 9.823675e+03 9.825177e+03 9.828077e+03
3.1 9.867980e+03 9.801237e+03 9.825145e+03 9.891889e+03
4.1 9.802735e+03 9.785692e+03 9.825115e+03 9.842159e+03
5.1 9.876480e+03 9.799417e+03 9.826383e+03 9.903447e+03
6.1 9.754599e+03 9.776488e+03 9.839316e+03 9.817426e+03
7.1 9.750633e+03 9.753341e+03 9.844476e+03 9.841768e+03
0.5 9.703283e+03 9.766077e+03 9.825005e+03 9.762212e+03
1.5 9.813401e+03 9.826239e+03 9.824991e+03 9.812154e+03
2.5 9.853396e+03 9.884768e+03 9.824979e+03 9.793607e+03
3.5 9.883969e+03 9.879050e+03 9.824970e+03 9.829889e+03
4.5 9.912268e+03 9.853280e+03 9.824963e+03 9.883952e+03
5.5 9.826189e+03 9.812232e+03 9.831761e+03 9.845718e+03
6.5 9.741598e+03 9.822677e+03 9.837913e+03 9.756833e+03
7.5 9.871338e+03 9.843742e+03 9.837587e+03 9.865183e+03
0.1 9.845274e+03 9.844068e+03 9.824928e+03 9.826134e+03
1.1 9.875145e+03 9.859225e+03 9.824925e+03 9.840844e+03
2.1 9.794275e+03 9.827990e+03 9.824922e+03 9.791207e+03
3.1 9.832159e+03 9.804256e+03 9.824919e+03 9.852823e+03
4.1 9.698438e+03 9.787192e+03 9.824919e+03 9.736164e+03
5.1 9.860581e+03 9.801477e+03 9.825891e+03 9.884995e+03
6.1 9.895388e+03 9.778850e+03 9.838848e+03 9.955386e+03
7.1 9.796483e+03 9.755371e+03 9.844352e+03 9.885465e+03
0.5 9.758246e+03 9.767231e+03 9.824914e+03 9.815929e+03
1.5 9.856277e+03 9.828745e+03 9.824914e+03 9.852447e+03
2.5 9.932136e+03 9.887147e+03 9.824916e+03 9.869904e+03
3.5 9.936114e+03 9.879838e+03 9.824917e+03 9.881193e+03
4.5 9.748117e+03 9.851782e+03 9.824918e+03 9.721253e+03
5.5 9.847543e+03 9.810646e+03 9.831723e+03 9.868620e+03
6.5 9.765665e+03 9.821449e+03 9.837881e+03 9.782097e+03
7.5 9.878551e+03 9.842437e+03 9.837560e+03 9.873674e+03
0.0 9.905427e+03 9.839855e+03 9.824967e+03 9.890538e+03
1.0 9.866908e+03 9.858219e+03 9.824968e+03 9.833657e+03
2.0 9.878203e+03 9.830197e+03 9.824970e+03 9.872977e+03
3.0 9.880521e+03 9.804373e+03 9.824974e+03 9.901122e+03
4.0 9.613423e+03 9.784705e+03 9.824980e+03 9.653697e+03
5.0 9.754643e+03 9.800453e+03 9.825313e+03 9.779502e+03
6.0 9.673126e+03 9.778672e+03 9.838281e+03 9.732734e+03
7.0 9.748447e+03 9.754688e+03 9.844448e+03 9.838207e+03
0.5 9.721959e+03 9.764856e+03 9.825051e+03 9.782153e+03
1.5 9.803431e+03 9.825991e+03 9.825078e+03 9.802518e+03
2.5 9.796938e+03 9.883967e+03 9.825111e+03 9.738083e+03
3.5 9.811890e+03 9.877663e+03 9.825152e+03 9.759379e+03
4.5 9.848376e+03 9.849066e+03 9.825200e+03 9.824510e+03
5.5 9.851006e+03 9.805837e+03 9.832060e+03 9.877228e+03
6.5 9.751629e+03 9.818258e+03 9.838280e+03 9.771651e+03
7.5 9.820407e+03 9.838520e+03 9.838033e+03 9.819920e+03
