0.5 1.039882e+04 1.036205e+04 1.035147e+04 1.038823e+04
1.5 1.031408e+04 1.034607e+04 1.035168e+04 1.031968e+04
2.5 1.033175e+04 1.031350e+04 1.035369e+04 1.037194e+04
3.5 1.031050e+04 1.036058e+04 1.042602e+04 1.037595e+04
4.5 1.037533e+04 1.040071e+04 1.042609e+04 1.040071e+04
5.5 1.040474e+04 1.041180e+04 1.038727e+04 1.038022e+04
6.5 1.035014e+04 1.037898e+04 1.035217e+04 1.032333e+04
7.5 1.036612e+04 1.036956e+04 1.035221e+04 1.034877e+04
0.1 1.037971e+04 1.035329e+04 1.035041e+04 1.037684e+04
1.1 1.040589e+04 1.038854e+04 1.035025e+04 1.036760e+04
2.1 1.043904e+04 1.042155e+04 1.035011e+04 1.036760e+04
3.1 1.048908e+04 1.044535e+04 1.039442e+04 1.043815e+04
4.1 1.047075e+04 1.046587e+04 1.046097e+04 1.046584e+04
5.1 1.035583e+04 1.043072e+04 1.045346e+04 1.037857e+04
6.1 1.037309e+04 1.036532e+04 1.037930e+04 1.038707e+04
7.1 1.032662e+04 1.034461e+04 1.034960e+04 1.033161e+04
0.5 1.039548e+04 1.034352e+04 1.034949e+04 1.040144e+04
1.5 1.033363e+04 1.032816e+04 1.034946e+04 1.035492e+04
2.5 1.035141e+04 1.029698e+04 1.035129e+04 1.040572e+04
3.5 1.033822e+04 1.034533e+04 1.042349e+04 1.041638e+04
4.5 1.043913e+04 1.038859e+04 1.042348e+04 1.047402e+04
5.5 1.040931e+04 1.040160e+04 1.038459e+04 1.039230e+04
6.5 1.040900e+04 1.036845e+04 1.034939e+04 1.038993e+04
7.5 1.044461e+04 1.036002e+04 1.034936e+04 1.043394e+04
0.1 1.033337e+04 1.035259e+04 1.034920e+04 1.032998e+04
1.1 1.040054e+04 1.038577e+04 1.034918e+04 1.036395e+04
2.1 1.038325e+04 1.041907e+04 1.034918e+04 1.031336e+04
3.1 1.040105e+04 1.044324e+04 1.039176e+04 1.034958e+04
4.1 1.056940e+04 1.046580e+04 1.046026e+04 1.056387e+04
5.1 1.054021e+04 1.043150e+04 1.045469e+04 1.056340e+04
6.1 1.030046e+04 1.036604e+04 1.038061e+04 1.031502e+04
7.1 1.033022e+04 1.034364e+04 1.034912e+04 1.033569e+04
0.5 1.033361e+04 1.034296e+04 1.034912e+04 1.033977e+04
1.5 1.032161e+04 1.032685e+04 1.034913e+04 1.034388e+04
2.5 1.035682e+04 1.029573e+04 1.035099e+04 1.041207e+04
3.5 1.033505e+04 1.034497e+04 1.042322e+04 1.041330e+04
4.5 1.032776e+04 1.039025e+04 1.042323e+04 1.036075e+04
5.5 1.042659e+04 1.040332e+04 1.038437e+04 1.040764e+04
6.5 1.030551e+04 1.036859e+04 1.034920e+04 1.028612e+04
7.5 1.035809e+04 1.036023e+04 1.034922e+04 1.034709e+04
0.0 1.032950e+04 1.035514e+04 1.034956e+04 1.032392e+04
1.0 1.036468e+04 1.038496e+04 1.034962e+04 1.032934e+04
2.0 1.039099e+04 1.041846e+04 1.034971e+04 1.032224e+04
3.0 1.040387e+04 1.044305e+04 1.038870e+04 1.034951e+04
4.0 1.053054e+04 1.046949e+04 1.046103e+04 1.052208e+04
5.0 1.034580e+04 1.043677e+04 1.045931e+04 1.036834e+04
6.0 1.033545e+04 1.037116e+04 1.038541e+04 1.034969e+04
7.0 1.040339e+04 1.034545e+04 1.035043e+04 1.040837e+04
0.5 1.032382e+04 1.034590e+04 1.035095e+04 1.032888e+04
1.5 1.029101e+04 1.033020e+04 1.035128e+04 1.031209e+04
2.5 1.032511e+04 1.029953e+04 1.035351e+04 1.037909e+04
3.5 1.034585e+04 1.034844e+04 1.042616e+04 1.042357e+04
4.5 1.038610e+04 1.039426e+04 1.042664e+04 1.041848e+04
5.5 1.042134e+04 1.040874e+04 1.038830e+04 1.040090e+04
6.5 1.040122e+04 1.037412e+04 1.035372e+04 1.038082e+04
7.5 1.037326e+04 1.036642e+04 1.035439e+04 1.036123e+04
