0.5 9.886288e+03 9.884348e+03 9.950823e+03 9.952763e+03
1.5 9.928101e+03 9.941820e+03 9.950751e+03 9.937031e+03
2.5 9.894463e+03 9.972839e+03 9.950675e+03 9.872299e+03
3.5 1.000580e+04 9.935714e+03 9.950592e+03 1.002068e+04
4.5 9.961736e+03 9.937908e+03 9.950504e+03 9.974332e+03
5.5 9.875723e+03 9.942154e+03 9.975628e+03 9.909197e+03
6.5 9.998534e+03 9.968875e+03 9.998343e+03 1.002800e+04
7.5 1.003086e+04 9.998550e+03 9.997035e+03 1.002935e+04
0.1 9.927198e+03 9.974028e+03 9.948598e+03 9.901768e+03
1.1 9.990255e+03 1.003783e+04 9.948463e+03 9.900884e+03
2.1 1.000796e+04 1.004064e+04 9.948335e+03 9.915649e+03
3.1 9.989352e+03 9.997831e+03 9.948215e+03 9.939736e+03
4.1 9.892528e+03 9.940963e+03 9.948104e+03 9.899669e+03
5.1 9.996154e+03 9.935117e+03 9.952806e+03 1.001384e+04
6.1 9.963534e+03 9.924736e+03 1.000075e+04 1.003955e+04
7.1 9.968636e+03 9.899617e+03 1.001989e+04 1.008891e+04
0.5 9.914326e+03 9.871572e+03 9.947696e+03 9.990449e+03
1.5 1.000841e+04 9.931942e+03 9.947644e+03 1.002411e+04
2.5 9.943942e+03 9.964794e+03 9.947601e+03 9.926749e+03
3.5 1.003859e+04 9.929195e+03 9.947567e+03 1.005696e+04
4.5 9.990127e+03 9.931918e+03 9.947542e+03 1.000575e+04
5.5 9.904217e+03 9.936529e+03 9.972744e+03 9.940433e+03
6.5 1.003127e+04 9.965124e+03 9.995552e+03 1.006170e+04
7.5 1.004265e+04 9.995775e+03 9.994345e+03 1.004122e+04
0.1 1.000754e+04 9.971320e+03 9.947410e+03 9.983635e+03
1.1 1.006138e+04 1.003750e+04 9.947399e+03 9.971277e+03
2.1 1.002089e+04 1.004258e+04 9.947389e+03 9.925702e+03
3.1 1.002394e+04 1.000043e+04 9.947379e+03 9.970894e+03
4.1 9.955926e+03 9.941967e+03 9.947375e+03 9.961334e+03
5.1 9.955183e+03 9.935599e+03 9.950980e+03 9.970564e+03
6.1 9.832604e+03 9.925961e+03 9.999021e+03 9.905663e+03
7.1 9.871558e+03 9.901197e+03 1.001943e+04 9.989789e+03
0.5 9.839181e+03 9.872243e+03 9.947360e+03 9.914297e+03
1.5 9.858741e+03 9.933421e+03 9.947360e+03 9.872681e+03
2.5 9.950291e+03 9.966224e+03 9.947364e+03 9.931431e+03
3.5 9.858426e+03 9.929743e+03 9.947368e+03 9.876051e+03
4.5 9.933361e+03 9.931642e+03 9.947375e+03 9.949094e+03
5.5 9.886778e+03 9.936239e+03 9.972605e+03 9.923144e+03
6.5 9.915059e+03 9.964653e+03 9.995434e+03 9.945840e+03
7.5 9.934197e+03 9.995280e+03 9.994246e+03 9.933163e+03
0.0 9.978487e+03 9.968647e+03 9.947554e+03 9.957394e+03
1.0 1.009352e+04 1.003487e+04 9.947559e+03 1.000621e+04
2.0 1.010220e+04 1.004459e+04 9.947567e+03 1.000518e+04
3.0 1.003038e+04 1.000388e+04 9.947580e+03 9.974080e+03
4.0 9.928644e+03 9.942365e+03 9.947603e+03 9.933882e+03
5.0 9.867295e+03 9.935069e+03 9.948837e+03 9.881063e+03
6.0 9.886103e+03 9.927009e+03 9.996917e+03 9.956011e+03
7.0 9.911521e+03 9.903051e+03 1.001978e+04 1.002825e+04
0.5 9.909001e+03 9.872405e+03 9.947865e+03 9.984461e+03
1.5 9.982796e+03 9.933498e+03 9.947966e+03 9.997264e+03
2.5 9.954607e+03 9.966187e+03 9.948090e+03 9.936511e+03
3.5 9.869714e+03 9.930410e+03 9.948241e+03 9.887544e+03
4.5 9.847256e+03 9.932115e+03 9.948420e+03 9.863561e+03
5.5 9.941123e+03 9.935611e+03 9.973852e+03 9.979364e+03
6.5 9.919886e+03 9.965493e+03 9.996915e+03 9.951308e+03
7.5 1.001144e+04 9.995769e+03 9.995996e+03 1.001167e+04
