0.5 1.359382e+03 1.367970e+03 1.368442e+03 1.359854e+03
1.5 1.382121e+03 1.372338e+03 1.368546e+03 1.378329e+03
2.5 1.373882e+03 1.372392e+03 1.368648e+03 1.370138e+03
3.5 1.450941e+03 1.395466e+03 1.368745e+03 1.424220e+03
4.5 1.410153e+03 1.408106e+03 1.368839e+03 1.370886e+03
5.5 1.391328e+03 1.385785e+03 1.361400e+03 1.366943e+03
6.5 1.337357e+03 1.345070e+03 1.353166e+03 1.345453e+03
7.5 1.298573e+03 1.327737e+03 1.353248e+03 1.324084e+03
0.5 1.335494e+03 1.337076e+03 1.369378e+03 1.367796e+03
1.5 1.245225e+03 1.351854e+03 1.369436e+03 1.262807e+03
2.5 1.311671e+03 1.352375e+03 1.369496e+03 1.328792e+03
3.5 1.425403e+03 1.375615e+03 1.369553e+03 1.419340e+03
4.5 1.377925e+03 1.389649e+03 1.369605e+03 1.357881e+03
5.5 1.408750e+03 1.385869e+03 1.362125e+03 1.385006e+03
6.5 1.414729e+03 1.353404e+03 1.353848e+03 1.415173e+03
7.5 1.441534e+03 1.331692e+03 1.353888e+03 1.463730e+03
0.5 1.441534e+03 1.331692e+03 1.353888e+03 1.463730e+03
1.5 1.362288e+03 1.351454e+03 1.369375e+03 1.380209e+03
2.5 1.370718e+03 1.352384e+03 1.369802e+03 1.388136e+03
3.5 1.424529e+03 1.375637e+03 1.369831e+03 1.418723e+03
4.5 1.362196e+03 1.380726e+03 1.369856e+03 1.351326e+03
5.5 1.364104e+03 1.373556e+03 1.362348e+03 1.352897e+03
6.5 1.362202e+03 1.348534e+03 1.354046e+03 1.367713e+03
7.5 1.418609e+03 1.360597e+03 1.354061e+03 1.412073e+03
1.0 1.316362e+03 1.351813e+03 1.369939e+03 1.334488e+03
2.0 1.279356e+03 1.352767e+03 1.369937e+03 1.296527e+03
3.0 1.310921e+03 1.364055e+03 1.369933e+03 1.316799e+03
4.0 1.368899e+03 1.387840e+03 1.369926e+03 1.350984e+03
5.0 1.439605e+03 1.404730e+03 1.369916e+03 1.404791e+03
6.0 1.416220e+03 1.358290e+03 1.354449e+03 1.412379e+03
7.0 1.344549e+03 1.374293e+03 1.354038e+03 1.324293e+03
8.0 1.421214e+03 1.388386e+03 1.361548e+03 1.394376e+03
0.2 1.368899e+03 1.387840e+03 1.369926e+03 1.350984e+03
1.2 1.439605e+03 1.404730e+03 1.369916e+03 1.404791e+03
2.2 1.416220e+03 1.358290e+03 1.354449e+03 1.412379e+03
3.2 1.344549e+03 1.374293e+03 1.354038e+03 1.324293e+03
4.2 1.421214e+03 1.388386e+03 1.361548e+03 1.394376e+03
5.2 1.333943e+03 1.386047e+03 1.366283e+03 1.314179e+03
6.2 1.373675e+03 1.353057e+03 1.353977e+03 1.374595e+03
7.2 1.331506e+03 1.357439e+03 1.353952e+03 1.328019e+03
0.5 1.373675e+03 1.353057e+03 1.353977e+03 1.374595e+03
1.5 1.331506e+03 1.357439e+03 1.353952e+03 1.328019e+03
2.5 1.344726e+03 1.369007e+03 1.365417e+03 1.341136e+03
3.5 1.466389e+03 1.396488e+03 1.369747e+03 1.439648e+03
4.5 1.382572e+03 1.405154e+03 1.369718e+03 1.347135e+03
5.5 1.344776e+03 1.382792e+03 1.362160e+03 1.324144e+03
6.5 1.334702e+03 1.369074e+03 1.353808e+03 1.319436e+03
7.5 1.307393e+03 1.381575e+03 1.353776e+03 1.279594e+03
1.0 1.382572e+03 1.405154e+03 1.369718e+03 1.347135e+03
2.0 1.344776e+03 1.382792e+03 1.362160e+03 1.324144e+03
3.0 1.334702e+03 1.369074e+03 1.353808e+03 1.319436e+03
4.0 1.307393e+03 1.381575e+03 1.353776e+03 1.279594e+03
5.0 1.394087e+03 1.397121e+03 1.369195e+03 1.366162e+03
6.0 1.272379e+03 1.353894e+03 1.354103e+03 1.272589e+03
7.0 1.350968e+03 1.362374e+03 1.353672e+03 1.342266e+03
8.0 1.389692e+03 1.369999e+03 1.361165e+03 1.380858e+03
0.8 1.372093e+03 1.373375e+03 1.368959e+03 1.367677e+03
1.8 1.384587e+03 1.375693e+03 1.368937e+03 1.377831e+03
2.8 1.381431e+03 1.381077e+03 1.368919e+03 1.369273e+03
3.8 1.329064e+03 1.399454e+03 1.368903e+03 1.298513e+03
4.8 1.381214e+03 1.399507e+03 1.368887e+03 1.350594e+03
5.8 1.367237e+03 1.364985e+03 1.357381e+03 1.359633e+03
6.8 1.342441e+03 1.357790e+03 1.353011e+03 1.337662e+03
7.8 1.395811e+03 1.367887e+03 1.356568e+03 1.384491e+03
0.8 1.344913e+03 1.352825e+03 1.368818e+03 1.360906e+03
1.8 1.349907e+03 1.356317e+03 1.368820e+03 1.362411e+03
2.8 1.307849e+03 1.361670e+03 1.368822e+03 1.315001e+03
3.8 1.316054e+03 1.389479e+03 1.368823e+03 1.295399e+03
4.8 1.375651e+03 1.402746e+03 1.368828e+03 1.341733e+03
5.8 1.277051e+03 1.377751e+03 1.357343e+03 1.256642e+03
6.8 1.382881e+03 1.364643e+03 1.352994e+03 1.371232e+03
7.8 1.314691e+03 1.344250e+03 1.356571e+03 1.327012e+03
0.5 1.322485e+03 1.351341e+03 1.368865e+03 1.340010e+03
1.5 1.342672e+03 1.355810e+03 1.368876e+03 1.355738e+03
2.5 1.332777e+03 1.356375e+03 1.368888e+03 1.345289e+03
3.5 1.297516e+03 1.381265e+03 1.368900e+03 1.285152e+03
4.5 1.398018e+03 1.402680e+03 1.368913e+03 1.364252e+03
5.5 1.333218e+03 1.385502e+03 1.361397e+03 1.309114e+03
6.5 1.391712e+03 1.377573e+03 1.353090e+03 1.367229e+03
7.5 1.427859e+03 1.384041e+03 1.353107e+03 1.396925e+03
0.3 1.297516e+03 1.381265e+03 1.368900e+03 1.285152e+03
1.3 1.398018e+03 1.402680e+03 1.368913e+03 1.364252e+03
2.3 1.333218e+03 1.385502e+03 1.361397e+03 1.309114e+03
3.3 1.391712e+03 1.377573e+03 1.353090e+03 1.367229e+03
4.3 1.427859e+03 1.384041e+03 1.353107e+03 1.396925e+03
5.3 1.455886e+03 1.388730e+03 1.365013e+03 1.432169e+03
6.3 1.325308e+03 1.352138e+03 1.353148e+03 1.326319e+03
7.3 1.302629e+03 1.352100e+03 1.353172e+03 1.303701e+03
0.3 1.374850e+03 1.348015e+03 1.369457e+03 1.396293e+03
1.3 1.333077e+03 1.354602e+03 1.369498e+03 1.347972e+03
2.3 1.349970e+03 1.354852e+03 1.369538e+03 1.364657e+03
3.3 1.359145e+03 1.371849e+03 1.369579e+03 1.356875e+03
4.3 1.288068e+03 1.403545e+03 1.369625e+03 1.254149e+03
5.3 1.454992e+03 1.399663e+03 1.366108e+03 1.421437e+03
6.3 1.458550e+03 1.362560e+03 1.353874e+03 1.449864e+03
7.3 1.295573e+03 1.330182e+03 1.353921e+03 1.319312e+03
1.0 1.350891e+03 1.351862e+03 1.370026e+03 1.369055e+03
2.0 1.381362e+03 1.352554e+03 1.370081e+03 1.398889e+03
3.0 1.375562e+03 1.364165e+03 1.370139e+03 1.381536e+03
4.0 1.347843e+03 1.376385e+03 1.370194e+03 1.341652e+03
5.0 1.457704e+03 1.398662e+03 1.370249e+03 1.429291e+03
6.0 1.354051e+03 1.357665e+03 1.354850e+03 1.351235e+03
7.0 1.374852e+03 1.367512e+03 1.354511e+03 1.361851e+03
8.0 1.326131e+03 1.396216e+03 1.362097e+03 1.292012e+03
1.0 1.457704e+03 1.398662e+03 1.370249e+03 1.429291e+03
2.0 1.354051e+03 1.357665e+03 1.354850e+03 1.351235e+03
3.0 1.374852e+03 1.367512e+03 1.354511e+03 1.361851e+03
4.0 1.326131e+03 1.396216e+03 1.362097e+03 1.292012e+03
5.0 1.406453e+03 1.407739e+03 1.370475e+03 1.369188e+03
6.0 1.278826e+03 1.353613e+03 1.355077e+03 1.280289e+03
7.0 1.322768e+03 1.326621e+03 1.354737e+03 1.350884e+03
8.0 1.321683e+03 1.333963e+03 1.362322e+03 1.350042e+03
0.2 1.333807e+03 1.344476e+03 1.370748e+03 1.360080e+03
1.2 1.364905e+03 1.355140e+03 1.370799e+03 1.380564e+03
2.2 1.368992e+03 1.370431e+03 1.370849e+03 1.369410e+03
3.2 1.356396e+03 1.387390e+03 1.370898e+03 1.339904e+03
4.2 1.526994e+03 1.397610e+03 1.370946e+03 1.500330e+03
5.2 1.425037e+03 1.391015e+03 1.367426e+03 1.401448e+03
6.2 1.404895e+03 1.353887e+03 1.355187e+03 1.406196e+03
7.2 1.415932e+03 1.378619e+03 1.355233e+03 1.392546e+03
0.5 1.526994e+03 1.397610e+03 1.370946e+03 1.500330e+03
1.5 1.425037e+03 1.391015e+03 1.367426e+03 1.401448e+03
2.5 1.404895e+03 1.353887e+03 1.355187e+03 1.406196e+03
3.5 1.415932e+03 1.378619e+03 1.355233e+03 1.392546e+03
4.5 1.419981e+03 1.396905e+03 1.366769e+03 1.389844e+03
5.5 1.456662e+03 1.378463e+03 1.363641e+03 1.441840e+03
6.5 1.425718e+03 1.370410e+03 1.355357e+03 1.410665e+03
7.5 1.443048e+03 1.376760e+03 1.355392e+03 1.421680e+03
0.2 1.415932e+03 1.378619e+03 1.355233e+03 1.392546e+03
1.2 1.419981e+03 1.396905e+03 1.366769e+03 1.389844e+03
2.2 1.456662e+03 1.378463e+03 1.363641e+03 1.441840e+03
3.2 1.425718e+03 1.370410e+03 1.355357e+03 1.410665e+03
4.2 1.443048e+03 1.376760e+03 1.355392e+03 1.421680e+03
5.2 1.419461e+03 1.381337e+03 1.367313e+03 1.405437e+03
6.2 1.292849e+03 1.346483e+03 1.355462e+03 1.301828e+03
7.2 1.351621e+03 1.352702e+03 1.355496e+03 1.354415e+03
0.2 1.292849e+03 1.346483e+03 1.355462e+03 1.301828e+03
1.2 1.351621e+03 1.352702e+03 1.355496e+03 1.354415e+03
2.2 1.330019e+03 1.364062e+03 1.367020e+03 1.332977e+03
3.2 1.339426e+03 1.385433e+03 1.371409e+03 1.325402e+03
4.2 1.361343e+03 1.391811e+03 1.371439e+03 1.340971e+03
5.2 1.328523e+03 1.382807e+03 1.367900e+03 1.313615e+03
6.2 1.344165e+03 1.352096e+03 1.355642e+03 1.347711e+03
7.2 1.354910e+03 1.351993e+03 1.355666e+03 1.358583e+03
0.2 1.328523e+03 1.382807e+03 1.367900e+03 1.313615e+03
1.2 1.344165e+03 1.352096e+03 1.355642e+03 1.347711e+03
2.2 1.354910e+03 1.351993e+03 1.355666e+03 1.358583e+03
3.2 1.320582e+03 1.380523e+03 1.367180e+03 1.307238e+03
4.2 1.390976e+03 1.391293e+03 1.371559e+03 1.371242e+03
5.2 1.423947e+03 1.380482e+03 1.368013e+03 1.411478e+03
6.2 1.254758e+03 1.352399e+03 1.355745e+03 1.258104e+03
7.2 1.367382e+03 1.355717e+03 1.355760e+03 1.367424e+03
0.2 1.498828e+03 1.340616e+03 1.371663e+03 1.529875e+03
1.2 1.444938e+03 1.347119e+03 1.371673e+03 1.469493e+03
2.2 1.407182e+03 1.351563e+03 1.371683e+03 1.427301e+03
3.2 1.427396e+03 1.384125e+03 1.371690e+03 1.414961e+03
4.2 1.377543e+03 1.396526e+03 1.371696e+03 1.352713e+03
5.2 1.416831e+03 1.388011e+03 1.368134e+03 1.396954e+03
6.2 1.264661e+03 1.356334e+03 1.355856e+03 1.264183e+03
7.2 1.375497e+03 1.374612e+03 1.355859e+03 1.356744e+03
0.7 1.377543e+03 1.396526e+03 1.371696e+03 1.352713e+03
1.7 1.416831e+03 1.388011e+03 1.368134e+03 1.396954e+03
2.7 1.264661e+03 1.356334e+03 1.355856e+03 1.264183e+03
3.7 1.375497e+03 1.374612e+03 1.355859e+03 1.356744e+03
4.7 1.403526e+03 1.389963e+03 1.367353e+03 1.380916e+03
5.7 1.400038e+03 1.364024e+03 1.360224e+03 1.396238e+03
6.7 1.400958e+03 1.350883e+03 1.355868e+03 1.405944e+03
7.7 1.430828e+03 1.377468e+03 1.359437e+03 1.412797e+03
0.5 1.403526e+03 1.389963e+03 1.367353e+03 1.380916e+03
1.5 1.400038e+03 1.364024e+03 1.360224e+03 1.396238e+03
2.5 1.400958e+03 1.350883e+03 1.355868e+03 1.405944e+03
3.5 1.430828e+03 1.377468e+03 1.359437e+03 1.412797e+03
4.5 1.425766e+03 1.390317e+03 1.371722e+03 1.407171e+03
5.5 1.472154e+03 1.367644e+03 1.364194e+03 1.468705e+03
6.5 1.400476e+03 1.342588e+03 1.355873e+03 1.413761e+03
7.5 1.348767e+03 1.348436e+03 1.355872e+03 1.356204e+03
0.7 1.345404e+03 1.343968e+03 1.371707e+03 1.373143e+03
1.7 1.397109e+03 1.346601e+03 1.371701e+03 1.422209e+03
2.7 1.312592e+03 1.351918e+03 1.371695e+03 1.332368e+03
3.7 1.488600e+03 1.389703e+03 1.371687e+03 1.470585e+03
4.7 1.363589e+03 1.396152e+03 1.371679e+03 1.339116e+03
5.7 1.368505e+03 1.363840e+03 1.360179e+03 1.364843e+03
6.7 1.392804e+03 1.356055e+03 1.355809e+03 1.392558e+03
7.7 1.406877e+03 1.377951e+03 1.359364e+03 1.388290e+03
0.7 1.363589e+03 1.396152e+03 1.371679e+03 1.339116e+03
1.7 1.368505e+03 1.363840e+03 1.360179e+03 1.364843e+03
2.7 1.392804e+03 1.356055e+03 1.355809e+03 1.392558e+03
3.7 1.406877e+03 1.377951e+03 1.359364e+03 1.388290e+03
4.7 1.311648e+03 1.394142e+03 1.371634e+03 1.289140e+03
5.7 1.313254e+03 1.363889e+03 1.360129e+03 1.309494e+03
6.7 1.395892e+03 1.350793e+03 1.355754e+03 1.400854e+03
7.7 1.399097e+03 1.377426e+03 1.359304e+03 1.380975e+03
0.5 1.311648e+03 1.394142e+03 1.371634e+03 1.289140e+03
1.5 1.313254e+03 1.363889e+03 1.360129e+03 1.309494e+03
2.5 1.395892e+03 1.350793e+03 1.355754e+03 1.400854e+03
3.5 1.399097e+03 1.377426e+03 1.359304e+03 1.380975e+03
4.5 1.372381e+03 1.390324e+03 1.371568e+03 1.353625e+03
5.5 1.339849e+03 1.367701e+03 1.364019e+03 1.336167e+03
6.5 1.246368e+03 1.350693e+03 1.355675e+03 1.251351e+03
7.5 1.345274e+03 1.350933e+03 1.355651e+03 1.349992e+03
1.0 1.246368e+03 1.350693e+03 1.355675e+03 1.251351e+03
2.0 1.345274e+03 1.350933e+03 1.355651e+03 1.349992e+03
3.0 1.413085e+03 1.377650e+03 1.371077e+03 1.406512e+03
4.0 1.429873e+03 1.394391e+03 1.371444e+03 1.406926e+03
5.0 1.420409e+03 1.398735e+03 1.371412e+03 1.393086e+03
6.0 1.365098e+03 1.352288e+03 1.355927e+03 1.368737e+03
7.0 1.337073e+03 1.374191e+03 1.355497e+03 1.318379e+03
8.0 1.357984e+03 1.382358e+03 1.362988e+03 1.338614e+03
0.5 1.429873e+03 1.394391e+03 1.371444e+03 1.406926e+03
1.5 1.420409e+03 1.398735e+03 1.371412e+03 1.393086e+03
2.5 1.365098e+03 1.352288e+03 1.355927e+03 1.368737e+03
3.5 1.337073e+03 1.374191e+03 1.355497e+03 1.318379e+03
4.5 1.357984e+03 1.382358e+03 1.362988e+03 1.338614e+03
5.5 1.302588e+03 1.368075e+03 1.363738e+03 1.298251e+03
6.5 1.388122e+03 1.343103e+03 1.355375e+03 1.400393e+03
7.5 1.413959e+03 1.345960e+03 1.355331e+03 1.423329e+03
1.0 1.352049e+03 1.346669e+03 1.370950e+03 1.376330e+03
2.0 1.334268e+03 1.347120e+03 1.370882e+03 1.358029e+03
3.0 1.325272e+03 1.358988e+03 1.370809e+03 1.337094e+03
4.0 1.407989e+03 1.371468e+03 1.370732e+03 1.407253e+03
5.0 1.356578e+03 1.386020e+03 1.370654e+03 1.341212e+03
6.0 1.328539e+03 1.345122e+03 1.355127e+03 1.338543e+03
7.0 1.335472e+03 1.344021e+03 1.354653e+03 1.346104e+03
8.0 1.288474e+03 1.357571e+03 1.362090e+03 1.292993e+03
0.7 1.288474e+03 1.357571e+03 1.362090e+03 1.292993e+03
1.7 1.403190e+03 1.368243e+03 1.370317e+03 1.405264e+03
2.7 1.484571e+03 1.373666e+03 1.370229e+03 1.481133e+03
