0.5 1.359382e+03 1.367970e+03 1.366420e+03 1.357832e+03
1.5 1.382121e+03 1.372338e+03 1.370722e+03 1.380504e+03
2.5 1.373882e+03 1.372392e+03 1.370718e+03 1.372208e+03
3.5 1.450941e+03 1.395466e+03 1.362717e+03 1.418193e+03
4.5 1.410153e+03 1.408106e+03 1.362509e+03 1.364556e+03
5.5 1.391328e+03 1.385785e+03 1.362511e+03 1.368054e+03
6.5 1.337357e+03 1.345070e+03 1.362515e+03 1.354802e+03
7.5 1.298573e+03 1.327737e+03 1.362517e+03 1.333352e+03
0.5 1.335494e+03 1.337076e+03 1.366410e+03 1.364828e+03
1.5 1.245225e+03 1.351854e+03 1.370718e+03 1.264089e+03
2.5 1.311671e+03 1.352375e+03 1.370722e+03 1.330018e+03
3.5 1.425403e+03 1.375615e+03 1.362731e+03 1.412519e+03
4.5 1.377925e+03 1.389649e+03 1.362533e+03 1.350809e+03
5.5 1.408750e+03 1.385869e+03 1.362538e+03 1.385420e+03
6.5 1.414729e+03 1.353404e+03 1.362547e+03 1.423871e+03
7.5 1.441534e+03 1.331692e+03 1.366451e+03 1.476294e+03
0.5 1.441534e+03 1.331692e+03 1.366451e+03 1.476294e+03
1.5 1.362288e+03 1.351454e+03 1.370765e+03 1.381599e+03
2.5 1.370718e+03 1.352384e+03 1.370774e+03 1.389108e+03
3.5 1.424529e+03 1.375637e+03 1.362788e+03 1.411680e+03
4.5 1.362196e+03 1.380726e+03 1.362594e+03 1.344064e+03
5.5 1.364104e+03 1.373556e+03 1.362606e+03 1.353155e+03
6.5 1.362202e+03 1.348534e+03 1.362619e+03 1.376287e+03
7.5 1.418609e+03 1.360597e+03 1.362634e+03 1.420645e+03
1.0 1.316362e+03 1.351813e+03 1.370696e+03 1.335245e+03
2.0 1.279356e+03 1.352767e+03 1.370920e+03 1.297509e+03
3.0 1.310921e+03 1.364055e+03 1.367043e+03 1.313909e+03
4.0 1.368899e+03 1.387840e+03 1.364603e+03 1.345661e+03
5.0 1.439605e+03 1.404730e+03 1.370980e+03 1.405855e+03
6.0 1.416220e+03 1.358290e+03 1.371001e+03 1.428931e+03
7.0 1.344549e+03 1.374293e+03 1.365077e+03 1.335333e+03
8.0 1.421214e+03 1.388386e+03 1.362844e+03 1.395671e+03
0.2 1.368899e+03 1.387840e+03 1.364603e+03 1.345661e+03
1.2 1.439605e+03 1.404730e+03 1.370980e+03 1.405855e+03
2.2 1.416220e+03 1.358290e+03 1.371001e+03 1.428931e+03
3.2 1.344549e+03 1.374293e+03 1.365077e+03 1.335333e+03
4.2 1.421214e+03 1.388386e+03 1.362844e+03 1.395671e+03
5.2 1.333943e+03 1.386047e+03 1.362866e+03 1.310763e+03
6.2 1.373675e+03 1.353057e+03 1.366785e+03 1.387402e+03
7.2 1.331506e+03 1.357439e+03 1.371113e+03 1.345180e+03
0.5 1.373675e+03 1.353057e+03 1.366785e+03 1.387402e+03
1.5 1.331506e+03 1.357439e+03 1.371113e+03 1.345180e+03
2.5 1.344726e+03 1.369007e+03 1.371136e+03 1.346854e+03
3.5 1.466389e+03 1.396488e+03 1.363162e+03 1.433063e+03
4.5 1.382572e+03 1.405154e+03 1.370977e+03 1.348395e+03
5.5 1.344776e+03 1.382792e+03 1.371206e+03 1.333190e+03
6.5 1.334702e+03 1.369074e+03 1.367333e+03 1.332961e+03
7.5 1.307393e+03 1.381575e+03 1.363051e+03 1.288868e+03
1.0 1.382572e+03 1.405154e+03 1.370977e+03 1.348395e+03
2.0 1.344776e+03 1.382792e+03 1.371206e+03 1.333190e+03
3.0 1.334702e+03 1.369074e+03 1.367333e+03 1.332961e+03
4.0 1.307393e+03 1.381575e+03 1.363051e+03 1.288868e+03
5.0 1.394087e+03 1.397121e+03 1.363073e+03 1.360040e+03
6.0 1.272379e+03 1.353894e+03 1.363096e+03 1.281581e+03
7.0 1.350968e+03 1.362374e+03 1.363118e+03 1.351713e+03
8.0 1.389692e+03 1.369999e+03 1.363139e+03 1.382832e+03
0.8 1.372093e+03 1.373375e+03 1.369338e+03 1.368056e+03
1.8 1.384587e+03 1.375693e+03 1.371600e+03 1.380494e+03
2.8 1.381431e+03 1.381077e+03 1.369760e+03 1.370114e+03
3.8 1.329064e+03 1.399454e+03 1.363410e+03 1.293019e+03
4.8 1.381214e+03 1.399507e+03 1.363413e+03 1.345120e+03
5.8 1.367237e+03 1.364985e+03 1.363416e+03 1.365668e+03
6.8 1.342441e+03 1.357790e+03 1.363419e+03 1.348070e+03
7.8 1.395811e+03 1.367887e+03 1.363422e+03 1.391346e+03
0.8 1.344913e+03 1.352825e+03 1.369362e+03 1.361450e+03
1.8 1.349907e+03 1.356317e+03 1.371613e+03 1.365203e+03
2.8 1.307849e+03 1.361670e+03 1.369762e+03 1.315941e+03
3.8 1.316054e+03 1.389479e+03 1.363400e+03 1.289976e+03
4.8 1.375651e+03 1.402746e+03 1.363395e+03 1.336300e+03
5.8 1.277051e+03 1.377751e+03 1.363388e+03 1.262688e+03
6.8 1.382881e+03 1.364643e+03 1.363382e+03 1.381620e+03
7.8 1.314691e+03 1.344250e+03 1.363375e+03 1.333816e+03
0.5 1.322485e+03 1.351341e+03 1.367265e+03 1.338409e+03
1.5 1.342672e+03 1.355810e+03 1.371563e+03 1.358425e+03
2.5 1.332777e+03 1.356375e+03 1.371554e+03 1.347956e+03
3.5 1.297516e+03 1.381265e+03 1.365393e+03 1.281645e+03
4.5 1.398018e+03 1.402680e+03 1.371533e+03 1.366872e+03
5.5 1.333218e+03 1.385502e+03 1.371521e+03 1.319237e+03
6.5 1.391712e+03 1.377573e+03 1.365564e+03 1.379703e+03
7.5 1.427859e+03 1.384041e+03 1.363296e+03 1.407114e+03
0.3 1.297516e+03 1.381265e+03 1.365393e+03 1.281645e+03
1.3 1.398018e+03 1.402680e+03 1.371533e+03 1.366872e+03
2.3 1.333218e+03 1.385502e+03 1.371521e+03 1.319237e+03
3.3 1.391712e+03 1.377573e+03 1.365564e+03 1.379703e+03
4.3 1.427859e+03 1.384041e+03 1.363296e+03 1.407114e+03
5.3 1.455886e+03 1.388730e+03 1.363283e+03 1.430440e+03
6.3 1.325308e+03 1.352138e+03 1.363269e+03 1.336439e+03
7.3 1.302629e+03 1.352100e+03 1.363254e+03 1.313783e+03
0.3 1.374850e+03 1.348015e+03 1.364827e+03 1.391662e+03
1.3 1.333077e+03 1.354602e+03 1.371158e+03 1.349632e+03
2.3 1.349970e+03 1.354852e+03 1.371133e+03 1.366252e+03
3.3 1.359145e+03 1.371849e+03 1.365162e+03 1.352458e+03
4.3 1.288068e+03 1.403545e+03 1.362880e+03 1.247404e+03
5.3 1.454992e+03 1.399663e+03 1.362852e+03 1.418182e+03
6.3 1.458550e+03 1.362560e+03 1.362826e+03 1.458817e+03
7.3 1.295573e+03 1.330182e+03 1.362799e+03 1.328190e+03
1.0 1.350891e+03 1.351862e+03 1.370652e+03 1.369681e+03
2.0 1.381362e+03 1.352554e+03 1.370828e+03 1.399636e+03
3.0 1.375562e+03 1.364165e+03 1.366902e+03 1.378299e+03
4.0 1.347843e+03 1.376385e+03 1.362567e+03 1.334025e+03
5.0 1.457704e+03 1.398662e+03 1.370535e+03 1.429577e+03
6.0 1.354051e+03 1.357665e+03 1.370711e+03 1.367096e+03
7.0 1.374852e+03 1.367512e+03 1.366786e+03 1.374125e+03
8.0 1.326131e+03 1.396216e+03 1.362453e+03 1.292368e+03
1.0 1.457704e+03 1.398662e+03 1.370535e+03 1.429577e+03
2.0 1.354051e+03 1.357665e+03 1.370711e+03 1.367096e+03
3.0 1.374852e+03 1.367512e+03 1.366786e+03 1.374125e+03
4.0 1.326131e+03 1.396216e+03 1.362453e+03 1.292368e+03
5.0 1.406453e+03 1.407739e+03 1.362426e+03 1.361139e+03
6.0 1.278826e+03 1.353613e+03 1.362399e+03 1.287612e+03
7.0 1.322768e+03 1.326621e+03 1.362373e+03 1.358520e+03
8.0 1.321683e+03 1.333963e+03 1.362348e+03 1.350068e+03
0.2 1.333807e+03 1.344476e+03 1.364145e+03 1.353477e+03
1.2 1.364905e+03 1.355140e+03 1.370478e+03 1.380243e+03
2.2 1.368992e+03 1.370431e+03 1.370454e+03 1.369015e+03
3.2 1.356396e+03 1.387390e+03 1.364485e+03 1.333491e+03
4.2 1.526994e+03 1.397610e+03 1.366104e+03 1.495488e+03
5.2 1.425037e+03 1.391015e+03 1.370390e+03 1.404412e+03
6.2 1.404895e+03 1.353887e+03 1.370372e+03 1.421381e+03
7.2 1.415932e+03 1.378619e+03 1.364203e+03 1.401516e+03
0.5 1.526994e+03 1.397610e+03 1.366104e+03 1.495488e+03
1.5 1.425037e+03 1.391015e+03 1.370390e+03 1.404412e+03
2.5 1.404895e+03 1.353887e+03 1.370372e+03 1.421381e+03
3.5 1.415932e+03 1.378619e+03 1.364203e+03 1.401516e+03
4.5 1.419981e+03 1.396905e+03 1.370336e+03 1.393412e+03
5.5 1.456662e+03 1.378463e+03 1.370318e+03 1.448518e+03
6.5 1.425718e+03 1.370410e+03 1.364355e+03 1.419663e+03
7.5 1.443048e+03 1.376760e+03 1.362083e+03 1.428371e+03
0.2 1.415932e+03 1.378619e+03 1.364203e+03 1.401516e+03
1.2 1.419981e+03 1.396905e+03 1.370336e+03 1.393412e+03
2.2 1.456662e+03 1.378463e+03 1.370318e+03 1.448518e+03
3.2 1.425718e+03 1.370410e+03 1.364355e+03 1.419663e+03
4.2 1.443048e+03 1.376760e+03 1.362083e+03 1.428371e+03
5.2 1.419461e+03 1.381337e+03 1.362069e+03 1.400192e+03
6.2 1.292849e+03 1.346483e+03 1.363900e+03 1.310266e+03
7.2 1.351621e+03 1.352702e+03 1.370243e+03 1.369162e+03
0.2 1.292849e+03 1.346483e+03 1.363900e+03 1.310266e+03
1.2 1.351621e+03 1.352702e+03 1.370243e+03 1.369162e+03
2.2 1.330019e+03 1.364062e+03 1.370230e+03 1.336187e+03
3.2 1.339426e+03 1.385433e+03 1.364272e+03 1.318265e+03
4.2 1.361343e+03 1.391811e+03 1.362006e+03 1.331538e+03
5.2 1.328523e+03 1.382807e+03 1.363841e+03 1.309556e+03
6.2 1.344165e+03 1.352096e+03 1.370189e+03 1.362257e+03
7.2 1.354910e+03 1.351993e+03 1.370181e+03 1.373098e+03
0.2 1.328523e+03 1.382807e+03 1.363841e+03 1.309556e+03
1.2 1.344165e+03 1.352096e+03 1.370189e+03 1.362257e+03
2.2 1.354910e+03 1.351993e+03 1.370181e+03 1.373098e+03
3.2 1.320582e+03 1.380523e+03 1.364227e+03 1.304286e+03
4.2 1.390976e+03 1.391293e+03 1.361964e+03 1.361647e+03
5.2 1.423947e+03 1.380482e+03 1.361957e+03 1.405423e+03
6.2 1.254758e+03 1.352399e+03 1.361951e+03 1.264310e+03
7.2 1.367382e+03 1.355717e+03 1.361945e+03 1.373609e+03
0.2 1.498828e+03 1.340616e+03 1.363774e+03 1.521986e+03
1.2 1.444938e+03 1.347119e+03 1.370127e+03 1.467946e+03
2.2 1.407182e+03 1.351563e+03 1.370125e+03 1.425743e+03
3.2 1.427396e+03 1.384125e+03 1.364177e+03 1.407448e+03
4.2 1.377543e+03 1.396526e+03 1.367865e+03 1.348882e+03
5.2 1.416831e+03 1.388011e+03 1.370118e+03 1.398938e+03
6.2 1.264661e+03 1.356334e+03 1.368270e+03 1.276597e+03
7.2 1.375497e+03 1.374612e+03 1.361912e+03 1.362797e+03
0.7 1.377543e+03 1.396526e+03 1.367865e+03 1.348882e+03
1.7 1.416831e+03 1.388011e+03 1.370118e+03 1.398938e+03
2.7 1.264661e+03 1.356334e+03 1.368270e+03 1.276597e+03
3.7 1.375497e+03 1.374612e+03 1.361912e+03 1.362797e+03
4.7 1.403526e+03 1.389963e+03 1.365806e+03 1.379370e+03
5.7 1.400038e+03 1.364024e+03 1.370111e+03 1.406125e+03
6.7 1.400958e+03 1.350883e+03 1.370110e+03 1.420185e+03
7.7 1.430828e+03 1.377468e+03 1.362113e+03 1.415473e+03
0.5 1.403526e+03 1.389963e+03 1.365806e+03 1.379370e+03
1.5 1.400038e+03 1.364024e+03 1.370111e+03 1.406125e+03
2.5 1.400958e+03 1.350883e+03 1.370110e+03 1.420185e+03
3.5 1.430828e+03 1.377468e+03 1.362113e+03 1.415473e+03
4.5 1.425766e+03 1.390317e+03 1.361907e+03 1.397356e+03
5.5 1.472154e+03 1.367644e+03 1.361907e+03 1.466418e+03
6.5 1.400476e+03 1.342588e+03 1.361907e+03 1.419795e+03
7.5 1.348767e+03 1.348436e+03 1.361908e+03 1.362239e+03
0.7 1.345404e+03 1.343968e+03 1.367859e+03 1.369296e+03
1.7 1.397109e+03 1.346601e+03 1.370117e+03 1.420624e+03
2.7 1.312592e+03 1.351918e+03 1.368274e+03 1.328948e+03
3.7 1.488600e+03 1.389703e+03 1.361921e+03 1.460819e+03
4.7 1.363589e+03 1.396152e+03 1.367870e+03 1.335308e+03
5.7 1.368505e+03 1.363840e+03 1.370129e+03 1.374794e+03
6.7 1.392804e+03 1.356055e+03 1.368287e+03 1.405036e+03
7.7 1.406877e+03 1.377951e+03 1.361935e+03 1.390861e+03
0.7 1.363589e+03 1.396152e+03 1.367870e+03 1.335308e+03
1.7 1.368505e+03 1.363840e+03 1.370129e+03 1.374794e+03
2.7 1.392804e+03 1.356055e+03 1.368287e+03 1.405036e+03
3.7 1.406877e+03 1.377951e+03 1.361935e+03 1.390861e+03
4.7 1.311648e+03 1.394142e+03 1.365835e+03 1.283341e+03
5.7 1.313254e+03 1.363889e+03 1.370146e+03 1.319512e+03
6.7 1.395892e+03 1.350793e+03 1.370152e+03 1.415251e+03
7.7 1.399097e+03 1.377426e+03 1.362161e+03 1.383833e+03
0.5 1.311648e+03 1.394142e+03 1.365835e+03 1.283341e+03
1.5 1.313254e+03 1.363889e+03 1.370146e+03 1.319512e+03
2.5 1.395892e+03 1.350793e+03 1.370152e+03 1.415251e+03
3.5 1.399097e+03 1.377426e+03 1.362161e+03 1.383833e+03
4.5 1.372381e+03 1.390324e+03 1.361963e+03 1.344019e+03
5.5 1.339849e+03 1.367701e+03 1.361970e+03 1.334118e+03
6.5 1.246368e+03 1.350693e+03 1.369973e+03 1.265649e+03
7.5 1.345274e+03 1.350933e+03 1.370186e+03 1.364528e+03
1.0 1.246368e+03 1.350693e+03 1.369973e+03 1.265649e+03
2.0 1.345274e+03 1.350933e+03 1.370186e+03 1.364528e+03
3.0 1.413085e+03 1.377650e+03 1.366299e+03 1.401733e+03
4.0 1.429873e+03 1.394391e+03 1.365898e+03 1.401380e+03
5.0 1.420409e+03 1.398735e+03 1.370213e+03 1.391887e+03
6.0 1.365098e+03 1.352288e+03 1.370222e+03 1.383033e+03
7.0 1.337073e+03 1.374191e+03 1.362237e+03 1.325118e+03
8.0 1.357984e+03 1.382358e+03 1.362044e+03 1.337670e+03
0.5 1.429873e+03 1.394391e+03 1.365898e+03 1.401380e+03
1.5 1.420409e+03 1.398735e+03 1.370213e+03 1.391887e+03
2.5 1.365098e+03 1.352288e+03 1.370222e+03 1.383033e+03
3.5 1.337073e+03 1.374191e+03 1.362237e+03 1.325118e+03
4.5 1.357984e+03 1.382358e+03 1.362044e+03 1.337670e+03
5.5 1.302588e+03 1.368075e+03 1.362057e+03 1.296570e+03
6.5 1.388122e+03 1.343103e+03 1.362070e+03 1.407089e+03
7.5 1.413959e+03 1.345960e+03 1.362085e+03 1.430083e+03
1.0 1.352049e+03 1.346669e+03 1.370142e+03 1.375521e+03
2.0 1.334268e+03 1.347120e+03 1.370360e+03 1.357507e+03
3.0 1.325272e+03 1.358988e+03 1.366482e+03 1.332766e+03
4.0 1.407989e+03 1.371468e+03 1.362193e+03 1.398713e+03
5.0 1.356578e+03 1.386020e+03 1.362207e+03 1.332766e+03
6.0 1.328539e+03 1.345122e+03 1.362222e+03 1.345638e+03
7.0 1.335472e+03 1.344021e+03 1.362242e+03 1.353692e+03
8.0 1.288474e+03 1.357571e+03 1.368202e+03 1.299105e+03
0.7 1.288474e+03 1.357571e+03 1.368202e+03 1.299105e+03
1.7 1.403190e+03 1.368243e+03 1.370472e+03 1.405419e+03
2.7 1.484571e+03 1.373666e+03 1.368648e+03 1.479552e+03
