0.5 1.039882e+04 1.036205e+04 1.036664e+04 1.040341e+04
1.5 1.031408e+04 1.034607e+04 1.036664e+04 1.033465e+04
2.5 1.033175e+04 1.031350e+04 1.036664e+04 1.038489e+04
3.5 1.031050e+04 1.036058e+04 1.036664e+04 1.031656e+04
4.5 1.037533e+04 1.040071e+04 1.036663e+04 1.034126e+04
5.5 1.040474e+04 1.041180e+04 1.036753e+04 1.036048e+04
6.5 1.035014e+04 1.037898e+04 1.036834e+04 1.033950e+04
7.5 1.036612e+04 1.036956e+04 1.036829e+04 1.036485e+04
0.1 1.037971e+04 1.035329e+04 1.036656e+04 1.039299e+04
1.1 1.040589e+04 1.038854e+04 1.036656e+04 1.038391e+04
2.1 1.043904e+04 1.042155e+04 1.036655e+04 1.038404e+04
3.1 1.048908e+04 1.044535e+04 1.036655e+04 1.041028e+04
4.1 1.047075e+04 1.046587e+04 1.036655e+04 1.037142e+04
5.1 1.035583e+04 1.043072e+04 1.036671e+04 1.029183e+04
6.1 1.037309e+04 1.036532e+04 1.036843e+04 1.037620e+04
7.1 1.032662e+04 1.034461e+04 1.036911e+04 1.035112e+04
0.5 1.039548e+04 1.034352e+04 1.036653e+04 1.041848e+04
1.5 1.033363e+04 1.032816e+04 1.036653e+04 1.037199e+04
2.5 1.035141e+04 1.029698e+04 1.036653e+04 1.042096e+04
3.5 1.033822e+04 1.034533e+04 1.036653e+04 1.035942e+04
4.5 1.043913e+04 1.038859e+04 1.036653e+04 1.041707e+04
5.5 1.040931e+04 1.040160e+04 1.036743e+04 1.037514e+04
6.5 1.040900e+04 1.036845e+04 1.036824e+04 1.040879e+04
7.5 1.044461e+04 1.036002e+04 1.036820e+04 1.045278e+04
0.1 1.033337e+04 1.035259e+04 1.036652e+04 1.034730e+04
1.1 1.040054e+04 1.038577e+04 1.036652e+04 1.038129e+04
2.1 1.038325e+04 1.041907e+04 1.036652e+04 1.033071e+04
3.1 1.040105e+04 1.044324e+04 1.036652e+04 1.032434e+04
4.1 1.056940e+04 1.046580e+04 1.036652e+04 1.047012e+04
5.1 1.054021e+04 1.043150e+04 1.036665e+04 1.047536e+04
6.1 1.030046e+04 1.036604e+04 1.036837e+04 1.030278e+04
7.1 1.033022e+04 1.034364e+04 1.036909e+04 1.035567e+04
0.5 1.033361e+04 1.034296e+04 1.036652e+04 1.035717e+04
1.5 1.032161e+04 1.032685e+04 1.036652e+04 1.036128e+04
2.5 1.035682e+04 1.029573e+04 1.036652e+04 1.042760e+04
3.5 1.033505e+04 1.034497e+04 1.036652e+04 1.035660e+04
4.5 1.032776e+04 1.039025e+04 1.036652e+04 1.030403e+04
5.5 1.042659e+04 1.040332e+04 1.036742e+04 1.039069e+04
6.5 1.030551e+04 1.036859e+04 1.036824e+04 1.030516e+04
7.5 1.035809e+04 1.036023e+04 1.036819e+04 1.036606e+04
0.0 1.032950e+04 1.035514e+04 1.036653e+04 1.034089e+04
1.0 1.036468e+04 1.038496e+04 1.036653e+04 1.034625e+04
2.0 1.039099e+04 1.041846e+04 1.036653e+04 1.033907e+04
3.0 1.040387e+04 1.044305e+04 1.036653e+04 1.032734e+04
4.0 1.053054e+04 1.046949e+04 1.036653e+04 1.042758e+04
5.0 1.034580e+04 1.043677e+04 1.036657e+04 1.027560e+04
6.0 1.033545e+04 1.037116e+04 1.036829e+04 1.033257e+04
7.0 1.040339e+04 1.034545e+04 1.036911e+04 1.042705e+04
0.5 1.032382e+04 1.034590e+04 1.036654e+04 1.034446e+04
1.5 1.029101e+04 1.033020e+04 1.036654e+04 1.032735e+04
2.5 1.032511e+04 1.029953e+04 1.036655e+04 1.039212e+04
3.5 1.034585e+04 1.034844e+04 1.036655e+04 1.036397e+04
4.5 1.038610e+04 1.039426e+04 1.036656e+04 1.035839e+04
5.5 1.042134e+04 1.040874e+04 1.036747e+04 1.038007e+04
6.5 1.040122e+04 1.037412e+04 1.036829e+04 1.039539e+04
7.5 1.037326e+04 1.036642e+04 1.036826e+04 1.037510e+04
