0.5 1.672498e+03 1.707685e+03 1.683527e+03 1.648339e+03
1.5 1.571823e+03 1.701334e+03 1.677026e+03 1.547515e+03
2.5 1.895726e+03 1.701490e+03 1.677032e+03 1.871269e+03
3.5 1.760841e+03 1.698653e+03 1.689121e+03 1.751309e+03
4.5 1.664683e+03 1.674013e+03 1.689436e+03 1.680106e+03
5.5 1.642639e+03 1.659345e+03 1.689433e+03 1.672727e+03
6.5 1.746984e+03 1.650680e+03 1.689428e+03 1.785732e+03
7.5 1.561560e+03 1.658385e+03 1.689424e+03 1.592600e+03
0.5 1.670496e+03 1.701918e+03 1.683541e+03 1.652118e+03
1.5 1.827349e+03 1.691646e+03 1.677032e+03 1.812735e+03
2.5 1.665606e+03 1.704883e+03 1.677026e+03 1.637749e+03
3.5 1.728156e+03 1.706928e+03 1.689101e+03 1.710329e+03
4.5 1.637171e+03 1.686870e+03 1.689400e+03 1.639701e+03
5.5 1.636705e+03 1.660123e+03 1.689392e+03 1.665973e+03
6.5 1.662995e+03 1.647726e+03 1.689379e+03 1.704648e+03
7.5 1.770302e+03 1.653031e+03 1.683479e+03 1.800750e+03
0.5 1.770302e+03 1.653031e+03 1.683479e+03 1.800750e+03
1.5 1.591673e+03 1.690676e+03 1.676960e+03 1.577957e+03
2.5 1.649607e+03 1.704972e+03 1.676946e+03 1.621582e+03
3.5 1.735704e+03 1.706950e+03 1.689015e+03 1.717768e+03
4.5 1.732559e+03 1.705204e+03 1.689308e+03 1.716663e+03
5.5 1.720622e+03 1.685362e+03 1.689289e+03 1.724550e+03
6.5 1.593413e+03 1.669654e+03 1.689269e+03 1.613028e+03
7.5 1.699762e+03 1.644876e+03 1.689248e+03 1.744134e+03
1.0 1.671474e+03 1.691597e+03 1.677065e+03 1.656941e+03
2.0 1.673864e+03 1.708924e+03 1.676727e+03 1.641667e+03
3.0 1.767561e+03 1.707818e+03 1.682585e+03 1.742327e+03
4.0 1.661420e+03 1.699856e+03 1.686272e+03 1.647836e+03
5.0 1.701299e+03 1.686324e+03 1.676636e+03 1.691611e+03
6.0 1.654153e+03 1.657127e+03 1.676604e+03 1.673630e+03
7.0 1.668156e+03 1.654030e+03 1.685556e+03 1.699682e+03
8.0 1.698884e+03 1.674573e+03 1.688930e+03 1.713242e+03
0.2 1.661420e+03 1.699856e+03 1.686272e+03 1.647836e+03
1.2 1.701299e+03 1.686324e+03 1.676636e+03 1.691611e+03
2.2 1.654153e+03 1.657127e+03 1.676604e+03 1.673630e+03
3.2 1.668156e+03 1.654030e+03 1.685556e+03 1.699682e+03
4.2 1.698884e+03 1.674573e+03 1.688930e+03 1.713242e+03
5.2 1.768074e+03 1.691512e+03 1.688896e+03 1.765459e+03
6.2 1.695812e+03 1.662375e+03 1.682976e+03 1.716412e+03
7.2 1.648988e+03 1.655730e+03 1.676435e+03 1.669693e+03
0.5 1.695812e+03 1.662375e+03 1.682976e+03 1.716412e+03
1.5 1.648988e+03 1.655730e+03 1.676435e+03 1.669693e+03
2.5 1.668479e+03 1.688429e+03 1.676401e+03 1.656450e+03
3.5 1.732039e+03 1.697744e+03 1.688449e+03 1.722743e+03
4.5 1.578730e+03 1.685443e+03 1.676640e+03 1.569927e+03
5.5 1.714380e+03 1.670827e+03 1.676295e+03 1.719847e+03
6.5 1.515381e+03 1.653567e+03 1.682146e+03 1.543961e+03
7.5 1.548509e+03 1.651809e+03 1.688618e+03 1.585318e+03
1.0 1.578730e+03 1.685443e+03 1.676640e+03 1.569927e+03
2.0 1.714380e+03 1.670827e+03 1.676295e+03 1.719847e+03
3.0 1.515381e+03 1.653567e+03 1.682146e+03 1.543961e+03
4.0 1.548509e+03 1.651809e+03 1.688618e+03 1.585318e+03
5.0 1.742575e+03 1.695831e+03 1.688583e+03 1.735327e+03
6.0 1.610816e+03 1.662035e+03 1.688549e+03 1.637330e+03
7.0 1.653839e+03 1.641495e+03 1.688515e+03 1.700858e+03
8.0 1.627875e+03 1.662872e+03 1.688484e+03 1.653486e+03
0.8 1.676565e+03 1.701337e+03 1.679117e+03 1.654345e+03
1.8 1.788623e+03 1.697883e+03 1.675699e+03 1.766439e+03
2.8 1.621273e+03 1.697156e+03 1.678479e+03 1.602596e+03
3.8 1.587178e+03 1.694744e+03 1.688075e+03 1.580508e+03
4.8 1.632843e+03 1.694720e+03 1.688069e+03 1.626192e+03
5.8 1.698142e+03 1.673079e+03 1.688065e+03 1.713128e+03
6.8 1.624666e+03 1.652825e+03 1.688061e+03 1.659902e+03
7.8 1.587011e+03 1.649704e+03 1.688057e+03 1.625364e+03
0.8 1.708377e+03 1.690572e+03 1.679080e+03 1.696885e+03
1.8 1.624348e+03 1.704748e+03 1.675680e+03 1.595280e+03
2.8 1.666459e+03 1.704552e+03 1.678477e+03 1.640384e+03
3.8 1.738757e+03 1.698758e+03 1.688090e+03 1.728088e+03
4.8 1.582637e+03 1.689287e+03 1.688098e+03 1.581448e+03
5.8 1.741849e+03 1.648068e+03 1.688107e+03 1.781888e+03
6.8 1.684194e+03 1.639932e+03 1.688117e+03 1.732379e+03
7.8 1.609418e+03 1.660666e+03 1.688127e+03 1.636879e+03
0.5 1.713879e+03 1.693924e+03 1.682250e+03 1.702206e+03
1.5 1.635369e+03 1.691578e+03 1.675754e+03 1.619545e+03
2.5 1.866288e+03 1.705743e+03 1.675768e+03 1.836313e+03
3.5 1.648884e+03 1.700025e+03 1.685078e+03 1.633937e+03
4.5 1.764417e+03 1.685143e+03 1.675800e+03 1.755075e+03
5.5 1.668031e+03 1.669046e+03 1.675819e+03 1.674803e+03
6.5 1.689870e+03 1.651232e+03 1.684820e+03 1.723459e+03
7.5 1.556878e+03 1.650471e+03 1.688246e+03 1.594654e+03
0.3 1.648884e+03 1.700025e+03 1.685078e+03 1.633937e+03
1.3 1.764417e+03 1.685143e+03 1.675800e+03 1.755075e+03
2.3 1.668031e+03 1.669046e+03 1.675819e+03 1.674803e+03
3.3 1.689870e+03 1.651232e+03 1.684820e+03 1.723459e+03
4.3 1.556878e+03 1.650471e+03 1.688246e+03 1.594654e+03
5.3 1.650086e+03 1.688015e+03 1.688266e+03 1.650338e+03
6.3 1.701823e+03 1.666129e+03 1.688288e+03 1.723983e+03
7.3 1.660353e+03 1.666229e+03 1.688310e+03 1.682434e+03
0.3 1.669053e+03 1.699359e+03 1.685934e+03 1.655627e+03
1.3 1.843858e+03 1.698515e+03 1.676368e+03 1.821711e+03
2.3 1.670470e+03 1.708182e+03 1.676404e+03 1.638693e+03
3.3 1.797889e+03 1.706075e+03 1.685428e+03 1.777242e+03
4.3 1.653405e+03 1.686234e+03 1.688875e+03 1.656047e+03
5.3 1.692676e+03 1.666169e+03 1.688918e+03 1.715424e+03
6.3 1.769945e+03 1.643191e+03 1.688957e+03 1.815711e+03
7.3 1.650672e+03 1.657403e+03 1.688997e+03 1.682266e+03
1.0 1.680961e+03 1.691846e+03 1.677131e+03 1.666246e+03
2.0 1.658015e+03 1.695588e+03 1.676866e+03 1.639292e+03
3.0 1.693495e+03 1.708367e+03 1.682798e+03 1.667925e+03
4.0 1.697138e+03 1.706894e+03 1.689348e+03 1.679593e+03
5.0 1.805746e+03 1.689682e+03 1.677308e+03 1.793372e+03
6.0 1.600060e+03 1.658435e+03 1.677043e+03 1.618667e+03
7.0 1.789100e+03 1.656370e+03 1.682973e+03 1.815703e+03
8.0 1.609689e+03 1.658029e+03 1.689521e+03 1.641182e+03
1.0 1.805746e+03 1.689682e+03 1.677308e+03 1.793372e+03
2.0 1.600060e+03 1.658435e+03 1.677043e+03 1.618667e+03
3.0 1.789100e+03 1.656370e+03 1.682973e+03 1.815703e+03
4.0 1.609689e+03 1.658029e+03 1.689521e+03 1.641182e+03
5.0 1.640275e+03 1.674973e+03 1.689562e+03 1.654864e+03
6.0 1.693027e+03 1.649275e+03 1.689602e+03 1.733354e+03
7.0 1.672316e+03 1.659853e+03 1.689641e+03 1.702104e+03
8.0 1.733141e+03 1.681501e+03 1.689679e+03 1.741320e+03
0.2 1.741729e+03 1.720925e+03 1.686964e+03 1.707769e+03
1.2 1.731641e+03 1.709802e+03 1.677394e+03 1.699233e+03
2.2 1.698385e+03 1.704287e+03 1.677430e+03 1.671528e+03
3.2 1.886148e+03 1.702170e+03 1.686450e+03 1.870428e+03
4.2 1.738386e+03 1.695543e+03 1.684005e+03 1.726847e+03
5.2 1.711679e+03 1.682426e+03 1.677527e+03 1.706780e+03
6.2 1.610244e+03 1.659405e+03 1.677555e+03 1.628393e+03
7.2 1.675643e+03 1.653714e+03 1.686876e+03 1.708806e+03
0.5 1.738386e+03 1.695543e+03 1.684005e+03 1.726847e+03
1.5 1.711679e+03 1.682426e+03 1.677527e+03 1.706780e+03
2.5 1.610244e+03 1.659405e+03 1.677555e+03 1.628393e+03
3.5 1.675643e+03 1.653714e+03 1.686876e+03 1.708806e+03
4.5 1.601925e+03 1.676964e+03 1.677608e+03 1.602570e+03
5.5 1.687425e+03 1.675338e+03 1.677635e+03 1.689722e+03
6.5 1.670414e+03 1.657523e+03 1.686647e+03 1.699538e+03
7.5 1.795695e+03 1.656745e+03 1.690080e+03 1.829031e+03
0.2 1.675643e+03 1.653714e+03 1.686876e+03 1.708806e+03
1.2 1.601925e+03 1.676964e+03 1.677608e+03 1.602570e+03
2.2 1.687425e+03 1.675338e+03 1.677635e+03 1.689722e+03
3.2 1.670414e+03 1.657523e+03 1.686647e+03 1.699538e+03
4.2 1.795695e+03 1.656745e+03 1.690080e+03 1.829031e+03
5.2 1.668544e+03 1.694260e+03 1.690102e+03 1.664385e+03
6.2 1.540353e+03 1.669557e+03 1.687335e+03 1.558131e+03
7.2 1.712448e+03 1.660018e+03 1.677750e+03 1.730180e+03
0.2 1.540353e+03 1.669557e+03 1.687335e+03 1.558131e+03
1.2 1.712448e+03 1.660018e+03 1.677750e+03 1.730180e+03
2.2 1.706110e+03 1.692915e+03 1.677769e+03 1.690964e+03
3.2 1.614664e+03 1.703196e+03 1.686772e+03 1.598240e+03
4.2 1.723085e+03 1.702402e+03 1.690197e+03 1.710879e+03
5.2 1.702734e+03 1.692953e+03 1.687424e+03 1.697205e+03
6.2 1.530057e+03 1.660275e+03 1.677832e+03 1.547614e+03
7.2 1.585668e+03 1.660316e+03 1.677843e+03 1.603196e+03
0.2 1.702734e+03 1.692953e+03 1.687424e+03 1.697205e+03
1.2 1.530057e+03 1.660275e+03 1.677832e+03 1.547614e+03
2.2 1.585668e+03 1.660316e+03 1.677843e+03 1.603196e+03
3.2 1.724911e+03 1.690961e+03 1.686839e+03 1.720789e+03
4.2 1.699360e+03 1.702603e+03 1.690259e+03 1.687016e+03
5.2 1.676519e+03 1.695919e+03 1.690270e+03 1.670871e+03
6.2 1.643906e+03 1.654437e+03 1.690280e+03 1.679749e+03
7.2 1.679291e+03 1.647477e+03 1.690289e+03 1.722103e+03
0.2 1.701894e+03 1.717661e+03 1.687524e+03 1.671757e+03
1.2 1.679221e+03 1.713065e+03 1.677925e+03 1.644080e+03
2.2 1.728686e+03 1.711432e+03 1.677928e+03 1.695181e+03
3.2 1.714476e+03 1.703567e+03 1.686916e+03 1.697825e+03
4.2 1.668452e+03 1.693730e+03 1.681343e+03 1.656065e+03
5.2 1.583056e+03 1.683603e+03 1.677939e+03 1.577392e+03
6.2 1.689105e+03 1.659791e+03 1.680730e+03 1.710045e+03
7.2 1.625653e+03 1.657397e+03 1.690338e+03 1.658594e+03
0.7 1.668452e+03 1.693730e+03 1.681343e+03 1.656065e+03
1.7 1.583056e+03 1.683603e+03 1.677939e+03 1.577392e+03
2.7 1.689105e+03 1.659791e+03 1.680730e+03 1.710045e+03
3.7 1.625653e+03 1.657397e+03 1.690338e+03 1.658594e+03
4.7 1.721981e+03 1.684339e+03 1.684453e+03 1.722096e+03
5.7 1.602594e+03 1.668653e+03 1.677949e+03 1.611889e+03
6.7 1.634567e+03 1.660439e+03 1.677950e+03 1.652078e+03
7.7 1.771050e+03 1.667618e+03 1.690035e+03 1.793466e+03
0.5 1.721981e+03 1.684339e+03 1.684453e+03 1.722096e+03
1.5 1.602594e+03 1.668653e+03 1.677949e+03 1.611889e+03
2.5 1.634567e+03 1.660439e+03 1.677950e+03 1.652078e+03
3.5 1.771050e+03 1.667618e+03 1.690035e+03 1.793466e+03
4.5 1.675658e+03 1.702630e+03 1.690345e+03 1.663374e+03
5.5 1.699484e+03 1.688443e+03 1.690345e+03 1.701387e+03
6.5 1.607787e+03 1.672765e+03 1.690345e+03 1.625368e+03
7.5 1.666600e+03 1.660701e+03 1.690345e+03 1.696244e+03
0.7 1.709527e+03 1.706634e+03 1.681351e+03 1.684245e+03
1.7 1.682420e+03 1.712735e+03 1.677940e+03 1.647626e+03
2.7 1.823867e+03 1.712001e+03 1.680725e+03 1.792591e+03
3.7 1.595562e+03 1.702486e+03 1.690325e+03 1.583401e+03
4.7 1.722160e+03 1.693272e+03 1.681335e+03 1.710223e+03
5.7 1.706309e+03 1.668187e+03 1.677922e+03 1.716043e+03
6.7 1.630978e+03 1.659235e+03 1.680705e+03 1.652448e+03
7.7 1.579826e+03 1.666980e+03 1.690303e+03 1.603150e+03
0.7 1.722160e+03 1.693272e+03 1.681335e+03 1.710223e+03
1.7 1.706309e+03 1.668187e+03 1.677922e+03 1.716043e+03
2.7 1.630978e+03 1.659235e+03 1.680705e+03 1.652448e+03
3.7 1.579826e+03 1.666980e+03 1.690303e+03 1.603150e+03
4.7 1.615857e+03 1.696130e+03 1.684410e+03 1.604137e+03
5.7 1.597743e+03 1.667928e+03 1.677896e+03 1.607711e+03
6.7 1.701542e+03 1.659650e+03 1.677888e+03 1.719780e+03
7.7 1.764383e+03 1.666759e+03 1.689962e+03 1.787586e+03
0.5 1.615857e+03 1.696130e+03 1.684410e+03 1.604137e+03
1.5 1.597743e+03 1.667928e+03 1.677896e+03 1.607711e+03
2.5 1.701542e+03 1.659650e+03 1.677888e+03 1.719780e+03
3.5 1.764383e+03 1.666759e+03 1.689962e+03 1.787586e+03
4.5 1.780258e+03 1.701698e+03 1.690262e+03 1.768822e+03
5.5 1.775042e+03 1.687433e+03 1.690251e+03 1.777859e+03
6.5 1.670933e+03 1.659587e+03 1.678157e+03 1.689502e+03
7.5 1.663786e+03 1.659165e+03 1.677835e+03 1.682456e+03
1.0 1.670933e+03 1.659587e+03 1.678157e+03 1.689502e+03
2.0 1.663786e+03 1.659165e+03 1.677835e+03 1.682456e+03
3.0 1.730334e+03 1.701745e+03 1.683709e+03 1.712298e+03
4.0 1.693479e+03 1.695245e+03 1.684315e+03 1.682549e+03
5.0 1.719072e+03 1.688600e+03 1.677795e+03 1.708267e+03
6.0 1.669674e+03 1.659375e+03 1.677781e+03 1.688080e+03
7.0 1.741298e+03 1.655478e+03 1.689848e+03 1.775668e+03
8.0 1.679541e+03 1.676754e+03 1.690139e+03 1.692926e+03
0.5 1.693479e+03 1.695245e+03 1.684315e+03 1.682549e+03
1.5 1.719072e+03 1.688600e+03 1.677795e+03 1.708267e+03
2.5 1.669674e+03 1.659375e+03 1.677781e+03 1.688080e+03
3.5 1.741298e+03 1.655478e+03 1.689848e+03 1.775668e+03
4.5 1.679541e+03 1.676754e+03 1.690139e+03 1.692926e+03
5.5 1.620840e+03 1.686191e+03 1.690120e+03 1.624769e+03
6.5 1.625930e+03 1.670351e+03 1.690099e+03 1.645678e+03
7.5 1.640795e+03 1.664451e+03 1.690077e+03 1.666421e+03
1.0 1.728299e+03 1.691471e+03 1.677903e+03 1.714730e+03
2.0 1.669111e+03 1.694971e+03 1.677572e+03 1.651713e+03
3.0 1.758324e+03 1.707305e+03 1.683433e+03 1.734452e+03
4.0 1.669491e+03 1.705381e+03 1.689914e+03 1.654023e+03
5.0 1.661137e+03 1.699796e+03 1.689892e+03 1.651233e+03
6.0 1.667825e+03 1.668403e+03 1.689870e+03 1.689293e+03
7.0 1.653315e+03 1.667333e+03 1.689840e+03 1.675822e+03
8.0 1.770013e+03 1.679503e+03 1.680833e+03 1.771343e+03
0.7 1.770013e+03 1.679503e+03 1.680833e+03 1.771343e+03
1.7 1.690361e+03 1.699500e+03 1.677404e+03 1.668265e+03
2.7 1.734394e+03 1.698435e+03 1.680160e+03 1.716119e+03
