1.0 1.410153e+03 1.408106e+03 1.370265e+03 1.372312e+03
2.0 1.391328e+03 1.385785e+03 1.370293e+03 1.375836e+03
3.0 1.337357e+03 1.345070e+03 1.370300e+03 1.362587e+03
4.0 1.298573e+03 1.327737e+03 1.370303e+03 1.341139e+03
5.0 1.359459e+03 1.352176e+03 1.370309e+03 1.377591e+03
6.0 1.354094e+03 1.356712e+03 1.350851e+03 1.348234e+03
7.0 1.298500e+03 1.349306e+03 1.350356e+03 1.299550e+03
8.0 1.335494e+03 1.337076e+03 1.359839e+03 1.358257e+03
0.8 1.359459e+03 1.352176e+03 1.370309e+03 1.377591e+03
1.7 1.354094e+03 1.356712e+03 1.350851e+03 1.348234e+03
2.7 1.298500e+03 1.349306e+03 1.350356e+03 1.299550e+03
3.7 1.335494e+03 1.337076e+03 1.359839e+03 1.358257e+03
4.7 1.245225e+03 1.351854e+03 1.370317e+03 1.263688e+03
5.7 1.311671e+03 1.352375e+03 1.355837e+03 1.315133e+03
6.7 1.425403e+03 1.375615e+03 1.350337e+03 1.400124e+03
7.7 1.377925e+03 1.389649e+03 1.354811e+03 1.343088e+03
0.7 1.377925e+03 1.389649e+03 1.354811e+03 1.343088e+03
1.7 1.408750e+03 1.385869e+03 1.370266e+03 1.393147e+03
2.7 1.414729e+03 1.353404e+03 1.370250e+03 1.431575e+03
3.7 1.441534e+03 1.331692e+03 1.370235e+03 1.480077e+03
4.7 1.362288e+03 1.351454e+03 1.370218e+03 1.381052e+03
5.7 1.370718e+03 1.352384e+03 1.355727e+03 1.374061e+03
6.7 1.424529e+03 1.375637e+03 1.350219e+03 1.399111e+03
7.7 1.362196e+03 1.380726e+03 1.354693e+03 1.336163e+03
1.0 1.418609e+03 1.360597e+03 1.370113e+03 1.428125e+03
2.0 1.436086e+03 1.376380e+03 1.370097e+03 1.429802e+03
3.0 1.325287e+03 1.361104e+03 1.370081e+03 1.334264e+03
4.0 1.304886e+03 1.343783e+03 1.370066e+03 1.331169e+03
5.0 1.316362e+03 1.351813e+03 1.370052e+03 1.334601e+03
6.0 1.279356e+03 1.352767e+03 1.350575e+03 1.277164e+03
7.0 1.310921e+03 1.364055e+03 1.350065e+03 1.296931e+03
8.0 1.368899e+03 1.387840e+03 1.359539e+03 1.340598e+03
0.3 1.272379e+03 1.353894e+03 1.370108e+03 1.288593e+03
1.3 1.350968e+03 1.362374e+03 1.370129e+03 1.358723e+03
2.3 1.389692e+03 1.369999e+03 1.370149e+03 1.389842e+03
3.3 1.279454e+03 1.354458e+03 1.370171e+03 1.295167e+03
4.3 1.377528e+03 1.345466e+03 1.370197e+03 1.402259e+03
5.3 1.362813e+03 1.345724e+03 1.365732e+03 1.382821e+03
6.3 1.420239e+03 1.349158e+03 1.350286e+03 1.421367e+03
7.3 1.366114e+03 1.358826e+03 1.350312e+03 1.357599e+03
0.3 1.420239e+03 1.349158e+03 1.350286e+03 1.421367e+03
1.3 1.366114e+03 1.358826e+03 1.350312e+03 1.357599e+03
2.3 1.353690e+03 1.373393e+03 1.364813e+03 1.345110e+03
3.3 1.370188e+03 1.355011e+03 1.370331e+03 1.385509e+03
4.3 1.390030e+03 1.346005e+03 1.370360e+03 1.414384e+03
5.3 1.391106e+03 1.355214e+03 1.365897e+03 1.401789e+03
6.3 1.358553e+03 1.359268e+03 1.350454e+03 1.349739e+03
7.3 1.334808e+03 1.351921e+03 1.350483e+03 1.333370e+03
0.8 1.391106e+03 1.355214e+03 1.365897e+03 1.401789e+03
1.8 1.358553e+03 1.359268e+03 1.350454e+03 1.349739e+03
2.8 1.334808e+03 1.351921e+03 1.350483e+03 1.333370e+03
3.8 1.426638e+03 1.340870e+03 1.364990e+03 1.450758e+03
4.8 1.356254e+03 1.346445e+03 1.370514e+03 1.380323e+03
5.8 1.347653e+03 1.347053e+03 1.356073e+03 1.356673e+03
6.8 1.379907e+03 1.347329e+03 1.350614e+03 1.383192e+03
7.8 1.308547e+03 1.351891e+03 1.355138e+03 1.311794e+03
0.5 1.342441e+03 1.357790e+03 1.370823e+03 1.355474e+03
1.5 1.395811e+03 1.367887e+03 1.370852e+03 1.398776e+03
2.5 1.359572e+03 1.380213e+03 1.370880e+03 1.350239e+03
3.5 1.298012e+03 1.348037e+03 1.370908e+03 1.320884e+03
4.5 1.343474e+03 1.359297e+03 1.370936e+03 1.355113e+03
5.5 1.418844e+03 1.359989e+03 1.361480e+03 1.420335e+03
6.5 1.362094e+03 1.344705e+03 1.351025e+03 1.368414e+03
7.5 1.300465e+03 1.327385e+03 1.351050e+03 1.324130e+03
1.0 1.343474e+03 1.359297e+03 1.370936e+03 1.355113e+03
2.0 1.418844e+03 1.359989e+03 1.361480e+03 1.420335e+03
3.0 1.362094e+03 1.344705e+03 1.351025e+03 1.368414e+03
4.0 1.300465e+03 1.327385e+03 1.351050e+03 1.324130e+03
5.0 1.344913e+03 1.352825e+03 1.370540e+03 1.362627e+03
6.0 1.349907e+03 1.356317e+03 1.351597e+03 1.345188e+03
7.0 1.307849e+03 1.361670e+03 1.351121e+03 1.297300e+03
8.0 1.316054e+03 1.389479e+03 1.360626e+03 1.287201e+03
0.3 1.375651e+03 1.402746e+03 1.371128e+03 1.344033e+03
1.3 1.277051e+03 1.377751e+03 1.371144e+03 1.270443e+03
2.3 1.382881e+03 1.364643e+03 1.371160e+03 1.389398e+03
3.3 1.314691e+03 1.344250e+03 1.371176e+03 1.341617e+03
4.3 1.322485e+03 1.351341e+03 1.371193e+03 1.342337e+03
5.3 1.342672e+03 1.355810e+03 1.366714e+03 1.353576e+03
6.3 1.332777e+03 1.356375e+03 1.351253e+03 1.327654e+03
7.3 1.297516e+03 1.381265e+03 1.351266e+03 1.267517e+03
1.0 1.368386e+03 1.375589e+03 1.371280e+03 1.364077e+03
2.0 1.373486e+03 1.380205e+03 1.371279e+03 1.364560e+03
3.0 1.381241e+03 1.364456e+03 1.371275e+03 1.388059e+03
4.0 1.392646e+03 1.352915e+03 1.371268e+03 1.410999e+03
5.0 1.373679e+03 1.359331e+03 1.371260e+03 1.385608e+03
6.0 1.407585e+03 1.359967e+03 1.351783e+03 1.399400e+03
7.0 1.348242e+03 1.327691e+03 1.351270e+03 1.371821e+03
8.0 1.401375e+03 1.336268e+03 1.360734e+03 1.425840e+03
0.5 1.392646e+03 1.352915e+03 1.371268e+03 1.410999e+03
1.5 1.373679e+03 1.359331e+03 1.371260e+03 1.385608e+03
2.5 1.407585e+03 1.359967e+03 1.351783e+03 1.399400e+03
3.5 1.348242e+03 1.327691e+03 1.351270e+03 1.371821e+03
4.5 1.401375e+03 1.336268e+03 1.360734e+03 1.425840e+03
5.5 1.402092e+03 1.347008e+03 1.361710e+03 1.416794e+03
6.5 1.333479e+03 1.353169e+03 1.351206e+03 1.331515e+03
7.5 1.273943e+03 1.359567e+03 1.351182e+03 1.265558e+03
0.5 1.333479e+03 1.353169e+03 1.351206e+03 1.331515e+03
1.5 1.273943e+03 1.359567e+03 1.351182e+03 1.265558e+03
2.5 1.410289e+03 1.378931e+03 1.370620e+03 1.401978e+03
3.5 1.366006e+03 1.347105e+03 1.371091e+03 1.389992e+03
4.5 1.374850e+03 1.348015e+03 1.371062e+03 1.397897e+03
5.5 1.333077e+03 1.354602e+03 1.361547e+03 1.340022e+03
6.5 1.349970e+03 1.354852e+03 1.351029e+03 1.346147e+03
7.5 1.359145e+03 1.371849e+03 1.350988e+03 1.338284e+03
0.5 1.288068e+03 1.403545e+03 1.370410e+03 1.254934e+03
1.5 1.454992e+03 1.399663e+03 1.370863e+03 1.426192e+03
2.5 1.458550e+03 1.362560e+03 1.370814e+03 1.466804e+03
3.5 1.295573e+03 1.330182e+03 1.370762e+03 1.336153e+03
4.5 1.312180e+03 1.343467e+03 1.370708e+03 1.339420e+03
5.5 1.380495e+03 1.357587e+03 1.361168e+03 1.384076e+03
6.5 1.398341e+03 1.357804e+03 1.350627e+03 1.391164e+03
7.5 1.284748e+03 1.333666e+03 1.350565e+03 1.301648e+03
0.3 1.312180e+03 1.343467e+03 1.370708e+03 1.339420e+03
1.3 1.380495e+03 1.357587e+03 1.361168e+03 1.384076e+03
2.3 1.398341e+03 1.357804e+03 1.350627e+03 1.391164e+03
3.3 1.284748e+03 1.333666e+03 1.350565e+03 1.301648e+03
4.3 1.350891e+03 1.351862e+03 1.369966e+03 1.368995e+03
5.3 1.381362e+03 1.352554e+03 1.365907e+03 1.394715e+03
6.3 1.375562e+03 1.364165e+03 1.350366e+03 1.361763e+03
7.3 1.347843e+03 1.376385e+03 1.350296e+03 1.321754e+03
0.7 1.326131e+03 1.396216e+03 1.369955e+03 1.299870e+03
1.7 1.406453e+03 1.407739e+03 1.369878e+03 1.368592e+03
2.7 1.278826e+03 1.353613e+03 1.369800e+03 1.295013e+03
3.7 1.322768e+03 1.326621e+03 1.369720e+03 1.365867e+03
4.7 1.321683e+03 1.333963e+03 1.369638e+03 1.357357e+03
5.7 1.241551e+03 1.342621e+03 1.355081e+03 1.254011e+03
6.7 1.333807e+03 1.344476e+03 1.349510e+03 1.338842e+03
7.7 1.364905e+03 1.355140e+03 1.353922e+03 1.363687e+03
0.7 1.254758e+03 1.352399e+03 1.367877e+03 1.270236e+03
1.7 1.367382e+03 1.355717e+03 1.367835e+03 1.379500e+03
2.7 1.338870e+03 1.359695e+03 1.367795e+03 1.346969e+03
3.7 1.304841e+03 1.338371e+03 1.367756e+03 1.334227e+03
4.7 1.285369e+03 1.338305e+03 1.367719e+03 1.314784e+03
5.7 1.498828e+03 1.340616e+03 1.353208e+03 1.511419e+03
6.7 1.444938e+03 1.347119e+03 1.347682e+03 1.445501e+03
7.7 1.407182e+03 1.351563e+03 1.352143e+03 1.407762e+03
0.5 1.348767e+03 1.348436e+03 1.367352e+03 1.367684e+03
1.5 1.336169e+03 1.370358e+03 1.367340e+03 1.333151e+03
2.5 1.224329e+03 1.370742e+03 1.367329e+03 1.220917e+03
3.5 1.309984e+03 1.338511e+03 1.367318e+03 1.338791e+03
4.5 1.368288e+03 1.337678e+03 1.367308e+03 1.397918e+03
5.5 1.345404e+03 1.343968e+03 1.357818e+03 1.359254e+03
6.5 1.397109e+03 1.346601e+03 1.347330e+03 1.397838e+03
7.5 1.312592e+03 1.351918e+03 1.347325e+03 1.307998e+03
0.2 1.413959e+03 1.345960e+03 1.367380e+03 1.435379e+03
1.2 1.398040e+03 1.371068e+03 1.367396e+03 1.394368e+03
2.2 1.413891e+03 1.371547e+03 1.367419e+03 1.409764e+03
3.2 1.317932e+03 1.347674e+03 1.367447e+03 1.337705e+03
4.2 1.352049e+03 1.346669e+03 1.367475e+03 1.372855e+03
5.2 1.334268e+03 1.347120e+03 1.363005e+03 1.350152e+03
6.2 1.325272e+03 1.358988e+03 1.347556e+03 1.313841e+03
7.2 1.407989e+03 1.371468e+03 1.347581e+03 1.384102e+03
