0.5 9.928101e+03 9.941820e+03 9.934135e+03 9.920415e+03
1.5 9.894463e+03 9.972839e+03 9.931540e+03 9.853164e+03
2.5 1.000580e+04 9.935714e+03 9.929164e+03 9.999253e+03
3.5 9.961736e+03 9.937908e+03 9.926998e+03 9.950826e+03
4.5 9.875723e+03 9.942154e+03 9.925034e+03 9.858602e+03
5.5 9.998534e+03 9.968875e+03 9.937594e+03 9.967254e+03
6.5 1.003086e+04 9.998550e+03 9.967849e+03 1.000016e+04
7.5 1.001369e+04 9.973168e+03 9.988709e+03 1.002923e+04
8.5 9.945497e+03 9.974043e+03 9.989021e+03 9.960475e+03
0.2 1.000580e+04 9.935714e+03 9.929164e+03 9.999253e+03
1.2 9.961736e+03 9.937908e+03 9.926998e+03 9.950826e+03
2.2 9.875723e+03 9.942154e+03 9.925034e+03 9.858602e+03
3.2 9.998534e+03 9.968875e+03 9.937594e+03 9.967254e+03
4.2 1.003086e+04 9.998550e+03 9.967849e+03 1.000016e+04
5.2 1.001369e+04 9.973168e+03 9.988709e+03 1.002923e+04
6.2 9.945497e+03 9.974043e+03 9.989021e+03 9.960475e+03
7.2 9.954943e+03 9.968373e+03 9.983121e+03 9.969692e+03
8.2 1.004142e+04 9.972945e+03 9.986926e+03 1.005540e+04
0.9 9.998534e+03 9.968875e+03 9.937594e+03 9.967254e+03
1.9 1.003086e+04 9.998550e+03 9.967849e+03 1.000016e+04
2.9 1.001369e+04 9.973168e+03 9.988709e+03 1.002923e+04
3.9 9.945497e+03 9.974043e+03 9.989021e+03 9.960475e+03
4.9 9.954943e+03 9.968373e+03 9.983121e+03 9.969692e+03
5.9 1.004142e+04 9.972945e+03 9.986926e+03 1.005540e+04
6.9 9.922275e+03 9.965614e+03 9.986092e+03 9.942753e+03
7.9 1.001435e+04 9.972299e+03 9.985385e+03 1.002744e+04
8.9 9.937781e+03 9.972095e+03 9.984794e+03 9.950480e+03
0.6 1.001369e+04 9.973168e+03 9.988709e+03 1.002923e+04
1.6 9.945497e+03 9.974043e+03 9.989021e+03 9.960475e+03
2.6 9.954943e+03 9.968373e+03 9.983121e+03 9.969692e+03
3.6 1.004142e+04 9.972945e+03 9.986926e+03 1.005540e+04
4.6 9.922275e+03 9.965614e+03 9.986092e+03 9.942753e+03
5.6 1.001435e+04 9.972299e+03 9.985385e+03 1.002744e+04
6.6 9.937781e+03 9.972095e+03 9.984794e+03 9.950480e+03
7.6 9.966643e+03 9.971960e+03 9.984307e+03 9.978990e+03
8.6 9.964367e+03 9.971885e+03 9.983915e+03 9.976397e+03
0.3 9.954943e+03 9.968373e+03 9.983121e+03 9.969692e+03
1.3 1.004142e+04 9.972945e+03 9.986926e+03 1.005540e+04
2.3 9.922275e+03 9.965614e+03 9.986092e+03 9.942753e+03
3.3 1.001435e+04 9.972299e+03 9.985385e+03 1.002744e+04
4.3 9.937781e+03 9.972095e+03 9.984794e+03 9.950480e+03
5.3 9.966643e+03 9.971960e+03 9.984307e+03 9.978990e+03
6.3 9.964367e+03 9.971885e+03 9.983915e+03 9.976397e+03
7.3 9.973607e+03 9.965395e+03 9.977236e+03 9.985449e+03
8.3 9.890996e+03 9.971872e+03 9.983366e+03 9.902490e+03
1.0 1.001435e+04 9.972299e+03 9.985385e+03 1.002744e+04
2.0 9.937781e+03 9.972095e+03 9.984794e+03 9.950480e+03
3.0 9.966643e+03 9.971960e+03 9.984307e+03 9.978990e+03
4.0 9.964367e+03 9.971885e+03 9.983915e+03 9.976397e+03
5.0 9.973607e+03 9.965395e+03 9.977236e+03 9.985449e+03
6.0 9.890996e+03 9.971872e+03 9.983366e+03 9.902490e+03
7.0 9.927198e+03 9.974028e+03 9.983185e+03 9.936355e+03
8.0 9.990255e+03 1.003783e+04 9.983052e+03 9.935472e+03
9.0 1.000796e+04 1.004064e+04 9.982959e+03 9.950272e+03
0.7 9.966643e+03 9.971960e+03 9.984307e+03 9.978990e+03
1.7 9.964367e+03 9.971885e+03 9.983915e+03 9.976397e+03
2.7 9.973607e+03 9.965395e+03 9.977236e+03 9.985449e+03
3.7 9.890996e+03 9.971872e+03 9.983366e+03 9.902490e+03
4.7 9.927198e+03 9.974028e+03 9.983185e+03 9.936355e+03
5.7 9.990255e+03 1.003783e+04 9.983052e+03 9.935472e+03
6.7 1.000796e+04 1.004064e+04 9.982959e+03 9.950272e+03
7.7 9.989352e+03 9.997831e+03 9.982897e+03 9.974418e+03
8.7 9.892528e+03 9.940963e+03 9.982860e+03 9.934425e+03
0.4 9.973607e+03 9.965395e+03 9.977236e+03 9.985449e+03
1.4 9.890996e+03 9.971872e+03 9.983366e+03 9.902490e+03
2.4 9.927198e+03 9.974028e+03 9.983185e+03 9.936355e+03
3.4 9.990255e+03 1.003783e+04 9.983052e+03 9.935472e+03
4.4 1.000796e+04 1.004064e+04 9.982959e+03 9.950272e+03
5.4 9.989352e+03 9.997831e+03 9.982897e+03 9.974418e+03
6.4 9.892528e+03 9.940963e+03 9.982860e+03 9.934425e+03
7.4 9.996154e+03 9.935117e+03 9.976471e+03 1.003751e+04
8.4 9.963534e+03 9.924736e+03 9.949393e+03 9.988192e+03
0.5 1.000841e+04 9.931942e+03 9.912770e+03 9.989239e+03
1.5 9.943942e+03 9.964794e+03 9.912764e+03 9.891912e+03
2.5 1.003859e+04 9.929195e+03 9.912751e+03 1.002215e+04
3.5 9.990127e+03 9.931918e+03 9.912732e+03 9.970941e+03
4.5 9.904217e+03 9.936529e+03 9.912705e+03 9.880394e+03
5.5 1.003127e+04 9.965124e+03 9.927800e+03 9.993944e+03
6.5 1.004265e+04 9.995775e+03 9.959610e+03 1.000648e+04
7.5 9.983645e+03 9.972042e+03 9.981868e+03 9.993470e+03
8.5 9.926565e+03 9.972844e+03 9.982636e+03 9.936357e+03
0.2 1.003859e+04 9.929195e+03 9.912751e+03 1.002215e+04
1.2 9.990127e+03 9.931918e+03 9.912732e+03 9.970941e+03
2.2 9.904217e+03 9.936529e+03 9.912705e+03 9.880394e+03
3.2 1.003127e+04 9.965124e+03 9.927800e+03 9.993944e+03
4.2 1.004265e+04 9.995775e+03 9.959610e+03 1.000648e+04
5.2 9.983645e+03 9.972042e+03 9.981868e+03 9.993470e+03
6.2 9.926565e+03 9.972844e+03 9.982636e+03 9.936357e+03
7.2 1.001327e+04 9.967907e+03 9.977038e+03 1.002240e+04
8.2 9.978036e+03 9.972990e+03 9.981793e+03 9.986839e+03
0.9 1.003127e+04 9.965124e+03 9.927800e+03 9.993944e+03
1.9 1.004265e+04 9.995775e+03 9.959610e+03 1.000648e+04
2.9 9.983645e+03 9.972042e+03 9.981868e+03 9.993470e+03
3.9 9.926565e+03 9.972844e+03 9.982636e+03 9.936357e+03
4.9 1.001327e+04 9.967907e+03 9.977038e+03 1.002240e+04
5.9 9.978036e+03 9.972990e+03 9.981793e+03 9.986839e+03
6.9 1.002407e+04 9.965180e+03 9.981776e+03 1.004067e+04
7.9 9.968938e+03 9.971271e+03 9.982561e+03 9.980229e+03
8.9 9.990495e+03 9.971289e+03 9.982558e+03 1.000176e+04
0.6 9.983645e+03 9.972042e+03 9.981868e+03 9.993470e+03
1.6 9.926565e+03 9.972844e+03 9.982636e+03 9.936357e+03
2.6 1.001327e+04 9.967907e+03 9.977038e+03 1.002240e+04
3.6 9.978036e+03 9.972990e+03 9.981793e+03 9.986839e+03
4.6 1.002407e+04 9.965180e+03 9.981776e+03 1.004067e+04
5.6 9.968938e+03 9.971271e+03 9.982561e+03 9.980229e+03
6.6 9.990495e+03 9.971289e+03 9.982558e+03 1.000176e+04
7.6 1.002779e+04 9.973682e+03 9.983360e+03 1.003746e+04
8.6 9.973338e+03 9.973711e+03 9.983374e+03 9.983001e+03
0.3 1.001327e+04 9.967907e+03 9.977038e+03 1.002240e+04
1.3 9.978036e+03 9.972990e+03 9.981793e+03 9.986839e+03
2.3 1.002407e+04 9.965180e+03 9.981776e+03 1.004067e+04
3.3 9.968938e+03 9.971271e+03 9.982561e+03 9.980229e+03
4.3 9.990495e+03 9.971289e+03 9.982558e+03 1.000176e+04
5.3 1.002779e+04 9.973682e+03 9.983360e+03 1.003746e+04
6.3 9.973338e+03 9.973711e+03 9.983374e+03 9.983001e+03
7.3 1.004763e+04 9.966525e+03 9.976228e+03 1.005733e+04
8.3 9.961000e+03 9.971446e+03 9.981013e+03 9.970567e+03
0.9 9.968938e+03 9.971271e+03 9.982561e+03 9.980229e+03
1.9 9.990495e+03 9.971289e+03 9.982558e+03 1.000176e+04
2.9 1.002779e+04 9.973682e+03 9.983360e+03 1.003746e+04
3.9 9.973338e+03 9.973711e+03 9.983374e+03 9.983001e+03
4.9 1.004763e+04 9.966525e+03 9.976228e+03 1.005733e+04
5.9 9.961000e+03 9.971446e+03 9.981013e+03 9.970567e+03
6.9 1.000754e+04 9.971320e+03 9.981024e+03 1.001725e+04
7.9 1.006138e+04 1.003750e+04 9.982633e+03 1.000651e+04
8.9 1.002089e+04 1.004258e+04 9.982657e+03 9.960970e+03
0.7 1.002779e+04 9.973682e+03 9.983360e+03 1.003746e+04
1.7 9.973338e+03 9.973711e+03 9.983374e+03 9.983001e+03
2.7 1.004763e+04 9.966525e+03 9.976228e+03 1.005733e+04
3.7 9.961000e+03 9.971446e+03 9.981013e+03 9.970567e+03
4.7 1.000754e+04 9.971320e+03 9.981024e+03 1.001725e+04
5.7 1.006138e+04 1.003750e+04 9.982633e+03 1.000651e+04
6.7 1.002089e+04 1.004258e+04 9.982657e+03 9.960970e+03
7.7 1.002394e+04 1.000043e+04 9.982683e+03 1.000620e+04
8.7 9.955926e+03 9.941967e+03 9.982711e+03 9.996670e+03
0.3 1.004763e+04 9.966525e+03 9.976228e+03 1.005733e+04
1.3 9.961000e+03 9.971446e+03 9.981013e+03 9.970567e+03
2.3 1.000754e+04 9.971320e+03 9.981024e+03 1.001725e+04
3.3 1.006138e+04 1.003750e+04 9.982633e+03 1.000651e+04
4.3 1.002089e+04 1.004258e+04 9.982657e+03 9.960970e+03
5.3 1.002394e+04 1.000043e+04 9.982683e+03 1.000620e+04
6.3 9.955926e+03 9.941967e+03 9.982711e+03 9.996670e+03
7.3 9.955183e+03 9.935599e+03 9.976372e+03 9.995956e+03
8.3 9.832604e+03 9.925961e+03 9.950135e+03 9.856778e+03
0.5 9.858741e+03 9.933421e+03 9.912816e+03 9.838136e+03
1.5 9.950291e+03 9.966224e+03 9.912820e+03 9.896887e+03
2.5 9.858426e+03 9.929743e+03 9.912821e+03 9.841504e+03
3.5 9.933361e+03 9.931642e+03 9.912815e+03 9.914534e+03
4.5 9.886778e+03 9.936239e+03 9.912801e+03 9.863341e+03
5.5 9.915059e+03 9.964653e+03 9.928704e+03 9.879110e+03
6.5 9.934197e+03 9.995280e+03 9.960525e+03 9.899442e+03
7.5 9.896705e+03 9.971541e+03 9.981992e+03 9.907156e+03
8.5 9.961592e+03 9.971523e+03 9.981961e+03 9.972030e+03
0.2 9.858426e+03 9.929743e+03 9.912821e+03 9.841504e+03
1.2 9.933361e+03 9.931642e+03 9.912815e+03 9.914534e+03
2.2 9.886778e+03 9.936239e+03 9.912801e+03 9.863341e+03
3.2 9.915059e+03 9.964653e+03 9.928704e+03 9.879110e+03
4.2 9.934197e+03 9.995280e+03 9.960525e+03 9.899442e+03
5.2 9.896705e+03 9.971541e+03 9.981992e+03 9.907156e+03
6.2 9.961592e+03 9.971523e+03 9.981961e+03 9.972030e+03
7.2 9.995689e+03 9.965709e+03 9.976356e+03 1.000634e+04
8.2 9.966554e+03 9.970879e+03 9.980306e+03 9.975980e+03
0.8 9.915059e+03 9.964653e+03 9.928704e+03 9.879110e+03
1.8 9.934197e+03 9.995280e+03 9.960525e+03 9.899442e+03
2.8 9.896705e+03 9.971541e+03 9.981992e+03 9.907156e+03
3.8 9.961592e+03 9.971523e+03 9.981961e+03 9.972030e+03
4.8 9.995689e+03 9.965709e+03 9.976356e+03 1.000634e+04
5.8 9.966554e+03 9.970879e+03 9.980306e+03 9.975980e+03
6.8 9.922857e+03 9.964861e+03 9.980277e+03 9.938273e+03
7.8 9.955937e+03 9.972490e+03 9.981844e+03 9.965290e+03
8.8 9.924228e+03 9.972480e+03 9.981823e+03 9.933570e+03
0.5 9.896705e+03 9.971541e+03 9.981992e+03 9.907156e+03
1.5 9.961592e+03 9.971523e+03 9.981961e+03 9.972030e+03
2.5 9.995689e+03 9.965709e+03 9.976356e+03 1.000634e+04
3.5 9.966554e+03 9.970879e+03 9.980306e+03 9.975980e+03
4.5 9.922857e+03 9.964861e+03 9.980277e+03 9.938273e+03
5.5 9.955937e+03 9.972490e+03 9.981844e+03 9.965290e+03
6.5 9.924228e+03 9.972480e+03 9.981823e+03 9.933570e+03
7.5 9.992747e+03 9.972477e+03 9.981801e+03 1.000207e+04
8.5 9.953459e+03 9.973276e+03 9.982576e+03 9.962759e+03
0.2 9.995689e+03 9.965709e+03 9.976356e+03 1.000634e+04
1.2 9.966554e+03 9.970879e+03 9.980306e+03 9.975980e+03
2.2 9.922857e+03 9.964861e+03 9.980277e+03 9.938273e+03
3.2 9.955937e+03 9.972490e+03 9.981844e+03 9.965290e+03
4.2 9.924228e+03 9.972480e+03 9.981823e+03 9.933570e+03
5.2 9.992747e+03 9.972477e+03 9.981801e+03 1.000207e+04
6.2 9.953459e+03 9.973276e+03 9.982576e+03 9.962759e+03
7.2 9.990183e+03 9.967470e+03 9.976989e+03 9.999701e+03
8.2 1.004108e+04 9.973300e+03 9.982556e+03 1.005034e+04
0.9 9.955937e+03 9.972490e+03 9.981844e+03 9.965290e+03
1.9 9.924228e+03 9.972480e+03 9.981823e+03 9.933570e+03
2.9 9.992747e+03 9.972477e+03 9.981801e+03 1.000207e+04
3.9 9.953459e+03 9.973276e+03 9.982576e+03 9.962759e+03
4.9 9.990183e+03 9.967470e+03 9.976989e+03 9.999701e+03
5.9 1.004108e+04 9.973300e+03 9.982556e+03 1.005034e+04
6.9 9.978487e+03 9.968647e+03 9.982556e+03 9.992396e+03
7.9 1.009352e+04 1.003487e+04 9.982560e+03 1.004121e+04
8.9 1.010220e+04 1.004459e+04 9.982564e+03 1.004017e+04
0.6 9.992747e+03 9.972477e+03 9.981801e+03 1.000207e+04
1.6 9.953459e+03 9.973276e+03 9.982576e+03 9.962759e+03
2.6 9.990183e+03 9.967470e+03 9.976989e+03 9.999701e+03
3.6 1.004108e+04 9.973300e+03 9.982556e+03 1.005034e+04
4.6 9.978487e+03 9.968647e+03 9.982556e+03 9.992396e+03
5.6 1.009352e+04 1.003487e+04 9.982560e+03 1.004121e+04
6.6 1.010220e+04 1.004459e+04 9.982564e+03 1.004017e+04
7.6 1.003038e+04 1.000388e+04 9.982565e+03 1.000907e+04
8.6 9.928644e+03 9.942365e+03 9.982560e+03 9.968838e+03
0.3 9.990183e+03 9.967470e+03 9.976989e+03 9.999701e+03
1.3 1.004108e+04 9.973300e+03 9.982556e+03 1.005034e+04
2.3 9.978487e+03 9.968647e+03 9.982556e+03 9.992396e+03
3.3 1.009352e+04 1.003487e+04 9.982560e+03 1.004121e+04
4.3 1.010220e+04 1.004459e+04 9.982564e+03 1.004017e+04
5.3 1.003038e+04 1.000388e+04 9.982565e+03 1.000907e+04
6.3 9.928644e+03 9.942365e+03 9.982560e+03 9.968838e+03
7.3 9.867295e+03 9.935069e+03 9.976175e+03 9.908400e+03
8.3 9.886103e+03 9.927009e+03 9.951463e+03 9.910557e+03
0.5 9.982796e+03 9.933498e+03 9.912008e+03 9.961307e+03
1.5 9.954607e+03 9.966187e+03 9.911780e+03 9.900200e+03
2.5 9.869714e+03 9.930410e+03 9.911489e+03 9.850792e+03
3.5 9.847256e+03 9.932115e+03 9.911129e+03 9.826270e+03
4.5 9.941123e+03 9.935611e+03 9.910691e+03 9.916203e+03
5.5 9.919886e+03 9.965493e+03 9.926092e+03 9.880484e+03
6.5 1.001144e+04 9.995769e+03 9.957325e+03 9.972997e+03
7.5 9.939082e+03 9.970739e+03 9.978903e+03 9.947247e+03
8.5 9.978449e+03 9.970231e+03 9.978083e+03 9.986301e+03
0.2 9.869714e+03 9.930410e+03 9.911489e+03 9.850792e+03
1.2 9.847256e+03 9.932115e+03 9.911129e+03 9.826270e+03
2.2 9.941123e+03 9.935611e+03 9.910691e+03 9.916203e+03
3.2 9.919886e+03 9.965493e+03 9.926092e+03 9.880484e+03
4.2 1.001144e+04 9.995769e+03 9.957325e+03 9.972997e+03
5.2 9.939082e+03 9.970739e+03 9.978903e+03 9.947247e+03
6.2 9.978449e+03 9.970231e+03 9.978083e+03 9.986301e+03
7.2 9.950032e+03 9.963875e+03 9.970780e+03 9.956938e+03
8.2 9.923435e+03 9.968993e+03 9.975303e+03 9.929744e+03
0.9 9.919886e+03 9.965493e+03 9.926092e+03 9.880484e+03
1.9 1.001144e+04 9.995769e+03 9.957325e+03 9.972997e+03
2.9 9.939082e+03 9.970739e+03 9.978903e+03 9.947247e+03
3.9 9.978449e+03 9.970231e+03 9.978083e+03 9.986301e+03
4.9 9.950032e+03 9.963875e+03 9.970780e+03 9.956938e+03
5.9 9.923435e+03 9.968993e+03 9.975303e+03 9.929744e+03
6.9 9.969748e+03 9.961281e+03 9.974129e+03 9.982596e+03
7.9 1.002028e+04 9.966640e+03 9.972828e+03 1.002647e+04
8.9 9.994316e+03 9.965780e+03 9.971402e+03 9.999938e+03
0.6 9.939082e+03 9.970739e+03 9.978903e+03 9.947247e+03
1.6 9.978449e+03 9.970231e+03 9.978083e+03 9.986301e+03
2.6 9.950032e+03 9.963875e+03 9.970780e+03 9.956938e+03
3.6 9.923435e+03 9.968993e+03 9.975303e+03 9.929744e+03
4.6 9.969748e+03 9.961281e+03 9.974129e+03 9.982596e+03
5.6 1.002028e+04 9.966640e+03 9.972828e+03 1.002647e+04
6.6 9.994316e+03 9.965780e+03 9.971402e+03 9.999938e+03
7.6 1.004666e+04 9.966464e+03 9.970667e+03 1.005087e+04
8.6 9.978472e+03 9.965499e+03 9.969043e+03 9.982016e+03
0.3 9.950032e+03 9.963875e+03 9.970780e+03 9.956938e+03
1.3 9.923435e+03 9.968993e+03 9.975303e+03 9.929744e+03
2.3 9.969748e+03 9.961281e+03 9.974129e+03 9.982596e+03
3.3 1.002028e+04 9.966640e+03 9.972828e+03 1.002647e+04
4.3 9.994316e+03 9.965780e+03 9.971402e+03 9.999938e+03
5.3 1.004666e+04 9.966464e+03 9.970667e+03 1.005087e+04
6.3 9.978472e+03 9.965499e+03 9.969043e+03 9.982016e+03
7.3 9.954530e+03 9.956335e+03 9.960934e+03 9.959129e+03
8.3 9.922110e+03 9.961005e+03 9.964644e+03 9.925749e+03
1.0 1.002028e+04 9.966640e+03 9.972828e+03 1.002647e+04
2.0 9.994316e+03 9.965780e+03 9.971402e+03 9.999938e+03
3.0 1.004666e+04 9.966464e+03 9.970667e+03 1.005087e+04
4.0 9.978472e+03 9.965499e+03 9.969043e+03 9.982016e+03
5.0 9.954530e+03 9.956335e+03 9.960934e+03 9.959129e+03
6.0 9.922110e+03 9.961005e+03 9.964644e+03 9.925749e+03
0.6 1.004666e+04 9.966464e+03 9.970667e+03 1.005087e+04
1.6 9.978472e+03 9.965499e+03 9.969043e+03 9.982016e+03
2.6 9.954530e+03 9.956335e+03 9.960934e+03 9.959129e+03
3.6 9.922110e+03 9.961005e+03 9.964644e+03 9.925749e+03
0.3 9.954530e+03 9.956335e+03 9.960934e+03 9.959129e+03
1.3 9.922110e+03 9.961005e+03 9.964644e+03 9.925749e+03
