0.5 9.971239e+03 9.888476e+03 9.938598e+03 1.002136e+04
1.5 9.891051e+03 9.895392e+03 9.938505e+03 9.934163e+03
2.5 9.838651e+03 9.911912e+03 9.938405e+03 9.865144e+03
3.5 9.962372e+03 9.938727e+03 9.938299e+03 9.961944e+03
4.5 9.954787e+03 9.897843e+03 9.938183e+03 9.995128e+03
5.5 9.886344e+03 9.871871e+03 9.970777e+03 9.985250e+03
6.5 9.945228e+03 9.918282e+03 1.000025e+04 1.002719e+04
7.5 1.002007e+04 9.997809e+03 9.998548e+03 1.002081e+04
0.1 9.976460e+03 9.983249e+03 9.935712e+03 9.928923e+03
1.1 1.000773e+04 9.964716e+03 9.935536e+03 9.978546e+03
2.1 1.002311e+04 9.945627e+03 9.935370e+03 1.001285e+04
3.1 9.968924e+03 9.974242e+03 9.935215e+03 9.929897e+03
4.1 9.895348e+03 1.002907e+04 9.935071e+03 9.801348e+03
5.1 1.007689e+04 1.004177e+04 9.941171e+03 9.976294e+03
6.1 9.969399e+03 1.000947e+04 1.000337e+04 9.963299e+03
7.1 9.972395e+03 9.940901e+03 1.002819e+04 1.005969e+04
0.5 9.940483e+03 9.837595e+03 9.934541e+03 1.003743e+04
1.5 9.935302e+03 9.850210e+03 9.934473e+03 1.001957e+04
2.5 9.852353e+03 9.871534e+03 9.934418e+03 9.915237e+03
3.5 9.845119e+03 9.902810e+03 9.934374e+03 9.876683e+03
4.5 9.903298e+03 9.864542e+03 9.934341e+03 9.973097e+03
5.5 9.905000e+03 9.841798e+03 9.967036e+03 1.003024e+04
6.5 9.921277e+03 9.894666e+03 9.996624e+03 1.002324e+04
7.5 9.916831e+03 9.977225e+03 9.995059e+03 9.934665e+03
0.1 9.938834e+03 9.974670e+03 9.934170e+03 9.898334e+03
1.1 9.974696e+03 9.962391e+03 9.934156e+03 9.946462e+03
2.1 9.863565e+03 9.943900e+03 9.934143e+03 9.853808e+03
3.1 9.958615e+03 9.970940e+03 9.934129e+03 9.921805e+03
4.1 1.002297e+04 1.002650e+04 9.934125e+03 9.930597e+03
5.1 1.016115e+04 1.003948e+04 9.938802e+03 1.006048e+04
6.1 1.016470e+04 1.000953e+04 1.000112e+04 1.015629e+04
7.1 9.900867e+03 9.942147e+03 1.002760e+04 9.986319e+03
0.5 9.737488e+03 9.837051e+03 9.934105e+03 9.834543e+03
1.5 9.794429e+03 9.850311e+03 9.934106e+03 9.878224e+03
2.5 9.918069e+03 9.871735e+03 9.934110e+03 9.980445e+03
3.5 9.919537e+03 9.902576e+03 9.934116e+03 9.951077e+03
4.5 9.842231e+03 9.862861e+03 9.934125e+03 9.913495e+03
5.5 9.822947e+03 9.840182e+03 9.966855e+03 9.949620e+03
6.5 9.988033e+03 9.896688e+03 9.996472e+03 1.008782e+04
7.5 9.942356e+03 9.979314e+03 9.994930e+03 9.957972e+03
0.0 9.941496e+03 9.976754e+03 9.934358e+03 9.899099e+03
1.0 9.979774e+03 9.963312e+03 9.934363e+03 9.950826e+03
2.0 9.955654e+03 9.945117e+03 9.934374e+03 9.944911e+03
3.0 9.915473e+03 9.968279e+03 9.934391e+03 9.881584e+03
4.0 9.813173e+03 1.002470e+04 9.934421e+03 9.722889e+03
5.0 1.019941e+04 1.003769e+04 9.936022e+03 1.009774e+04
6.0 1.002026e+04 1.001193e+04 9.998395e+03 1.000673e+04
7.0 9.946676e+03 9.946489e+03 1.002806e+04 1.002824e+04
0.5 9.825314e+03 9.837033e+03 9.934761e+03 9.923042e+03
1.5 9.849483e+03 9.850168e+03 9.934891e+03 9.934206e+03
2.5 9.806825e+03 9.871424e+03 9.935053e+03 9.870454e+03
3.5 9.848783e+03 9.902558e+03 9.935248e+03 9.881474e+03
4.5 9.862748e+03 9.862545e+03 9.935481e+03 9.935684e+03
5.5 9.798123e+03 9.838966e+03 9.968473e+03 9.927630e+03
6.5 9.888474e+03 9.895063e+03 9.998393e+03 9.991804e+03
7.5 9.947276e+03 9.977130e+03 9.997201e+03 9.967348e+03
