0.5 1.031408e+04 1.034607e+04 1.031242e+04 1.028043e+04
1.5 1.033175e+04 1.031350e+04 1.031022e+04 1.032847e+04
2.5 1.031050e+04 1.036058e+04 1.030831e+04 1.025824e+04
3.5 1.037533e+04 1.040071e+04 1.034966e+04 1.032429e+04
4.5 1.040474e+04 1.041180e+04 1.039350e+04 1.038644e+04
5.5 1.035014e+04 1.037898e+04 1.040358e+04 1.037474e+04
6.5 1.036612e+04 1.036956e+04 1.040254e+04 1.039910e+04
7.5 1.036607e+04 1.036102e+04 1.040171e+04 1.040675e+04
8.5 1.036655e+04 1.035964e+04 1.040105e+04 1.040796e+04
0.2 1.031050e+04 1.036058e+04 1.030831e+04 1.025824e+04
1.2 1.037533e+04 1.040071e+04 1.034966e+04 1.032429e+04
2.2 1.040474e+04 1.041180e+04 1.039350e+04 1.038644e+04
3.2 1.035014e+04 1.037898e+04 1.040358e+04 1.037474e+04
4.2 1.036612e+04 1.036956e+04 1.040254e+04 1.039910e+04
5.2 1.036607e+04 1.036102e+04 1.040171e+04 1.040675e+04
6.2 1.036655e+04 1.035964e+04 1.040105e+04 1.040796e+04
7.2 1.035888e+04 1.035320e+04 1.039377e+04 1.039946e+04
8.2 1.034587e+04 1.035790e+04 1.040022e+04 1.038819e+04
0.9 1.035014e+04 1.037898e+04 1.040358e+04 1.037474e+04
1.9 1.036612e+04 1.036956e+04 1.040254e+04 1.039910e+04
2.9 1.036607e+04 1.036102e+04 1.040171e+04 1.040675e+04
3.9 1.036655e+04 1.035964e+04 1.040105e+04 1.040796e+04
4.9 1.035888e+04 1.035320e+04 1.039377e+04 1.039946e+04
5.9 1.034587e+04 1.035790e+04 1.040022e+04 1.038819e+04
6.9 1.036620e+04 1.036146e+04 1.039774e+04 1.040248e+04
7.9 1.032867e+04 1.035641e+04 1.039990e+04 1.037215e+04
8.9 1.030144e+04 1.035576e+04 1.039988e+04 1.034556e+04
0.6 1.036607e+04 1.036102e+04 1.040171e+04 1.040675e+04
1.6 1.036655e+04 1.035964e+04 1.040105e+04 1.040796e+04
2.6 1.035888e+04 1.035320e+04 1.039377e+04 1.039946e+04
3.6 1.034587e+04 1.035790e+04 1.040022e+04 1.038819e+04
4.6 1.036620e+04 1.036146e+04 1.039774e+04 1.040248e+04
5.6 1.032867e+04 1.035641e+04 1.039990e+04 1.037215e+04
6.6 1.030144e+04 1.035576e+04 1.039988e+04 1.034556e+04
7.6 1.036358e+04 1.035519e+04 1.039995e+04 1.040835e+04
8.6 1.038600e+04 1.035466e+04 1.040009e+04 1.043142e+04
0.3 1.035888e+04 1.035320e+04 1.039377e+04 1.039946e+04
1.3 1.034587e+04 1.035790e+04 1.040022e+04 1.038819e+04
2.3 1.036620e+04 1.036146e+04 1.039774e+04 1.040248e+04
3.3 1.032867e+04 1.035641e+04 1.039990e+04 1.037215e+04
4.3 1.030144e+04 1.035576e+04 1.039988e+04 1.034556e+04
5.3 1.036358e+04 1.035519e+04 1.039995e+04 1.040835e+04
6.3 1.038600e+04 1.035466e+04 1.040009e+04 1.043142e+04
7.3 1.040251e+04 1.035360e+04 1.039800e+04 1.044691e+04
8.3 1.038351e+04 1.035377e+04 1.040047e+04 1.043021e+04
1.0 1.032867e+04 1.035641e+04 1.039990e+04 1.037215e+04
2.0 1.030144e+04 1.035576e+04 1.039988e+04 1.034556e+04
3.0 1.036358e+04 1.035519e+04 1.039995e+04 1.040835e+04
4.0 1.038600e+04 1.035466e+04 1.040009e+04 1.043142e+04
5.0 1.040251e+04 1.035360e+04 1.039800e+04 1.044691e+04
6.0 1.038351e+04 1.035377e+04 1.040047e+04 1.043021e+04
7.0 1.037971e+04 1.035329e+04 1.039391e+04 1.042033e+04
8.0 1.040589e+04 1.038854e+04 1.040093e+04 1.041828e+04
9.0 1.043904e+04 1.042155e+04 1.040117e+04 1.041865e+04
0.7 1.036358e+04 1.035519e+04 1.039995e+04 1.040835e+04
1.7 1.038600e+04 1.035466e+04 1.040009e+04 1.043142e+04
2.7 1.040251e+04 1.035360e+04 1.039800e+04 1.044691e+04
3.7 1.038351e+04 1.035377e+04 1.040047e+04 1.043021e+04
4.7 1.037971e+04 1.035329e+04 1.039391e+04 1.042033e+04
5.7 1.040589e+04 1.038854e+04 1.040093e+04 1.041828e+04
6.7 1.043904e+04 1.042155e+04 1.040117e+04 1.041865e+04
7.7 1.048908e+04 1.044535e+04 1.037650e+04 1.042023e+04
8.7 1.047075e+04 1.046587e+04 1.033146e+04 1.033633e+04
0.4 1.040251e+04 1.035360e+04 1.039800e+04 1.044691e+04
1.4 1.038351e+04 1.035377e+04 1.040047e+04 1.043021e+04
2.4 1.037971e+04 1.035329e+04 1.039391e+04 1.042033e+04
3.4 1.040589e+04 1.038854e+04 1.040093e+04 1.041828e+04
4.4 1.043904e+04 1.042155e+04 1.040117e+04 1.041865e+04
5.4 1.048908e+04 1.044535e+04 1.037650e+04 1.042023e+04
6.4 1.047075e+04 1.046587e+04 1.033146e+04 1.033633e+04
7.4 1.035583e+04 1.043072e+04 1.030224e+04 1.022735e+04
8.4 1.037309e+04 1.036532e+04 1.030242e+04 1.031019e+04
0.5 1.033363e+04 1.032816e+04 1.030289e+04 1.030835e+04
1.5 1.035141e+04 1.029698e+04 1.030295e+04 1.035738e+04
2.5 1.033822e+04 1.034533e+04 1.030298e+04 1.029587e+04
3.5 1.043913e+04 1.038859e+04 1.034713e+04 1.039767e+04
4.5 1.040931e+04 1.040160e+04 1.039239e+04 1.040010e+04
5.5 1.040900e+04 1.036845e+04 1.040258e+04 1.044312e+04
6.5 1.044461e+04 1.036002e+04 1.040258e+04 1.048716e+04
7.5 1.042650e+04 1.035052e+04 1.040145e+04 1.047743e+04
8.5 1.041635e+04 1.035029e+04 1.040145e+04 1.046751e+04
0.2 1.033822e+04 1.034533e+04 1.030298e+04 1.029587e+04
1.2 1.043913e+04 1.038859e+04 1.034713e+04 1.039767e+04
2.2 1.040931e+04 1.040160e+04 1.039239e+04 1.040010e+04
3.2 1.040900e+04 1.036845e+04 1.040258e+04 1.044312e+04
4.2 1.044461e+04 1.036002e+04 1.040258e+04 1.048716e+04
5.2 1.042650e+04 1.035052e+04 1.040145e+04 1.047743e+04
6.2 1.041635e+04 1.035029e+04 1.040145e+04 1.046751e+04
7.2 1.036148e+04 1.034524e+04 1.039580e+04 1.041204e+04
8.2 1.034431e+04 1.035076e+04 1.040260e+04 1.039615e+04
0.9 1.040900e+04 1.036845e+04 1.040258e+04 1.044312e+04
1.9 1.044461e+04 1.036002e+04 1.040258e+04 1.048716e+04
2.9 1.042650e+04 1.035052e+04 1.040145e+04 1.047743e+04
3.9 1.041635e+04 1.035029e+04 1.040145e+04 1.046751e+04
4.9 1.036148e+04 1.034524e+04 1.039580e+04 1.041204e+04
5.9 1.034431e+04 1.035076e+04 1.040260e+04 1.039615e+04
6.9 1.038017e+04 1.035589e+04 1.040036e+04 1.042463e+04
7.9 1.035695e+04 1.035412e+04 1.040378e+04 1.040661e+04
8.9 1.030886e+04 1.035410e+04 1.040382e+04 1.035858e+04
0.6 1.042650e+04 1.035052e+04 1.040145e+04 1.047743e+04
1.6 1.041635e+04 1.035029e+04 1.040145e+04 1.046751e+04
2.6 1.036148e+04 1.034524e+04 1.039580e+04 1.041204e+04
3.6 1.034431e+04 1.035076e+04 1.040260e+04 1.039615e+04
4.6 1.038017e+04 1.035589e+04 1.040036e+04 1.042463e+04
5.6 1.035695e+04 1.035412e+04 1.040378e+04 1.040661e+04
6.6 1.030886e+04 1.035410e+04 1.040382e+04 1.035858e+04
7.6 1.037924e+04 1.034882e+04 1.040047e+04 1.043089e+04
8.6 1.034619e+04 1.034878e+04 1.040050e+04 1.039791e+04
0.3 1.036148e+04 1.034524e+04 1.039580e+04 1.041204e+04
1.3 1.034431e+04 1.035076e+04 1.040260e+04 1.039615e+04
2.3 1.038017e+04 1.035589e+04 1.040036e+04 1.042463e+04
3.3 1.035695e+04 1.035412e+04 1.040378e+04 1.040661e+04
4.3 1.030886e+04 1.035410e+04 1.040382e+04 1.035858e+04
5.3 1.037924e+04 1.034882e+04 1.040047e+04 1.043089e+04
6.3 1.034619e+04 1.034878e+04 1.040050e+04 1.039791e+04
7.3 1.032208e+04 1.034950e+04 1.039941e+04 1.037199e+04
8.3 1.030480e+04 1.035161e+04 1.040283e+04 1.035602e+04
0.9 1.035695e+04 1.035412e+04 1.040378e+04 1.040661e+04
1.9 1.030886e+04 1.035410e+04 1.040382e+04 1.035858e+04
2.9 1.037924e+04 1.034882e+04 1.040047e+04 1.043089e+04
3.9 1.034619e+04 1.034878e+04 1.040050e+04 1.039791e+04
4.9 1.032208e+04 1.034950e+04 1.039941e+04 1.037199e+04
5.9 1.030480e+04 1.035161e+04 1.040283e+04 1.035602e+04
6.9 1.033337e+04 1.035259e+04 1.039721e+04 1.037799e+04
7.9 1.040054e+04 1.038577e+04 1.040290e+04 1.041767e+04
8.9 1.038325e+04 1.041907e+04 1.040294e+04 1.036713e+04
0.7 1.037924e+04 1.034882e+04 1.040047e+04 1.043089e+04
1.7 1.034619e+04 1.034878e+04 1.040050e+04 1.039791e+04
2.7 1.032208e+04 1.034950e+04 1.039941e+04 1.037199e+04
3.7 1.030480e+04 1.035161e+04 1.040283e+04 1.035602e+04
4.7 1.033337e+04 1.035259e+04 1.039721e+04 1.037799e+04
5.7 1.040054e+04 1.038577e+04 1.040290e+04 1.041767e+04
6.7 1.038325e+04 1.041907e+04 1.040294e+04 1.036713e+04
7.7 1.040105e+04 1.044324e+04 1.037923e+04 1.033705e+04
8.7 1.056940e+04 1.046580e+04 1.033403e+04 1.043763e+04
0.3 1.032208e+04 1.034950e+04 1.039941e+04 1.037199e+04
1.3 1.030480e+04 1.035161e+04 1.040283e+04 1.035602e+04
2.3 1.033337e+04 1.035259e+04 1.039721e+04 1.037799e+04
3.3 1.040054e+04 1.038577e+04 1.040290e+04 1.041767e+04
4.3 1.038325e+04 1.041907e+04 1.040294e+04 1.036713e+04
5.3 1.040105e+04 1.044324e+04 1.037923e+04 1.033705e+04
6.3 1.056940e+04 1.046580e+04 1.033403e+04 1.043763e+04
7.3 1.054021e+04 1.043150e+04 1.030353e+04 1.041223e+04
8.3 1.030046e+04 1.036604e+04 1.030356e+04 1.023798e+04
0.5 1.032161e+04 1.032685e+04 1.030358e+04 1.029833e+04
1.5 1.035682e+04 1.029573e+04 1.030355e+04 1.036464e+04
2.5 1.033505e+04 1.034497e+04 1.030352e+04 1.029360e+04
3.5 1.032776e+04 1.039025e+04 1.034874e+04 1.028625e+04
4.5 1.042659e+04 1.040332e+04 1.039395e+04 1.041722e+04
5.5 1.030551e+04 1.036859e+04 1.040182e+04 1.033874e+04
6.5 1.035809e+04 1.036023e+04 1.040176e+04 1.039962e+04
7.5 1.029535e+04 1.034903e+04 1.039944e+04 1.034575e+04
8.5 1.033410e+04 1.034905e+04 1.039937e+04 1.038442e+04
0.2 1.033505e+04 1.034497e+04 1.030352e+04 1.029360e+04
1.2 1.032776e+04 1.039025e+04 1.034874e+04 1.028625e+04
2.2 1.042659e+04 1.040332e+04 1.039395e+04 1.041722e+04
3.2 1.030551e+04 1.036859e+04 1.040182e+04 1.033874e+04
4.2 1.035809e+04 1.036023e+04 1.040176e+04 1.039962e+04
5.2 1.029535e+04 1.034903e+04 1.039944e+04 1.034575e+04
6.2 1.033410e+04 1.034905e+04 1.039937e+04 1.038442e+04
7.2 1.030490e+04 1.034488e+04 1.039366e+04 1.035368e+04
8.2 1.037030e+04 1.035097e+04 1.040152e+04 1.042085e+04
0.8 1.030551e+04 1.036859e+04 1.040182e+04 1.033874e+04
1.8 1.035809e+04 1.036023e+04 1.040176e+04 1.039962e+04
2.8 1.029535e+04 1.034903e+04 1.039944e+04 1.034575e+04
3.8 1.033410e+04 1.034905e+04 1.039937e+04 1.038442e+04
4.8 1.030490e+04 1.034488e+04 1.039366e+04 1.035368e+04
5.8 1.037030e+04 1.035097e+04 1.040152e+04 1.042085e+04
6.8 1.033673e+04 1.035679e+04 1.040147e+04 1.038141e+04
7.8 1.033624e+04 1.035178e+04 1.040253e+04 1.038700e+04
8.8 1.034515e+04 1.035182e+04 1.040247e+04 1.039580e+04
0.5 1.029535e+04 1.034903e+04 1.039944e+04 1.034575e+04
1.5 1.033410e+04 1.034905e+04 1.039937e+04 1.038442e+04
2.5 1.030490e+04 1.034488e+04 1.039366e+04 1.035368e+04
3.5 1.037030e+04 1.035097e+04 1.040152e+04 1.042085e+04
4.5 1.033673e+04 1.035679e+04 1.040147e+04 1.038141e+04
5.5 1.033624e+04 1.035178e+04 1.040253e+04 1.038700e+04
6.5 1.034515e+04 1.035182e+04 1.040247e+04 1.039580e+04
7.5 1.036111e+04 1.035185e+04 1.040241e+04 1.041167e+04
8.5 1.033943e+04 1.035169e+04 1.040236e+04 1.039011e+04
0.2 1.030490e+04 1.034488e+04 1.039366e+04 1.035368e+04
1.2 1.037030e+04 1.035097e+04 1.040152e+04 1.042085e+04
2.2 1.033673e+04 1.035679e+04 1.040147e+04 1.038141e+04
3.2 1.033624e+04 1.035178e+04 1.040253e+04 1.038700e+04
4.2 1.034515e+04 1.035182e+04 1.040247e+04 1.039580e+04
5.2 1.036111e+04 1.035185e+04 1.040241e+04 1.041167e+04
6.2 1.033943e+04 1.035169e+04 1.040236e+04 1.039011e+04
7.2 1.032677e+04 1.034755e+04 1.039665e+04 1.037588e+04
8.2 1.037001e+04 1.035182e+04 1.040225e+04 1.042044e+04
0.9 1.033624e+04 1.035178e+04 1.040253e+04 1.038700e+04
1.9 1.034515e+04 1.035182e+04 1.040247e+04 1.039580e+04
2.9 1.036111e+04 1.035185e+04 1.040241e+04 1.041167e+04
3.9 1.033943e+04 1.035169e+04 1.040236e+04 1.039011e+04
4.9 1.032677e+04 1.034755e+04 1.039665e+04 1.037588e+04
5.9 1.037001e+04 1.035182e+04 1.040225e+04 1.042044e+04
6.9 1.032950e+04 1.035514e+04 1.039879e+04 1.037316e+04
7.9 1.036468e+04 1.038496e+04 1.040211e+04 1.038183e+04
8.9 1.039099e+04 1.041846e+04 1.040201e+04 1.037455e+04
0.6 1.036111e+04 1.035185e+04 1.040241e+04 1.041167e+04
1.6 1.033943e+04 1.035169e+04 1.040236e+04 1.039011e+04
2.6 1.032677e+04 1.034755e+04 1.039665e+04 1.037588e+04
3.6 1.037001e+04 1.035182e+04 1.040225e+04 1.042044e+04
4.6 1.032950e+04 1.035514e+04 1.039879e+04 1.037316e+04
5.6 1.036468e+04 1.038496e+04 1.040211e+04 1.038183e+04
6.6 1.039099e+04 1.041846e+04 1.040201e+04 1.037455e+04
7.6 1.040387e+04 1.044305e+04 1.038040e+04 1.034121e+04
8.6 1.053054e+04 1.046949e+04 1.033499e+04 1.039605e+04
0.3 1.032677e+04 1.034755e+04 1.039665e+04 1.037588e+04
1.3 1.037001e+04 1.035182e+04 1.040225e+04 1.042044e+04
2.3 1.032950e+04 1.035514e+04 1.039879e+04 1.037316e+04
3.3 1.036468e+04 1.038496e+04 1.040211e+04 1.038183e+04
4.3 1.039099e+04 1.041846e+04 1.040201e+04 1.037455e+04
5.3 1.040387e+04 1.044305e+04 1.038040e+04 1.034121e+04
6.3 1.053054e+04 1.046949e+04 1.033499e+04 1.039605e+04
7.3 1.034580e+04 1.043677e+04 1.030198e+04 1.021101e+04
8.3 1.033545e+04 1.037116e+04 1.030173e+04 1.026602e+04
0.5 1.029101e+04 1.033020e+04 1.029999e+04 1.026080e+04
1.5 1.032511e+04 1.029953e+04 1.029933e+04 1.032491e+04
2.5 1.034585e+04 1.034844e+04 1.029856e+04 1.029597e+04
3.5 1.038610e+04 1.039426e+04 1.034293e+04 1.033476e+04
4.5 1.042134e+04 1.040874e+04 1.038717e+04 1.039977e+04
5.5 1.040122e+04 1.037412e+04 1.039508e+04 1.042218e+04
6.5 1.037326e+04 1.036642e+04 1.039380e+04 1.040064e+04
7.5 1.034624e+04 1.035850e+04 1.039124e+04 1.037898e+04
8.5 1.029824e+04 1.035926e+04 1.038968e+04 1.032866e+04
0.2 1.034585e+04 1.034844e+04 1.029856e+04 1.029597e+04
1.2 1.038610e+04 1.039426e+04 1.034293e+04 1.033476e+04
2.2 1.042134e+04 1.040874e+04 1.038717e+04 1.039977e+04
3.2 1.040122e+04 1.037412e+04 1.039508e+04 1.042218e+04
4.2 1.037326e+04 1.036642e+04 1.039380e+04 1.040064e+04
5.2 1.034624e+04 1.035850e+04 1.039124e+04 1.037898e+04
6.2 1.029824e+04 1.035926e+04 1.038968e+04 1.032866e+04
7.2 1.031045e+04 1.035522e+04 1.038230e+04 1.033753e+04
8.2 1.036131e+04 1.036021e+04 1.038610e+04 1.038720e+04
0.9 1.040122e+04 1.037412e+04 1.039508e+04 1.042218e+04
1.9 1.037326e+04 1.036642e+04 1.039380e+04 1.040064e+04
2.9 1.034624e+04 1.035850e+04 1.039124e+04 1.037898e+04
3.9 1.029824e+04 1.035926e+04 1.038968e+04 1.032866e+04
4.9 1.031045e+04 1.035522e+04 1.038230e+04 1.033753e+04
5.9 1.036131e+04 1.036021e+04 1.038610e+04 1.038720e+04
6.9 1.040745e+04 1.036533e+04 1.038183e+04 1.042395e+04
7.9 1.041559e+04 1.036375e+04 1.038311e+04 1.043495e+04
8.9 1.034757e+04 1.036457e+04 1.038089e+04 1.036389e+04
0.6 1.034624e+04 1.035850e+04 1.039124e+04 1.037898e+04
1.6 1.029824e+04 1.035926e+04 1.038968e+04 1.032866e+04
2.6 1.031045e+04 1.035522e+04 1.038230e+04 1.033753e+04
3.6 1.036131e+04 1.036021e+04 1.038610e+04 1.038720e+04
4.6 1.040745e+04 1.036533e+04 1.038183e+04 1.042395e+04
5.6 1.041559e+04 1.036375e+04 1.038311e+04 1.043495e+04
6.6 1.034757e+04 1.036457e+04 1.038089e+04 1.036389e+04
7.6 1.036483e+04 1.036331e+04 1.037740e+04 1.037892e+04
8.6 1.040860e+04 1.036426e+04 1.037492e+04 1.041926e+04
0.3 1.031045e+04 1.035522e+04 1.038230e+04 1.033753e+04
1.3 1.036131e+04 1.036021e+04 1.038610e+04 1.038720e+04
2.3 1.040745e+04 1.036533e+04 1.038183e+04 1.042395e+04
3.3 1.041559e+04 1.036375e+04 1.038311e+04 1.043495e+04
4.3 1.034757e+04 1.036457e+04 1.038089e+04 1.036389e+04
5.3 1.036483e+04 1.036331e+04 1.037740e+04 1.037892e+04
6.3 1.040860e+04 1.036426e+04 1.037492e+04 1.041926e+04
7.3 1.033094e+04 1.036627e+04 1.037005e+04 1.033472e+04
8.3 1.035778e+04 1.036917e+04 1.037074e+04 1.035935e+04
1.0 1.041559e+04 1.036375e+04 1.038311e+04 1.043495e+04
2.0 1.034757e+04 1.036457e+04 1.038089e+04 1.036389e+04
3.0 1.036483e+04 1.036331e+04 1.037740e+04 1.037892e+04
4.0 1.040860e+04 1.036426e+04 1.037492e+04 1.041926e+04
5.0 1.033094e+04 1.036627e+04 1.037005e+04 1.033472e+04
6.0 1.035778e+04 1.036917e+04 1.037074e+04 1.035935e+04
0.6 1.036483e+04 1.036331e+04 1.037740e+04 1.037892e+04
1.6 1.040860e+04 1.036426e+04 1.037492e+04 1.041926e+04
2.6 1.033094e+04 1.036627e+04 1.037005e+04 1.033472e+04
3.6 1.035778e+04 1.036917e+04 1.037074e+04 1.035935e+04
0.3 1.033094e+04 1.036627e+04 1.037005e+04 1.033472e+04
1.3 1.035778e+04 1.036917e+04 1.037074e+04 1.035935e+04
