1.0 1.029492e+04 1.031054e+04 1.029215e+04 1.027653e+04
2.0 1.021228e+04 1.030538e+04 1.029280e+04 1.019971e+04
3.0 1.034725e+04 1.029052e+04 1.028267e+04 1.033939e+04
4.0 1.028654e+04 1.028130e+04 1.027146e+04 1.027669e+04
5.0 1.032122e+04 1.030755e+04 1.028721e+04 1.030087e+04
6.0 1.034092e+04 1.028378e+04 1.029325e+04 1.035040e+04
7.0 1.029549e+04 1.027915e+04 1.028851e+04 1.030485e+04
8.0 1.033556e+04 1.026563e+04 1.027191e+04 1.034184e+04
0.8 1.032122e+04 1.030755e+04 1.028721e+04 1.030087e+04
1.7 1.034092e+04 1.028378e+04 1.029325e+04 1.035040e+04
2.7 1.029549e+04 1.027915e+04 1.028851e+04 1.030485e+04
3.7 1.033556e+04 1.026563e+04 1.027191e+04 1.034184e+04
4.7 1.018375e+04 1.026597e+04 1.027201e+04 1.018979e+04
5.7 1.035530e+04 1.024367e+04 1.027211e+04 1.038374e+04
6.7 1.027134e+04 1.026315e+04 1.027220e+04 1.028039e+04
7.7 1.024348e+04 1.028572e+04 1.028793e+04 1.024569e+04
0.7 1.024348e+04 1.028572e+04 1.028793e+04 1.024569e+04
1.7 1.033335e+04 1.030695e+04 1.029395e+04 1.032036e+04
2.7 1.024353e+04 1.029646e+04 1.028918e+04 1.023625e+04
3.7 1.030811e+04 1.026990e+04 1.027254e+04 1.031075e+04
4.7 1.030764e+04 1.026629e+04 1.027262e+04 1.031396e+04
5.7 1.026929e+04 1.024418e+04 1.027269e+04 1.029780e+04
6.7 1.022410e+04 1.026359e+04 1.027276e+04 1.023327e+04
7.7 1.028000e+04 1.027047e+04 1.027282e+04 1.028236e+04
1.0 1.031983e+04 1.030020e+04 1.029402e+04 1.031365e+04
2.0 1.028719e+04 1.031116e+04 1.029461e+04 1.027064e+04
3.0 1.028734e+04 1.030291e+04 1.028441e+04 1.026883e+04
4.0 1.020412e+04 1.029350e+04 1.027312e+04 1.018375e+04
5.0 1.029702e+04 1.026728e+04 1.027315e+04 1.030289e+04
6.0 1.021327e+04 1.023641e+04 1.027318e+04 1.025005e+04
7.0 1.023568e+04 1.024917e+04 1.027321e+04 1.025972e+04
8.0 1.031208e+04 1.027102e+04 1.027323e+04 1.031428e+04
0.3 1.028213e+04 1.028285e+04 1.027803e+04 1.027732e+04
1.3 1.020504e+04 1.029917e+04 1.029473e+04 1.020061e+04
2.3 1.025742e+04 1.030416e+04 1.029470e+04 1.024797e+04
3.3 1.032325e+04 1.029672e+04 1.027904e+04 1.030557e+04
4.3 1.032457e+04 1.029172e+04 1.027308e+04 1.030593e+04
5.3 1.027269e+04 1.028468e+04 1.027305e+04 1.026106e+04
6.3 1.034244e+04 1.026548e+04 1.027788e+04 1.035483e+04
7.3 1.021615e+04 1.028213e+04 1.029457e+04 1.022859e+04
0.3 1.034244e+04 1.026548e+04 1.027788e+04 1.035483e+04
1.3 1.021615e+04 1.028213e+04 1.029457e+04 1.022859e+04
2.3 1.031863e+04 1.030181e+04 1.029454e+04 1.031136e+04
3.3 1.023138e+04 1.029626e+04 1.027886e+04 1.021398e+04
4.3 1.034629e+04 1.029127e+04 1.027290e+04 1.032792e+04
5.3 1.027568e+04 1.029988e+04 1.028850e+04 1.026431e+04
6.3 1.011603e+04 1.028178e+04 1.029440e+04 1.012865e+04
7.3 1.025552e+04 1.027769e+04 1.028952e+04 1.026734e+04
0.8 1.027568e+04 1.029988e+04 1.028850e+04 1.026431e+04
1.8 1.011603e+04 1.028178e+04 1.029440e+04 1.012865e+04
2.8 1.025552e+04 1.027769e+04 1.028952e+04 1.026734e+04
3.8 1.034362e+04 1.028353e+04 1.027277e+04 1.033285e+04
4.8 1.017349e+04 1.029097e+04 1.027273e+04 1.015525e+04
5.8 1.021311e+04 1.026851e+04 1.027270e+04 1.021731e+04
6.8 1.032943e+04 1.025996e+04 1.027267e+04 1.034214e+04
7.8 1.018457e+04 1.026605e+04 1.027264e+04 1.019115e+04
0.5 1.016558e+04 1.028657e+04 1.028267e+04 1.016169e+04
1.5 1.019245e+04 1.030030e+04 1.029397e+04 1.018613e+04
2.5 1.034437e+04 1.030859e+04 1.029395e+04 1.032974e+04
3.5 1.025816e+04 1.029114e+04 1.027289e+04 1.023991e+04
4.5 1.035192e+04 1.031174e+04 1.029336e+04 1.033354e+04
5.5 1.032038e+04 1.029760e+04 1.029387e+04 1.031666e+04
6.5 1.025485e+04 1.027287e+04 1.028360e+04 1.026558e+04
7.5 1.031467e+04 1.026349e+04 1.027225e+04 1.032344e+04
1.0 1.035192e+04 1.031174e+04 1.029336e+04 1.033354e+04
2.0 1.032038e+04 1.029760e+04 1.029387e+04 1.031666e+04
3.0 1.025485e+04 1.027287e+04 1.028360e+04 1.026558e+04
4.0 1.031467e+04 1.026349e+04 1.027225e+04 1.032344e+04
5.0 1.034941e+04 1.027060e+04 1.027223e+04 1.035104e+04
6.0 1.032504e+04 1.023377e+04 1.027222e+04 1.036348e+04
7.0 1.012563e+04 1.023946e+04 1.027220e+04 1.015837e+04
8.0 1.031141e+04 1.027459e+04 1.027218e+04 1.030900e+04
0.3 1.038948e+04 1.029378e+04 1.027702e+04 1.037272e+04
1.3 1.023981e+04 1.030151e+04 1.029373e+04 1.023203e+04
2.3 1.045226e+04 1.029812e+04 1.029372e+04 1.044785e+04
3.3 1.032919e+04 1.028759e+04 1.027806e+04 1.031966e+04
4.3 1.020050e+04 1.027824e+04 1.027211e+04 1.019437e+04
5.3 1.023975e+04 1.025722e+04 1.027210e+04 1.025463e+04
6.3 1.033185e+04 1.023329e+04 1.027209e+04 1.037065e+04
7.3 1.043680e+04 1.025518e+04 1.027209e+04 1.045371e+04
1.0 1.030023e+04 1.030605e+04 1.029316e+04 1.028734e+04
2.0 1.033371e+04 1.030961e+04 1.029371e+04 1.031781e+04
3.0 1.039124e+04 1.030121e+04 1.028348e+04 1.037352e+04
4.0 1.036696e+04 1.030215e+04 1.028243e+04 1.034723e+04
5.0 1.028500e+04 1.031357e+04 1.029378e+04 1.026521e+04
6.0 1.032006e+04 1.028350e+04 1.029381e+04 1.033036e+04
7.0 1.014650e+04 1.026538e+04 1.027280e+04 1.015392e+04
8.0 1.022225e+04 1.027796e+04 1.027229e+04 1.021658e+04
0.5 1.036696e+04 1.030215e+04 1.028243e+04 1.034723e+04
1.5 1.028500e+04 1.031357e+04 1.029378e+04 1.026521e+04
2.5 1.032006e+04 1.028350e+04 1.029381e+04 1.033036e+04
3.5 1.014650e+04 1.026538e+04 1.027280e+04 1.015392e+04
4.5 1.022225e+04 1.027796e+04 1.027229e+04 1.021658e+04
5.5 1.026210e+04 1.027766e+04 1.027232e+04 1.025676e+04
6.5 1.016084e+04 1.027177e+04 1.028260e+04 1.017168e+04
7.5 1.032415e+04 1.028320e+04 1.029397e+04 1.033493e+04
0.5 1.016084e+04 1.027177e+04 1.028260e+04 1.017168e+04
1.5 1.032415e+04 1.028320e+04 1.029397e+04 1.033493e+04
2.5 1.023661e+04 1.030986e+04 1.029402e+04 1.022076e+04
3.5 1.019396e+04 1.029321e+04 1.027303e+04 1.017377e+04
4.5 1.021672e+04 1.028684e+04 1.027254e+04 1.020242e+04
5.5 1.017222e+04 1.025146e+04 1.027259e+04 1.019334e+04
6.5 1.028147e+04 1.023534e+04 1.027265e+04 1.031878e+04
7.5 1.022818e+04 1.025619e+04 1.027270e+04 1.024469e+04
0.5 1.029367e+04 1.030099e+04 1.028301e+04 1.027570e+04
1.5 1.030118e+04 1.031033e+04 1.029441e+04 1.028526e+04
2.5 1.023672e+04 1.030081e+04 1.029447e+04 1.023038e+04
3.5 1.031990e+04 1.028349e+04 1.027351e+04 1.030991e+04
4.5 1.029202e+04 1.029578e+04 1.027789e+04 1.027413e+04
5.5 1.034888e+04 1.030089e+04 1.029469e+04 1.034268e+04
6.5 1.027956e+04 1.028478e+04 1.029476e+04 1.028955e+04
7.5 1.026330e+04 1.027194e+04 1.027920e+04 1.027057e+04
0.3 1.029202e+04 1.029578e+04 1.027789e+04 1.027413e+04
1.3 1.034888e+04 1.030089e+04 1.029469e+04 1.034268e+04
2.3 1.027956e+04 1.028478e+04 1.029476e+04 1.028955e+04
3.3 1.026330e+04 1.027194e+04 1.027920e+04 1.027057e+04
4.3 1.034218e+04 1.026753e+04 1.027335e+04 1.034801e+04
5.3 1.020808e+04 1.026071e+04 1.027344e+04 1.022080e+04
6.3 1.034857e+04 1.025046e+04 1.027352e+04 1.037163e+04
7.3 1.027290e+04 1.026560e+04 1.027360e+04 1.028090e+04
0.7 1.038069e+04 1.030336e+04 1.028959e+04 1.036692e+04
1.7 1.024095e+04 1.031503e+04 1.029561e+04 1.022153e+04
2.7 1.026762e+04 1.029899e+04 1.029084e+04 1.025948e+04
3.7 1.027901e+04 1.028493e+04 1.027421e+04 1.026830e+04
4.7 1.024081e+04 1.029011e+04 1.027430e+04 1.022500e+04
5.7 1.031016e+04 1.027340e+04 1.027439e+04 1.031114e+04
6.7 1.018085e+04 1.025895e+04 1.027447e+04 1.019636e+04
7.7 1.017996e+04 1.024436e+04 1.027455e+04 1.021014e+04
0.7 1.038686e+04 1.029842e+04 1.029162e+04 1.038006e+04
1.7 1.042855e+04 1.030437e+04 1.029759e+04 1.042178e+04
2.7 1.037039e+04 1.030811e+04 1.029277e+04 1.035505e+04
3.7 1.027200e+04 1.029720e+04 1.027608e+04 1.025089e+04
4.7 1.032863e+04 1.029720e+04 1.027611e+04 1.030754e+04
5.7 1.029354e+04 1.026873e+04 1.027614e+04 1.030095e+04
6.7 1.018768e+04 1.023942e+04 1.027617e+04 1.022443e+04
7.7 1.028541e+04 1.024555e+04 1.027619e+04 1.031606e+04
0.5 1.026560e+04 1.029307e+04 1.028668e+04 1.025922e+04
1.5 1.041212e+04 1.031482e+04 1.029802e+04 1.039532e+04
2.5 1.034692e+04 1.031508e+04 1.029803e+04 1.032987e+04
3.5 1.028117e+04 1.029763e+04 1.027701e+04 1.026055e+04
4.5 1.035279e+04 1.029718e+04 1.027648e+04 1.033209e+04
5.5 1.021117e+04 1.026301e+04 1.027649e+04 1.022465e+04
6.5 1.025248e+04 1.023938e+04 1.027650e+04 1.028960e+04
7.5 1.025850e+04 1.024581e+04 1.027651e+04 1.028921e+04
0.2 1.033601e+04 1.028706e+04 1.028152e+04 1.033047e+04
1.2 1.027230e+04 1.031417e+04 1.029825e+04 1.025638e+04
2.2 1.037240e+04 1.031439e+04 1.029826e+04 1.035627e+04
3.2 1.026767e+04 1.030137e+04 1.028262e+04 1.024892e+04
4.2 1.024940e+04 1.027023e+04 1.027670e+04 1.025587e+04
5.2 1.038518e+04 1.026256e+04 1.027671e+04 1.039933e+04
6.2 1.017789e+04 1.025211e+04 1.027672e+04 1.020250e+04
7.2 1.019118e+04 1.026706e+04 1.027673e+04 1.020084e+04
