1.0 1.029492e+04 1.031054e+04 1.028543e+04 1.026981e+04
2.0 1.021228e+04 1.030538e+04 1.028547e+04 1.019237e+04
3.0 1.034725e+04 1.029052e+04 1.028548e+04 1.034221e+04
4.0 1.028654e+04 1.028130e+04 1.028549e+04 1.029072e+04
5.0 1.032122e+04 1.030755e+04 1.028549e+04 1.029916e+04
6.0 1.034092e+04 1.028378e+04 1.025894e+04 1.031609e+04
7.0 1.029549e+04 1.027915e+04 1.025827e+04 1.027460e+04
8.0 1.033556e+04 1.026563e+04 1.027121e+04 1.034114e+04
0.8 1.032122e+04 1.030755e+04 1.028549e+04 1.029916e+04
1.7 1.034092e+04 1.028378e+04 1.025894e+04 1.031609e+04
2.7 1.029549e+04 1.027915e+04 1.025827e+04 1.027460e+04
3.7 1.033556e+04 1.026563e+04 1.027121e+04 1.034114e+04
4.7 1.018375e+04 1.026597e+04 1.028551e+04 1.020329e+04
5.7 1.035530e+04 1.024367e+04 1.026575e+04 1.037738e+04
6.7 1.027134e+04 1.026315e+04 1.025824e+04 1.026643e+04
7.7 1.024348e+04 1.028572e+04 1.026435e+04 1.022211e+04
0.7 1.024348e+04 1.028572e+04 1.026435e+04 1.022211e+04
1.7 1.033335e+04 1.030695e+04 1.028544e+04 1.031184e+04
2.7 1.024353e+04 1.029646e+04 1.028541e+04 1.023248e+04
3.7 1.030811e+04 1.026990e+04 1.028539e+04 1.032360e+04
4.7 1.030764e+04 1.026629e+04 1.028537e+04 1.032672e+04
5.7 1.026929e+04 1.024418e+04 1.026560e+04 1.029071e+04
6.7 1.022410e+04 1.026359e+04 1.025808e+04 1.021859e+04
7.7 1.028000e+04 1.027047e+04 1.026418e+04 1.027372e+04
1.0 1.031983e+04 1.030020e+04 1.028523e+04 1.030485e+04
2.0 1.028719e+04 1.031116e+04 1.028521e+04 1.026123e+04
3.0 1.028734e+04 1.030291e+04 1.028518e+04 1.026961e+04
4.0 1.020412e+04 1.029350e+04 1.028516e+04 1.019579e+04
5.0 1.029702e+04 1.026728e+04 1.028514e+04 1.031489e+04
6.0 1.021327e+04 1.023641e+04 1.025856e+04 1.023543e+04
7.0 1.023568e+04 1.024917e+04 1.025787e+04 1.024438e+04
8.0 1.031208e+04 1.027102e+04 1.027080e+04 1.031185e+04
0.3 1.028213e+04 1.028285e+04 1.028522e+04 1.028450e+04
1.3 1.020504e+04 1.029917e+04 1.028525e+04 1.019113e+04
2.3 1.025742e+04 1.030416e+04 1.028528e+04 1.023854e+04
3.3 1.032325e+04 1.029672e+04 1.028531e+04 1.031184e+04
4.3 1.032457e+04 1.029172e+04 1.028534e+04 1.031819e+04
5.3 1.027269e+04 1.028468e+04 1.027925e+04 1.026726e+04
6.3 1.034244e+04 1.026548e+04 1.025817e+04 1.033512e+04
7.3 1.021615e+04 1.028213e+04 1.025821e+04 1.019222e+04
0.3 1.034244e+04 1.026548e+04 1.025817e+04 1.033512e+04
1.3 1.021615e+04 1.028213e+04 1.025821e+04 1.019222e+04
2.3 1.031863e+04 1.030181e+04 1.027800e+04 1.029481e+04
3.3 1.023138e+04 1.029626e+04 1.028553e+04 1.022064e+04
4.3 1.034629e+04 1.029127e+04 1.028556e+04 1.034059e+04
5.3 1.027568e+04 1.029988e+04 1.027947e+04 1.025528e+04
6.3 1.011603e+04 1.028178e+04 1.025840e+04 1.009265e+04
7.3 1.025552e+04 1.027769e+04 1.025844e+04 1.023626e+04
0.8 1.027568e+04 1.029988e+04 1.027947e+04 1.025528e+04
1.8 1.011603e+04 1.028178e+04 1.025840e+04 1.009265e+04
2.8 1.025552e+04 1.027769e+04 1.025844e+04 1.023626e+04
3.8 1.034362e+04 1.028353e+04 1.027824e+04 1.033833e+04
4.8 1.017349e+04 1.029097e+04 1.028577e+04 1.016829e+04
5.8 1.021311e+04 1.026851e+04 1.026607e+04 1.021067e+04
6.8 1.032943e+04 1.025996e+04 1.025862e+04 1.032809e+04
7.8 1.018457e+04 1.026605e+04 1.026479e+04 1.018331e+04
0.5 1.016558e+04 1.028657e+04 1.028620e+04 1.016521e+04
1.5 1.019245e+04 1.030030e+04 1.028624e+04 1.017839e+04
2.5 1.034437e+04 1.030859e+04 1.028627e+04 1.032206e+04
3.5 1.025816e+04 1.029114e+04 1.028631e+04 1.025333e+04
4.5 1.035192e+04 1.031174e+04 1.028635e+04 1.032653e+04
5.5 1.032038e+04 1.029760e+04 1.027345e+04 1.029623e+04
6.5 1.025485e+04 1.027287e+04 1.025918e+04 1.024116e+04
7.5 1.031467e+04 1.026349e+04 1.025921e+04 1.031040e+04
1.0 1.035192e+04 1.031174e+04 1.028635e+04 1.032653e+04
2.0 1.032038e+04 1.029760e+04 1.027345e+04 1.029623e+04
3.0 1.025485e+04 1.027287e+04 1.025918e+04 1.024116e+04
4.0 1.031467e+04 1.026349e+04 1.025921e+04 1.031040e+04
5.0 1.034941e+04 1.027060e+04 1.028581e+04 1.036462e+04
6.0 1.032504e+04 1.023377e+04 1.025996e+04 1.035123e+04
7.0 1.012563e+04 1.023946e+04 1.025931e+04 1.014548e+04
8.0 1.031141e+04 1.027459e+04 1.027228e+04 1.030910e+04
0.3 1.038948e+04 1.029378e+04 1.028661e+04 1.038231e+04
1.3 1.023981e+04 1.030151e+04 1.028663e+04 1.022493e+04
2.3 1.045226e+04 1.029812e+04 1.028666e+04 1.044079e+04
3.3 1.032919e+04 1.028759e+04 1.028668e+04 1.032828e+04
4.3 1.020050e+04 1.027824e+04 1.028670e+04 1.020896e+04
5.3 1.023975e+04 1.025722e+04 1.028059e+04 1.026312e+04
6.3 1.033185e+04 1.023329e+04 1.025949e+04 1.035805e+04
7.3 1.043680e+04 1.025518e+04 1.025951e+04 1.044113e+04
1.0 1.030023e+04 1.030605e+04 1.028682e+04 1.028100e+04
2.0 1.033371e+04 1.030961e+04 1.028682e+04 1.031092e+04
3.0 1.039124e+04 1.030121e+04 1.028681e+04 1.037685e+04
4.0 1.036696e+04 1.030215e+04 1.028680e+04 1.035161e+04
5.0 1.028500e+04 1.031357e+04 1.028679e+04 1.025822e+04
6.0 1.032006e+04 1.028350e+04 1.026021e+04 1.029677e+04
7.0 1.014650e+04 1.026538e+04 1.025951e+04 1.014064e+04
8.0 1.022225e+04 1.027796e+04 1.027243e+04 1.021671e+04
0.5 1.036696e+04 1.030215e+04 1.028680e+04 1.035161e+04
1.5 1.028500e+04 1.031357e+04 1.028679e+04 1.025822e+04
2.5 1.032006e+04 1.028350e+04 1.026021e+04 1.029677e+04
3.5 1.014650e+04 1.026538e+04 1.025951e+04 1.014064e+04
4.5 1.022225e+04 1.027796e+04 1.027243e+04 1.021671e+04
5.5 1.026210e+04 1.027766e+04 1.027376e+04 1.025820e+04
6.5 1.016084e+04 1.027177e+04 1.025943e+04 1.014850e+04
7.5 1.032415e+04 1.028320e+04 1.025939e+04 1.030035e+04
0.5 1.016084e+04 1.027177e+04 1.025943e+04 1.014850e+04
1.5 1.032415e+04 1.028320e+04 1.025939e+04 1.030035e+04
2.5 1.023661e+04 1.030986e+04 1.028592e+04 1.021267e+04
3.5 1.019396e+04 1.029321e+04 1.028656e+04 1.018731e+04
4.5 1.021672e+04 1.028684e+04 1.028652e+04 1.021640e+04
5.5 1.017222e+04 1.025146e+04 1.027354e+04 1.019429e+04
6.5 1.028147e+04 1.023534e+04 1.025918e+04 1.030532e+04
7.5 1.022818e+04 1.025619e+04 1.025913e+04 1.023112e+04
0.5 1.029367e+04 1.030099e+04 1.028563e+04 1.027831e+04
1.5 1.030118e+04 1.031033e+04 1.028625e+04 1.027710e+04
2.5 1.023672e+04 1.030081e+04 1.028618e+04 1.022209e+04
3.5 1.031990e+04 1.028349e+04 1.028611e+04 1.032252e+04
4.5 1.029202e+04 1.029578e+04 1.028604e+04 1.028228e+04
5.5 1.034888e+04 1.030089e+04 1.027302e+04 1.032101e+04
6.5 1.027956e+04 1.028478e+04 1.025864e+04 1.025342e+04
7.5 1.026330e+04 1.027194e+04 1.025855e+04 1.024992e+04
0.3 1.029202e+04 1.029578e+04 1.028604e+04 1.028228e+04
1.3 1.034888e+04 1.030089e+04 1.027302e+04 1.032101e+04
2.3 1.027956e+04 1.028478e+04 1.025864e+04 1.025342e+04
3.3 1.026330e+04 1.027194e+04 1.025855e+04 1.024992e+04
4.3 1.034218e+04 1.026753e+04 1.028503e+04 1.035968e+04
5.3 1.020808e+04 1.026071e+04 1.027949e+04 1.022686e+04
6.3 1.034857e+04 1.025046e+04 1.025828e+04 1.035639e+04
7.3 1.027290e+04 1.026560e+04 1.025818e+04 1.026549e+04
0.7 1.038069e+04 1.030336e+04 1.028501e+04 1.036234e+04
1.7 1.024095e+04 1.031503e+04 1.028491e+04 1.021083e+04
2.7 1.026762e+04 1.029899e+04 1.028480e+04 1.025343e+04
3.7 1.027901e+04 1.028493e+04 1.028469e+04 1.027877e+04
4.7 1.024081e+04 1.029011e+04 1.028458e+04 1.023527e+04
5.7 1.031016e+04 1.027340e+04 1.026471e+04 1.030147e+04
6.7 1.018085e+04 1.025895e+04 1.025711e+04 1.017901e+04
7.7 1.017996e+04 1.024436e+04 1.026313e+04 1.019873e+04
0.7 1.038686e+04 1.029842e+04 1.028218e+04 1.037062e+04
1.7 1.042855e+04 1.030437e+04 1.028212e+04 1.040631e+04
2.7 1.037039e+04 1.030811e+04 1.028206e+04 1.034435e+04
3.7 1.027200e+04 1.029720e+04 1.028201e+04 1.025682e+04
4.7 1.032863e+04 1.029720e+04 1.028196e+04 1.031339e+04
5.7 1.029354e+04 1.026873e+04 1.026216e+04 1.028697e+04
6.7 1.018768e+04 1.023942e+04 1.025462e+04 1.020288e+04
7.7 1.028541e+04 1.024555e+04 1.026071e+04 1.030057e+04
0.5 1.026560e+04 1.029307e+04 1.028146e+04 1.025399e+04
1.5 1.041212e+04 1.031482e+04 1.028144e+04 1.037874e+04
2.5 1.034692e+04 1.031508e+04 1.028143e+04 1.031327e+04
3.5 1.028117e+04 1.029763e+04 1.028141e+04 1.026495e+04
4.5 1.035279e+04 1.029718e+04 1.028140e+04 1.033701e+04
5.5 1.021117e+04 1.026301e+04 1.026845e+04 1.021660e+04
6.5 1.025248e+04 1.023938e+04 1.025414e+04 1.026724e+04
7.5 1.025850e+04 1.024581e+04 1.025413e+04 1.026682e+04
0.2 1.033601e+04 1.028706e+04 1.028150e+04 1.033045e+04
1.2 1.027230e+04 1.031417e+04 1.028152e+04 1.023966e+04
2.2 1.037240e+04 1.031439e+04 1.028155e+04 1.033956e+04
3.2 1.026767e+04 1.030137e+04 1.028159e+04 1.024788e+04
4.2 1.024940e+04 1.027023e+04 1.028163e+04 1.026080e+04
5.2 1.038518e+04 1.026256e+04 1.027553e+04 1.039815e+04
6.2 1.017789e+04 1.025211e+04 1.025445e+04 1.018023e+04
7.2 1.019118e+04 1.026706e+04 1.025448e+04 1.017859e+04
