0.5 1.031408e+04 1.034607e+04 1.040920e+04 1.037721e+04
1.5 1.033175e+04 1.031350e+04 1.037615e+04 1.039440e+04
2.5 1.031050e+04 1.036058e+04 1.035292e+04 1.030285e+04
3.5 1.037533e+04 1.040071e+04 1.035106e+04 1.032569e+04
4.5 1.040474e+04 1.041180e+04 1.035571e+04 1.034866e+04
5.5 1.035014e+04 1.037898e+04 1.035039e+04 1.032155e+04
6.5 1.036612e+04 1.036956e+04 1.034994e+04 1.034650e+04
7.5 1.036607e+04 1.036102e+04 1.034944e+04 1.035449e+04
8.5 1.036655e+04 1.035964e+04 1.034890e+04 1.035580e+04
0.2 1.031050e+04 1.036058e+04 1.035292e+04 1.030285e+04
1.2 1.037533e+04 1.040071e+04 1.035106e+04 1.032569e+04
2.2 1.040474e+04 1.041180e+04 1.035571e+04 1.034866e+04
3.2 1.035014e+04 1.037898e+04 1.035039e+04 1.032155e+04
4.2 1.036612e+04 1.036956e+04 1.034994e+04 1.034650e+04
5.2 1.036607e+04 1.036102e+04 1.034944e+04 1.035449e+04
6.2 1.036655e+04 1.035964e+04 1.034890e+04 1.035580e+04
7.2 1.035888e+04 1.035320e+04 1.034832e+04 1.035400e+04
8.2 1.034587e+04 1.035790e+04 1.034772e+04 1.033569e+04
0.9 1.035014e+04 1.037898e+04 1.035039e+04 1.032155e+04
1.9 1.036612e+04 1.036956e+04 1.034994e+04 1.034650e+04
2.9 1.036607e+04 1.036102e+04 1.034944e+04 1.035449e+04
3.9 1.036655e+04 1.035964e+04 1.034890e+04 1.035580e+04
4.9 1.035888e+04 1.035320e+04 1.034832e+04 1.035400e+04
5.9 1.034587e+04 1.035790e+04 1.034772e+04 1.033569e+04
6.9 1.036620e+04 1.036146e+04 1.035370e+04 1.035844e+04
7.9 1.032867e+04 1.035641e+04 1.034648e+04 1.031874e+04
8.9 1.030144e+04 1.035576e+04 1.034587e+04 1.029154e+04
0.6 1.036607e+04 1.036102e+04 1.034944e+04 1.035449e+04
1.6 1.036655e+04 1.035964e+04 1.034890e+04 1.035580e+04
2.6 1.035888e+04 1.035320e+04 1.034832e+04 1.035400e+04
3.6 1.034587e+04 1.035790e+04 1.034772e+04 1.033569e+04
4.6 1.036620e+04 1.036146e+04 1.035370e+04 1.035844e+04
5.6 1.032867e+04 1.035641e+04 1.034648e+04 1.031874e+04
6.6 1.030144e+04 1.035576e+04 1.034587e+04 1.029154e+04
7.6 1.036358e+04 1.035519e+04 1.034527e+04 1.035367e+04
8.6 1.038600e+04 1.035466e+04 1.034470e+04 1.037603e+04
0.3 1.035888e+04 1.035320e+04 1.034832e+04 1.035400e+04
1.3 1.034587e+04 1.035790e+04 1.034772e+04 1.033569e+04
2.3 1.036620e+04 1.036146e+04 1.035370e+04 1.035844e+04
3.3 1.032867e+04 1.035641e+04 1.034648e+04 1.031874e+04
4.3 1.030144e+04 1.035576e+04 1.034587e+04 1.029154e+04
5.3 1.036358e+04 1.035519e+04 1.034527e+04 1.035367e+04
6.3 1.038600e+04 1.035466e+04 1.034470e+04 1.037603e+04
7.3 1.040251e+04 1.035360e+04 1.034416e+04 1.039307e+04
8.3 1.038351e+04 1.035377e+04 1.034365e+04 1.037338e+04
1.0 1.032867e+04 1.035641e+04 1.034648e+04 1.031874e+04
2.0 1.030144e+04 1.035576e+04 1.034587e+04 1.029154e+04
3.0 1.036358e+04 1.035519e+04 1.034527e+04 1.035367e+04
4.0 1.038600e+04 1.035466e+04 1.034470e+04 1.037603e+04
5.0 1.040251e+04 1.035360e+04 1.034416e+04 1.039307e+04
6.0 1.038351e+04 1.035377e+04 1.034365e+04 1.037338e+04
7.0 1.037971e+04 1.035329e+04 1.034977e+04 1.037620e+04
8.0 1.040589e+04 1.038854e+04 1.037738e+04 1.039472e+04
9.0 1.043904e+04 1.042155e+04 1.040997e+04 1.042746e+04
0.7 1.036358e+04 1.035519e+04 1.034527e+04 1.035367e+04
1.7 1.038600e+04 1.035466e+04 1.034470e+04 1.037603e+04
2.7 1.040251e+04 1.035360e+04 1.034416e+04 1.039307e+04
3.7 1.038351e+04 1.035377e+04 1.034365e+04 1.037338e+04
4.7 1.037971e+04 1.035329e+04 1.034977e+04 1.037620e+04
5.7 1.040589e+04 1.038854e+04 1.037738e+04 1.039472e+04
6.7 1.043904e+04 1.042155e+04 1.040997e+04 1.042746e+04
7.7 1.048908e+04 1.044535e+04 1.041457e+04 1.045829e+04
8.7 1.047075e+04 1.046587e+04 1.041426e+04 1.041913e+04
0.4 1.040251e+04 1.035360e+04 1.034416e+04 1.039307e+04
1.4 1.038351e+04 1.035377e+04 1.034365e+04 1.037338e+04
2.4 1.037971e+04 1.035329e+04 1.034977e+04 1.037620e+04
3.4 1.040589e+04 1.038854e+04 1.037738e+04 1.039472e+04
4.4 1.043904e+04 1.042155e+04 1.040997e+04 1.042746e+04
5.4 1.048908e+04 1.044535e+04 1.041457e+04 1.045829e+04
6.4 1.047075e+04 1.046587e+04 1.041426e+04 1.041913e+04
7.4 1.035583e+04 1.043072e+04 1.041399e+04 1.033910e+04
8.4 1.037309e+04 1.036532e+04 1.041376e+04 1.042154e+04
0.5 1.033363e+04 1.032816e+04 1.039752e+04 1.040299e+04
1.5 1.035141e+04 1.029698e+04 1.036447e+04 1.041890e+04
2.5 1.033822e+04 1.034533e+04 1.034132e+04 1.033421e+04
3.5 1.043913e+04 1.038859e+04 1.034044e+04 1.039098e+04
4.5 1.040931e+04 1.040160e+04 1.034617e+04 1.035388e+04
5.5 1.040900e+04 1.036845e+04 1.034118e+04 1.038173e+04
6.5 1.044461e+04 1.036002e+04 1.034115e+04 1.042573e+04
7.5 1.042650e+04 1.035052e+04 1.034029e+04 1.041627e+04
8.5 1.041635e+04 1.035029e+04 1.034026e+04 1.040632e+04
0.2 1.033822e+04 1.034533e+04 1.034132e+04 1.033421e+04
1.2 1.043913e+04 1.038859e+04 1.034044e+04 1.039098e+04
2.2 1.040931e+04 1.040160e+04 1.034617e+04 1.035388e+04
3.2 1.040900e+04 1.036845e+04 1.034118e+04 1.038173e+04
4.2 1.044461e+04 1.036002e+04 1.034115e+04 1.042573e+04
5.2 1.042650e+04 1.035052e+04 1.034029e+04 1.041627e+04
6.2 1.041635e+04 1.035029e+04 1.034026e+04 1.040632e+04
7.2 1.036148e+04 1.034524e+04 1.033940e+04 1.035564e+04
8.2 1.034431e+04 1.035076e+04 1.033936e+04 1.033291e+04
0.9 1.040900e+04 1.036845e+04 1.034118e+04 1.038173e+04
1.9 1.044461e+04 1.036002e+04 1.034115e+04 1.042573e+04
2.9 1.042650e+04 1.035052e+04 1.034029e+04 1.041627e+04
3.9 1.041635e+04 1.035029e+04 1.034026e+04 1.040632e+04
4.9 1.036148e+04 1.034524e+04 1.033940e+04 1.035564e+04
5.9 1.034431e+04 1.035076e+04 1.033936e+04 1.033291e+04
6.9 1.038017e+04 1.035589e+04 1.034673e+04 1.037101e+04
7.9 1.035695e+04 1.035412e+04 1.034175e+04 1.034458e+04
8.9 1.030886e+04 1.035410e+04 1.034171e+04 1.029647e+04
0.6 1.042650e+04 1.035052e+04 1.034029e+04 1.041627e+04
1.6 1.041635e+04 1.035029e+04 1.034026e+04 1.040632e+04
2.6 1.036148e+04 1.034524e+04 1.033940e+04 1.035564e+04
3.6 1.034431e+04 1.035076e+04 1.033936e+04 1.033291e+04
4.6 1.038017e+04 1.035589e+04 1.034673e+04 1.037101e+04
5.6 1.035695e+04 1.035412e+04 1.034175e+04 1.034458e+04
6.6 1.030886e+04 1.035410e+04 1.034171e+04 1.029647e+04
7.6 1.037924e+04 1.034882e+04 1.034002e+04 1.037044e+04
8.6 1.034619e+04 1.034878e+04 1.033998e+04 1.033739e+04
0.3 1.036148e+04 1.034524e+04 1.033940e+04 1.035564e+04
1.3 1.034431e+04 1.035076e+04 1.033936e+04 1.033291e+04
2.3 1.038017e+04 1.035589e+04 1.034673e+04 1.037101e+04
3.3 1.035695e+04 1.035412e+04 1.034175e+04 1.034458e+04
4.3 1.030886e+04 1.035410e+04 1.034171e+04 1.029647e+04
5.3 1.037924e+04 1.034882e+04 1.034002e+04 1.037044e+04
6.3 1.034619e+04 1.034878e+04 1.033998e+04 1.033739e+04
7.3 1.032208e+04 1.034950e+04 1.033994e+04 1.031252e+04
8.3 1.030480e+04 1.035161e+04 1.033991e+04 1.029310e+04
0.9 1.035695e+04 1.035412e+04 1.034175e+04 1.034458e+04
1.9 1.030886e+04 1.035410e+04 1.034171e+04 1.029647e+04
2.9 1.037924e+04 1.034882e+04 1.034002e+04 1.037044e+04
3.9 1.034619e+04 1.034878e+04 1.033998e+04 1.033739e+04
4.9 1.032208e+04 1.034950e+04 1.033994e+04 1.031252e+04
5.9 1.030480e+04 1.035161e+04 1.033991e+04 1.029310e+04
6.9 1.033337e+04 1.035259e+04 1.034647e+04 1.032725e+04
7.9 1.040054e+04 1.038577e+04 1.037365e+04 1.038841e+04
8.9 1.038325e+04 1.041907e+04 1.040659e+04 1.037077e+04
0.7 1.037924e+04 1.034882e+04 1.034002e+04 1.037044e+04
1.7 1.034619e+04 1.034878e+04 1.033998e+04 1.033739e+04
2.7 1.032208e+04 1.034950e+04 1.033994e+04 1.031252e+04
3.7 1.030480e+04 1.035161e+04 1.033991e+04 1.029310e+04
4.7 1.033337e+04 1.035259e+04 1.034647e+04 1.032725e+04
5.7 1.040054e+04 1.038577e+04 1.037365e+04 1.038841e+04
6.7 1.038325e+04 1.041907e+04 1.040659e+04 1.037077e+04
7.7 1.040105e+04 1.044324e+04 1.041233e+04 1.037015e+04
8.7 1.056940e+04 1.046580e+04 1.041231e+04 1.051591e+04
0.3 1.032208e+04 1.034950e+04 1.033994e+04 1.031252e+04
1.3 1.030480e+04 1.035161e+04 1.033991e+04 1.029310e+04
2.3 1.033337e+04 1.035259e+04 1.034647e+04 1.032725e+04
3.3 1.040054e+04 1.038577e+04 1.037365e+04 1.038841e+04
4.3 1.038325e+04 1.041907e+04 1.040659e+04 1.037077e+04
5.3 1.040105e+04 1.044324e+04 1.041233e+04 1.037015e+04
6.3 1.056940e+04 1.046580e+04 1.041231e+04 1.051591e+04
7.3 1.054021e+04 1.043150e+04 1.041229e+04 1.052100e+04
8.3 1.030046e+04 1.036604e+04 1.041229e+04 1.034671e+04
0.5 1.032161e+04 1.032685e+04 1.039588e+04 1.039063e+04
1.5 1.035682e+04 1.029573e+04 1.036294e+04 1.042402e+04
2.5 1.033505e+04 1.034497e+04 1.034072e+04 1.033080e+04
3.5 1.032776e+04 1.039025e+04 1.034076e+04 1.027827e+04
4.5 1.042659e+04 1.040332e+04 1.034658e+04 1.036985e+04
5.5 1.030551e+04 1.036859e+04 1.034251e+04 1.027942e+04
6.5 1.035809e+04 1.036023e+04 1.034256e+04 1.034042e+04
7.5 1.029535e+04 1.034903e+04 1.034096e+04 1.028727e+04
8.5 1.033410e+04 1.034905e+04 1.034101e+04 1.032606e+04
0.2 1.033505e+04 1.034497e+04 1.034072e+04 1.033080e+04
1.2 1.032776e+04 1.039025e+04 1.034076e+04 1.027827e+04
2.2 1.042659e+04 1.040332e+04 1.034658e+04 1.036985e+04
3.2 1.030551e+04 1.036859e+04 1.034251e+04 1.027942e+04
4.2 1.035809e+04 1.036023e+04 1.034256e+04 1.034042e+04
5.2 1.029535e+04 1.034903e+04 1.034096e+04 1.028727e+04
6.2 1.033410e+04 1.034905e+04 1.034101e+04 1.032606e+04
7.2 1.030490e+04 1.034488e+04 1.034107e+04 1.030109e+04
8.2 1.037030e+04 1.035097e+04 1.034030e+04 1.035963e+04
0.8 1.030551e+04 1.036859e+04 1.034251e+04 1.027942e+04
1.8 1.035809e+04 1.036023e+04 1.034256e+04 1.034042e+04
2.8 1.029535e+04 1.034903e+04 1.034096e+04 1.028727e+04
3.8 1.033410e+04 1.034905e+04 1.034101e+04 1.032606e+04
4.8 1.030490e+04 1.034488e+04 1.034107e+04 1.030109e+04
5.8 1.037030e+04 1.035097e+04 1.034030e+04 1.035963e+04
6.8 1.033673e+04 1.035679e+04 1.034614e+04 1.032608e+04
7.8 1.033624e+04 1.035178e+04 1.034042e+04 1.032489e+04
8.8 1.034515e+04 1.035182e+04 1.034048e+04 1.033382e+04
0.5 1.029535e+04 1.034903e+04 1.034096e+04 1.028727e+04
1.5 1.033410e+04 1.034905e+04 1.034101e+04 1.032606e+04
2.5 1.030490e+04 1.034488e+04 1.034107e+04 1.030109e+04
3.5 1.037030e+04 1.035097e+04 1.034030e+04 1.035963e+04
4.5 1.033673e+04 1.035679e+04 1.034614e+04 1.032608e+04
5.5 1.033624e+04 1.035178e+04 1.034042e+04 1.032489e+04
6.5 1.034515e+04 1.035182e+04 1.034048e+04 1.033382e+04
7.5 1.036111e+04 1.035185e+04 1.034055e+04 1.034981e+04
8.5 1.033943e+04 1.035169e+04 1.034062e+04 1.032836e+04
0.2 1.030490e+04 1.034488e+04 1.034107e+04 1.030109e+04
1.2 1.037030e+04 1.035097e+04 1.034030e+04 1.035963e+04
2.2 1.033673e+04 1.035679e+04 1.034614e+04 1.032608e+04
3.2 1.033624e+04 1.035178e+04 1.034042e+04 1.032489e+04
4.2 1.034515e+04 1.035182e+04 1.034048e+04 1.033382e+04
5.2 1.036111e+04 1.035185e+04 1.034055e+04 1.034981e+04
6.2 1.033943e+04 1.035169e+04 1.034062e+04 1.032836e+04
7.2 1.032677e+04 1.034755e+04 1.034070e+04 1.031993e+04
8.2 1.037001e+04 1.035182e+04 1.034080e+04 1.035899e+04
0.9 1.033624e+04 1.035178e+04 1.034042e+04 1.032489e+04
1.9 1.034515e+04 1.035182e+04 1.034048e+04 1.033382e+04
2.9 1.036111e+04 1.035185e+04 1.034055e+04 1.034981e+04
3.9 1.033943e+04 1.035169e+04 1.034062e+04 1.032836e+04
4.9 1.032677e+04 1.034755e+04 1.034070e+04 1.031993e+04
5.9 1.037001e+04 1.035182e+04 1.034080e+04 1.035899e+04
6.9 1.032950e+04 1.035514e+04 1.034751e+04 1.032187e+04
7.9 1.036468e+04 1.038496e+04 1.037320e+04 1.035292e+04
8.9 1.039099e+04 1.041846e+04 1.040634e+04 1.037888e+04
0.6 1.036111e+04 1.035185e+04 1.034055e+04 1.034981e+04
1.6 1.033943e+04 1.035169e+04 1.034062e+04 1.032836e+04
2.6 1.032677e+04 1.034755e+04 1.034070e+04 1.031993e+04
3.6 1.037001e+04 1.035182e+04 1.034080e+04 1.035899e+04
4.6 1.032950e+04 1.035514e+04 1.034751e+04 1.032187e+04
5.6 1.036468e+04 1.038496e+04 1.037320e+04 1.035292e+04
6.6 1.039099e+04 1.041846e+04 1.040634e+04 1.037888e+04
7.6 1.040387e+04 1.044305e+04 1.041396e+04 1.037478e+04
8.6 1.053054e+04 1.046949e+04 1.041420e+04 1.047526e+04
0.3 1.032677e+04 1.034755e+04 1.034070e+04 1.031993e+04
1.3 1.037001e+04 1.035182e+04 1.034080e+04 1.035899e+04
2.3 1.032950e+04 1.035514e+04 1.034751e+04 1.032187e+04
3.3 1.036468e+04 1.038496e+04 1.037320e+04 1.035292e+04
4.3 1.039099e+04 1.041846e+04 1.040634e+04 1.037888e+04
5.3 1.040387e+04 1.044305e+04 1.041396e+04 1.037478e+04
6.3 1.053054e+04 1.046949e+04 1.041420e+04 1.047526e+04
7.3 1.034580e+04 1.043677e+04 1.041449e+04 1.032352e+04
8.3 1.033545e+04 1.037116e+04 1.041484e+04 1.037912e+04
0.5 1.029101e+04 1.033020e+04 1.040038e+04 1.036119e+04
1.5 1.032511e+04 1.029953e+04 1.036810e+04 1.039367e+04
2.5 1.034585e+04 1.034844e+04 1.034579e+04 1.034320e+04
3.5 1.038610e+04 1.039426e+04 1.034665e+04 1.033848e+04
4.5 1.042134e+04 1.040874e+04 1.035419e+04 1.036679e+04
5.5 1.040122e+04 1.037412e+04 1.034945e+04 1.037655e+04
6.5 1.037326e+04 1.036642e+04 1.035057e+04 1.035742e+04
7.5 1.034624e+04 1.035850e+04 1.035178e+04 1.033952e+04
8.5 1.029824e+04 1.035926e+04 1.035308e+04 1.029206e+04
0.2 1.034585e+04 1.034844e+04 1.034579e+04 1.034320e+04
1.2 1.038610e+04 1.039426e+04 1.034665e+04 1.033848e+04
2.2 1.042134e+04 1.040874e+04 1.035419e+04 1.036679e+04
3.2 1.040122e+04 1.037412e+04 1.034945e+04 1.037655e+04
4.2 1.037326e+04 1.036642e+04 1.035057e+04 1.035742e+04
5.2 1.034624e+04 1.035850e+04 1.035178e+04 1.033952e+04
6.2 1.029824e+04 1.035926e+04 1.035308e+04 1.029206e+04
7.2 1.031045e+04 1.035522e+04 1.035362e+04 1.030884e+04
8.2 1.036131e+04 1.036021e+04 1.035504e+04 1.035614e+04
0.9 1.040122e+04 1.037412e+04 1.034945e+04 1.037655e+04
1.9 1.037326e+04 1.036642e+04 1.035057e+04 1.035742e+04
2.9 1.034624e+04 1.035850e+04 1.035178e+04 1.033952e+04
3.9 1.029824e+04 1.035926e+04 1.035308e+04 1.029206e+04
4.9 1.031045e+04 1.035522e+04 1.035362e+04 1.030884e+04
5.9 1.036131e+04 1.036021e+04 1.035504e+04 1.035614e+04
6.9 1.040745e+04 1.036533e+04 1.036313e+04 1.040525e+04
7.9 1.041559e+04 1.036375e+04 1.035891e+04 1.041076e+04
8.9 1.034757e+04 1.036457e+04 1.036053e+04 1.034353e+04
0.6 1.034624e+04 1.035850e+04 1.035178e+04 1.033952e+04
1.6 1.029824e+04 1.035926e+04 1.035308e+04 1.029206e+04
2.6 1.031045e+04 1.035522e+04 1.035362e+04 1.030884e+04
3.6 1.036131e+04 1.036021e+04 1.035504e+04 1.035614e+04
4.6 1.040745e+04 1.036533e+04 1.036313e+04 1.040525e+04
5.6 1.041559e+04 1.036375e+04 1.035891e+04 1.041076e+04
6.6 1.034757e+04 1.036457e+04 1.036053e+04 1.034353e+04
7.6 1.036483e+04 1.036331e+04 1.036137e+04 1.036289e+04
8.6 1.040860e+04 1.036426e+04 1.036309e+04 1.040743e+04
0.3 1.031045e+04 1.035522e+04 1.035362e+04 1.030884e+04
1.3 1.036131e+04 1.036021e+04 1.035504e+04 1.035614e+04
2.3 1.040745e+04 1.036533e+04 1.036313e+04 1.040525e+04
3.3 1.041559e+04 1.036375e+04 1.035891e+04 1.041076e+04
4.3 1.034757e+04 1.036457e+04 1.036053e+04 1.034353e+04
5.3 1.036483e+04 1.036331e+04 1.036137e+04 1.036289e+04
6.3 1.040860e+04 1.036426e+04 1.036309e+04 1.040743e+04
7.3 1.033094e+04 1.036627e+04 1.036649e+04 1.033115e+04
8.3 1.035778e+04 1.036917e+04 1.036827e+04 1.035688e+04
1.0 1.041559e+04 1.036375e+04 1.035891e+04 1.041076e+04
2.0 1.034757e+04 1.036457e+04 1.036053e+04 1.034353e+04
3.0 1.036483e+04 1.036331e+04 1.036137e+04 1.036289e+04
4.0 1.040860e+04 1.036426e+04 1.036309e+04 1.040743e+04
5.0 1.033094e+04 1.036627e+04 1.036649e+04 1.033115e+04
6.0 1.035778e+04 1.036917e+04 1.036827e+04 1.035688e+04
0.6 1.036483e+04 1.036331e+04 1.036137e+04 1.036289e+04
1.6 1.040860e+04 1.036426e+04 1.036309e+04 1.040743e+04
2.6 1.033094e+04 1.036627e+04 1.036649e+04 1.033115e+04
3.6 1.035778e+04 1.036917e+04 1.036827e+04 1.035688e+04
0.3 1.033094e+04 1.036627e+04 1.036649e+04 1.033115e+04
1.3 1.035778e+04 1.036917e+04 1.036827e+04 1.035688e+04
