0.5 9.794275e+03 9.753333e+03 9.824081e+03 9.865024e+03
1.5 9.807806e+03 9.812190e+03 9.824132e+03 9.819748e+03
2.5 9.884677e+03 9.870993e+03 9.824620e+03 9.838304e+03
3.5 9.941516e+03 9.865658e+03 9.842183e+03 9.918040e+03
4.5 9.934417e+03 9.842489e+03 9.842200e+03 9.934128e+03
5.5 9.783734e+03 9.803373e+03 9.832775e+03 9.813136e+03
6.5 9.831010e+03 9.813058e+03 9.824253e+03 9.842205e+03
7.5 9.795016e+03 9.834654e+03 9.824261e+03 9.784623e+03
0.1 9.804821e+03 9.843953e+03 9.823825e+03 9.784693e+03
1.1 9.775432e+03 9.856230e+03 9.823787e+03 9.742989e+03
2.1 9.826574e+03 9.823675e+03 9.823752e+03 9.826651e+03
3.1 9.867980e+03 9.801237e+03 9.834511e+03 9.901255e+03
4.1 9.802735e+03 9.785692e+03 9.850669e+03 9.867712e+03
5.1 9.876480e+03 9.799417e+03 9.848845e+03 9.925909e+03
6.1 9.754599e+03 9.776488e+03 9.830839e+03 9.808950e+03
7.1 9.750633e+03 9.753341e+03 9.823628e+03 9.820919e+03
0.5 9.703283e+03 9.766077e+03 9.823602e+03 9.760808e+03
1.5 9.813401e+03 9.826239e+03 9.823593e+03 9.810756e+03
2.5 9.853396e+03 9.884768e+03 9.824037e+03 9.792665e+03
3.5 9.883969e+03 9.879050e+03 9.841569e+03 9.846488e+03
4.5 9.912268e+03 9.853280e+03 9.841568e+03 9.900556e+03
5.5 9.826189e+03 9.812232e+03 9.832124e+03 9.846081e+03
6.5 9.741598e+03 9.822677e+03 9.823576e+03 9.742496e+03
7.5 9.871338e+03 9.843742e+03 9.823570e+03 9.851166e+03
0.1 9.845274e+03 9.844068e+03 9.823531e+03 9.824738e+03
1.1 9.875145e+03 9.859225e+03 9.823526e+03 9.839445e+03
2.1 9.794275e+03 9.827990e+03 9.823525e+03 9.789810e+03
3.1 9.832159e+03 9.804256e+03 9.833866e+03 9.861769e+03
4.1 9.698438e+03 9.787192e+03 9.850498e+03 9.761744e+03
5.1 9.860581e+03 9.801477e+03 9.849145e+03 9.908249e+03
6.1 9.895388e+03 9.778850e+03 9.831157e+03 9.947695e+03
7.1 9.796483e+03 9.755371e+03 9.823511e+03 9.864624e+03
0.5 9.758246e+03 9.767231e+03 9.823511e+03 9.814526e+03
1.5 9.856277e+03 9.828745e+03 9.823513e+03 9.851046e+03
2.5 9.932136e+03 9.887147e+03 9.823965e+03 9.868954e+03
3.5 9.936114e+03 9.879838e+03 9.841503e+03 9.897780e+03
4.5 9.748117e+03 9.851782e+03 9.841507e+03 9.737842e+03
5.5 9.847543e+03 9.810646e+03 9.832069e+03 9.868966e+03
6.5 9.765665e+03 9.821449e+03 9.823531e+03 9.767747e+03
7.5 9.878551e+03 9.842437e+03 9.823536e+03 9.859650e+03
0.0 9.905427e+03 9.839855e+03 9.823618e+03 9.889190e+03
1.0 9.866908e+03 9.858219e+03 9.823633e+03 9.832321e+03
2.0 9.878203e+03 9.830197e+03 9.823654e+03 9.871660e+03
3.0 9.880521e+03 9.804373e+03 9.833121e+03 9.909269e+03
4.0 9.613423e+03 9.784705e+03 9.850684e+03 9.679401e+03
5.0 9.754643e+03 9.800453e+03 9.850267e+03 9.804457e+03
6.0 9.673126e+03 9.778672e+03 9.832323e+03 9.726777e+03
7.0 9.748447e+03 9.754688e+03 9.823830e+03 9.817589e+03
0.5 9.721959e+03 9.764856e+03 9.823957e+03 9.781060e+03
1.5 9.803431e+03 9.825991e+03 9.824036e+03 9.801477e+03
2.5 9.796938e+03 9.883967e+03 9.824578e+03 9.737550e+03
3.5 9.811890e+03 9.877663e+03 9.842217e+03 9.776444e+03
4.5 9.848376e+03 9.849066e+03 9.842335e+03 9.841645e+03
5.5 9.851006e+03 9.805837e+03 9.833025e+03 9.878193e+03
6.5 9.751629e+03 9.818258e+03 9.824629e+03 9.757999e+03
7.5 9.820407e+03 9.838520e+03 9.824790e+03 9.806677e+03
