0.5 9.928101e+03 9.941820e+03 9.914150e+03 9.900430e+03
1.5 9.894463e+03 9.972839e+03 9.948551e+03 9.870175e+03
2.5 1.000580e+04 9.935714e+03 9.972730e+03 1.004282e+04
3.5 9.961736e+03 9.937908e+03 9.974661e+03 9.998489e+03
4.5 9.875723e+03 9.942154e+03 9.969820e+03 9.903388e+03
5.5 9.998534e+03 9.968875e+03 9.975362e+03 1.000502e+04
6.5 1.003086e+04 9.998550e+03 9.975826e+03 1.000814e+04
7.5 1.001369e+04 9.973168e+03 9.976349e+03 1.001687e+04
8.5 9.945497e+03 9.974043e+03 9.976916e+03 9.948370e+03
0.2 1.000580e+04 9.935714e+03 9.972730e+03 1.004282e+04
1.2 9.961736e+03 9.937908e+03 9.974661e+03 9.998489e+03
2.2 9.875723e+03 9.942154e+03 9.969820e+03 9.903388e+03
3.2 9.998534e+03 9.968875e+03 9.975362e+03 1.000502e+04
4.2 1.003086e+04 9.998550e+03 9.975826e+03 1.000814e+04
5.2 1.001369e+04 9.973168e+03 9.976349e+03 1.001687e+04
6.2 9.945497e+03 9.974043e+03 9.976916e+03 9.948370e+03
7.2 9.954943e+03 9.968373e+03 9.977517e+03 9.964088e+03
8.2 1.004142e+04 9.972945e+03 9.978141e+03 1.004661e+04
0.9 9.998534e+03 9.968875e+03 9.975362e+03 1.000502e+04
1.9 1.003086e+04 9.998550e+03 9.975826e+03 1.000814e+04
2.9 1.001369e+04 9.973168e+03 9.976349e+03 1.001687e+04
3.9 9.945497e+03 9.974043e+03 9.976916e+03 9.948370e+03
4.9 9.954943e+03 9.968373e+03 9.977517e+03 9.964088e+03
5.9 1.004142e+04 9.972945e+03 9.978141e+03 1.004661e+04
6.9 9.922275e+03 9.965614e+03 9.971915e+03 9.928576e+03
7.9 1.001435e+04 9.972299e+03 9.979428e+03 1.002148e+04
8.9 9.937781e+03 9.972095e+03 9.980069e+03 9.945755e+03
0.6 1.001369e+04 9.973168e+03 9.976349e+03 1.001687e+04
1.6 9.945497e+03 9.974043e+03 9.976916e+03 9.948370e+03
2.6 9.954943e+03 9.968373e+03 9.977517e+03 9.964088e+03
3.6 1.004142e+04 9.972945e+03 9.978141e+03 1.004661e+04
4.6 9.922275e+03 9.965614e+03 9.971915e+03 9.928576e+03
5.6 1.001435e+04 9.972299e+03 9.979428e+03 1.002148e+04
6.6 9.937781e+03 9.972095e+03 9.980069e+03 9.945755e+03
7.6 9.966643e+03 9.971960e+03 9.980690e+03 9.975373e+03
8.6 9.964367e+03 9.971885e+03 9.981285e+03 9.973768e+03
0.3 9.954943e+03 9.968373e+03 9.977517e+03 9.964088e+03
1.3 1.004142e+04 9.972945e+03 9.978141e+03 1.004661e+04
2.3 9.922275e+03 9.965614e+03 9.971915e+03 9.928576e+03
3.3 1.001435e+04 9.972299e+03 9.979428e+03 1.002148e+04
4.3 9.937781e+03 9.972095e+03 9.980069e+03 9.945755e+03
5.3 9.966643e+03 9.971960e+03 9.980690e+03 9.975373e+03
6.3 9.964367e+03 9.971885e+03 9.981285e+03 9.973768e+03
7.3 9.973607e+03 9.965395e+03 9.981850e+03 9.990062e+03
8.3 9.890996e+03 9.971872e+03 9.982379e+03 9.901503e+03
1.0 1.001435e+04 9.972299e+03 9.979428e+03 1.002148e+04
2.0 9.937781e+03 9.972095e+03 9.980069e+03 9.945755e+03
3.0 9.966643e+03 9.971960e+03 9.980690e+03 9.975373e+03
4.0 9.964367e+03 9.971885e+03 9.981285e+03 9.973768e+03
5.0 9.973607e+03 9.965395e+03 9.981850e+03 9.990062e+03
6.0 9.890996e+03 9.971872e+03 9.982379e+03 9.901503e+03
7.0 9.927198e+03 9.974028e+03 9.976003e+03 9.929173e+03
8.0 9.990255e+03 1.003783e+04 9.947273e+03 9.899694e+03
9.0 1.000796e+04 1.004064e+04 9.913351e+03 9.880664e+03
0.7 9.966643e+03 9.971960e+03 9.980690e+03 9.975373e+03
1.7 9.964367e+03 9.971885e+03 9.981285e+03 9.973768e+03
2.7 9.973607e+03 9.965395e+03 9.981850e+03 9.990062e+03
3.7 9.890996e+03 9.971872e+03 9.982379e+03 9.901503e+03
4.7 9.927198e+03 9.974028e+03 9.976003e+03 9.929173e+03
5.7 9.990255e+03 1.003783e+04 9.947273e+03 9.899694e+03
6.7 1.000796e+04 1.004064e+04 9.913351e+03 9.880664e+03
7.7 9.989352e+03 9.997831e+03 9.908564e+03 9.900084e+03
8.7 9.892528e+03 9.940963e+03 9.908884e+03 9.860449e+03
0.4 9.973607e+03 9.965395e+03 9.981850e+03 9.990062e+03
1.4 9.890996e+03 9.971872e+03 9.982379e+03 9.901503e+03
2.4 9.927198e+03 9.974028e+03 9.976003e+03 9.929173e+03
3.4 9.990255e+03 1.003783e+04 9.947273e+03 9.899694e+03
4.4 1.000796e+04 1.004064e+04 9.913351e+03 9.880664e+03
5.4 9.989352e+03 9.997831e+03 9.908564e+03 9.900084e+03
6.4 9.892528e+03 9.940963e+03 9.908884e+03 9.860449e+03
7.4 9.996154e+03 9.935117e+03 9.909162e+03 9.970200e+03
8.4 9.963534e+03 9.924736e+03 9.909400e+03 9.948198e+03
0.5 1.000841e+04 9.931942e+03 9.926303e+03 1.000277e+04
1.5 9.943942e+03 9.964794e+03 9.960710e+03 9.939858e+03
2.5 1.003859e+04 9.929195e+03 9.984803e+03 1.009420e+04
3.5 9.990127e+03 9.931918e+03 9.985717e+03 1.004393e+04
4.5 9.904217e+03 9.936529e+03 9.979756e+03 9.947444e+03
5.5 1.003127e+04 9.965124e+03 9.984944e+03 1.005109e+04
6.5 1.004265e+04 9.995775e+03 9.984978e+03 1.003185e+04
7.5 9.983645e+03 9.972042e+03 9.985870e+03 9.997473e+03
8.5 9.926565e+03 9.972844e+03 9.985905e+03 9.939626e+03
0.2 1.003859e+04 9.929195e+03 9.984803e+03 1.009420e+04
1.2 9.990127e+03 9.931918e+03 9.985717e+03 1.004393e+04
2.2 9.904217e+03 9.936529e+03 9.979756e+03 9.947444e+03
3.2 1.003127e+04 9.965124e+03 9.984944e+03 1.005109e+04
4.2 1.004265e+04 9.995775e+03 9.984978e+03 1.003185e+04
5.2 9.983645e+03 9.972042e+03 9.985870e+03 9.997473e+03
6.2 9.926565e+03 9.972844e+03 9.985905e+03 9.939626e+03
7.2 1.001327e+04 9.967907e+03 9.986801e+03 1.003216e+04
8.2 9.978036e+03 9.972990e+03 9.986845e+03 9.991891e+03
0.9 1.003127e+04 9.965124e+03 9.984944e+03 1.005109e+04
1.9 1.004265e+04 9.995775e+03 9.984978e+03 1.003185e+04
2.9 9.983645e+03 9.972042e+03 9.985870e+03 9.997473e+03
3.9 9.926565e+03 9.972844e+03 9.985905e+03 9.939626e+03
4.9 1.001327e+04 9.967907e+03 9.986801e+03 1.003216e+04
5.9 9.978036e+03 9.972990e+03 9.986845e+03 9.991891e+03
6.9 1.002407e+04 9.965180e+03 9.979166e+03 1.003806e+04
7.9 9.968938e+03 9.971271e+03 9.984356e+03 9.982023e+03
8.9 9.990495e+03 9.971289e+03 9.984394e+03 1.000360e+04
0.6 9.983645e+03 9.972042e+03 9.985870e+03 9.997473e+03
1.6 9.926565e+03 9.972844e+03 9.985905e+03 9.939626e+03
2.6 1.001327e+04 9.967907e+03 9.986801e+03 1.003216e+04
3.6 9.978036e+03 9.972990e+03 9.986845e+03 9.991891e+03
4.6 1.002407e+04 9.965180e+03 9.979166e+03 1.003806e+04
5.6 9.968938e+03 9.971271e+03 9.984356e+03 9.982023e+03
6.6 9.990495e+03 9.971289e+03 9.984394e+03 1.000360e+04
7.6 1.002779e+04 9.973682e+03 9.986151e+03 1.004025e+04
8.6 9.973338e+03 9.973711e+03 9.986195e+03 9.985822e+03
0.3 1.001327e+04 9.967907e+03 9.986801e+03 1.003216e+04
1.3 9.978036e+03 9.972990e+03 9.986845e+03 9.991891e+03
2.3 1.002407e+04 9.965180e+03 9.979166e+03 1.003806e+04
3.3 9.968938e+03 9.971271e+03 9.984356e+03 9.982023e+03
4.3 9.990495e+03 9.971289e+03 9.984394e+03 1.000360e+04
5.3 1.002779e+04 9.973682e+03 9.986151e+03 1.004025e+04
6.3 9.973338e+03 9.973711e+03 9.986195e+03 9.985822e+03
7.3 1.004763e+04 9.966525e+03 9.986238e+03 1.006734e+04
8.3 9.961000e+03 9.971446e+03 9.986268e+03 9.975822e+03
0.9 9.968938e+03 9.971271e+03 9.984356e+03 9.982023e+03
1.9 9.990495e+03 9.971289e+03 9.984394e+03 1.000360e+04
2.9 1.002779e+04 9.973682e+03 9.986151e+03 1.004025e+04
3.9 9.973338e+03 9.973711e+03 9.986195e+03 9.985822e+03
4.9 1.004763e+04 9.966525e+03 9.986238e+03 1.006734e+04
5.9 9.961000e+03 9.971446e+03 9.986268e+03 9.975822e+03
6.9 1.000754e+04 9.971320e+03 9.979436e+03 1.001566e+04
7.9 1.006138e+04 1.003750e+04 9.951155e+03 9.975033e+03
8.9 1.002089e+04 1.004258e+04 9.916866e+03 9.895179e+03
0.7 1.002779e+04 9.973682e+03 9.986151e+03 1.004025e+04
1.7 9.973338e+03 9.973711e+03 9.986195e+03 9.985822e+03
2.7 1.004763e+04 9.966525e+03 9.986238e+03 1.006734e+04
3.7 9.961000e+03 9.971446e+03 9.986268e+03 9.975822e+03
4.7 1.000754e+04 9.971320e+03 9.979436e+03 1.001566e+04
5.7 1.006138e+04 1.003750e+04 9.951155e+03 9.975033e+03
6.7 1.002089e+04 1.004258e+04 9.916866e+03 9.895179e+03
7.7 1.002394e+04 1.000043e+04 9.910891e+03 9.934406e+03
8.7 9.955926e+03 9.941967e+03 9.910914e+03 9.924873e+03
0.3 1.004763e+04 9.966525e+03 9.986238e+03 1.006734e+04
1.3 9.961000e+03 9.971446e+03 9.986268e+03 9.975822e+03
2.3 1.000754e+04 9.971320e+03 9.979436e+03 1.001566e+04
3.3 1.006138e+04 1.003750e+04 9.951155e+03 9.975033e+03
4.3 1.002089e+04 1.004258e+04 9.916866e+03 9.895179e+03
5.3 1.002394e+04 1.000043e+04 9.910891e+03 9.934406e+03
6.3 9.955926e+03 9.941967e+03 9.910914e+03 9.924873e+03
7.3 9.955183e+03 9.935599e+03 9.910928e+03 9.930512e+03
8.3 9.832604e+03 9.925961e+03 9.910932e+03 9.817575e+03
0.5 9.858741e+03 9.933421e+03 9.928014e+03 9.853335e+03
1.5 9.950291e+03 9.966224e+03 9.962300e+03 9.946367e+03
2.5 9.858426e+03 9.929743e+03 9.985430e+03 9.914113e+03
3.5 9.933361e+03 9.931642e+03 9.985383e+03 9.987103e+03
4.5 9.886778e+03 9.936239e+03 9.979326e+03 9.929866e+03
5.5 9.915059e+03 9.964653e+03 9.983566e+03 9.933971e+03
6.5 9.934197e+03 9.995280e+03 9.983513e+03 9.922430e+03
7.5 9.896705e+03 9.971541e+03 9.985177e+03 9.910341e+03
8.5 9.961592e+03 9.971523e+03 9.985123e+03 9.975192e+03
0.2 9.858426e+03 9.929743e+03 9.985430e+03 9.914113e+03
1.2 9.933361e+03 9.931642e+03 9.985383e+03 9.987103e+03
2.2 9.886778e+03 9.936239e+03 9.979326e+03 9.929866e+03
3.2 9.915059e+03 9.964653e+03 9.983566e+03 9.933971e+03
4.2 9.934197e+03 9.995280e+03 9.983513e+03 9.922430e+03
5.2 9.896705e+03 9.971541e+03 9.985177e+03 9.910341e+03
6.2 9.961592e+03 9.971523e+03 9.985123e+03 9.975192e+03
7.2 9.995689e+03 9.965709e+03 9.985064e+03 1.001504e+04
8.2 9.966554e+03 9.970879e+03 9.985857e+03 9.981532e+03
0.8 9.915059e+03 9.964653e+03 9.983566e+03 9.933971e+03
1.8 9.934197e+03 9.995280e+03 9.983513e+03 9.922430e+03
2.8 9.896705e+03 9.971541e+03 9.985177e+03 9.910341e+03
3.8 9.961592e+03 9.971523e+03 9.985123e+03 9.975192e+03
4.8 9.995689e+03 9.965709e+03 9.985064e+03 1.001504e+04
5.8 9.966554e+03 9.970879e+03 9.985857e+03 9.981532e+03
6.8 9.922857e+03 9.964861e+03 9.979787e+03 9.937783e+03
7.8 9.955937e+03 9.972490e+03 9.985733e+03 9.969179e+03
8.8 9.924228e+03 9.972480e+03 9.985670e+03 9.937417e+03
0.5 9.896705e+03 9.971541e+03 9.985177e+03 9.910341e+03
1.5 9.961592e+03 9.971523e+03 9.985123e+03 9.975192e+03
2.5 9.995689e+03 9.965709e+03 9.985064e+03 1.001504e+04
3.5 9.966554e+03 9.970879e+03 9.985857e+03 9.981532e+03
4.5 9.922857e+03 9.964861e+03 9.979787e+03 9.937783e+03
5.5 9.955937e+03 9.972490e+03 9.985733e+03 9.969179e+03
6.5 9.924228e+03 9.972480e+03 9.985670e+03 9.937417e+03
7.5 9.992747e+03 9.972477e+03 9.985603e+03 1.000587e+04
8.5 9.953459e+03 9.973276e+03 9.985530e+03 9.965713e+03
0.2 9.995689e+03 9.965709e+03 9.985064e+03 1.001504e+04
1.2 9.966554e+03 9.970879e+03 9.985857e+03 9.981532e+03
2.2 9.922857e+03 9.964861e+03 9.979787e+03 9.937783e+03
3.2 9.955937e+03 9.972490e+03 9.985733e+03 9.969179e+03
4.2 9.924228e+03 9.972480e+03 9.985670e+03 9.937417e+03
5.2 9.992747e+03 9.972477e+03 9.985603e+03 1.000587e+04
6.2 9.953459e+03 9.973276e+03 9.985530e+03 9.965713e+03
7.2 9.990183e+03 9.967470e+03 9.985445e+03 1.000816e+04
8.2 1.004108e+04 9.973300e+03 9.985345e+03 1.005313e+04
0.9 9.955937e+03 9.972490e+03 9.985733e+03 9.969179e+03
1.9 9.924228e+03 9.972480e+03 9.985670e+03 9.937417e+03
2.9 9.992747e+03 9.972477e+03 9.985603e+03 1.000587e+04
3.9 9.953459e+03 9.973276e+03 9.985530e+03 9.965713e+03
4.9 9.990183e+03 9.967470e+03 9.985445e+03 1.000816e+04
5.9 1.004108e+04 9.973300e+03 9.985345e+03 1.005313e+04
6.9 9.978487e+03 9.968647e+03 9.978362e+03 9.988202e+03
7.9 1.009352e+04 1.003487e+04 9.951621e+03 1.001027e+04
8.9 1.010220e+04 1.004459e+04 9.917126e+03 9.974736e+03
0.6 9.992747e+03 9.972477e+03 9.985603e+03 1.000587e+04
1.6 9.953459e+03 9.973276e+03 9.985530e+03 9.965713e+03
2.6 9.990183e+03 9.967470e+03 9.985445e+03 1.000816e+04
3.6 1.004108e+04 9.973300e+03 9.985345e+03 1.005313e+04
4.6 9.978487e+03 9.968647e+03 9.978362e+03 9.988202e+03
5.6 1.009352e+04 1.003487e+04 9.951621e+03 1.001027e+04
6.6 1.010220e+04 1.004459e+04 9.917126e+03 9.974736e+03
7.6 1.003038e+04 1.000388e+04 9.909196e+03 9.935696e+03
8.6 9.928644e+03 9.942365e+03 9.908943e+03 9.895221e+03
0.3 9.990183e+03 9.967470e+03 9.985445e+03 1.000816e+04
1.3 1.004108e+04 9.973300e+03 9.985345e+03 1.005313e+04
2.3 9.978487e+03 9.968647e+03 9.978362e+03 9.988202e+03
3.3 1.009352e+04 1.003487e+04 9.951621e+03 1.001027e+04
4.3 1.010220e+04 1.004459e+04 9.917126e+03 9.974736e+03
5.3 1.003038e+04 1.000388e+04 9.909196e+03 9.935696e+03
6.3 9.928644e+03 9.942365e+03 9.908943e+03 9.895221e+03
7.3 9.867295e+03 9.935069e+03 9.908639e+03 9.840865e+03
8.3 9.886103e+03 9.927009e+03 9.908279e+03 9.867373e+03
0.5 9.982796e+03 9.933498e+03 9.923324e+03 9.972623e+03
1.5 9.954607e+03 9.966187e+03 9.956929e+03 9.945350e+03
2.5 9.869714e+03 9.930410e+03 9.980151e+03 9.919455e+03
3.5 9.847256e+03 9.932115e+03 9.979256e+03 9.894397e+03
4.5 9.941123e+03 9.935611e+03 9.971405e+03 9.976917e+03
5.5 9.919886e+03 9.965493e+03 9.976336e+03 9.930729e+03
6.5 1.001144e+04 9.995769e+03 9.975169e+03 9.990841e+03
7.5 9.939082e+03 9.970739e+03 9.973910e+03 9.942253e+03
8.5 9.978449e+03 9.970231e+03 9.972565e+03 9.980782e+03
0.2 9.869714e+03 9.930410e+03 9.980151e+03 9.919455e+03
1.2 9.847256e+03 9.932115e+03 9.979256e+03 9.894397e+03
2.2 9.941123e+03 9.935611e+03 9.971405e+03 9.976917e+03
3.2 9.919886e+03 9.965493e+03 9.976336e+03 9.930729e+03
4.2 1.001144e+04 9.995769e+03 9.975169e+03 9.990841e+03
5.2 9.939082e+03 9.970739e+03 9.973910e+03 9.942253e+03
6.2 9.978449e+03 9.970231e+03 9.972565e+03 9.980782e+03
7.2 9.950032e+03 9.963875e+03 9.972002e+03 9.958160e+03
8.2 9.923435e+03 9.968993e+03 9.970519e+03 9.924960e+03
0.9 9.919886e+03 9.965493e+03 9.976336e+03 9.930729e+03
1.9 1.001144e+04 9.995769e+03 9.975169e+03 9.990841e+03
2.9 9.939082e+03 9.970739e+03 9.973910e+03 9.942253e+03
3.9 9.978449e+03 9.970231e+03 9.972565e+03 9.980782e+03
4.9 9.950032e+03 9.963875e+03 9.972002e+03 9.958160e+03
5.9 9.923435e+03 9.968993e+03 9.970519e+03 9.924960e+03
6.9 9.969748e+03 9.961281e+03 9.962101e+03 9.970568e+03
7.9 1.002028e+04 9.966640e+03 9.966489e+03 1.002013e+04
8.9 9.994316e+03 9.965780e+03 9.964808e+03 9.993343e+03
0.6 9.939082e+03 9.970739e+03 9.973910e+03 9.942253e+03
1.6 9.978449e+03 9.970231e+03 9.972565e+03 9.980782e+03
2.6 9.950032e+03 9.963875e+03 9.972002e+03 9.958160e+03
3.6 9.923435e+03 9.968993e+03 9.970519e+03 9.924960e+03
4.6 9.969748e+03 9.961281e+03 9.962101e+03 9.970568e+03
5.6 1.002028e+04 9.966640e+03 9.966489e+03 1.002013e+04
6.6 9.994316e+03 9.965780e+03 9.964808e+03 9.993343e+03
7.6 1.004666e+04 9.966464e+03 9.963930e+03 1.004413e+04
8.6 9.978472e+03 9.965499e+03 9.962146e+03 9.975119e+03
0.3 9.950032e+03 9.963875e+03 9.972002e+03 9.958160e+03
1.3 9.923435e+03 9.968993e+03 9.970519e+03 9.924960e+03
2.3 9.969748e+03 9.961281e+03 9.962101e+03 9.970568e+03
3.3 1.002028e+04 9.966640e+03 9.966489e+03 1.002013e+04
4.3 9.994316e+03 9.965780e+03 9.964808e+03 9.993343e+03
5.3 1.004666e+04 9.966464e+03 9.963930e+03 1.004413e+04
6.3 9.978472e+03 9.965499e+03 9.962146e+03 9.975119e+03
7.3 9.954530e+03 9.956335e+03 9.958607e+03 9.956803e+03
8.3 9.922110e+03 9.961005e+03 9.956753e+03 9.917859e+03
1.0 1.002028e+04 9.966640e+03 9.966489e+03 1.002013e+04
2.0 9.994316e+03 9.965780e+03 9.964808e+03 9.993343e+03
3.0 1.004666e+04 9.966464e+03 9.963930e+03 1.004413e+04
4.0 9.978472e+03 9.965499e+03 9.962146e+03 9.975119e+03
5.0 9.954530e+03 9.956335e+03 9.958607e+03 9.956803e+03
6.0 9.922110e+03 9.961005e+03 9.956753e+03 9.917859e+03
0.6 1.004666e+04 9.966464e+03 9.963930e+03 1.004413e+04
1.6 9.978472e+03 9.965499e+03 9.962146e+03 9.975119e+03
2.6 9.954530e+03 9.956335e+03 9.958607e+03 9.956803e+03
3.6 9.922110e+03 9.961005e+03 9.956753e+03 9.917859e+03
0.3 9.954530e+03 9.956335e+03 9.958607e+03 9.956803e+03
1.3 9.922110e+03 9.961005e+03 9.956753e+03 9.917859e+03
