0.5 1.105757e+04 1.106188e+04 1.104279e+04 1.103848e+04
1.5 1.100147e+04 1.104933e+04 1.104015e+04 1.099229e+04
2.5 1.108435e+04 1.103626e+04 1.103786e+04 1.108595e+04
3.5 1.112303e+04 1.108463e+04 1.108747e+04 1.112587e+04
4.5 1.114473e+04 1.115511e+04 1.114006e+04 1.112968e+04
5.5 1.136124e+04 1.118826e+04 1.115216e+04 1.132514e+04
6.5 1.111304e+04 1.120054e+04 1.115091e+04 1.106342e+04
7.5 1.104325e+04 1.111899e+04 1.114991e+04 1.107417e+04
8.5 1.115420e+04 1.111807e+04 1.114913e+04 1.118526e+04
0.2 1.108435e+04 1.103626e+04 1.103786e+04 1.108595e+04
1.2 1.112303e+04 1.108463e+04 1.108747e+04 1.112587e+04
2.2 1.114473e+04 1.115511e+04 1.114006e+04 1.112968e+04
3.2 1.136124e+04 1.118826e+04 1.115216e+04 1.132514e+04
4.2 1.111304e+04 1.120054e+04 1.115091e+04 1.106342e+04
5.2 1.104325e+04 1.111899e+04 1.114991e+04 1.107417e+04
6.2 1.115420e+04 1.111807e+04 1.114913e+04 1.118526e+04
7.2 1.108251e+04 1.110581e+04 1.114039e+04 1.111709e+04
8.2 1.109996e+04 1.111505e+04 1.114813e+04 1.113304e+04
0.9 1.136124e+04 1.118826e+04 1.115216e+04 1.132514e+04
1.9 1.111304e+04 1.120054e+04 1.115091e+04 1.106342e+04
2.9 1.104325e+04 1.111899e+04 1.114991e+04 1.107417e+04
3.9 1.115420e+04 1.111807e+04 1.114913e+04 1.118526e+04
4.9 1.108251e+04 1.110581e+04 1.114039e+04 1.111709e+04
5.9 1.109996e+04 1.111505e+04 1.114813e+04 1.113304e+04
6.9 1.110660e+04 1.111288e+04 1.114515e+04 1.113886e+04
7.9 1.104974e+04 1.111271e+04 1.114774e+04 1.108477e+04
8.9 1.097975e+04 1.111177e+04 1.114773e+04 1.101571e+04
0.6 1.104325e+04 1.111899e+04 1.114991e+04 1.107417e+04
1.6 1.115420e+04 1.111807e+04 1.114913e+04 1.118526e+04
2.6 1.108251e+04 1.110581e+04 1.114039e+04 1.111709e+04
3.6 1.109996e+04 1.111505e+04 1.114813e+04 1.113304e+04
4.6 1.110660e+04 1.111288e+04 1.114515e+04 1.113886e+04
5.6 1.104974e+04 1.111271e+04 1.114774e+04 1.108477e+04
6.6 1.097975e+04 1.111177e+04 1.114773e+04 1.101571e+04
7.6 1.106308e+04 1.111097e+04 1.114781e+04 1.109993e+04
8.6 1.114506e+04 1.111029e+04 1.114797e+04 1.118274e+04
0.3 1.108251e+04 1.110581e+04 1.114039e+04 1.111709e+04
1.3 1.109996e+04 1.111505e+04 1.114813e+04 1.113304e+04
2.3 1.110660e+04 1.111288e+04 1.114515e+04 1.113886e+04
3.3 1.104974e+04 1.111271e+04 1.114774e+04 1.108477e+04
4.3 1.097975e+04 1.111177e+04 1.114773e+04 1.101571e+04
5.3 1.106308e+04 1.111097e+04 1.114781e+04 1.109993e+04
6.3 1.114506e+04 1.111029e+04 1.114797e+04 1.118274e+04
7.3 1.109019e+04 1.110363e+04 1.114546e+04 1.113203e+04
8.3 1.098096e+04 1.110922e+04 1.114843e+04 1.102017e+04
1.0 1.104974e+04 1.111271e+04 1.114774e+04 1.108477e+04
2.0 1.097975e+04 1.111177e+04 1.114773e+04 1.101571e+04
3.0 1.106308e+04 1.111097e+04 1.114781e+04 1.109993e+04
4.0 1.114506e+04 1.111029e+04 1.114797e+04 1.118274e+04
5.0 1.109019e+04 1.110363e+04 1.114546e+04 1.113203e+04
6.0 1.098096e+04 1.110922e+04 1.114843e+04 1.102017e+04
7.0 1.110499e+04 1.110890e+04 1.114055e+04 1.113664e+04
8.0 1.116096e+04 1.118871e+04 1.114898e+04 1.112122e+04
9.0 1.133310e+04 1.122318e+04 1.114926e+04 1.125919e+04
0.7 1.106308e+04 1.111097e+04 1.114781e+04 1.109993e+04
1.7 1.114506e+04 1.111029e+04 1.114797e+04 1.118274e+04
2.7 1.109019e+04 1.110363e+04 1.114546e+04 1.113203e+04
3.7 1.098096e+04 1.110922e+04 1.114843e+04 1.102017e+04
4.7 1.110499e+04 1.110890e+04 1.114055e+04 1.113664e+04
5.7 1.116096e+04 1.118871e+04 1.114898e+04 1.112122e+04
6.7 1.133310e+04 1.122318e+04 1.114926e+04 1.125919e+04
7.7 1.119771e+04 1.119216e+04 1.111967e+04 1.112522e+04
8.7 1.115725e+04 1.113426e+04 1.106563e+04 1.108861e+04
0.4 1.109019e+04 1.110363e+04 1.114546e+04 1.113203e+04
1.4 1.098096e+04 1.110922e+04 1.114843e+04 1.102017e+04
2.4 1.110499e+04 1.110890e+04 1.114055e+04 1.113664e+04
3.4 1.116096e+04 1.118871e+04 1.114898e+04 1.112122e+04
4.4 1.133310e+04 1.122318e+04 1.114926e+04 1.125919e+04
5.4 1.119771e+04 1.119216e+04 1.111967e+04 1.112522e+04
6.4 1.115725e+04 1.113426e+04 1.106563e+04 1.108861e+04
7.4 1.113916e+04 1.109878e+04 1.103058e+04 1.107095e+04
8.4 1.120957e+04 1.111753e+04 1.103079e+04 1.112283e+04
0.5 1.100700e+04 1.103074e+04 1.103136e+04 1.100762e+04
1.5 1.094676e+04 1.102161e+04 1.103143e+04 1.095657e+04
2.5 1.112863e+04 1.101156e+04 1.103147e+04 1.114854e+04
3.5 1.109864e+04 1.106422e+04 1.108443e+04 1.111885e+04
4.5 1.114750e+04 1.113744e+04 1.113874e+04 1.114880e+04
5.5 1.118034e+04 1.117199e+04 1.115096e+04 1.115931e+04
6.5 1.123182e+04 1.118641e+04 1.115096e+04 1.119637e+04
7.5 1.126952e+04 1.110519e+04 1.114961e+04 1.131394e+04
8.5 1.115336e+04 1.110557e+04 1.114961e+04 1.119740e+04
0.2 1.112863e+04 1.101156e+04 1.103147e+04 1.114854e+04
1.2 1.109864e+04 1.106422e+04 1.108443e+04 1.111885e+04
2.2 1.114750e+04 1.113744e+04 1.113874e+04 1.114880e+04
3.2 1.118034e+04 1.117199e+04 1.115096e+04 1.115931e+04
4.2 1.123182e+04 1.118641e+04 1.115096e+04 1.119637e+04
5.2 1.126952e+04 1.110519e+04 1.114961e+04 1.131394e+04
6.2 1.115336e+04 1.110557e+04 1.114961e+04 1.119740e+04
7.2 1.115266e+04 1.109558e+04 1.114283e+04 1.119990e+04
8.2 1.109403e+04 1.110624e+04 1.115098e+04 1.113877e+04
0.9 1.118034e+04 1.117199e+04 1.115096e+04 1.115931e+04
1.9 1.123182e+04 1.118641e+04 1.115096e+04 1.119637e+04
2.9 1.126952e+04 1.110519e+04 1.114961e+04 1.131394e+04
3.9 1.115336e+04 1.110557e+04 1.114961e+04 1.119740e+04
4.9 1.115266e+04 1.109558e+04 1.114283e+04 1.119990e+04
5.9 1.109403e+04 1.110624e+04 1.115098e+04 1.113877e+04
6.9 1.108968e+04 1.110553e+04 1.114829e+04 1.113244e+04
7.9 1.107694e+04 1.110867e+04 1.115240e+04 1.112066e+04
8.9 1.111351e+04 1.110869e+04 1.115245e+04 1.115727e+04
0.6 1.126952e+04 1.110519e+04 1.114961e+04 1.131394e+04
1.6 1.115336e+04 1.110557e+04 1.114961e+04 1.119740e+04
2.6 1.115266e+04 1.109558e+04 1.114283e+04 1.119990e+04
3.6 1.109403e+04 1.110624e+04 1.115098e+04 1.113877e+04
4.6 1.108968e+04 1.110553e+04 1.114829e+04 1.113244e+04
5.6 1.107694e+04 1.110867e+04 1.115240e+04 1.112066e+04
6.6 1.111351e+04 1.110869e+04 1.115245e+04 1.115727e+04
7.6 1.108803e+04 1.110459e+04 1.114842e+04 1.113186e+04
8.6 1.110030e+04 1.110459e+04 1.114847e+04 1.114418e+04
0.3 1.115266e+04 1.109558e+04 1.114283e+04 1.119990e+04
1.3 1.109403e+04 1.110624e+04 1.115098e+04 1.113877e+04
2.3 1.108968e+04 1.110553e+04 1.114829e+04 1.113244e+04
3.3 1.107694e+04 1.110867e+04 1.115240e+04 1.112066e+04
4.3 1.111351e+04 1.110869e+04 1.115245e+04 1.115727e+04
5.3 1.108803e+04 1.110459e+04 1.114842e+04 1.113186e+04
6.3 1.110030e+04 1.110459e+04 1.114847e+04 1.114418e+04
7.3 1.114099e+04 1.109944e+04 1.114715e+04 1.118871e+04
8.3 1.111068e+04 1.110600e+04 1.115126e+04 1.115594e+04
0.9 1.107694e+04 1.110867e+04 1.115240e+04 1.112066e+04
1.9 1.111351e+04 1.110869e+04 1.115245e+04 1.115727e+04
2.9 1.108803e+04 1.110459e+04 1.114842e+04 1.113186e+04
3.9 1.110030e+04 1.110459e+04 1.114847e+04 1.114418e+04
4.9 1.114099e+04 1.109944e+04 1.114715e+04 1.118871e+04
5.9 1.111068e+04 1.110600e+04 1.115126e+04 1.115594e+04
6.9 1.110047e+04 1.110584e+04 1.114451e+04 1.113915e+04
7.9 1.114113e+04 1.118525e+04 1.115135e+04 1.110722e+04
8.9 1.123301e+04 1.122162e+04 1.115140e+04 1.116279e+04
0.7 1.108803e+04 1.110459e+04 1.114842e+04 1.113186e+04
1.7 1.110030e+04 1.110459e+04 1.114847e+04 1.114418e+04
2.7 1.114099e+04 1.109944e+04 1.114715e+04 1.118871e+04
3.7 1.111068e+04 1.110600e+04 1.115126e+04 1.115594e+04
4.7 1.110047e+04 1.110584e+04 1.114451e+04 1.113915e+04
5.7 1.114113e+04 1.118525e+04 1.115135e+04 1.110722e+04
6.7 1.123301e+04 1.122162e+04 1.115140e+04 1.116279e+04
7.7 1.120452e+04 1.119253e+04 1.112295e+04 1.113494e+04
8.7 1.094569e+04 1.113477e+04 1.106871e+04 1.087964e+04
0.3 1.114099e+04 1.109944e+04 1.114715e+04 1.118871e+04
1.3 1.111068e+04 1.110600e+04 1.115126e+04 1.115594e+04
2.3 1.110047e+04 1.110584e+04 1.114451e+04 1.113915e+04
3.3 1.114113e+04 1.118525e+04 1.115135e+04 1.110722e+04
4.3 1.123301e+04 1.122162e+04 1.115140e+04 1.116279e+04
5.3 1.120452e+04 1.119253e+04 1.112295e+04 1.113494e+04
6.3 1.094569e+04 1.113477e+04 1.106871e+04 1.087964e+04
7.3 1.112722e+04 1.109730e+04 1.103212e+04 1.106204e+04
8.3 1.110503e+04 1.111663e+04 1.103216e+04 1.102056e+04
0.5 1.102233e+04 1.103039e+04 1.103218e+04 1.102411e+04
1.5 1.110517e+04 1.102133e+04 1.103215e+04 1.111599e+04
2.5 1.109469e+04 1.101157e+04 1.103211e+04 1.111523e+04
3.5 1.098776e+04 1.106588e+04 1.108636e+04 1.100824e+04
4.5 1.112377e+04 1.113916e+04 1.114061e+04 1.112521e+04
5.5 1.110837e+04 1.117169e+04 1.115004e+04 1.108672e+04
6.5 1.110145e+04 1.118616e+04 1.114997e+04 1.106526e+04
7.5 1.108041e+04 1.110298e+04 1.114719e+04 1.112462e+04
8.5 1.103471e+04 1.110298e+04 1.114711e+04 1.107885e+04
0.2 1.109469e+04 1.101157e+04 1.103211e+04 1.111523e+04
1.2 1.098776e+04 1.106588e+04 1.108636e+04 1.100824e+04
2.2 1.112377e+04 1.113916e+04 1.114061e+04 1.112521e+04
3.2 1.110837e+04 1.117169e+04 1.115004e+04 1.108672e+04
4.2 1.110145e+04 1.118616e+04 1.114997e+04 1.106526e+04
5.2 1.108041e+04 1.110298e+04 1.114719e+04 1.112462e+04
6.2 1.103471e+04 1.110298e+04 1.114711e+04 1.107885e+04
7.2 1.106011e+04 1.109327e+04 1.114026e+04 1.110709e+04
8.2 1.108689e+04 1.110468e+04 1.114969e+04 1.113190e+04
0.8 1.110837e+04 1.117169e+04 1.115004e+04 1.108672e+04
1.8 1.110145e+04 1.118616e+04 1.114997e+04 1.106526e+04
2.8 1.108041e+04 1.110298e+04 1.114719e+04 1.112462e+04
3.8 1.103471e+04 1.110298e+04 1.114711e+04 1.107885e+04
4.8 1.106011e+04 1.109327e+04 1.114026e+04 1.110709e+04
5.8 1.108689e+04 1.110468e+04 1.114969e+04 1.113190e+04
6.8 1.118384e+04 1.110627e+04 1.114962e+04 1.122718e+04
7.8 1.112770e+04 1.110691e+04 1.115090e+04 1.117169e+04
8.8 1.111597e+04 1.110693e+04 1.115083e+04 1.115987e+04
0.5 1.108041e+04 1.110298e+04 1.114719e+04 1.112462e+04
1.5 1.103471e+04 1.110298e+04 1.114711e+04 1.107885e+04
2.5 1.106011e+04 1.109327e+04 1.114026e+04 1.110709e+04
3.5 1.108689e+04 1.110468e+04 1.114969e+04 1.113190e+04
4.5 1.118384e+04 1.110627e+04 1.114962e+04 1.122718e+04
5.5 1.112770e+04 1.110691e+04 1.115090e+04 1.117169e+04
6.5 1.111597e+04 1.110693e+04 1.115083e+04 1.115987e+04
7.5 1.103928e+04 1.110697e+04 1.115076e+04 1.108307e+04
8.5 1.107386e+04 1.110743e+04 1.115070e+04 1.111712e+04
0.2 1.106011e+04 1.109327e+04 1.114026e+04 1.110709e+04
1.2 1.108689e+04 1.110468e+04 1.114969e+04 1.113190e+04
2.2 1.118384e+04 1.110627e+04 1.114962e+04 1.122718e+04
3.2 1.112770e+04 1.110691e+04 1.115090e+04 1.117169e+04
4.2 1.111597e+04 1.110693e+04 1.115083e+04 1.115987e+04
5.2 1.103928e+04 1.110697e+04 1.115076e+04 1.108307e+04
6.2 1.107386e+04 1.110743e+04 1.115070e+04 1.111712e+04
7.2 1.115192e+04 1.109776e+04 1.114385e+04 1.119800e+04
8.2 1.116016e+04 1.110755e+04 1.115057e+04 1.120317e+04
0.9 1.112770e+04 1.110691e+04 1.115090e+04 1.117169e+04
1.9 1.111597e+04 1.110693e+04 1.115083e+04 1.115987e+04
2.9 1.103928e+04 1.110697e+04 1.115076e+04 1.108307e+04
3.9 1.107386e+04 1.110743e+04 1.115070e+04 1.111712e+04
4.9 1.115192e+04 1.109776e+04 1.114385e+04 1.119800e+04
5.9 1.116016e+04 1.110755e+04 1.115057e+04 1.120317e+04
6.9 1.119436e+04 1.110698e+04 1.114642e+04 1.123380e+04
7.9 1.118030e+04 1.118249e+04 1.115040e+04 1.114821e+04
8.9 1.130719e+04 1.122219e+04 1.115028e+04 1.123528e+04
0.6 1.103928e+04 1.110697e+04 1.115076e+04 1.108307e+04
1.6 1.107386e+04 1.110743e+04 1.115070e+04 1.111712e+04
2.6 1.115192e+04 1.109776e+04 1.114385e+04 1.119800e+04
3.6 1.116016e+04 1.110755e+04 1.115057e+04 1.120317e+04
4.6 1.119436e+04 1.110698e+04 1.114642e+04 1.123380e+04
5.6 1.118030e+04 1.118249e+04 1.115040e+04 1.114821e+04
6.6 1.130719e+04 1.122219e+04 1.115028e+04 1.123528e+04
7.6 1.125474e+04 1.119658e+04 1.112435e+04 1.118251e+04
8.6 1.103413e+04 1.113877e+04 1.106987e+04 1.096523e+04
0.3 1.115192e+04 1.109776e+04 1.114385e+04 1.119800e+04
1.3 1.116016e+04 1.110755e+04 1.115057e+04 1.120317e+04
2.3 1.119436e+04 1.110698e+04 1.114642e+04 1.123380e+04
3.3 1.118030e+04 1.118249e+04 1.115040e+04 1.114821e+04
4.3 1.130719e+04 1.122219e+04 1.115028e+04 1.123528e+04
5.3 1.125474e+04 1.119658e+04 1.112435e+04 1.118251e+04
6.3 1.103413e+04 1.113877e+04 1.106987e+04 1.096523e+04
7.3 1.108265e+04 1.109707e+04 1.103027e+04 1.101584e+04
8.3 1.117828e+04 1.111741e+04 1.102997e+04 1.109084e+04
0.5 1.080238e+04 1.103276e+04 1.102788e+04 1.079749e+04
1.5 1.095105e+04 1.102390e+04 1.102708e+04 1.095423e+04
2.5 1.107863e+04 1.101413e+04 1.102616e+04 1.109066e+04
3.5 1.102237e+04 1.106864e+04 1.107939e+04 1.103311e+04
4.5 1.109765e+04 1.114235e+04 1.113247e+04 1.108778e+04
5.5 1.120750e+04 1.117597e+04 1.114196e+04 1.117349e+04
6.5 1.116202e+04 1.119060e+04 1.114042e+04 1.111185e+04
7.5 1.101496e+04 1.110978e+04 1.113736e+04 1.104253e+04
8.5 1.103300e+04 1.110989e+04 1.113548e+04 1.105858e+04
0.2 1.107863e+04 1.101413e+04 1.102616e+04 1.109066e+04
1.2 1.102237e+04 1.106864e+04 1.107939e+04 1.103311e+04
2.2 1.109765e+04 1.114235e+04 1.113247e+04 1.108778e+04
3.2 1.120750e+04 1.117597e+04 1.114196e+04 1.117349e+04
4.2 1.116202e+04 1.119060e+04 1.114042e+04 1.111185e+04
5.2 1.101496e+04 1.110978e+04 1.113736e+04 1.104253e+04
6.2 1.103300e+04 1.110989e+04 1.113548e+04 1.105858e+04
7.2 1.115939e+04 1.109956e+04 1.112663e+04 1.118646e+04
8.2 1.112596e+04 1.110927e+04 1.113118e+04 1.114786e+04
0.9 1.120750e+04 1.117597e+04 1.114196e+04 1.117349e+04
1.9 1.116202e+04 1.119060e+04 1.114042e+04 1.111185e+04
2.9 1.101496e+04 1.110978e+04 1.113736e+04 1.104253e+04
3.9 1.103300e+04 1.110989e+04 1.113548e+04 1.105858e+04
4.9 1.115939e+04 1.109956e+04 1.112663e+04 1.118646e+04
5.9 1.112596e+04 1.110927e+04 1.113118e+04 1.114786e+04
6.9 1.124234e+04 1.110831e+04 1.112607e+04 1.126009e+04
7.9 1.114318e+04 1.111075e+04 1.112760e+04 1.116003e+04
8.9 1.124080e+04 1.111068e+04 1.112493e+04 1.125505e+04
0.6 1.101496e+04 1.110978e+04 1.113736e+04 1.104253e+04
1.6 1.103300e+04 1.110989e+04 1.113548e+04 1.105858e+04
2.6 1.115939e+04 1.109956e+04 1.112663e+04 1.118646e+04
3.6 1.112596e+04 1.110927e+04 1.113118e+04 1.114786e+04
4.6 1.124234e+04 1.110831e+04 1.112607e+04 1.126009e+04
5.6 1.114318e+04 1.111075e+04 1.112760e+04 1.116003e+04
6.6 1.124080e+04 1.111068e+04 1.112493e+04 1.125505e+04
7.6 1.104174e+04 1.110939e+04 1.112075e+04 1.105309e+04
8.6 1.114382e+04 1.110922e+04 1.111777e+04 1.115237e+04
0.3 1.115939e+04 1.109956e+04 1.112663e+04 1.118646e+04
1.3 1.112596e+04 1.110927e+04 1.113118e+04 1.114786e+04
2.3 1.124234e+04 1.110831e+04 1.112607e+04 1.126009e+04
3.3 1.114318e+04 1.111075e+04 1.112760e+04 1.116003e+04
4.3 1.124080e+04 1.111068e+04 1.112493e+04 1.125505e+04
5.3 1.104174e+04 1.110939e+04 1.112075e+04 1.105309e+04
6.3 1.114382e+04 1.110922e+04 1.111777e+04 1.115237e+04
7.3 1.108211e+04 1.110346e+04 1.111193e+04 1.109059e+04
8.3 1.106816e+04 1.111039e+04 1.111275e+04 1.107052e+04
1.0 1.114318e+04 1.111075e+04 1.112760e+04 1.116003e+04
2.0 1.124080e+04 1.111068e+04 1.112493e+04 1.125505e+04
3.0 1.104174e+04 1.110939e+04 1.112075e+04 1.105309e+04
4.0 1.114382e+04 1.110922e+04 1.111777e+04 1.115237e+04
5.0 1.108211e+04 1.110346e+04 1.111193e+04 1.109059e+04
6.0 1.106816e+04 1.111039e+04 1.111275e+04 1.107052e+04
0.6 1.104174e+04 1.110939e+04 1.112075e+04 1.105309e+04
1.6 1.114382e+04 1.110922e+04 1.111777e+04 1.115237e+04
2.6 1.108211e+04 1.110346e+04 1.111193e+04 1.109059e+04
3.6 1.106816e+04 1.111039e+04 1.111275e+04 1.107052e+04
0.3 1.108211e+04 1.110346e+04 1.111193e+04 1.109059e+04
1.3 1.106816e+04 1.111039e+04 1.111275e+04 1.107052e+04
