0.5 9.886288e+03 9.884348e+03 9.981075e+03 9.983015e+03
1.5 9.928101e+03 9.941820e+03 1.002605e+04 1.001233e+04
2.5 9.894463e+03 9.972839e+03 1.002458e+04 9.946203e+03
3.5 1.000580e+04 9.935714e+03 9.935104e+03 1.000519e+04
4.5 9.961736e+03 9.937908e+03 9.935853e+03 9.959681e+03
5.5 9.875723e+03 9.942154e+03 9.936417e+03 9.869986e+03
6.5 9.998534e+03 9.968875e+03 9.936797e+03 9.966457e+03
7.5 1.003086e+04 9.998550e+03 9.937092e+03 9.969405e+03
0.1 9.927198e+03 9.974028e+03 9.946620e+03 9.899791e+03
1.1 9.990255e+03 1.003783e+04 1.003920e+04 9.991616e+03
2.1 1.000796e+04 1.004064e+04 1.007620e+04 1.004351e+04
3.1 9.989352e+03 9.997831e+03 1.002058e+04 1.001210e+04
4.1 9.892528e+03 9.940963e+03 9.937179e+03 9.888744e+03
5.1 9.996154e+03 9.935117e+03 9.937158e+03 9.998196e+03
6.1 9.963534e+03 9.924736e+03 9.937149e+03 9.975947e+03
7.1 9.968636e+03 9.899617e+03 9.937149e+03 1.000617e+04
0.5 9.914326e+03 9.871572e+03 9.985809e+03 1.002856e+04
1.5 1.000841e+04 9.931942e+03 1.002984e+04 1.010630e+04
2.5 9.943942e+03 9.964794e+03 1.002755e+04 1.000670e+04
3.5 1.003859e+04 9.929195e+03 9.937248e+03 1.004664e+04
4.5 9.990127e+03 9.931918e+03 9.937247e+03 9.995456e+03
5.5 9.904217e+03 9.936529e+03 9.937253e+03 9.904941e+03
6.5 1.003127e+04 9.965124e+03 9.937277e+03 1.000342e+04
7.5 1.004265e+04 9.995775e+03 9.937300e+03 9.984173e+03
0.1 1.000754e+04 9.971320e+03 9.944202e+03 9.980427e+03
1.1 1.006138e+04 1.003750e+04 1.003684e+04 1.006072e+04
2.1 1.002089e+04 1.004258e+04 1.007619e+04 1.005450e+04
3.1 1.002394e+04 1.000043e+04 1.002291e+04 1.004643e+04
4.1 9.955926e+03 9.941967e+03 9.937221e+03 9.951180e+03
5.1 9.955183e+03 9.935599e+03 9.937222e+03 9.956805e+03
6.1 9.832604e+03 9.925961e+03 9.937229e+03 9.843871e+03
7.1 9.871558e+03 9.901197e+03 9.937243e+03 9.907603e+03
0.5 9.839181e+03 9.872243e+03 9.985921e+03 9.952858e+03
1.5 9.858741e+03 9.933421e+03 1.002995e+04 9.955273e+03
2.5 9.950291e+03 9.966224e+03 1.002767e+04 1.001174e+04
3.5 9.858426e+03 9.929743e+03 9.937390e+03 9.866073e+03
4.5 9.933361e+03 9.931642e+03 9.937427e+03 9.939146e+03
5.5 9.886778e+03 9.936239e+03 9.937467e+03 9.888006e+03
6.5 9.915059e+03 9.964653e+03 9.937508e+03 9.887913e+03
7.5 9.934197e+03 9.995280e+03 9.937550e+03 9.876467e+03
0.0 9.978487e+03 9.968647e+03 9.940708e+03 9.950548e+03
1.0 1.009352e+04 1.003487e+04 1.003350e+04 1.009214e+04
2.0 1.010220e+04 1.004459e+04 1.007766e+04 1.013527e+04
3.0 1.003038e+04 1.000388e+04 1.002923e+04 1.005573e+04
4.0 9.928644e+03 9.942365e+03 9.939149e+03 9.925427e+03
5.0 9.867295e+03 9.935069e+03 9.939424e+03 9.871650e+03
6.0 9.886103e+03 9.927009e+03 9.939743e+03 9.898837e+03
7.0 9.911521e+03 9.903051e+03 9.940109e+03 9.948580e+03
0.5 9.909001e+03 9.872405e+03 9.989629e+03 1.002622e+04
1.5 9.982796e+03 9.933498e+03 1.003416e+04 1.008345e+04
2.5 9.954607e+03 9.966187e+03 1.003243e+04 1.002085e+04
3.5 9.869714e+03 9.930410e+03 9.942756e+03 9.882059e+03
4.5 9.847256e+03 9.932115e+03 9.943465e+03 9.858606e+03
5.5 9.941123e+03 9.935611e+03 9.944237e+03 9.949749e+03
6.5 9.919886e+03 9.965493e+03 9.945073e+03 9.899466e+03
7.5 1.001144e+04 9.995769e+03 9.945974e+03 9.961646e+03
