0.5 9.611456e+03 9.494290e+03 9.432617e+03 9.549783e+03
1.5 9.573687e+03 9.434467e+03 9.427824e+03 9.567044e+03
2.5 9.382203e+03 9.391453e+03 9.423665e+03 9.414415e+03
3.5 9.527702e+03 9.477781e+03 9.513728e+03 9.563650e+03
4.5 9.516096e+03 9.580254e+03 9.609201e+03 9.545043e+03
5.5 9.563924e+03 9.597494e+03 9.631158e+03 9.597588e+03
6.5 9.563143e+03 9.604172e+03 9.628897e+03 9.587868e+03
7.5 9.485421e+03 9.608197e+03 9.627077e+03 9.504301e+03
8.5 9.504003e+03 9.605980e+03 9.625654e+03 9.523677e+03
0.2 9.382203e+03 9.391453e+03 9.423665e+03 9.414415e+03
1.2 9.527702e+03 9.477781e+03 9.513728e+03 9.563650e+03
2.2 9.516096e+03 9.580254e+03 9.609201e+03 9.545043e+03
3.2 9.563924e+03 9.597494e+03 9.631158e+03 9.597588e+03
4.2 9.563143e+03 9.604172e+03 9.628897e+03 9.587868e+03
5.2 9.485421e+03 9.608197e+03 9.627077e+03 9.504301e+03
6.2 9.504003e+03 9.605980e+03 9.625654e+03 9.523677e+03
7.2 9.466232e+03 9.587295e+03 9.609801e+03 9.488739e+03
8.2 9.578766e+03 9.601565e+03 9.623839e+03 9.601039e+03
0.9 9.563924e+03 9.597494e+03 9.631158e+03 9.597588e+03
1.9 9.563143e+03 9.604172e+03 9.628897e+03 9.587868e+03
2.9 9.485421e+03 9.608197e+03 9.627077e+03 9.504301e+03
3.9 9.504003e+03 9.605980e+03 9.625654e+03 9.523677e+03
4.9 9.466232e+03 9.587295e+03 9.609801e+03 9.488739e+03
5.9 9.578766e+03 9.601565e+03 9.623839e+03 9.601039e+03
6.9 9.674932e+03 9.605707e+03 9.618438e+03 9.687663e+03
7.9 9.590351e+03 9.598341e+03 9.623136e+03 9.615146e+03
8.9 9.482933e+03 9.597118e+03 9.623111e+03 9.508926e+03
0.6 9.485421e+03 9.608197e+03 9.627077e+03 9.504301e+03
1.6 9.504003e+03 9.605980e+03 9.625654e+03 9.523677e+03
2.6 9.466232e+03 9.587295e+03 9.609801e+03 9.488739e+03
3.6 9.578766e+03 9.601565e+03 9.623839e+03 9.601039e+03
4.6 9.674932e+03 9.605707e+03 9.618438e+03 9.687663e+03
5.6 9.590351e+03 9.598341e+03 9.623136e+03 9.615146e+03
6.6 9.482933e+03 9.597118e+03 9.623111e+03 9.508926e+03
7.6 9.574869e+03 9.596137e+03 9.623264e+03 9.601996e+03
8.6 9.592409e+03 9.595362e+03 9.623552e+03 9.620600e+03
0.3 9.466232e+03 9.587295e+03 9.609801e+03 9.488739e+03
1.3 9.578766e+03 9.601565e+03 9.623839e+03 9.601039e+03
2.3 9.674932e+03 9.605707e+03 9.618438e+03 9.687663e+03
3.3 9.590351e+03 9.598341e+03 9.623136e+03 9.615146e+03
4.3 9.482933e+03 9.597118e+03 9.623111e+03 9.508926e+03
5.3 9.574869e+03 9.596137e+03 9.623264e+03 9.601996e+03
6.3 9.592409e+03 9.595362e+03 9.623552e+03 9.620600e+03
7.3 9.540928e+03 9.587791e+03 9.619006e+03 9.572142e+03
8.3 9.546533e+03 9.594295e+03 9.624384e+03 9.576622e+03
1.0 9.590351e+03 9.598341e+03 9.623136e+03 9.615146e+03
2.0 9.482933e+03 9.597118e+03 9.623111e+03 9.508926e+03
3.0 9.574869e+03 9.596137e+03 9.623264e+03 9.601996e+03
4.0 9.592409e+03 9.595362e+03 9.623552e+03 9.620600e+03
5.0 9.540928e+03 9.587791e+03 9.619006e+03 9.572142e+03
6.0 9.546533e+03 9.594295e+03 9.624384e+03 9.576622e+03
7.0 9.514798e+03 9.589987e+03 9.610089e+03 9.534899e+03
8.0 9.652739e+03 9.650510e+03 9.625387e+03 9.627617e+03
9.0 9.795305e+03 9.704442e+03 9.625902e+03 9.716765e+03
0.7 9.574869e+03 9.596137e+03 9.623264e+03 9.601996e+03
1.7 9.592409e+03 9.595362e+03 9.623552e+03 9.620600e+03
2.7 9.540928e+03 9.587791e+03 9.619006e+03 9.572142e+03
3.7 9.546533e+03 9.594295e+03 9.624384e+03 9.576622e+03
4.7 9.514798e+03 9.589987e+03 9.610089e+03 9.534899e+03
5.7 9.652739e+03 9.650510e+03 9.625387e+03 9.627617e+03
6.7 9.795305e+03 9.704442e+03 9.625902e+03 9.716765e+03
7.7 9.765436e+03 9.658247e+03 9.572185e+03 9.679374e+03
8.7 9.615837e+03 9.559626e+03 9.474081e+03 9.530292e+03
0.4 9.540928e+03 9.587791e+03 9.619006e+03 9.572142e+03
1.4 9.546533e+03 9.594295e+03 9.624384e+03 9.576622e+03
2.4 9.514798e+03 9.589987e+03 9.610089e+03 9.534899e+03
3.4 9.652739e+03 9.650510e+03 9.625387e+03 9.627617e+03
4.4 9.795305e+03 9.704442e+03 9.625902e+03 9.716765e+03
5.4 9.765436e+03 9.658247e+03 9.572185e+03 9.679374e+03
6.4 9.615837e+03 9.559626e+03 9.474081e+03 9.530292e+03
7.4 9.558950e+03 9.493505e+03 9.410440e+03 9.475885e+03
8.4 9.542579e+03 9.484864e+03 9.410828e+03 9.468543e+03
0.5 9.511957e+03 9.447552e+03 9.411856e+03 9.476261e+03
1.5 9.477228e+03 9.393466e+03 9.411982e+03 9.495743e+03
2.5 9.493236e+03 9.355579e+03 9.412059e+03 9.549717e+03
3.5 9.526866e+03 9.450279e+03 9.508205e+03 9.584792e+03
4.5 9.606202e+03 9.558248e+03 9.606790e+03 9.654744e+03
5.5 9.515178e+03 9.577085e+03 9.628976e+03 9.567069e+03
6.5 9.626982e+03 9.587207e+03 9.628985e+03 9.668761e+03
7.5 9.649286e+03 9.590455e+03 9.626524e+03 9.685355e+03
8.5 9.649742e+03 9.590650e+03 9.626528e+03 9.685620e+03
0.2 9.493236e+03 9.355579e+03 9.412059e+03 9.549717e+03
1.2 9.526866e+03 9.450279e+03 9.508205e+03 9.584792e+03
2.2 9.606202e+03 9.558248e+03 9.606790e+03 9.654744e+03
3.2 9.515178e+03 9.577085e+03 9.628976e+03 9.567069e+03
4.2 9.626982e+03 9.587207e+03 9.628985e+03 9.668761e+03
5.2 9.649286e+03 9.590455e+03 9.626524e+03 9.685355e+03
6.2 9.649742e+03 9.590650e+03 9.626528e+03 9.685620e+03
7.2 9.590642e+03 9.575137e+03 9.614217e+03 9.629721e+03
8.2 9.665344e+03 9.591399e+03 9.629027e+03 9.702972e+03
0.9 9.515178e+03 9.577085e+03 9.628976e+03 9.567069e+03
1.9 9.626982e+03 9.587207e+03 9.628985e+03 9.668761e+03
2.9 9.649286e+03 9.590455e+03 9.626524e+03 9.685355e+03
3.9 9.649742e+03 9.590650e+03 9.626528e+03 9.685620e+03
4.9 9.590642e+03 9.575137e+03 9.614217e+03 9.629721e+03
5.9 9.665344e+03 9.591399e+03 9.629027e+03 9.702972e+03
6.9 9.559331e+03 9.598606e+03 9.624140e+03 9.584865e+03
7.9 9.568553e+03 9.598136e+03 9.631596e+03 9.602013e+03
8.9 9.668665e+03 9.598162e+03 9.631684e+03 9.702187e+03
0.6 9.649286e+03 9.590455e+03 9.626524e+03 9.685355e+03
1.6 9.649742e+03 9.590650e+03 9.626528e+03 9.685620e+03
2.6 9.590642e+03 9.575137e+03 9.614217e+03 9.629721e+03
3.6 9.665344e+03 9.591399e+03 9.629027e+03 9.702972e+03
4.6 9.559331e+03 9.598606e+03 9.624140e+03 9.584865e+03
5.6 9.568553e+03 9.598136e+03 9.631596e+03 9.602013e+03
6.6 9.668665e+03 9.598162e+03 9.631684e+03 9.702187e+03
7.6 9.668353e+03 9.588343e+03 9.624376e+03 9.704386e+03
8.6 9.543542e+03 9.588355e+03 9.624454e+03 9.579641e+03
0.3 9.590642e+03 9.575137e+03 9.614217e+03 9.629721e+03
1.3 9.665344e+03 9.591399e+03 9.629027e+03 9.702972e+03
2.3 9.559331e+03 9.598606e+03 9.624140e+03 9.584865e+03
3.3 9.568553e+03 9.598136e+03 9.631596e+03 9.602013e+03
4.3 9.668665e+03 9.598162e+03 9.631684e+03 9.702187e+03
5.3 9.668353e+03 9.588343e+03 9.624376e+03 9.704386e+03
6.3 9.543542e+03 9.588355e+03 9.624454e+03 9.579641e+03
7.3 9.617623e+03 9.583625e+03 9.622076e+03 9.656074e+03
8.3 9.601412e+03 9.592561e+03 9.629530e+03 9.638381e+03
0.9 9.568553e+03 9.598136e+03 9.631596e+03 9.602013e+03
1.9 9.668665e+03 9.598162e+03 9.631684e+03 9.702187e+03
2.9 9.668353e+03 9.588343e+03 9.624376e+03 9.704386e+03
3.9 9.543542e+03 9.588355e+03 9.624454e+03 9.579641e+03
4.9 9.617623e+03 9.583625e+03 9.622076e+03 9.656074e+03
5.9 9.601412e+03 9.592561e+03 9.629530e+03 9.638381e+03
6.9 9.597020e+03 9.591081e+03 9.617282e+03 9.623221e+03
7.9 9.665596e+03 9.648559e+03 9.629687e+03 9.646723e+03
8.9 9.761607e+03 9.702680e+03 9.629776e+03 9.688703e+03
0.7 9.668353e+03 9.588343e+03 9.624376e+03 9.704386e+03
1.7 9.543542e+03 9.588355e+03 9.624454e+03 9.579641e+03
2.7 9.617623e+03 9.583625e+03 9.622076e+03 9.656074e+03
3.7 9.601412e+03 9.592561e+03 9.629530e+03 9.638381e+03
4.7 9.597020e+03 9.591081e+03 9.617282e+03 9.623221e+03
5.7 9.665596e+03 9.648559e+03 9.629687e+03 9.646723e+03
6.7 9.761607e+03 9.702680e+03 9.629776e+03 9.688703e+03
7.7 9.646407e+03 9.660457e+03 9.578130e+03 9.564080e+03
8.7 9.557916e+03 9.561972e+03 9.479673e+03 9.475617e+03
0.3 9.617623e+03 9.583625e+03 9.622076e+03 9.656074e+03
1.3 9.601412e+03 9.592561e+03 9.629530e+03 9.638381e+03
2.3 9.597020e+03 9.591081e+03 9.617282e+03 9.623221e+03
3.3 9.665596e+03 9.648559e+03 9.629687e+03 9.646723e+03
4.3 9.761607e+03 9.702680e+03 9.629776e+03 9.688703e+03
5.3 9.646407e+03 9.660457e+03 9.578130e+03 9.564080e+03
6.3 9.557916e+03 9.561972e+03 9.479673e+03 9.475617e+03
7.3 9.418487e+03 9.493488e+03 9.413237e+03 9.338236e+03
8.3 9.339075e+03 9.485174e+03 9.413316e+03 9.267217e+03
0.5 9.461030e+03 9.446366e+03 9.413351e+03 9.428016e+03
1.5 9.447321e+03 9.392288e+03 9.413292e+03 9.468325e+03
2.5 9.467774e+03 9.355780e+03 9.413225e+03 9.525220e+03
3.5 9.508919e+03 9.454340e+03 9.511715e+03 9.566293e+03
4.5 9.510989e+03 9.562351e+03 9.610187e+03 9.558825e+03
5.5 9.508819e+03 9.577889e+03 9.627321e+03 9.558251e+03
6.5 9.504400e+03 9.588017e+03 9.627194e+03 9.543577e+03
7.5 9.541373e+03 9.587198e+03 9.622135e+03 9.576309e+03
8.5 9.531385e+03 9.587139e+03 9.622000e+03 9.566247e+03
0.2 9.467774e+03 9.355780e+03 9.413225e+03 9.525220e+03
1.2 9.508919e+03 9.454340e+03 9.511715e+03 9.566293e+03
2.2 9.510989e+03 9.562351e+03 9.610187e+03 9.558825e+03
3.2 9.508819e+03 9.577889e+03 9.627321e+03 9.558251e+03
4.2 9.504400e+03 9.588017e+03 9.627194e+03 9.543577e+03
5.2 9.541373e+03 9.587198e+03 9.622135e+03 9.576309e+03
6.2 9.531385e+03 9.587139e+03 9.622000e+03 9.566247e+03
7.2 9.489825e+03 9.572991e+03 9.609551e+03 9.526386e+03
8.2 9.522034e+03 9.590133e+03 9.626681e+03 9.558582e+03
0.8 9.508819e+03 9.577889e+03 9.627321e+03 9.558251e+03
1.8 9.504400e+03 9.588017e+03 9.627194e+03 9.543577e+03
2.8 9.541373e+03 9.587198e+03 9.622135e+03 9.576309e+03
3.8 9.531385e+03 9.587139e+03 9.622000e+03 9.566247e+03
4.8 9.489825e+03 9.572991e+03 9.609551e+03 9.526386e+03
5.8 9.522034e+03 9.590133e+03 9.626681e+03 9.558582e+03
6.8 9.553873e+03 9.599562e+03 9.626554e+03 9.580866e+03
7.8 9.546278e+03 9.593021e+03 9.628881e+03 9.582138e+03
8.8 9.636579e+03 9.592976e+03 9.628743e+03 9.672347e+03
0.5 9.541373e+03 9.587198e+03 9.622135e+03 9.576309e+03
1.5 9.531385e+03 9.587139e+03 9.622000e+03 9.566247e+03
2.5 9.489825e+03 9.572991e+03 9.609551e+03 9.526386e+03
3.5 9.522034e+03 9.590133e+03 9.626681e+03 9.558582e+03
4.5 9.553873e+03 9.599562e+03 9.626554e+03 9.580866e+03
5.5 9.546278e+03 9.593021e+03 9.628881e+03 9.582138e+03
6.5 9.636579e+03 9.592976e+03 9.628743e+03 9.672347e+03
7.5 9.641267e+03 9.592950e+03 9.628620e+03 9.676936e+03
8.5 9.661699e+03 9.593198e+03 9.628504e+03 9.697005e+03
0.2 9.489825e+03 9.572991e+03 9.609551e+03 9.526386e+03
1.2 9.522034e+03 9.590133e+03 9.626681e+03 9.558582e+03
2.2 9.553873e+03 9.599562e+03 9.626554e+03 9.580866e+03
3.2 9.546278e+03 9.593021e+03 9.628881e+03 9.582138e+03
4.2 9.636579e+03 9.592976e+03 9.628743e+03 9.672347e+03
5.2 9.641267e+03 9.592950e+03 9.628620e+03 9.676936e+03
6.2 9.661699e+03 9.593198e+03 9.628504e+03 9.697005e+03
7.2 9.647259e+03 9.579110e+03 9.616069e+03 9.684217e+03
8.2 9.590794e+03 9.593248e+03 9.628269e+03 9.625815e+03
0.9 9.546278e+03 9.593021e+03 9.628881e+03 9.582138e+03
1.9 9.636579e+03 9.592976e+03 9.628743e+03 9.672347e+03
2.9 9.641267e+03 9.592950e+03 9.628620e+03 9.676936e+03
3.9 9.661699e+03 9.593198e+03 9.628504e+03 9.697005e+03
4.9 9.647259e+03 9.579110e+03 9.616069e+03 9.684217e+03
5.9 9.590794e+03 9.593248e+03 9.628269e+03 9.625815e+03
6.9 9.567348e+03 9.596718e+03 9.620737e+03 9.591367e+03
7.9 9.868371e+03 9.646076e+03 9.627961e+03 9.850256e+03
8.9 9.816006e+03 9.700213e+03 9.627749e+03 9.743541e+03
0.6 9.641267e+03 9.592950e+03 9.628620e+03 9.676936e+03
1.6 9.661699e+03 9.593198e+03 9.628504e+03 9.697005e+03
2.6 9.647259e+03 9.579110e+03 9.616069e+03 9.684217e+03
3.6 9.590794e+03 9.593248e+03 9.628269e+03 9.625815e+03
4.6 9.567348e+03 9.596718e+03 9.620737e+03 9.591367e+03
5.6 9.868371e+03 9.646076e+03 9.627961e+03 9.850256e+03
6.6 9.816006e+03 9.700213e+03 9.627749e+03 9.743541e+03
7.6 9.826017e+03 9.665628e+03 9.580669e+03 9.741057e+03
8.6 9.520431e+03 9.567127e+03 9.481770e+03 9.435074e+03
0.3 9.647259e+03 9.579110e+03 9.616069e+03 9.684217e+03
1.3 9.590794e+03 9.593248e+03 9.628269e+03 9.625815e+03
2.3 9.567348e+03 9.596718e+03 9.620737e+03 9.591367e+03
3.3 9.868371e+03 9.646076e+03 9.627961e+03 9.850256e+03
4.3 9.816006e+03 9.700213e+03 9.627749e+03 9.743541e+03
5.3 9.826017e+03 9.665628e+03 9.580669e+03 9.741057e+03
6.3 9.520431e+03 9.567127e+03 9.481770e+03 9.435074e+03
7.3 9.258985e+03 9.493673e+03 9.409879e+03 9.175191e+03
8.3 9.358210e+03 9.485796e+03 9.409333e+03 9.281747e+03
0.5 9.386576e+03 9.445688e+03 9.405542e+03 9.346430e+03
1.5 9.447623e+03 9.391223e+03 9.404097e+03 9.460497e+03
2.5 9.404666e+03 9.352859e+03 9.402414e+03 9.454221e+03
3.5 9.489277e+03 9.450794e+03 9.499053e+03 9.537537e+03
4.5 9.489270e+03 9.559392e+03 9.595421e+03 9.525299e+03
5.5 9.565798e+03 9.573768e+03 9.612644e+03 9.604674e+03
6.5 9.528149e+03 9.582802e+03 9.609855e+03 9.555202e+03
7.5 9.585706e+03 9.586119e+03 9.604291e+03 9.603878e+03
8.5 9.538360e+03 9.584565e+03 9.600880e+03 9.554675e+03
0.2 9.404666e+03 9.352859e+03 9.402414e+03 9.454221e+03
1.2 9.489277e+03 9.450794e+03 9.499053e+03 9.537537e+03
2.2 9.489270e+03 9.559392e+03 9.595421e+03 9.525299e+03
3.2 9.565798e+03 9.573768e+03 9.612644e+03 9.604674e+03
4.2 9.528149e+03 9.582802e+03 9.609855e+03 9.555202e+03
5.2 9.585706e+03 9.586119e+03 9.604291e+03 9.603878e+03
6.2 9.538360e+03 9.584565e+03 9.600880e+03 9.554675e+03
7.2 9.480278e+03 9.567057e+03 9.584820e+03 9.498041e+03
8.2 9.569542e+03 9.579098e+03 9.593079e+03 9.583522e+03
0.9 9.565798e+03 9.573768e+03 9.612644e+03 9.604674e+03
1.9 9.528149e+03 9.582802e+03 9.609855e+03 9.555202e+03
2.9 9.585706e+03 9.586119e+03 9.604291e+03 9.603878e+03
3.9 9.538360e+03 9.584565e+03 9.600880e+03 9.554675e+03
4.9 9.480278e+03 9.567057e+03 9.584820e+03 9.498041e+03
5.9 9.569542e+03 9.579098e+03 9.593079e+03 9.583522e+03
6.9 9.593961e+03 9.582699e+03 9.583791e+03 9.595053e+03
7.9 9.544905e+03 9.578158e+03 9.586579e+03 9.553326e+03
8.9 9.673765e+03 9.575502e+03 9.581730e+03 9.679993e+03
0.6 9.585706e+03 9.586119e+03 9.604291e+03 9.603878e+03
1.6 9.538360e+03 9.584565e+03 9.600880e+03 9.554675e+03
2.6 9.480278e+03 9.567057e+03 9.584820e+03 9.498041e+03
3.6 9.569542e+03 9.579098e+03 9.593079e+03 9.583522e+03
4.6 9.593961e+03 9.582699e+03 9.583791e+03 9.595053e+03
5.6 9.544905e+03 9.578158e+03 9.586579e+03 9.553326e+03
6.6 9.673765e+03 9.575502e+03 9.581730e+03 9.679993e+03
7.6 9.684323e+03 9.569053e+03 9.574134e+03 9.689404e+03
8.6 9.606859e+03 9.565940e+03 9.568729e+03 9.609649e+03
0.3 9.480278e+03 9.567057e+03 9.584820e+03 9.498041e+03
1.3 9.569542e+03 9.579098e+03 9.593079e+03 9.583522e+03
2.3 9.593961e+03 9.582699e+03 9.583791e+03 9.595053e+03
3.3 9.544905e+03 9.578158e+03 9.586579e+03 9.553326e+03
4.3 9.673765e+03 9.575502e+03 9.581730e+03 9.679993e+03
5.3 9.684323e+03 9.569053e+03 9.574134e+03 9.689404e+03
6.3 9.606859e+03 9.565940e+03 9.568729e+03 9.609649e+03
7.3 9.523525e+03 9.558333e+03 9.558138e+03 9.523330e+03
8.3 9.541513e+03 9.563928e+03 9.559626e+03 9.537211e+03
1.0 9.544905e+03 9.578158e+03 9.586579e+03 9.553326e+03
2.0 9.673765e+03 9.575502e+03 9.581730e+03 9.679993e+03
3.0 9.684323e+03 9.569053e+03 9.574134e+03 9.689404e+03
4.0 9.606859e+03 9.565940e+03 9.568729e+03 9.609649e+03
5.0 9.523525e+03 9.558333e+03 9.558138e+03 9.523330e+03
6.0 9.541513e+03 9.563928e+03 9.559626e+03 9.537211e+03
0.6 9.684323e+03 9.569053e+03 9.574134e+03 9.689404e+03
1.6 9.606859e+03 9.565940e+03 9.568729e+03 9.609649e+03
2.6 9.523525e+03 9.558333e+03 9.558138e+03 9.523330e+03
3.6 9.541513e+03 9.563928e+03 9.559626e+03 9.537211e+03
0.3 9.523525e+03 9.558333e+03 9.558138e+03 9.523330e+03
1.3 9.541513e+03 9.563928e+03 9.559626e+03 9.537211e+03
