0.5 9.891051e+03 9.895392e+03 9.921229e+03 9.916888e+03
1.5 9.838651e+03 9.911912e+03 9.942251e+03 9.868990e+03
2.5 9.962372e+03 9.938727e+03 9.957026e+03 9.980671e+03
3.5 9.954787e+03 9.897843e+03 9.958207e+03 1.001515e+04
4.5 9.886344e+03 9.871871e+03 9.955248e+03 9.969721e+03
5.5 9.945228e+03 9.918282e+03 9.958635e+03 9.985580e+03
6.5 1.002007e+04 9.997809e+03 9.958919e+03 9.981182e+03
7.5 9.978797e+03 9.993142e+03 9.959238e+03 9.944893e+03
8.5 9.967664e+03 9.994747e+03 9.959584e+03 9.932501e+03
0.2 9.962372e+03 9.938727e+03 9.957026e+03 9.980671e+03
1.2 9.954787e+03 9.897843e+03 9.958207e+03 1.001515e+04
2.2 9.886344e+03 9.871871e+03 9.955248e+03 9.969721e+03
3.2 9.945228e+03 9.918282e+03 9.958635e+03 9.985580e+03
4.2 1.002007e+04 9.997809e+03 9.958919e+03 9.981182e+03
5.2 9.978797e+03 9.993142e+03 9.959238e+03 9.944893e+03
6.2 9.967664e+03 9.994747e+03 9.959584e+03 9.932501e+03
7.2 9.907535e+03 9.985721e+03 9.959952e+03 9.881766e+03
8.2 1.000222e+04 9.990285e+03 9.960333e+03 9.972266e+03
0.9 9.945228e+03 9.918282e+03 9.958635e+03 9.985580e+03
1.9 1.002007e+04 9.997809e+03 9.958919e+03 9.981182e+03
2.9 9.978797e+03 9.993142e+03 9.959238e+03 9.944893e+03
3.9 9.967664e+03 9.994747e+03 9.959584e+03 9.932501e+03
4.9 9.907535e+03 9.985721e+03 9.959952e+03 9.881766e+03
5.9 1.000222e+04 9.990285e+03 9.960333e+03 9.972266e+03
6.9 9.982573e+03 9.986219e+03 9.956528e+03 9.952883e+03
7.9 9.993759e+03 9.986806e+03 9.961120e+03 9.968073e+03
8.9 9.904438e+03 9.985399e+03 9.961511e+03 9.880551e+03
0.6 9.978797e+03 9.993142e+03 9.959238e+03 9.944893e+03
1.6 9.967664e+03 9.994747e+03 9.959584e+03 9.932501e+03
2.6 9.907535e+03 9.985721e+03 9.959952e+03 9.881766e+03
3.6 1.000222e+04 9.990285e+03 9.960333e+03 9.972266e+03
4.6 9.982573e+03 9.986219e+03 9.956528e+03 9.952883e+03
5.6 9.993759e+03 9.986806e+03 9.961120e+03 9.968073e+03
6.6 9.904438e+03 9.985399e+03 9.961511e+03 9.880551e+03
7.6 1.000094e+04 9.984181e+03 9.961891e+03 9.978645e+03
8.6 9.945690e+03 9.983141e+03 9.962254e+03 9.924804e+03
0.3 9.907535e+03 9.985721e+03 9.959952e+03 9.881766e+03
1.3 1.000222e+04 9.990285e+03 9.960333e+03 9.972266e+03
2.3 9.982573e+03 9.986219e+03 9.956528e+03 9.952883e+03
3.3 9.993759e+03 9.986806e+03 9.961120e+03 9.968073e+03
4.3 9.904438e+03 9.985399e+03 9.961511e+03 9.880551e+03
5.3 1.000094e+04 9.984181e+03 9.961891e+03 9.978645e+03
6.3 9.945690e+03 9.983141e+03 9.962254e+03 9.924804e+03
7.3 9.989840e+03 9.967408e+03 9.962599e+03 9.985031e+03
8.3 9.883531e+03 9.981526e+03 9.962923e+03 9.864927e+03
1.0 9.993759e+03 9.986806e+03 9.961120e+03 9.968073e+03
2.0 9.904438e+03 9.985399e+03 9.961511e+03 9.880551e+03
3.0 1.000094e+04 9.984181e+03 9.961891e+03 9.978645e+03
4.0 9.945690e+03 9.983141e+03 9.962254e+03 9.924804e+03
5.0 9.989840e+03 9.967408e+03 9.962599e+03 9.985031e+03
6.0 9.883531e+03 9.981526e+03 9.962923e+03 9.864927e+03
7.0 9.976460e+03 9.983249e+03 9.959027e+03 9.952238e+03
8.0 1.000773e+04 9.964716e+03 9.941470e+03 9.984479e+03
9.0 1.002311e+04 9.945627e+03 9.920740e+03 9.998220e+03
0.7 1.000094e+04 9.984181e+03 9.961891e+03 9.978645e+03
1.7 9.945690e+03 9.983141e+03 9.962254e+03 9.924804e+03
2.7 9.989840e+03 9.967408e+03 9.962599e+03 9.985031e+03
3.7 9.883531e+03 9.981526e+03 9.962923e+03 9.864927e+03
4.7 9.976460e+03 9.983249e+03 9.959027e+03 9.952238e+03
5.7 1.000773e+04 9.964716e+03 9.941470e+03 9.984479e+03
6.7 1.002311e+04 9.945627e+03 9.920740e+03 9.998220e+03
7.7 9.968924e+03 9.974242e+03 9.917815e+03 9.912498e+03
8.7 9.895348e+03 1.002907e+04 9.918011e+03 9.784289e+03
0.4 9.989840e+03 9.967408e+03 9.962599e+03 9.985031e+03
1.4 9.883531e+03 9.981526e+03 9.962923e+03 9.864927e+03
2.4 9.976460e+03 9.983249e+03 9.959027e+03 9.952238e+03
3.4 1.000773e+04 9.964716e+03 9.941470e+03 9.984479e+03
4.4 1.002311e+04 9.945627e+03 9.920740e+03 9.998220e+03
5.4 9.968924e+03 9.974242e+03 9.917815e+03 9.912498e+03
6.4 9.895348e+03 1.002907e+04 9.918011e+03 9.784289e+03
7.4 1.007689e+04 1.004177e+04 9.918181e+03 9.953304e+03
8.4 9.969399e+03 1.000947e+04 9.918326e+03 9.878253e+03
0.5 9.935302e+03 9.850210e+03 9.928656e+03 1.001375e+04
1.5 9.852353e+03 9.871534e+03 9.949681e+03 9.930500e+03
2.5 9.845119e+03 9.902810e+03 9.964404e+03 9.906713e+03
3.5 9.903298e+03 9.864542e+03 9.964962e+03 1.000372e+04
4.5 9.905000e+03 9.841798e+03 9.961320e+03 1.002452e+04
5.5 9.921277e+03 9.894666e+03 9.964490e+03 9.991101e+03
6.5 9.916831e+03 9.977225e+03 9.964511e+03 9.904117e+03
7.5 1.002716e+04 9.976835e+03 9.965056e+03 1.001538e+04
8.5 1.007070e+04 9.978863e+03 9.965077e+03 1.005691e+04
0.2 9.845119e+03 9.902810e+03 9.964404e+03 9.906713e+03
1.2 9.903298e+03 9.864542e+03 9.964962e+03 1.000372e+04
2.2 9.905000e+03 9.841798e+03 9.961320e+03 1.002452e+04
3.2 9.921277e+03 9.894666e+03 9.964490e+03 9.991101e+03
4.2 9.916831e+03 9.977225e+03 9.964511e+03 9.904117e+03
5.2 1.002716e+04 9.976835e+03 9.965056e+03 1.001538e+04
6.2 1.007070e+04 9.978863e+03 9.965077e+03 1.005691e+04
7.2 9.967831e+03 9.969553e+03 9.965625e+03 9.963904e+03
8.2 1.000202e+04 9.976185e+03 9.965652e+03 9.991490e+03
0.9 9.921277e+03 9.894666e+03 9.964490e+03 9.991101e+03
1.9 9.916831e+03 9.977225e+03 9.964511e+03 9.904117e+03
2.9 1.002716e+04 9.976835e+03 9.965056e+03 1.001538e+04
3.9 1.007070e+04 9.978863e+03 9.965077e+03 1.005691e+04
4.9 9.967831e+03 9.969553e+03 9.965625e+03 9.963904e+03
5.9 1.000202e+04 9.976185e+03 9.965652e+03 9.991490e+03
6.9 9.942750e+03 9.973415e+03 9.960959e+03 9.930294e+03
7.9 1.004572e+04 9.975658e+03 9.964131e+03 1.003420e+04
8.9 9.860754e+03 9.975630e+03 9.964154e+03 9.849278e+03
0.6 1.002716e+04 9.976835e+03 9.965056e+03 1.001538e+04
1.6 1.007070e+04 9.978863e+03 9.965077e+03 1.005691e+04
2.6 9.967831e+03 9.969553e+03 9.965625e+03 9.963904e+03
3.6 1.000202e+04 9.976185e+03 9.965652e+03 9.991490e+03
4.6 9.942750e+03 9.973415e+03 9.960959e+03 9.930294e+03
5.6 1.004572e+04 9.975658e+03 9.964131e+03 1.003420e+04
6.6 9.860754e+03 9.975630e+03 9.964154e+03 9.849278e+03
7.6 9.980867e+03 9.981758e+03 9.965228e+03 9.964337e+03
8.6 9.943585e+03 9.981774e+03 9.965255e+03 9.927065e+03
0.3 9.967831e+03 9.969553e+03 9.965625e+03 9.963904e+03
1.3 1.000202e+04 9.976185e+03 9.965652e+03 9.991490e+03
2.3 9.942750e+03 9.973415e+03 9.960959e+03 9.930294e+03
3.3 1.004572e+04 9.975658e+03 9.964131e+03 1.003420e+04
4.3 9.860754e+03 9.975630e+03 9.964154e+03 9.849278e+03
5.3 9.980867e+03 9.981758e+03 9.965228e+03 9.964337e+03
6.3 9.943585e+03 9.981774e+03 9.965255e+03 9.927065e+03
7.3 9.989130e+03 9.963837e+03 9.965281e+03 9.990574e+03
8.3 1.002904e+04 9.973470e+03 9.965299e+03 1.002087e+04
0.9 1.004572e+04 9.975658e+03 9.964131e+03 1.003420e+04
1.9 9.860754e+03 9.975630e+03 9.964154e+03 9.849278e+03
2.9 9.980867e+03 9.981758e+03 9.965228e+03 9.964337e+03
3.9 9.943585e+03 9.981774e+03 9.965255e+03 9.927065e+03
4.9 9.989130e+03 9.963837e+03 9.965281e+03 9.990574e+03
5.9 1.002904e+04 9.973470e+03 9.965299e+03 1.002087e+04
6.9 9.938834e+03 9.974670e+03 9.961124e+03 9.925289e+03
7.9 9.974696e+03 9.962391e+03 9.943842e+03 9.956147e+03
8.9 9.863565e+03 9.943900e+03 9.922889e+03 9.842554e+03
0.7 9.980867e+03 9.981758e+03 9.965228e+03 9.964337e+03
1.7 9.943585e+03 9.981774e+03 9.965255e+03 9.927065e+03
2.7 9.989130e+03 9.963837e+03 9.965281e+03 9.990574e+03
3.7 1.002904e+04 9.973470e+03 9.965299e+03 1.002087e+04
4.7 9.938834e+03 9.974670e+03 9.961124e+03 9.925289e+03
5.7 9.974696e+03 9.962391e+03 9.943842e+03 9.956147e+03
6.7 9.863565e+03 9.943900e+03 9.922889e+03 9.842554e+03
7.7 9.958615e+03 9.970940e+03 9.919237e+03 9.906912e+03
8.7 1.002297e+04 1.002650e+04 9.919251e+03 9.915723e+03
0.3 9.989130e+03 9.963837e+03 9.965281e+03 9.990574e+03
1.3 1.002904e+04 9.973470e+03 9.965299e+03 1.002087e+04
2.3 9.938834e+03 9.974670e+03 9.961124e+03 9.925289e+03
3.3 9.974696e+03 9.962391e+03 9.943842e+03 9.956147e+03
4.3 9.863565e+03 9.943900e+03 9.922889e+03 9.842554e+03
5.3 9.958615e+03 9.970940e+03 9.919237e+03 9.906912e+03
6.3 1.002297e+04 1.002650e+04 9.919251e+03 9.915723e+03
7.3 1.016115e+04 1.003948e+04 9.919260e+03 1.004093e+04
8.3 1.016470e+04 1.000953e+04 9.919263e+03 1.007443e+04
0.5 9.794429e+03 9.850311e+03 9.929701e+03 9.873819e+03
1.5 9.918069e+03 9.871735e+03 9.950653e+03 9.996988e+03
2.5 9.919537e+03 9.902576e+03 9.964787e+03 9.981749e+03
3.5 9.842231e+03 9.862861e+03 9.964759e+03 9.944129e+03
4.5 9.822947e+03 9.840182e+03 9.961057e+03 9.943823e+03
5.5 9.988033e+03 9.896688e+03 9.963648e+03 1.005499e+04
6.5 9.942356e+03 9.979314e+03 9.963616e+03 9.926658e+03
7.5 9.943009e+03 9.978399e+03 9.964633e+03 9.929242e+03
8.5 9.929159e+03 9.978366e+03 9.964600e+03 9.915393e+03
0.2 9.919537e+03 9.902576e+03 9.964787e+03 9.981749e+03
1.2 9.842231e+03 9.862861e+03 9.964759e+03 9.944129e+03
2.2 9.822947e+03 9.840182e+03 9.961057e+03 9.943823e+03
3.2 9.988033e+03 9.896688e+03 9.963648e+03 1.005499e+04
4.2 9.942356e+03 9.979314e+03 9.963616e+03 9.926658e+03
5.2 9.943009e+03 9.978399e+03 9.964633e+03 9.929242e+03
6.2 9.929159e+03 9.978366e+03 9.964600e+03 9.915393e+03
7.2 9.965049e+03 9.968554e+03 9.964564e+03 9.961059e+03
8.2 1.004365e+04 9.972610e+03 9.965048e+03 1.003609e+04
0.8 9.988033e+03 9.896688e+03 9.963648e+03 1.005499e+04
1.8 9.942356e+03 9.979314e+03 9.963616e+03 9.926658e+03
2.8 9.943009e+03 9.978399e+03 9.964633e+03 9.929242e+03
3.8 9.929159e+03 9.978366e+03 9.964600e+03 9.915393e+03
4.8 9.965049e+03 9.968554e+03 9.964564e+03 9.961059e+03
5.8 1.004365e+04 9.972610e+03 9.965048e+03 1.003609e+04
6.8 1.001269e+04 9.968905e+03 9.961339e+03 1.000513e+04
7.8 9.931017e+03 9.975776e+03 9.964972e+03 9.920212e+03
8.8 1.006254e+04 9.975766e+03 9.964934e+03 1.005171e+04
0.5 9.943009e+03 9.978399e+03 9.964633e+03 9.929242e+03
1.5 9.929159e+03 9.978366e+03 9.964600e+03 9.915393e+03
2.5 9.965049e+03 9.968554e+03 9.964564e+03 9.961059e+03
3.5 1.004365e+04 9.972610e+03 9.965048e+03 1.003609e+04
4.5 1.001269e+04 9.968905e+03 9.961339e+03 1.000513e+04
5.5 9.931017e+03 9.975776e+03 9.964972e+03 9.920212e+03
6.5 1.006254e+04 9.975766e+03 9.964934e+03 1.005171e+04
7.5 1.001793e+04 9.975754e+03 9.964893e+03 1.000707e+04
8.5 9.994451e+03 9.977842e+03 9.964848e+03 9.981458e+03
0.2 9.965049e+03 9.968554e+03 9.964564e+03 9.961059e+03
1.2 1.004365e+04 9.972610e+03 9.965048e+03 1.003609e+04
2.2 1.001269e+04 9.968905e+03 9.961339e+03 1.000513e+04
3.2 9.931017e+03 9.975776e+03 9.964972e+03 9.920212e+03
4.2 1.006254e+04 9.975766e+03 9.964934e+03 1.005171e+04
5.2 1.001793e+04 9.975754e+03 9.964893e+03 1.000707e+04
6.2 9.994451e+03 9.977842e+03 9.964848e+03 9.981458e+03
7.2 9.979116e+03 9.968055e+03 9.964797e+03 9.975858e+03
8.2 9.963251e+03 9.977817e+03 9.964735e+03 9.950169e+03
0.9 9.931017e+03 9.975776e+03 9.964972e+03 9.920212e+03
1.9 1.006254e+04 9.975766e+03 9.964934e+03 1.005171e+04
2.9 1.001793e+04 9.975754e+03 9.964893e+03 1.000707e+04
3.9 9.994451e+03 9.977842e+03 9.964848e+03 9.981458e+03
4.9 9.979116e+03 9.968055e+03 9.964797e+03 9.975858e+03
5.9 9.963251e+03 9.977817e+03 9.964735e+03 9.950169e+03
6.9 9.941496e+03 9.976754e+03 9.960468e+03 9.925210e+03
7.9 9.979774e+03 9.963312e+03 9.944127e+03 9.960589e+03
8.9 9.955654e+03 9.945117e+03 9.923048e+03 9.933585e+03
0.6 1.001793e+04 9.975754e+03 9.964893e+03 1.000707e+04
1.6 9.994451e+03 9.977842e+03 9.964848e+03 9.981458e+03
2.6 9.979116e+03 9.968055e+03 9.964797e+03 9.975858e+03
3.6 9.963251e+03 9.977817e+03 9.964735e+03 9.950169e+03
4.6 9.941496e+03 9.976754e+03 9.960468e+03 9.925210e+03
5.6 9.979774e+03 9.963312e+03 9.944127e+03 9.960589e+03
6.6 9.955654e+03 9.945117e+03 9.923048e+03 9.933585e+03
7.6 9.915473e+03 9.968279e+03 9.918201e+03 9.865395e+03
8.6 9.813173e+03 1.002470e+04 9.918047e+03 9.706515e+03
0.3 9.979116e+03 9.968055e+03 9.964797e+03 9.975858e+03
1.3 9.963251e+03 9.977817e+03 9.964735e+03 9.950169e+03
2.3 9.941496e+03 9.976754e+03 9.960468e+03 9.925210e+03
3.3 9.979774e+03 9.963312e+03 9.944127e+03 9.960589e+03
4.3 9.955654e+03 9.945117e+03 9.923048e+03 9.933585e+03
5.3 9.915473e+03 9.968279e+03 9.918201e+03 9.865395e+03
6.3 9.813173e+03 1.002470e+04 9.918047e+03 9.706515e+03
7.3 1.019941e+04 1.003769e+04 9.917861e+03 1.007958e+04
8.3 1.002026e+04 1.001193e+04 9.917641e+03 9.925971e+03
0.5 9.849483e+03 9.850168e+03 9.926835e+03 9.926150e+03
1.5 9.806825e+03 9.871424e+03 9.947371e+03 9.882772e+03
2.5 9.848783e+03 9.902558e+03 9.961562e+03 9.907787e+03
3.5 9.862748e+03 9.862545e+03 9.961014e+03 9.961218e+03
4.5 9.798123e+03 9.838966e+03 9.956217e+03 9.915374e+03
5.5 9.888474e+03 9.895063e+03 9.959230e+03 9.952641e+03
6.5 9.947276e+03 9.977130e+03 9.958517e+03 9.928663e+03
7.5 9.994477e+03 9.975601e+03 9.957748e+03 9.976623e+03
8.5 1.001146e+04 9.974764e+03 9.956925e+03 9.993618e+03
0.2 9.848783e+03 9.902558e+03 9.961562e+03 9.907787e+03
1.2 9.862748e+03 9.862545e+03 9.961014e+03 9.961218e+03
2.2 9.798123e+03 9.838966e+03 9.956217e+03 9.915374e+03
3.2 9.888474e+03 9.895063e+03 9.959230e+03 9.952641e+03
4.2 9.947276e+03 9.977130e+03 9.958517e+03 9.928663e+03
5.2 9.994477e+03 9.975601e+03 9.957748e+03 9.976623e+03
6.2 1.001146e+04 9.974764e+03 9.956925e+03 9.993618e+03
7.2 9.958068e+03 9.962440e+03 9.956582e+03 9.952210e+03
8.2 9.919735e+03 9.971104e+03 9.955675e+03 9.904307e+03
0.9 9.888474e+03 9.895063e+03 9.959230e+03 9.952641e+03
1.9 9.947276e+03 9.977130e+03 9.958517e+03 9.928663e+03
2.9 9.994477e+03 9.975601e+03 9.957748e+03 9.976623e+03
3.9 1.001146e+04 9.974764e+03 9.956925e+03 9.993618e+03
4.9 9.958068e+03 9.962440e+03 9.956582e+03 9.952210e+03
5.9 9.919735e+03 9.971104e+03 9.955675e+03 9.904307e+03
6.9 1.001004e+04 9.967616e+03 9.950531e+03 9.992956e+03
7.9 9.953242e+03 9.966826e+03 9.953212e+03 9.939629e+03
8.9 1.001054e+04 9.965154e+03 9.952185e+03 9.997567e+03
0.6 9.994477e+03 9.975601e+03 9.957748e+03 9.976623e+03
1.6 1.001146e+04 9.974764e+03 9.956925e+03 9.993618e+03
2.6 9.958068e+03 9.962440e+03 9.956582e+03 9.952210e+03
3.6 9.919735e+03 9.971104e+03 9.955675e+03 9.904307e+03
4.6 1.001004e+04 9.967616e+03 9.950531e+03 9.992956e+03
5.6 9.953242e+03 9.966826e+03 9.953212e+03 9.939629e+03
6.6 1.001054e+04 9.965154e+03 9.952185e+03 9.997567e+03
7.6 9.972850e+03 9.966951e+03 9.951649e+03 9.957547e+03
8.6 9.959027e+03 9.965019e+03 9.950559e+03 9.944567e+03
0.3 9.958068e+03 9.962440e+03 9.956582e+03 9.952210e+03
1.3 9.919735e+03 9.971104e+03 9.955675e+03 9.904307e+03
2.3 1.001004e+04 9.967616e+03 9.950531e+03 9.992956e+03
3.3 9.953242e+03 9.966826e+03 9.953212e+03 9.939629e+03
4.3 1.001054e+04 9.965154e+03 9.952185e+03 9.997567e+03
5.3 9.972850e+03 9.966951e+03 9.951649e+03 9.957547e+03
6.3 9.959027e+03 9.965019e+03 9.950559e+03 9.944567e+03
7.3 1.001443e+04 9.947075e+03 9.948396e+03 1.001575e+04
8.3 9.918550e+03 9.956713e+03 9.947263e+03 9.909100e+03
1.0 9.953242e+03 9.966826e+03 9.953212e+03 9.939629e+03
2.0 1.001054e+04 9.965154e+03 9.952185e+03 9.997567e+03
3.0 9.972850e+03 9.966951e+03 9.951649e+03 9.957547e+03
4.0 9.959027e+03 9.965019e+03 9.950559e+03 9.944567e+03
5.0 1.001443e+04 9.947075e+03 9.948396e+03 1.001575e+04
6.0 9.918550e+03 9.956713e+03 9.947263e+03 9.909100e+03
0.6 9.972850e+03 9.966951e+03 9.951649e+03 9.957547e+03
1.6 9.959027e+03 9.965019e+03 9.950559e+03 9.944567e+03
2.6 1.001443e+04 9.947075e+03 9.948396e+03 1.001575e+04
3.6 9.918550e+03 9.956713e+03 9.947263e+03 9.909100e+03
0.3 1.001443e+04 9.947075e+03 9.948396e+03 1.001575e+04
1.3 9.918550e+03 9.956713e+03 9.947263e+03 9.909100e+03
