0.5 9.886288e+03 9.884348e+03 9.951614e+03 9.953554e+03
1.5 9.928101e+03 9.941820e+03 9.951703e+03 9.937984e+03
2.5 9.894463e+03 9.972839e+03 9.952557e+03 9.874181e+03
3.5 1.000580e+04 9.935714e+03 9.983267e+03 1.005336e+04
4.5 9.961736e+03 9.937908e+03 9.983297e+03 1.000712e+04
5.5 9.875723e+03 9.942154e+03 9.966817e+03 9.900385e+03
6.5 9.998534e+03 9.968875e+03 9.951915e+03 9.981575e+03
7.5 1.003086e+04 9.998550e+03 9.951929e+03 9.984242e+03
0.1 9.927198e+03 9.974028e+03 9.951166e+03 9.904336e+03
1.1 9.990255e+03 1.003783e+04 9.951100e+03 9.903521e+03
2.1 1.000796e+04 1.004064e+04 9.951039e+03 9.918352e+03
3.1 9.989352e+03 9.997831e+03 9.969852e+03 9.961372e+03
4.1 9.892528e+03 9.940963e+03 9.998106e+03 9.949671e+03
5.1 9.996154e+03 9.935117e+03 9.994918e+03 1.005596e+04
6.1 9.963534e+03 9.924736e+03 9.963432e+03 1.000223e+04
7.1 9.968636e+03 9.899617e+03 9.950821e+03 1.001984e+04
0.5 9.914326e+03 9.871572e+03 9.950776e+03 9.993530e+03
1.5 1.000841e+04 9.931942e+03 9.950761e+03 1.002723e+04
2.5 9.943942e+03 9.964794e+03 9.951538e+03 9.930685e+03
3.5 1.003859e+04 9.929195e+03 9.982194e+03 1.009159e+04
4.5 9.990127e+03 9.931918e+03 9.982192e+03 1.004040e+04
5.5 9.904217e+03 9.936529e+03 9.965679e+03 9.933367e+03
6.5 1.003127e+04 9.965124e+03 9.950731e+03 1.001687e+04
7.5 1.004265e+04 9.995775e+03 9.950720e+03 9.997593e+03
0.1 1.000754e+04 9.971320e+03 9.950653e+03 9.986878e+03
1.1 1.006138e+04 1.003750e+04 9.950644e+03 9.974522e+03
2.1 1.002089e+04 1.004258e+04 9.950643e+03 9.928956e+03
3.1 1.002394e+04 1.000043e+04 9.968724e+03 9.992239e+03
4.1 9.955926e+03 9.941967e+03 9.997808e+03 1.001177e+04
5.1 9.955183e+03 9.935599e+03 9.995441e+03 1.001502e+04
6.1 9.832604e+03 9.925961e+03 9.963987e+03 9.870629e+03
7.1 9.871558e+03 9.901197e+03 9.950618e+03 9.920978e+03
0.5 9.839181e+03 9.872243e+03 9.950617e+03 9.917555e+03
1.5 9.858741e+03 9.933421e+03 9.950621e+03 9.875941e+03
2.5 9.950291e+03 9.966224e+03 9.951412e+03 9.935479e+03
3.5 9.858426e+03 9.929743e+03 9.982079e+03 9.910762e+03
4.5 9.933361e+03 9.931642e+03 9.982086e+03 9.983805e+03
5.5 9.886778e+03 9.936239e+03 9.965583e+03 9.916122e+03
6.5 9.915059e+03 9.964653e+03 9.950653e+03 9.901059e+03
7.5 9.934197e+03 9.995280e+03 9.950661e+03 9.889579e+03
0.0 9.978487e+03 9.968647e+03 9.950805e+03 9.960645e+03
1.0 1.009352e+04 1.003487e+04 9.950830e+03 1.000948e+04
2.0 1.010220e+04 1.004459e+04 9.950867e+03 1.000848e+04
3.0 1.003038e+04 1.000388e+04 9.967421e+03 9.993921e+03
4.0 9.928644e+03 9.942365e+03 9.998132e+03 9.984411e+03
5.0 9.867295e+03 9.935069e+03 9.997404e+03 9.929630e+03
6.0 9.886103e+03 9.927009e+03 9.966027e+03 9.925121e+03
7.0 9.911521e+03 9.903051e+03 9.951175e+03 9.959646e+03
0.5 9.909001e+03 9.872405e+03 9.951397e+03 9.987993e+03
1.5 9.982796e+03 9.933498e+03 9.951536e+03 1.000083e+04
2.5 9.954607e+03 9.966187e+03 9.952483e+03 9.940903e+03
3.5 9.869714e+03 9.930410e+03 9.983327e+03 9.922631e+03
4.5 9.847256e+03 9.932115e+03 9.983533e+03 9.898674e+03
5.5 9.941123e+03 9.935611e+03 9.967254e+03 9.972766e+03
6.5 9.919886e+03 9.965493e+03 9.952572e+03 9.906964e+03
7.5 1.001144e+04 9.995769e+03 9.952855e+03 9.968527e+03
