0.5 9.664091e+03 9.624940e+03 9.615791e+03 9.654941e+03
1.5 9.629404e+03 9.625963e+03 9.616759e+03 9.620200e+03
2.5 9.632929e+03 9.626003e+03 9.616758e+03 9.623684e+03
3.5 9.537664e+03 9.593386e+03 9.614957e+03 9.559235e+03
4.5 9.606665e+03 9.586331e+03 9.614910e+03 9.635244e+03
5.5 9.635389e+03 9.606783e+03 9.614911e+03 9.643517e+03
6.5 9.478896e+03 9.635519e+03 9.614912e+03 9.458289e+03
7.5 9.673966e+03 9.642140e+03 9.614912e+03 9.646738e+03
0.5 9.615621e+03 9.625466e+03 9.615788e+03 9.605944e+03
1.5 9.672252e+03 9.632344e+03 9.616758e+03 9.656666e+03
2.5 9.657014e+03 9.619728e+03 9.616759e+03 9.654045e+03
3.5 9.589861e+03 9.582291e+03 9.614960e+03 9.622531e+03
4.5 9.549656e+03 9.579323e+03 9.614916e+03 9.585249e+03
5.5 9.710209e+03 9.606817e+03 9.614917e+03 9.718309e+03
6.5 9.739326e+03 9.632365e+03 9.614919e+03 9.721880e+03
7.5 9.609768e+03 9.642977e+03 9.615798e+03 9.582588e+03
0.5 9.609768e+03 9.642977e+03 9.615798e+03 9.582588e+03
1.5 9.552610e+03 9.632550e+03 9.616768e+03 9.536829e+03
2.5 9.732477e+03 9.619614e+03 9.616770e+03 9.729633e+03
3.5 9.520484e+03 9.582152e+03 9.614973e+03 9.553305e+03
4.5 9.545039e+03 9.583819e+03 9.614930e+03 9.576150e+03
5.5 9.568398e+03 9.613069e+03 9.614932e+03 9.570261e+03
6.5 9.608027e+03 9.635775e+03 9.614935e+03 9.587188e+03
7.5 9.648617e+03 9.629489e+03 9.614938e+03 9.634067e+03
1.0 9.545531e+03 9.631895e+03 9.616753e+03 9.530389e+03
2.0 9.638574e+03 9.614929e+03 9.616803e+03 9.640448e+03
3.0 9.591427e+03 9.598545e+03 9.615931e+03 9.608812e+03
4.0 9.571721e+03 9.586674e+03 9.615382e+03 9.600428e+03
5.0 9.560922e+03 9.593959e+03 9.616817e+03 9.583779e+03
6.0 9.610737e+03 9.636140e+03 9.616821e+03 9.591419e+03
7.0 9.583978e+03 9.612901e+03 9.615488e+03 9.586565e+03
8.0 9.535216e+03 9.598104e+03 9.614986e+03 9.552097e+03
0.2 9.571721e+03 9.586674e+03 9.615382e+03 9.600428e+03
1.2 9.560922e+03 9.593959e+03 9.616817e+03 9.583779e+03
2.2 9.610737e+03 9.636140e+03 9.616821e+03 9.591419e+03
3.2 9.583978e+03 9.612901e+03 9.615488e+03 9.586565e+03
4.2 9.535216e+03 9.598104e+03 9.614986e+03 9.552097e+03
5.2 9.606857e+03 9.601677e+03 9.614991e+03 9.620171e+03
6.2 9.664794e+03 9.636071e+03 9.615873e+03 9.644596e+03
7.2 9.681367e+03 9.636994e+03 9.616847e+03 9.661219e+03
0.5 9.664794e+03 9.636071e+03 9.615873e+03 9.644596e+03
1.5 9.681367e+03 9.636994e+03 9.616847e+03 9.661219e+03
2.5 9.653627e+03 9.628493e+03 9.616852e+03 9.641985e+03
3.5 9.552094e+03 9.592595e+03 9.615057e+03 9.574556e+03
4.5 9.608791e+03 9.593517e+03 9.616816e+03 9.632090e+03
5.5 9.587063e+03 9.614091e+03 9.616868e+03 9.589840e+03
6.5 9.559901e+03 9.620877e+03 9.615996e+03 9.555020e+03
7.5 9.673480e+03 9.603254e+03 9.615032e+03 9.685258e+03
1.0 9.608791e+03 9.593517e+03 9.616816e+03 9.632090e+03
2.0 9.587063e+03 9.614091e+03 9.616868e+03 9.589840e+03
3.0 9.559901e+03 9.620877e+03 9.615996e+03 9.555020e+03
4.0 9.673480e+03 9.603254e+03 9.615032e+03 9.685258e+03
5.0 9.569393e+03 9.591840e+03 9.615037e+03 9.592590e+03
6.0 9.759032e+03 9.632293e+03 9.615043e+03 9.741782e+03
7.0 9.687078e+03 9.628369e+03 9.615048e+03 9.673757e+03
8.0 9.632675e+03 9.622789e+03 9.615052e+03 9.624938e+03
0.8 9.597427e+03 9.624111e+03 9.616447e+03 9.589763e+03
1.8 9.584845e+03 9.624620e+03 9.616956e+03 9.577181e+03
2.8 9.690506e+03 9.617083e+03 9.616542e+03 9.689965e+03
3.8 9.685061e+03 9.591136e+03 9.615113e+03 9.709037e+03
4.8 9.535518e+03 9.591144e+03 9.615114e+03 9.559487e+03
5.8 9.698038e+03 9.622549e+03 9.615115e+03 9.690604e+03
6.8 9.609579e+03 9.631421e+03 9.615115e+03 9.593273e+03
7.8 9.593668e+03 9.625442e+03 9.615116e+03 9.583342e+03
0.8 9.613839e+03 9.630144e+03 9.616453e+03 9.600148e+03
1.8 9.617024e+03 9.613976e+03 9.616959e+03 9.620008e+03
2.8 9.604423e+03 9.606027e+03 9.616543e+03 9.614939e+03
3.8 9.616834e+03 9.585439e+03 9.615111e+03 9.646506e+03
4.8 9.626351e+03 9.589922e+03 9.615110e+03 9.651538e+03
5.8 9.559715e+03 9.616374e+03 9.615108e+03 9.558449e+03
6.8 9.586235e+03 9.628304e+03 9.615107e+03 9.573038e+03
7.8 9.687353e+03 9.634826e+03 9.615105e+03 9.667632e+03
0.5 9.580738e+03 9.630148e+03 9.615981e+03 9.566571e+03
1.5 9.660051e+03 9.627223e+03 9.616948e+03 9.649775e+03
2.5 9.691865e+03 9.613751e+03 9.616946e+03 9.695061e+03
3.5 9.510236e+03 9.581537e+03 9.615559e+03 9.544259e+03
4.5 9.651723e+03 9.590301e+03 9.616941e+03 9.678362e+03
5.5 9.617556e+03 9.613992e+03 9.616938e+03 9.620502e+03
6.5 9.669152e+03 9.612485e+03 9.615598e+03 9.672265e+03
7.5 9.604407e+03 9.603311e+03 9.615088e+03 9.616184e+03
0.3 9.510236e+03 9.581537e+03 9.615559e+03 9.544259e+03
1.3 9.651723e+03 9.590301e+03 9.616941e+03 9.678362e+03
2.3 9.617556e+03 9.613992e+03 9.616938e+03 9.620502e+03
3.3 9.669152e+03 9.612485e+03 9.615598e+03 9.672265e+03
4.3 9.604407e+03 9.603311e+03 9.615088e+03 9.616184e+03
5.3 9.634356e+03 9.601710e+03 9.615085e+03 9.647731e+03
6.3 9.654081e+03 9.635002e+03 9.615081e+03 9.634160e+03
7.3 9.687114e+03 9.635029e+03 9.615078e+03 9.667164e+03
0.3 9.649574e+03 9.630368e+03 9.615432e+03 9.634638e+03
1.3 9.529379e+03 9.623560e+03 9.616857e+03 9.522676e+03
2.3 9.582670e+03 9.614459e+03 9.616851e+03 9.585062e+03
3.3 9.580336e+03 9.590218e+03 9.615507e+03 9.605625e+03
4.3 9.645678e+03 9.588948e+03 9.614994e+03 9.671724e+03
5.3 9.575511e+03 9.595628e+03 9.614988e+03 9.594870e+03
6.3 9.590530e+03 9.629219e+03 9.614982e+03 9.576293e+03
7.3 9.751158e+03 9.641520e+03 9.614976e+03 9.724614e+03
1.0 9.654942e+03 9.631820e+03 9.616743e+03 9.639865e+03
2.0 9.658559e+03 9.628252e+03 9.616782e+03 9.647089e+03
3.0 9.657935e+03 9.598877e+03 9.615899e+03 9.674957e+03
4.0 9.470288e+03 9.581321e+03 9.614924e+03 9.503891e+03
5.0 9.563734e+03 9.591291e+03 9.616717e+03 9.589160e+03
6.0 9.665462e+03 9.636673e+03 9.616756e+03 9.645545e+03
7.0 9.633955e+03 9.621863e+03 9.615873e+03 9.627965e+03
8.0 9.550024e+03 9.594111e+03 9.614898e+03 9.570811e+03
1.0 9.563734e+03 9.591291e+03 9.616717e+03 9.589160e+03
2.0 9.665462e+03 9.636673e+03 9.616756e+03 9.645545e+03
3.0 9.633955e+03 9.621863e+03 9.615873e+03 9.627965e+03
4.0 9.550024e+03 9.594111e+03 9.614898e+03 9.570811e+03
5.0 9.622313e+03 9.586243e+03 9.614892e+03 9.650962e+03
6.0 9.611833e+03 9.631317e+03 9.614886e+03 9.595402e+03
7.0 9.651211e+03 9.642164e+03 9.614880e+03 9.623927e+03
8.0 9.632146e+03 9.636629e+03 9.614874e+03 9.610392e+03
0.2 9.598893e+03 9.613533e+03 9.615279e+03 9.600638e+03
1.2 9.613862e+03 9.617500e+03 9.616704e+03 9.613066e+03
2.2 9.576609e+03 9.626211e+03 9.616698e+03 9.567097e+03
3.2 9.603603e+03 9.601936e+03 9.615355e+03 9.617022e+03
4.2 9.610234e+03 9.593610e+03 9.615719e+03 9.632344e+03
5.2 9.707184e+03 9.604333e+03 9.616684e+03 9.719534e+03
6.2 9.495072e+03 9.637905e+03 9.616680e+03 9.473847e+03
7.2 9.611409e+03 9.605670e+03 9.615292e+03 9.621031e+03
0.5 9.610234e+03 9.593610e+03 9.615719e+03 9.632344e+03
1.5 9.707184e+03 9.604333e+03 9.616684e+03 9.719534e+03
2.5 9.495072e+03 9.637905e+03 9.616680e+03 9.473847e+03
3.5 9.611409e+03 9.605670e+03 9.615292e+03 9.621031e+03
4.5 9.432178e+03 9.597797e+03 9.616672e+03 9.451052e+03
5.5 9.596484e+03 9.615152e+03 9.616668e+03 9.598000e+03
6.5 9.625350e+03 9.613609e+03 9.615326e+03 9.627066e+03
7.5 9.634797e+03 9.604400e+03 9.614815e+03 9.645212e+03
0.2 9.611409e+03 9.605670e+03 9.615292e+03 9.621031e+03
1.2 9.432178e+03 9.597797e+03 9.616672e+03 9.451052e+03
2.2 9.596484e+03 9.615152e+03 9.616668e+03 9.598000e+03
3.2 9.625350e+03 9.613609e+03 9.615326e+03 9.627066e+03
4.2 9.634797e+03 9.604400e+03 9.614815e+03 9.645212e+03
5.2 9.579208e+03 9.602770e+03 9.614811e+03 9.591250e+03
6.2 9.632796e+03 9.636452e+03 9.615223e+03 9.611567e+03
7.2 9.590406e+03 9.637879e+03 9.616651e+03 9.569178e+03
0.2 9.632796e+03 9.636452e+03 9.615223e+03 9.611567e+03
1.2 9.590406e+03 9.637879e+03 9.616651e+03 9.569178e+03
2.2 9.594519e+03 9.629415e+03 9.616648e+03 9.581752e+03
3.2 9.527963e+03 9.601922e+03 9.615307e+03 9.541349e+03
4.2 9.573723e+03 9.592704e+03 9.614797e+03 9.595815e+03
5.2 9.649396e+03 9.602856e+03 9.615210e+03 9.661750e+03
6.2 9.609028e+03 9.637843e+03 9.616639e+03 9.587824e+03
7.2 9.648812e+03 9.637834e+03 9.616637e+03 9.627615e+03
0.2 9.649396e+03 9.602856e+03 9.615210e+03 9.661750e+03
1.2 9.609028e+03 9.637843e+03 9.616639e+03 9.587824e+03
2.2 9.648812e+03 9.637834e+03 9.616637e+03 9.627615e+03
3.2 9.571047e+03 9.605087e+03 9.615297e+03 9.581257e+03
4.2 9.593977e+03 9.592655e+03 9.614788e+03 9.616109e+03
5.2 9.603607e+03 9.602386e+03 9.614786e+03 9.616007e+03
6.2 9.613398e+03 9.631291e+03 9.614785e+03 9.596892e+03
7.2 9.547855e+03 9.629520e+03 9.614783e+03 9.533119e+03
0.2 9.663409e+03 9.618199e+03 9.615195e+03 9.660406e+03
1.2 9.674354e+03 9.614827e+03 9.616625e+03 9.676152e+03
2.2 9.625722e+03 9.617341e+03 9.616624e+03 9.625005e+03
3.2 9.664651e+03 9.601762e+03 9.615286e+03 9.678175e+03
4.2 9.573047e+03 9.593882e+03 9.616116e+03 9.595281e+03
5.2 9.647514e+03 9.604123e+03 9.616623e+03 9.660013e+03
6.2 9.604289e+03 9.630141e+03 9.616207e+03 9.590355e+03
7.2 9.716027e+03 9.604184e+03 9.614776e+03 9.726620e+03
0.7 9.573047e+03 9.593882e+03 9.616116e+03 9.595281e+03
1.7 9.647514e+03 9.604123e+03 9.616623e+03 9.660013e+03
2.7 9.604289e+03 9.630141e+03 9.616207e+03 9.590355e+03
3.7 9.716027e+03 9.604184e+03 9.614776e+03 9.726620e+03
4.7 9.574025e+03 9.596596e+03 9.615652e+03 9.593082e+03
5.7 9.554096e+03 9.625746e+03 9.616621e+03 9.544971e+03
6.7 9.640774e+03 9.637647e+03 9.616621e+03 9.619749e+03
7.7 9.611379e+03 9.602365e+03 9.614821e+03 9.623835e+03
0.5 9.574025e+03 9.596596e+03 9.615652e+03 9.593082e+03
1.5 9.554096e+03 9.625746e+03 9.616621e+03 9.544971e+03
2.5 9.640774e+03 9.637647e+03 9.616621e+03 9.619749e+03
3.5 9.611379e+03 9.602365e+03 9.614821e+03 9.623835e+03
4.5 9.588078e+03 9.592478e+03 9.614775e+03 9.610375e+03
5.5 9.600925e+03 9.613041e+03 9.614775e+03 9.602659e+03
6.5 9.678763e+03 9.635767e+03 9.614775e+03 9.657771e+03
7.5 9.668284e+03 9.632712e+03 9.614775e+03 9.650347e+03
0.7 9.669437e+03 9.623285e+03 9.616114e+03 9.662266e+03
1.7 9.635167e+03 9.614646e+03 9.616622e+03 9.637144e+03
2.7 9.658651e+03 9.607102e+03 9.616208e+03 9.667757e+03
3.7 9.656423e+03 9.592094e+03 9.614778e+03 9.679107e+03
4.7 9.676171e+03 9.593701e+03 9.616117e+03 9.698587e+03
5.7 9.640529e+03 9.625593e+03 9.616625e+03 9.631562e+03
6.7 9.652895e+03 9.629954e+03 9.616211e+03 9.639151e+03
7.7 9.555998e+03 9.601364e+03 9.614781e+03 9.569415e+03
0.7 9.676171e+03 9.593701e+03 9.616117e+03 9.698587e+03
1.7 9.640529e+03 9.625593e+03 9.616625e+03 9.631562e+03
2.7 9.652895e+03 9.629954e+03 9.616211e+03 9.639151e+03
3.7 9.555998e+03 9.601364e+03 9.614781e+03 9.569415e+03
4.7 9.564733e+03 9.593186e+03 9.615659e+03 9.587206e+03
5.7 9.621904e+03 9.625540e+03 9.616629e+03 9.612994e+03
6.7 9.664869e+03 9.637434e+03 9.616630e+03 9.644066e+03
7.7 9.616184e+03 9.602143e+03 9.614832e+03 9.628872e+03
0.5 9.564733e+03 9.593186e+03 9.615659e+03 9.587206e+03
1.5 9.621904e+03 9.625540e+03 9.616629e+03 9.612994e+03
2.5 9.664869e+03 9.637434e+03 9.616630e+03 9.644066e+03
3.5 9.616184e+03 9.602143e+03 9.614832e+03 9.628872e+03
4.5 9.578606e+03 9.592247e+03 9.614787e+03 9.601147e+03
5.5 9.592229e+03 9.612800e+03 9.614789e+03 9.594218e+03
6.5 9.603927e+03 9.637316e+03 9.616590e+03 9.583201e+03
7.5 9.664997e+03 9.637341e+03 9.616638e+03 9.644294e+03
1.0 9.603927e+03 9.637316e+03 9.616590e+03 9.583201e+03
2.0 9.664997e+03 9.637341e+03 9.616638e+03 9.644294e+03
3.0 9.644209e+03 9.610040e+03 9.615763e+03 9.649933e+03
4.0 9.555479e+03 9.593026e+03 9.615673e+03 9.578126e+03
5.0 9.578865e+03 9.593975e+03 9.616644e+03 9.601534e+03
6.0 9.658020e+03 9.636172e+03 9.616646e+03 9.638493e+03
7.0 9.539646e+03 9.604579e+03 9.614849e+03 9.549916e+03
8.0 9.596701e+03 9.598178e+03 9.614806e+03 9.613329e+03
0.5 9.555479e+03 9.593026e+03 9.615673e+03 9.578126e+03
1.5 9.578865e+03 9.593975e+03 9.616644e+03 9.601534e+03
2.5 9.658020e+03 9.636172e+03 9.616646e+03 9.638493e+03
3.5 9.539646e+03 9.604579e+03 9.614849e+03 9.549916e+03
4.5 9.596701e+03 9.598178e+03 9.614806e+03 9.613329e+03
5.5 9.660867e+03 9.612603e+03 9.614809e+03 9.663073e+03
6.5 9.586277e+03 9.635306e+03 9.614812e+03 9.565783e+03
7.5 9.590462e+03 9.633825e+03 9.614815e+03 9.571452e+03
1.0 9.649001e+03 9.631430e+03 9.616628e+03 9.634199e+03
2.0 9.656944e+03 9.627518e+03 9.616677e+03 9.646104e+03
3.0 9.670448e+03 9.598093e+03 9.615804e+03 9.688159e+03
4.0 9.660954e+03 9.580490e+03 9.614839e+03 9.695304e+03
5.0 9.649090e+03 9.588605e+03 9.614843e+03 9.675328e+03
6.0 9.597498e+03 9.633863e+03 9.614846e+03 9.578481e+03
7.0 9.608256e+03 9.634914e+03 9.614850e+03 9.588192e+03
8.0 9.602537e+03 9.630687e+03 9.616192e+03 9.588042e+03
0.7 9.602537e+03 9.630687e+03 9.616192e+03 9.588042e+03
1.7 9.591091e+03 9.625029e+03 9.616702e+03 9.582764e+03
2.7 9.586111e+03 9.617456e+03 9.616292e+03 9.584948e+03
