0.5 9.664091e+03 9.624940e+03 9.623798e+03 9.662949e+03
1.5 9.629404e+03 9.625963e+03 9.623927e+03 9.627368e+03
2.5 9.632929e+03 9.626003e+03 9.624051e+03 9.630977e+03
3.5 9.537664e+03 9.593386e+03 9.593321e+03 9.537599e+03
4.5 9.606665e+03 9.586331e+03 9.592644e+03 9.612979e+03
5.5 9.635389e+03 9.606783e+03 9.607783e+03 9.636389e+03
6.5 9.478896e+03 9.635519e+03 9.624497e+03 9.467874e+03
7.5 9.673966e+03 9.642140e+03 9.624590e+03 9.656416e+03
0.5 9.615621e+03 9.625466e+03 9.624880e+03 9.615036e+03
1.5 9.672252e+03 9.632344e+03 9.624949e+03 9.664858e+03
2.5 9.657014e+03 9.619728e+03 9.625012e+03 9.662298e+03
3.5 9.589861e+03 9.582291e+03 9.594218e+03 9.601789e+03
4.5 9.549656e+03 9.579323e+03 9.593477e+03 9.563810e+03
5.5 9.710209e+03 9.606817e+03 9.608542e+03 9.711933e+03
6.5 9.739326e+03 9.632365e+03 9.625183e+03 9.732144e+03
7.5 9.609768e+03 9.642977e+03 9.625211e+03 9.592001e+03
0.5 9.609768e+03 9.642977e+03 9.625211e+03 9.592001e+03
1.5 9.552610e+03 9.632550e+03 9.625232e+03 9.545292e+03
2.5 9.732477e+03 9.619614e+03 9.625246e+03 9.738108e+03
3.5 9.520484e+03 9.582152e+03 9.594407e+03 9.532739e+03
4.5 9.545039e+03 9.583819e+03 9.593623e+03 9.554844e+03
5.5 9.568398e+03 9.613069e+03 9.608654e+03 9.563983e+03
6.5 9.608027e+03 9.635775e+03 9.625261e+03 9.597513e+03
7.5 9.648617e+03 9.629489e+03 9.625250e+03 9.644379e+03
1.0 9.545531e+03 9.631895e+03 9.625155e+03 9.538791e+03
2.0 9.638574e+03 9.614929e+03 9.625118e+03 9.648763e+03
3.0 9.591427e+03 9.598545e+03 9.610047e+03 9.602928e+03
4.0 9.571721e+03 9.586674e+03 9.593390e+03 9.578436e+03
5.0 9.560922e+03 9.593959e+03 9.593339e+03 9.560302e+03
6.0 9.610737e+03 9.636140e+03 9.624134e+03 9.598731e+03
7.0 9.583978e+03 9.612901e+03 9.601927e+03 9.573004e+03
8.0 9.535216e+03 9.598104e+03 9.593164e+03 9.530275e+03
0.2 9.571721e+03 9.586674e+03 9.593390e+03 9.578436e+03
1.2 9.560922e+03 9.593959e+03 9.593339e+03 9.560302e+03
2.2 9.610737e+03 9.636140e+03 9.624134e+03 9.598731e+03
3.2 9.583978e+03 9.612901e+03 9.601927e+03 9.573004e+03
4.2 9.535216e+03 9.598104e+03 9.593164e+03 9.530275e+03
5.2 9.606857e+03 9.601677e+03 9.600218e+03 9.605398e+03
6.2 9.664794e+03 9.636071e+03 9.624671e+03 9.653394e+03
7.2 9.681367e+03 9.636994e+03 9.624600e+03 9.668972e+03
0.5 9.664794e+03 9.636071e+03 9.624671e+03 9.653394e+03
1.5 9.681367e+03 9.636994e+03 9.624600e+03 9.668972e+03
2.5 9.653627e+03 9.628493e+03 9.624529e+03 9.649662e+03
3.5 9.552094e+03 9.592595e+03 9.593608e+03 9.553106e+03
4.5 9.608791e+03 9.593517e+03 9.592743e+03 9.608017e+03
5.5 9.587063e+03 9.614091e+03 9.607695e+03 9.580668e+03
6.5 9.559901e+03 9.620877e+03 9.609199e+03 9.548223e+03
7.5 9.673480e+03 9.603254e+03 9.592508e+03 9.662734e+03
1.0 9.608791e+03 9.593517e+03 9.592743e+03 9.608017e+03
2.0 9.587063e+03 9.614091e+03 9.607695e+03 9.580668e+03
3.0 9.559901e+03 9.620877e+03 9.609199e+03 9.548223e+03
4.0 9.673480e+03 9.603254e+03 9.592508e+03 9.662734e+03
5.0 9.569393e+03 9.591840e+03 9.592429e+03 9.569982e+03
6.0 9.759032e+03 9.632293e+03 9.623198e+03 9.749937e+03
7.0 9.687078e+03 9.628369e+03 9.623909e+03 9.682618e+03
8.0 9.632675e+03 9.622789e+03 9.623829e+03 9.633714e+03
0.8 9.597427e+03 9.624111e+03 9.622799e+03 9.596114e+03
1.8 9.584845e+03 9.624620e+03 9.622766e+03 9.582990e+03
2.8 9.690506e+03 9.617083e+03 9.615613e+03 9.689035e+03
3.8 9.685061e+03 9.591136e+03 9.591066e+03 9.684990e+03
4.8 9.535518e+03 9.591144e+03 9.591044e+03 9.535417e+03
5.8 9.698038e+03 9.622549e+03 9.613962e+03 9.689451e+03
6.8 9.609579e+03 9.631421e+03 9.622646e+03 9.600804e+03
7.8 9.593668e+03 9.625442e+03 9.622635e+03 9.590861e+03
0.8 9.613839e+03 9.630144e+03 9.622613e+03 9.606309e+03
1.8 9.617024e+03 9.613976e+03 9.622619e+03 9.625668e+03
2.8 9.604423e+03 9.606027e+03 9.615511e+03 9.613907e+03
3.8 9.616834e+03 9.585439e+03 9.591006e+03 9.622401e+03
4.8 9.626351e+03 9.589922e+03 9.591027e+03 9.627456e+03
5.8 9.559715e+03 9.616374e+03 9.613989e+03 9.557330e+03
6.8 9.586235e+03 9.628304e+03 9.622711e+03 9.580642e+03
7.8 9.687353e+03 9.634826e+03 9.622734e+03 9.675260e+03
0.5 9.580738e+03 9.630148e+03 9.622759e+03 9.573349e+03
1.5 9.660051e+03 9.627223e+03 9.622785e+03 9.655613e+03
2.5 9.691865e+03 9.613751e+03 9.622810e+03 9.700924e+03
3.5 9.510236e+03 9.581537e+03 9.591987e+03 9.520686e+03
4.5 9.651723e+03 9.590301e+03 9.591227e+03 9.652648e+03
5.5 9.617556e+03 9.613992e+03 9.606292e+03 9.609856e+03
6.5 9.669152e+03 9.612485e+03 9.600006e+03 9.656673e+03
7.5 9.604407e+03 9.603311e+03 9.591351e+03 9.592447e+03
0.3 9.510236e+03 9.581537e+03 9.591987e+03 9.520686e+03
1.3 9.651723e+03 9.590301e+03 9.591227e+03 9.652648e+03
2.3 9.617556e+03 9.613992e+03 9.606292e+03 9.609856e+03
3.3 9.669152e+03 9.612485e+03 9.600006e+03 9.656673e+03
4.3 9.604407e+03 9.603311e+03 9.591351e+03 9.592447e+03
5.3 9.634356e+03 9.601710e+03 9.598517e+03 9.631163e+03
6.3 9.654081e+03 9.635002e+03 9.623080e+03 9.642159e+03
7.3 9.687114e+03 9.635029e+03 9.623129e+03 9.675215e+03
0.3 9.649574e+03 9.630368e+03 9.624088e+03 9.643294e+03
1.3 9.529379e+03 9.623560e+03 9.624173e+03 9.529992e+03
2.3 9.582670e+03 9.614459e+03 9.624270e+03 9.592481e+03
3.3 9.580336e+03 9.590218e+03 9.601429e+03 9.591546e+03
4.3 9.645678e+03 9.588948e+03 9.592824e+03 9.649555e+03
5.3 9.575511e+03 9.595628e+03 9.600037e+03 9.579919e+03
6.3 9.590530e+03 9.629219e+03 9.624658e+03 9.585969e+03
7.3 9.751158e+03 9.641520e+03 9.624762e+03 9.734400e+03
1.0 9.654942e+03 9.631820e+03 9.625297e+03 9.648419e+03
2.0 9.658559e+03 9.628252e+03 9.625407e+03 9.655713e+03
3.0 9.657935e+03 9.598877e+03 9.610487e+03 9.669545e+03
4.0 9.470288e+03 9.581321e+03 9.593987e+03 9.482955e+03
5.0 9.563734e+03 9.591291e+03 9.594101e+03 9.566545e+03
6.0 9.665462e+03 9.636673e+03 9.625065e+03 9.653854e+03
7.0 9.633955e+03 9.621863e+03 9.610935e+03 9.623027e+03
8.0 9.550024e+03 9.594111e+03 9.594437e+03 9.550351e+03
1.0 9.563734e+03 9.591291e+03 9.594101e+03 9.566545e+03
2.0 9.665462e+03 9.636673e+03 9.625065e+03 9.653854e+03
3.0 9.633955e+03 9.621863e+03 9.610935e+03 9.623027e+03
4.0 9.550024e+03 9.594111e+03 9.594437e+03 9.550351e+03
5.0 9.622313e+03 9.586243e+03 9.594549e+03 9.630620e+03
6.0 9.611833e+03 9.631317e+03 9.625507e+03 9.606023e+03
7.0 9.651211e+03 9.642164e+03 9.626403e+03 9.635450e+03
8.0 9.632146e+03 9.636629e+03 9.626505e+03 9.622023e+03
0.2 9.598893e+03 9.613533e+03 9.626704e+03 9.612064e+03
1.2 9.613862e+03 9.617500e+03 9.626800e+03 9.623163e+03
2.2 9.576609e+03 9.626211e+03 9.626893e+03 9.577292e+03
3.2 9.603603e+03 9.601936e+03 9.604044e+03 9.605711e+03
4.2 9.610234e+03 9.593610e+03 9.595433e+03 9.612058e+03
5.2 9.707184e+03 9.604333e+03 9.602643e+03 9.705493e+03
6.2 9.495072e+03 9.637905e+03 9.627251e+03 9.484419e+03
7.2 9.611409e+03 9.605670e+03 9.596481e+03 9.602220e+03
0.5 9.610234e+03 9.593610e+03 9.595433e+03 9.612058e+03
1.5 9.707184e+03 9.604333e+03 9.602643e+03 9.705493e+03
2.5 9.495072e+03 9.637905e+03 9.627251e+03 9.484419e+03
3.5 9.611409e+03 9.605670e+03 9.596481e+03 9.602220e+03
4.5 9.432178e+03 9.597797e+03 9.595761e+03 9.430141e+03
5.5 9.596484e+03 9.615152e+03 9.610858e+03 9.592190e+03
6.5 9.625350e+03 9.613609e+03 9.604599e+03 9.616340e+03
7.5 9.634797e+03 9.604400e+03 9.595966e+03 9.626363e+03
0.2 9.611409e+03 9.605670e+03 9.596481e+03 9.602220e+03
1.2 9.432178e+03 9.597797e+03 9.595761e+03 9.430141e+03
2.2 9.596484e+03 9.615152e+03 9.610858e+03 9.592190e+03
3.2 9.625350e+03 9.613609e+03 9.604599e+03 9.616340e+03
4.2 9.634797e+03 9.604400e+03 9.595966e+03 9.626363e+03
5.2 9.579208e+03 9.602770e+03 9.603154e+03 9.579592e+03
6.2 9.632796e+03 9.636452e+03 9.627738e+03 9.624082e+03
7.2 9.590406e+03 9.637879e+03 9.627798e+03 9.580325e+03
0.2 9.632796e+03 9.636452e+03 9.627738e+03 9.624082e+03
1.2 9.590406e+03 9.637879e+03 9.627798e+03 9.580325e+03
2.2 9.594519e+03 9.629415e+03 9.627854e+03 9.592958e+03
3.2 9.527963e+03 9.601922e+03 9.604968e+03 9.531010e+03
4.2 9.573723e+03 9.592704e+03 9.596317e+03 9.577335e+03
5.2 9.649396e+03 9.602856e+03 9.603483e+03 9.650022e+03
6.2 9.609028e+03 9.637843e+03 9.628048e+03 9.599233e+03
7.2 9.648812e+03 9.637834e+03 9.628088e+03 9.639066e+03
0.2 9.649396e+03 9.602856e+03 9.603483e+03 9.650022e+03
1.2 9.609028e+03 9.637843e+03 9.628048e+03 9.599233e+03
2.2 9.648812e+03 9.637834e+03 9.628088e+03 9.639066e+03
3.2 9.571047e+03 9.605087e+03 9.605185e+03 9.571146e+03
4.2 9.593977e+03 9.592655e+03 9.596514e+03 9.597836e+03
5.2 9.603607e+03 9.602386e+03 9.603661e+03 9.604882e+03
6.2 9.613398e+03 9.631291e+03 9.628212e+03 9.610319e+03
7.2 9.547855e+03 9.629520e+03 9.628240e+03 9.546575e+03
0.2 9.663409e+03 9.618199e+03 9.628329e+03 9.673539e+03
1.2 9.674354e+03 9.614827e+03 9.628341e+03 9.687869e+03
2.2 9.625722e+03 9.617341e+03 9.628352e+03 9.636732e+03
3.2 9.664651e+03 9.601762e+03 9.605425e+03 9.668314e+03
4.2 9.573047e+03 9.593882e+03 9.596733e+03 9.575898e+03
5.2 9.647514e+03 9.604123e+03 9.603859e+03 9.647250e+03
6.2 9.604289e+03 9.630141e+03 9.621269e+03 9.595416e+03
7.2 9.716027e+03 9.604184e+03 9.596756e+03 9.708600e+03
0.7 9.573047e+03 9.593882e+03 9.596733e+03 9.575898e+03
1.7 9.647514e+03 9.604123e+03 9.603859e+03 9.647250e+03
2.7 9.604289e+03 9.630141e+03 9.621269e+03 9.595416e+03
3.7 9.716027e+03 9.604184e+03 9.596756e+03 9.708600e+03
4.7 9.574025e+03 9.596596e+03 9.596764e+03 9.574194e+03
5.7 9.554096e+03 9.625746e+03 9.619709e+03 9.548059e+03
6.7 9.640774e+03 9.637647e+03 9.628415e+03 9.631543e+03
7.7 9.611379e+03 9.602365e+03 9.597569e+03 9.606583e+03
0.5 9.574025e+03 9.596596e+03 9.596764e+03 9.574194e+03
1.5 9.554096e+03 9.625746e+03 9.619709e+03 9.548059e+03
2.5 9.640774e+03 9.637647e+03 9.628415e+03 9.631543e+03
3.5 9.611379e+03 9.602365e+03 9.597569e+03 9.606583e+03
4.5 9.588078e+03 9.592478e+03 9.596780e+03 9.592380e+03
5.5 9.600925e+03 9.613041e+03 9.611810e+03 9.599694e+03
6.5 9.678763e+03 9.635767e+03 9.628420e+03 9.671416e+03
7.5 9.668284e+03 9.632712e+03 9.628419e+03 9.663991e+03
0.7 9.669437e+03 9.623285e+03 9.628390e+03 9.674541e+03
1.7 9.635167e+03 9.614646e+03 9.628380e+03 9.648902e+03
2.7 9.658651e+03 9.607102e+03 9.621250e+03 9.672799e+03
3.7 9.656423e+03 9.592094e+03 9.596716e+03 9.661045e+03
4.7 9.676171e+03 9.593701e+03 9.596701e+03 9.679171e+03
5.7 9.640529e+03 9.625593e+03 9.619622e+03 9.634559e+03
6.7 9.652895e+03 9.629954e+03 9.621185e+03 9.644125e+03
7.7 9.555998e+03 9.601364e+03 9.596643e+03 9.551277e+03
0.7 9.676171e+03 9.593701e+03 9.596701e+03 9.679171e+03
1.7 9.640529e+03 9.625593e+03 9.619622e+03 9.634559e+03
2.7 9.652895e+03 9.629954e+03 9.621185e+03 9.644125e+03
3.7 9.555998e+03 9.601364e+03 9.596643e+03 9.551277e+03
4.7 9.564733e+03 9.593186e+03 9.596621e+03 9.568168e+03
5.7 9.621904e+03 9.625540e+03 9.619536e+03 9.615901e+03
6.7 9.664869e+03 9.637434e+03 9.628211e+03 9.655646e+03
7.7 9.616184e+03 9.602143e+03 9.597332e+03 9.611372e+03
0.5 9.564733e+03 9.593186e+03 9.596621e+03 9.568168e+03
1.5 9.621904e+03 9.625540e+03 9.619536e+03 9.615901e+03
2.5 9.664869e+03 9.637434e+03 9.628211e+03 9.655646e+03
3.5 9.616184e+03 9.602143e+03 9.597332e+03 9.611372e+03
4.5 9.578606e+03 9.592247e+03 9.596509e+03 9.582868e+03
5.5 9.592229e+03 9.612800e+03 9.611502e+03 9.590931e+03
6.5 9.603927e+03 9.637316e+03 9.628075e+03 9.594686e+03
7.5 9.664997e+03 9.637341e+03 9.628033e+03 9.655690e+03
1.0 9.603927e+03 9.637316e+03 9.628075e+03 9.594686e+03
2.0 9.664997e+03 9.637341e+03 9.628033e+03 9.655690e+03
3.0 9.644209e+03 9.610040e+03 9.612960e+03 9.647130e+03
4.0 9.555479e+03 9.593026e+03 9.596304e+03 9.558757e+03
5.0 9.578865e+03 9.593975e+03 9.596256e+03 9.581146e+03
6.0 9.658020e+03 9.636172e+03 9.627050e+03 9.648897e+03
7.0 9.539646e+03 9.604579e+03 9.596934e+03 9.532001e+03
8.0 9.596701e+03 9.598178e+03 9.596086e+03 9.594609e+03
0.5 9.555479e+03 9.593026e+03 9.596304e+03 9.558757e+03
1.5 9.578865e+03 9.593975e+03 9.596256e+03 9.581146e+03
2.5 9.658020e+03 9.636172e+03 9.627050e+03 9.648897e+03
3.5 9.539646e+03 9.604579e+03 9.596934e+03 9.532001e+03
4.5 9.596701e+03 9.598178e+03 9.596086e+03 9.594609e+03
5.5 9.660867e+03 9.612603e+03 9.611054e+03 9.659318e+03
6.5 9.586277e+03 9.635306e+03 9.627593e+03 9.578564e+03
7.5 9.590462e+03 9.633825e+03 9.627515e+03 9.584153e+03
1.0 9.649001e+03 9.631430e+03 9.627156e+03 9.644727e+03
2.0 9.656944e+03 9.627518e+03 9.627053e+03 9.656479e+03
3.0 9.670448e+03 9.598093e+03 9.611930e+03 9.684285e+03
4.0 9.660954e+03 9.580490e+03 9.595226e+03 9.675690e+03
5.0 9.649090e+03 9.588605e+03 9.595125e+03 9.655610e+03
6.0 9.597498e+03 9.633863e+03 9.625850e+03 9.589485e+03
7.0 9.608256e+03 9.634914e+03 9.626538e+03 9.599880e+03
8.0 9.602537e+03 9.630687e+03 9.626432e+03 9.598283e+03
0.7 9.602537e+03 9.630687e+03 9.626432e+03 9.598283e+03
1.7 9.591091e+03 9.625029e+03 9.626309e+03 9.592370e+03
2.7 9.586111e+03 9.617456e+03 9.619068e+03 9.587724e+03
