0.5 8.845811e+03 8.718408e+03 8.615074e+03 8.742476e+03
1.5 8.660985e+03 8.700546e+03 8.605121e+03 8.565560e+03
2.5 8.751196e+03 8.686465e+03 8.596009e+03 8.660740e+03
3.5 8.640458e+03 8.610245e+03 8.587702e+03 8.617916e+03
4.5 8.632566e+03 8.533020e+03 8.580169e+03 8.679716e+03
5.5 8.600259e+03 8.562938e+03 8.628339e+03 8.665660e+03
6.5 8.678111e+03 8.680503e+03 8.744371e+03 8.741979e+03
7.5 8.771654e+03 8.761690e+03 8.824371e+03 8.834336e+03
8.5 8.661054e+03 8.763758e+03 8.825566e+03 8.722862e+03
0.2 8.751196e+03 8.686465e+03 8.596009e+03 8.660740e+03
1.2 8.640458e+03 8.610245e+03 8.587702e+03 8.617916e+03
2.2 8.632566e+03 8.533020e+03 8.580169e+03 8.679716e+03
3.2 8.600259e+03 8.562938e+03 8.628339e+03 8.665660e+03
4.2 8.678111e+03 8.680503e+03 8.744371e+03 8.741979e+03
5.2 8.771654e+03 8.761690e+03 8.824371e+03 8.834336e+03
6.2 8.661054e+03 8.763758e+03 8.825566e+03 8.722862e+03
7.2 8.722251e+03 8.752772e+03 8.802941e+03 8.772420e+03
8.2 8.708606e+03 8.756670e+03 8.817531e+03 8.769468e+03
0.9 8.600259e+03 8.562938e+03 8.628339e+03 8.665660e+03
1.9 8.678111e+03 8.680503e+03 8.744371e+03 8.741979e+03
2.9 8.771654e+03 8.761690e+03 8.824371e+03 8.834336e+03
3.9 8.661054e+03 8.763758e+03 8.825566e+03 8.722862e+03
4.9 8.722251e+03 8.752772e+03 8.802941e+03 8.772420e+03
5.9 8.708606e+03 8.756670e+03 8.817531e+03 8.769468e+03
6.9 8.847439e+03 8.759584e+03 8.814333e+03 8.902188e+03
7.9 8.715743e+03 8.750854e+03 8.811622e+03 8.776510e+03
8.9 8.710162e+03 8.748393e+03 8.809355e+03 8.771124e+03
0.6 8.771654e+03 8.761690e+03 8.824371e+03 8.834336e+03
1.6 8.661054e+03 8.763758e+03 8.825566e+03 8.722862e+03
2.6 8.722251e+03 8.752772e+03 8.802941e+03 8.772420e+03
3.6 8.708606e+03 8.756670e+03 8.817531e+03 8.769468e+03
4.6 8.847439e+03 8.759584e+03 8.814333e+03 8.902188e+03
5.6 8.715743e+03 8.750854e+03 8.811622e+03 8.776510e+03
6.6 8.710162e+03 8.748393e+03 8.809355e+03 8.771124e+03
7.6 8.636345e+03 8.746206e+03 8.807490e+03 8.697629e+03
8.6 8.685247e+03 8.744287e+03 8.805985e+03 8.746945e+03
0.3 8.722251e+03 8.752772e+03 8.802941e+03 8.772420e+03
1.3 8.708606e+03 8.756670e+03 8.817531e+03 8.769468e+03
2.3 8.847439e+03 8.759584e+03 8.814333e+03 8.902188e+03
3.3 8.715743e+03 8.750854e+03 8.811622e+03 8.776510e+03
4.3 8.710162e+03 8.748393e+03 8.809355e+03 8.771124e+03
5.3 8.636345e+03 8.746206e+03 8.807490e+03 8.697629e+03
6.3 8.685247e+03 8.744287e+03 8.805985e+03 8.746945e+03
7.3 8.770877e+03 8.721880e+03 8.780371e+03 8.829368e+03
8.3 8.792718e+03 8.741196e+03 8.803881e+03 8.855402e+03
1.0 8.715743e+03 8.750854e+03 8.811622e+03 8.776510e+03
2.0 8.710162e+03 8.748393e+03 8.809355e+03 8.771124e+03
3.0 8.636345e+03 8.746206e+03 8.807490e+03 8.697629e+03
4.0 8.685247e+03 8.744287e+03 8.805985e+03 8.746945e+03
5.0 8.770877e+03 8.721880e+03 8.780371e+03 8.829368e+03
6.0 8.792718e+03 8.741196e+03 8.803881e+03 8.855402e+03
7.0 8.718849e+03 8.753306e+03 8.803184e+03 8.768726e+03
8.0 8.667915e+03 8.750965e+03 8.802674e+03 8.719624e+03
9.0 8.646624e+03 8.761554e+03 8.802318e+03 8.687389e+03
0.7 8.636345e+03 8.746206e+03 8.807490e+03 8.697629e+03
1.7 8.685247e+03 8.744287e+03 8.805985e+03 8.746945e+03
2.7 8.770877e+03 8.721880e+03 8.780371e+03 8.829368e+03
3.7 8.792718e+03 8.741196e+03 8.803881e+03 8.855402e+03
4.7 8.718849e+03 8.753306e+03 8.803184e+03 8.768726e+03
5.7 8.667915e+03 8.750965e+03 8.802674e+03 8.719624e+03
6.7 8.646624e+03 8.761554e+03 8.802318e+03 8.687389e+03
7.7 8.758873e+03 8.803039e+03 8.802083e+03 8.757917e+03
8.7 9.047936e+03 8.876063e+03 8.801940e+03 8.973812e+03
0.4 8.770877e+03 8.721880e+03 8.780371e+03 8.829368e+03
1.4 8.792718e+03 8.741196e+03 8.803881e+03 8.855402e+03
2.4 8.718849e+03 8.753306e+03 8.803184e+03 8.768726e+03
3.4 8.667915e+03 8.750965e+03 8.802674e+03 8.719624e+03
4.4 8.646624e+03 8.761554e+03 8.802318e+03 8.687389e+03
5.4 8.758873e+03 8.803039e+03 8.802083e+03 8.757917e+03
6.4 9.047936e+03 8.876063e+03 8.801940e+03 8.973812e+03
7.4 8.862252e+03 8.899001e+03 8.777437e+03 8.740688e+03
8.4 8.788266e+03 8.794785e+03 8.673591e+03 8.667071e+03
0.5 8.701044e+03 8.647920e+03 8.533138e+03 8.586262e+03
1.5 8.697852e+03 8.636309e+03 8.533112e+03 8.594655e+03
2.5 8.680481e+03 8.628155e+03 8.533063e+03 8.585390e+03
3.5 8.641270e+03 8.555964e+03 8.532989e+03 8.618295e+03
4.5 8.625503e+03 8.484220e+03 8.532888e+03 8.674171e+03
5.5 8.673254e+03 8.523806e+03 8.590777e+03 8.740225e+03
6.5 8.685044e+03 8.645782e+03 8.712772e+03 8.752033e+03
7.5 8.822215e+03 8.732685e+03 8.798134e+03 8.887664e+03
8.5 8.728003e+03 8.735616e+03 8.801079e+03 8.793466e+03
0.2 8.680481e+03 8.628155e+03 8.533063e+03 8.585390e+03
1.2 8.641270e+03 8.555964e+03 8.532989e+03 8.618295e+03
2.2 8.625503e+03 8.484220e+03 8.532888e+03 8.674171e+03
3.2 8.673254e+03 8.523806e+03 8.590777e+03 8.740225e+03
4.2 8.685044e+03 8.645782e+03 8.712772e+03 8.752033e+03
5.2 8.822215e+03 8.732685e+03 8.798134e+03 8.887664e+03
6.2 8.728003e+03 8.735616e+03 8.801079e+03 8.793466e+03
7.2 8.817600e+03 8.723042e+03 8.779610e+03 8.874167e+03
8.2 8.860446e+03 8.730203e+03 8.797847e+03 8.928090e+03
0.9 8.673254e+03 8.523806e+03 8.590777e+03 8.740225e+03
1.9 8.685044e+03 8.645782e+03 8.712772e+03 8.752033e+03
2.9 8.822215e+03 8.732685e+03 8.798134e+03 8.887664e+03
3.9 8.728003e+03 8.735616e+03 8.801079e+03 8.793466e+03
4.9 8.817600e+03 8.723042e+03 8.779610e+03 8.874167e+03
5.9 8.860446e+03 8.730203e+03 8.797847e+03 8.928090e+03
6.9 8.694089e+03 8.736353e+03 8.797782e+03 8.755518e+03
7.9 8.728369e+03 8.732062e+03 8.800794e+03 8.797101e+03
8.9 8.557681e+03 8.731971e+03 8.800781e+03 8.626491e+03
0.6 8.822215e+03 8.732685e+03 8.798134e+03 8.887664e+03
1.6 8.728003e+03 8.735616e+03 8.801079e+03 8.793466e+03
2.6 8.817600e+03 8.723042e+03 8.779610e+03 8.874167e+03
3.6 8.860446e+03 8.730203e+03 8.797847e+03 8.928090e+03
4.6 8.694089e+03 8.736353e+03 8.797782e+03 8.755518e+03
5.6 8.728369e+03 8.732062e+03 8.800794e+03 8.797101e+03
6.6 8.557681e+03 8.731971e+03 8.800781e+03 8.626491e+03
7.6 8.689149e+03 8.739916e+03 8.803855e+03 8.753088e+03
8.6 8.665494e+03 8.739899e+03 8.803911e+03 8.729506e+03
0.3 8.817600e+03 8.723042e+03 8.779610e+03 8.874167e+03
1.3 8.860446e+03 8.730203e+03 8.797847e+03 8.928090e+03
2.3 8.694089e+03 8.736353e+03 8.797782e+03 8.755518e+03
3.3 8.728369e+03 8.732062e+03 8.800794e+03 8.797101e+03
4.3 8.557681e+03 8.731971e+03 8.800781e+03 8.626491e+03
5.3 8.689149e+03 8.739916e+03 8.803855e+03 8.753088e+03
6.3 8.665494e+03 8.739899e+03 8.803911e+03 8.729506e+03
7.3 8.640938e+03 8.714256e+03 8.776506e+03 8.703187e+03
8.3 8.737522e+03 8.727030e+03 8.794857e+03 8.805349e+03
0.9 8.728369e+03 8.732062e+03 8.800794e+03 8.797101e+03
1.9 8.557681e+03 8.731971e+03 8.800781e+03 8.626491e+03
2.9 8.689149e+03 8.739916e+03 8.803855e+03 8.753088e+03
3.9 8.665494e+03 8.739899e+03 8.803911e+03 8.729506e+03
4.9 8.640938e+03 8.714256e+03 8.776506e+03 8.703187e+03
5.9 8.737522e+03 8.727030e+03 8.794857e+03 8.805349e+03
6.9 8.707240e+03 8.738500e+03 8.794897e+03 8.763638e+03
7.9 8.754235e+03 8.744852e+03 8.801069e+03 8.810453e+03
8.9 8.635738e+03 8.756328e+03 8.801160e+03 8.680570e+03
0.7 8.689149e+03 8.739916e+03 8.803855e+03 8.753088e+03
1.7 8.665494e+03 8.739899e+03 8.803911e+03 8.729506e+03
2.7 8.640938e+03 8.714256e+03 8.776506e+03 8.703187e+03
3.7 8.737522e+03 8.727030e+03 8.794857e+03 8.805349e+03
4.7 8.707240e+03 8.738500e+03 8.794897e+03 8.763638e+03
5.7 8.754235e+03 8.744852e+03 8.801069e+03 8.810453e+03
6.7 8.635738e+03 8.756328e+03 8.801160e+03 8.680570e+03
7.7 8.633431e+03 8.796998e+03 8.801260e+03 8.637692e+03
8.7 8.858263e+03 8.870634e+03 8.801366e+03 8.788994e+03
0.3 8.640938e+03 8.714256e+03 8.776506e+03 8.703187e+03
1.3 8.737522e+03 8.727030e+03 8.794857e+03 8.805349e+03
2.3 8.707240e+03 8.738500e+03 8.794897e+03 8.763638e+03
3.3 8.754235e+03 8.744852e+03 8.801069e+03 8.810453e+03
4.3 8.635738e+03 8.756328e+03 8.801160e+03 8.680570e+03
5.3 8.633431e+03 8.796998e+03 8.801260e+03 8.637692e+03
6.3 8.858263e+03 8.870634e+03 8.801366e+03 8.788994e+03
7.3 9.099295e+03 8.895943e+03 8.777058e+03 8.980410e+03
8.3 8.944302e+03 8.795261e+03 8.676436e+03 8.825477e+03
0.5 8.461109e+03 8.646406e+03 8.533313e+03 8.348016e+03
1.5 8.581334e+03 8.635014e+03 8.533327e+03 8.479647e+03
2.5 8.536663e+03 8.627344e+03 8.533333e+03 8.442651e+03
3.5 8.731442e+03 8.553773e+03 8.533308e+03 8.710977e+03
4.5 8.560378e+03 8.482194e+03 8.533255e+03 8.611439e+03
5.5 8.508934e+03 8.528972e+03 8.594246e+03 8.574208e+03
6.5 8.586889e+03 8.651118e+03 8.716280e+03 8.652050e+03
7.5 8.521654e+03 8.736673e+03 8.798612e+03 8.583593e+03
8.5 8.665988e+03 8.736671e+03 8.798492e+03 8.727809e+03
0.2 8.536663e+03 8.627344e+03 8.533333e+03 8.442651e+03
1.2 8.731442e+03 8.553773e+03 8.533308e+03 8.710977e+03
2.2 8.560378e+03 8.482194e+03 8.533255e+03 8.611439e+03
3.2 8.508934e+03 8.528972e+03 8.594246e+03 8.574208e+03
4.2 8.586889e+03 8.651118e+03 8.716280e+03 8.652050e+03
5.2 8.521654e+03 8.736673e+03 8.798612e+03 8.583593e+03
6.2 8.665988e+03 8.736671e+03 8.798492e+03 8.727809e+03
7.2 8.701865e+03 8.724493e+03 8.776996e+03 8.754368e+03
8.2 8.705969e+03 8.726582e+03 8.792143e+03 8.771530e+03
0.8 8.508934e+03 8.528972e+03 8.594246e+03 8.574208e+03
1.8 8.586889e+03 8.651118e+03 8.716280e+03 8.652050e+03
2.8 8.521654e+03 8.736673e+03 8.798612e+03 8.583593e+03
3.8 8.665988e+03 8.736671e+03 8.798492e+03 8.727809e+03
4.8 8.701865e+03 8.724493e+03 8.776996e+03 8.754368e+03
5.8 8.705969e+03 8.726582e+03 8.792143e+03 8.771530e+03
6.8 8.718979e+03 8.728593e+03 8.792033e+03 8.782419e+03
7.8 8.756547e+03 8.730881e+03 8.798044e+03 8.823710e+03
8.8 8.787519e+03 8.730921e+03 8.797961e+03 8.854558e+03
0.5 8.521654e+03 8.736673e+03 8.798612e+03 8.583593e+03
1.5 8.665988e+03 8.736671e+03 8.798492e+03 8.727809e+03
2.5 8.701865e+03 8.724493e+03 8.776996e+03 8.754368e+03
3.5 8.705969e+03 8.726582e+03 8.792143e+03 8.771530e+03
4.5 8.718979e+03 8.728593e+03 8.792033e+03 8.782419e+03
5.5 8.756547e+03 8.730881e+03 8.798044e+03 8.823710e+03
6.5 8.787519e+03 8.730921e+03 8.797961e+03 8.854558e+03
7.5 8.747942e+03 8.730952e+03 8.797877e+03 8.814867e+03
8.5 8.786559e+03 8.734035e+03 8.800849e+03 8.853373e+03
0.2 8.701865e+03 8.724493e+03 8.776996e+03 8.754368e+03
1.2 8.705969e+03 8.726582e+03 8.792143e+03 8.771530e+03
2.2 8.718979e+03 8.728593e+03 8.792033e+03 8.782419e+03
3.2 8.756547e+03 8.730881e+03 8.798044e+03 8.823710e+03
4.2 8.787519e+03 8.730921e+03 8.797961e+03 8.854558e+03
5.2 8.747942e+03 8.730952e+03 8.797877e+03 8.814867e+03
6.2 8.786559e+03 8.734035e+03 8.800849e+03 8.853373e+03
7.2 8.789104e+03 8.721926e+03 8.779423e+03 8.846601e+03
8.2 8.814782e+03 8.734197e+03 8.800775e+03 8.881359e+03
0.9 8.756547e+03 8.730881e+03 8.798044e+03 8.823710e+03
1.9 8.787519e+03 8.730921e+03 8.797961e+03 8.854558e+03
2.9 8.747942e+03 8.730952e+03 8.797877e+03 8.814867e+03
3.9 8.786559e+03 8.734035e+03 8.800849e+03 8.853373e+03
4.9 8.789104e+03 8.721926e+03 8.779423e+03 8.846601e+03
5.9 8.814782e+03 8.734197e+03 8.800775e+03 8.881359e+03
6.9 8.848935e+03 8.742155e+03 8.800775e+03 8.907554e+03
7.9 8.686074e+03 8.745704e+03 8.800788e+03 8.741158e+03
8.9 8.911834e+03 8.757400e+03 8.800805e+03 8.955238e+03
0.6 8.747942e+03 8.730952e+03 8.797877e+03 8.814867e+03
1.6 8.786559e+03 8.734035e+03 8.800849e+03 8.853373e+03
2.6 8.789104e+03 8.721926e+03 8.779423e+03 8.846601e+03
3.6 8.814782e+03 8.734197e+03 8.800775e+03 8.881359e+03
4.6 8.848935e+03 8.742155e+03 8.800775e+03 8.907554e+03
5.6 8.686074e+03 8.745704e+03 8.800788e+03 8.741158e+03
6.6 8.911834e+03 8.757400e+03 8.800805e+03 8.955238e+03
7.6 8.780975e+03 8.795218e+03 8.800810e+03 8.786566e+03
8.6 9.177909e+03 8.869148e+03 8.800787e+03 9.109549e+03
0.3 8.789104e+03 8.721926e+03 8.779423e+03 8.846601e+03
1.3 8.814782e+03 8.734197e+03 8.800775e+03 8.881359e+03
2.3 8.848935e+03 8.742155e+03 8.800775e+03 8.907554e+03
3.3 8.686074e+03 8.745704e+03 8.800788e+03 8.741158e+03
4.3 8.911834e+03 8.757400e+03 8.800805e+03 8.955238e+03
5.3 8.780975e+03 8.795218e+03 8.800810e+03 8.786566e+03
6.3 9.177909e+03 8.869148e+03 8.800787e+03 9.109549e+03
7.3 8.869601e+03 8.898457e+03 8.776300e+03 8.747443e+03
8.3 8.733547e+03 8.804214e+03 8.681529e+03 8.610861e+03
0.5 8.623260e+03 8.650707e+03 8.530215e+03 8.502767e+03
1.5 8.631074e+03 8.639687e+03 8.529338e+03 8.520726e+03
2.5 8.428098e+03 8.632073e+03 8.528224e+03 8.324248e+03
3.5 8.427909e+03 8.558811e+03 8.526842e+03 8.395941e+03
4.5 8.424751e+03 8.487776e+03 8.525163e+03 8.462138e+03
5.5 8.468530e+03 8.532328e+03 8.584226e+03 8.520428e+03
6.5 8.675780e+03 8.654583e+03 8.704008e+03 8.725205e+03
7.5 8.626561e+03 8.741916e+03 8.786765e+03 8.671410e+03
8.5 8.697412e+03 8.741767e+03 8.783619e+03 8.739264e+03
0.2 8.428098e+03 8.632073e+03 8.528224e+03 8.324248e+03
1.2 8.427909e+03 8.558811e+03 8.526842e+03 8.395941e+03
2.2 8.424751e+03 8.487776e+03 8.525163e+03 8.462138e+03
3.2 8.468530e+03 8.532328e+03 8.584226e+03 8.520428e+03
4.2 8.675780e+03 8.654583e+03 8.704008e+03 8.725205e+03
5.2 8.626561e+03 8.741916e+03 8.786765e+03 8.671410e+03
6.2 8.697412e+03 8.741767e+03 8.783619e+03 8.739264e+03
7.2 8.633681e+03 8.725944e+03 8.755613e+03 8.663349e+03
8.2 8.649970e+03 8.737614e+03 8.772956e+03 8.685311e+03
0.9 8.468530e+03 8.532328e+03 8.584226e+03 8.520428e+03
1.9 8.675780e+03 8.654583e+03 8.704008e+03 8.725205e+03
2.9 8.626561e+03 8.741916e+03 8.786765e+03 8.671410e+03
3.9 8.697412e+03 8.741767e+03 8.783619e+03 8.739264e+03
4.9 8.633681e+03 8.725944e+03 8.755613e+03 8.663349e+03
5.9 8.649970e+03 8.737614e+03 8.772956e+03 8.685311e+03
6.9 8.721794e+03 8.742861e+03 8.768454e+03 8.747387e+03
7.9 8.793367e+03 8.734324e+03 8.763465e+03 8.822508e+03
8.9 8.912187e+03 8.733039e+03 8.757997e+03 8.937144e+03
0.6 8.626561e+03 8.741916e+03 8.786765e+03 8.671410e+03
1.6 8.697412e+03 8.741767e+03 8.783619e+03 8.739264e+03
2.6 8.633681e+03 8.725944e+03 8.755613e+03 8.663349e+03
3.6 8.649970e+03 8.737614e+03 8.772956e+03 8.685311e+03
4.6 8.721794e+03 8.742861e+03 8.768454e+03 8.747387e+03
5.6 8.793367e+03 8.734324e+03 8.763465e+03 8.822508e+03
6.6 8.912187e+03 8.733039e+03 8.757997e+03 8.937144e+03
7.6 8.866229e+03 8.736186e+03 8.755177e+03 8.885219e+03
8.6 8.786226e+03 8.734593e+03 8.748951e+03 8.800584e+03
0.3 8.633681e+03 8.725944e+03 8.755613e+03 8.663349e+03
1.3 8.649970e+03 8.737614e+03 8.772956e+03 8.685311e+03
2.3 8.721794e+03 8.742861e+03 8.768454e+03 8.747387e+03
3.3 8.793367e+03 8.734324e+03 8.763465e+03 8.822508e+03
4.3 8.912187e+03 8.733039e+03 8.757997e+03 8.937144e+03
5.3 8.866229e+03 8.736186e+03 8.755177e+03 8.885219e+03
6.3 8.786226e+03 8.734593e+03 8.748951e+03 8.800584e+03
7.3 8.762023e+03 8.712584e+03 8.717849e+03 8.767289e+03
8.3 8.760034e+03 8.726319e+03 8.732077e+03 8.765792e+03
1.0 8.793367e+03 8.734324e+03 8.763465e+03 8.822508e+03
2.0 8.912187e+03 8.733039e+03 8.757997e+03 8.937144e+03
3.0 8.866229e+03 8.736186e+03 8.755177e+03 8.885219e+03
4.0 8.786226e+03 8.734593e+03 8.748951e+03 8.800584e+03
5.0 8.762023e+03 8.712584e+03 8.717849e+03 8.767289e+03
6.0 8.760034e+03 8.726319e+03 8.732077e+03 8.765792e+03
0.6 8.866229e+03 8.736186e+03 8.755177e+03 8.885219e+03
1.6 8.786226e+03 8.734593e+03 8.748951e+03 8.800584e+03
2.6 8.762023e+03 8.712584e+03 8.717849e+03 8.767289e+03
3.6 8.760034e+03 8.726319e+03 8.732077e+03 8.765792e+03
0.3 8.762023e+03 8.712584e+03 8.717849e+03 8.767289e+03
1.3 8.760034e+03 8.726319e+03 8.732077e+03 8.765792e+03
