0.5 1.039882e+04 1.036205e+04 1.036709e+04 1.040386e+04
1.5 1.031408e+04 1.034607e+04 1.036746e+04 1.033547e+04
2.5 1.033175e+04 1.031350e+04 1.036745e+04 1.038570e+04
3.5 1.031050e+04 1.036058e+04 1.036672e+04 1.031664e+04
4.5 1.037533e+04 1.040071e+04 1.036672e+04 1.034135e+04
5.5 1.040474e+04 1.041180e+04 1.036673e+04 1.035967e+04
6.5 1.035014e+04 1.037898e+04 1.036673e+04 1.033789e+04
7.5 1.036612e+04 1.036956e+04 1.036673e+04 1.036329e+04
0.1 1.037971e+04 1.035329e+04 1.036681e+04 1.039324e+04
1.1 1.040589e+04 1.038854e+04 1.036757e+04 1.038492e+04
2.1 1.043904e+04 1.042155e+04 1.036787e+04 1.038536e+04
3.1 1.048908e+04 1.044535e+04 1.036742e+04 1.041114e+04
4.1 1.047075e+04 1.046587e+04 1.036673e+04 1.037161e+04
5.1 1.035583e+04 1.043072e+04 1.036673e+04 1.029185e+04
6.1 1.037309e+04 1.036532e+04 1.036673e+04 1.037451e+04
7.1 1.032662e+04 1.034461e+04 1.036673e+04 1.034874e+04
0.5 1.039548e+04 1.034352e+04 1.036713e+04 1.041908e+04
1.5 1.033363e+04 1.032816e+04 1.036749e+04 1.037296e+04
2.5 1.035141e+04 1.029698e+04 1.036747e+04 1.042191e+04
3.5 1.033822e+04 1.034533e+04 1.036673e+04 1.035962e+04
4.5 1.043913e+04 1.038859e+04 1.036673e+04 1.041727e+04
5.5 1.040931e+04 1.040160e+04 1.036673e+04 1.037445e+04
6.5 1.040900e+04 1.036845e+04 1.036674e+04 1.040728e+04
7.5 1.044461e+04 1.036002e+04 1.036674e+04 1.045132e+04
0.1 1.033337e+04 1.035259e+04 1.036679e+04 1.034757e+04
1.1 1.040054e+04 1.038577e+04 1.036755e+04 1.038232e+04
2.1 1.038325e+04 1.041907e+04 1.036787e+04 1.033206e+04
3.1 1.040105e+04 1.044324e+04 1.036744e+04 1.032525e+04
4.1 1.056940e+04 1.046580e+04 1.036673e+04 1.047034e+04
5.1 1.054021e+04 1.043150e+04 1.036673e+04 1.047544e+04
6.1 1.030046e+04 1.036604e+04 1.036673e+04 1.030115e+04
7.1 1.033022e+04 1.034364e+04 1.036673e+04 1.035331e+04
0.5 1.033361e+04 1.034296e+04 1.036713e+04 1.035778e+04
1.5 1.032161e+04 1.032685e+04 1.036749e+04 1.036225e+04
2.5 1.035682e+04 1.029573e+04 1.036748e+04 1.042856e+04
3.5 1.033505e+04 1.034497e+04 1.036674e+04 1.035682e+04
4.5 1.032776e+04 1.039025e+04 1.036674e+04 1.030425e+04
5.5 1.042659e+04 1.040332e+04 1.036674e+04 1.039001e+04
6.5 1.030551e+04 1.036859e+04 1.036674e+04 1.030365e+04
7.5 1.035809e+04 1.036023e+04 1.036674e+04 1.036460e+04
0.0 1.032950e+04 1.035514e+04 1.036676e+04 1.034112e+04
1.0 1.036468e+04 1.038496e+04 1.036752e+04 1.034724e+04
2.0 1.039099e+04 1.041846e+04 1.036789e+04 1.034042e+04
3.0 1.040387e+04 1.044305e+04 1.036749e+04 1.032830e+04
4.0 1.053054e+04 1.046949e+04 1.036675e+04 1.042781e+04
5.0 1.034580e+04 1.043677e+04 1.036675e+04 1.027578e+04
6.0 1.033545e+04 1.037116e+04 1.036676e+04 1.033104e+04
7.0 1.040339e+04 1.034545e+04 1.036676e+04 1.042470e+04
0.5 1.032382e+04 1.034590e+04 1.036716e+04 1.034509e+04
1.5 1.029101e+04 1.033020e+04 1.036753e+04 1.032834e+04
2.5 1.032511e+04 1.029953e+04 1.036751e+04 1.039309e+04
3.5 1.034585e+04 1.034844e+04 1.036678e+04 1.036419e+04
4.5 1.038610e+04 1.039426e+04 1.036679e+04 1.035862e+04
5.5 1.042134e+04 1.040874e+04 1.036679e+04 1.037940e+04
6.5 1.040122e+04 1.037412e+04 1.036680e+04 1.039390e+04
7.5 1.037326e+04 1.036642e+04 1.036681e+04 1.037365e+04
