0.5 1.105757e+04 1.106188e+04 1.111969e+04 1.111538e+04
1.5 1.100147e+04 1.104933e+04 1.111068e+04 1.106282e+04
2.5 1.108435e+04 1.103626e+04 1.110434e+04 1.115243e+04
3.5 1.112303e+04 1.108463e+04 1.110384e+04 1.114224e+04
4.5 1.114473e+04 1.115511e+04 1.110511e+04 1.109472e+04
5.5 1.136124e+04 1.118826e+04 1.110365e+04 1.127664e+04
6.5 1.111304e+04 1.120054e+04 1.110353e+04 1.101604e+04
7.5 1.104325e+04 1.111899e+04 1.110340e+04 1.102766e+04
8.5 1.115420e+04 1.111807e+04 1.110325e+04 1.113938e+04
0.2 1.108435e+04 1.103626e+04 1.110434e+04 1.115243e+04
1.2 1.112303e+04 1.108463e+04 1.110384e+04 1.114224e+04
2.2 1.114473e+04 1.115511e+04 1.110511e+04 1.109472e+04
3.2 1.136124e+04 1.118826e+04 1.110365e+04 1.127664e+04
4.2 1.111304e+04 1.120054e+04 1.110353e+04 1.101604e+04
5.2 1.104325e+04 1.111899e+04 1.110340e+04 1.102766e+04
6.2 1.115420e+04 1.111807e+04 1.110325e+04 1.113938e+04
7.2 1.108251e+04 1.110581e+04 1.110309e+04 1.107979e+04
8.2 1.109996e+04 1.111505e+04 1.110293e+04 1.108784e+04
0.9 1.136124e+04 1.118826e+04 1.110365e+04 1.127664e+04
1.9 1.111304e+04 1.120054e+04 1.110353e+04 1.101604e+04
2.9 1.104325e+04 1.111899e+04 1.110340e+04 1.102766e+04
3.9 1.115420e+04 1.111807e+04 1.110325e+04 1.113938e+04
4.9 1.108251e+04 1.110581e+04 1.110309e+04 1.107979e+04
5.9 1.109996e+04 1.111505e+04 1.110293e+04 1.108784e+04
6.9 1.110660e+04 1.111288e+04 1.110456e+04 1.109827e+04
7.9 1.104974e+04 1.111271e+04 1.110259e+04 1.103962e+04
8.9 1.097975e+04 1.111177e+04 1.110242e+04 1.097040e+04
0.6 1.104325e+04 1.111899e+04 1.110340e+04 1.102766e+04
1.6 1.115420e+04 1.111807e+04 1.110325e+04 1.113938e+04
2.6 1.108251e+04 1.110581e+04 1.110309e+04 1.107979e+04
3.6 1.109996e+04 1.111505e+04 1.110293e+04 1.108784e+04
4.6 1.110660e+04 1.111288e+04 1.110456e+04 1.109827e+04
5.6 1.104974e+04 1.111271e+04 1.110259e+04 1.103962e+04
6.6 1.097975e+04 1.111177e+04 1.110242e+04 1.097040e+04
7.6 1.106308e+04 1.111097e+04 1.110226e+04 1.105438e+04
8.6 1.114506e+04 1.111029e+04 1.110210e+04 1.113687e+04
0.3 1.108251e+04 1.110581e+04 1.110309e+04 1.107979e+04
1.3 1.109996e+04 1.111505e+04 1.110293e+04 1.108784e+04
2.3 1.110660e+04 1.111288e+04 1.110456e+04 1.109827e+04
3.3 1.104974e+04 1.111271e+04 1.110259e+04 1.103962e+04
4.3 1.097975e+04 1.111177e+04 1.110242e+04 1.097040e+04
5.3 1.106308e+04 1.111097e+04 1.110226e+04 1.105438e+04
6.3 1.114506e+04 1.111029e+04 1.110210e+04 1.113687e+04
7.3 1.109019e+04 1.110363e+04 1.110196e+04 1.108852e+04
8.3 1.098096e+04 1.110922e+04 1.110182e+04 1.097356e+04
1.0 1.104974e+04 1.111271e+04 1.110259e+04 1.103962e+04
2.0 1.097975e+04 1.111177e+04 1.110242e+04 1.097040e+04
3.0 1.106308e+04 1.111097e+04 1.110226e+04 1.105438e+04
4.0 1.114506e+04 1.111029e+04 1.110210e+04 1.113687e+04
5.0 1.109019e+04 1.110363e+04 1.110196e+04 1.108852e+04
6.0 1.098096e+04 1.110922e+04 1.110182e+04 1.097356e+04
7.0 1.110499e+04 1.110890e+04 1.110349e+04 1.109957e+04
8.0 1.116096e+04 1.118871e+04 1.111101e+04 1.108326e+04
9.0 1.133310e+04 1.122318e+04 1.111990e+04 1.122982e+04
0.7 1.106308e+04 1.111097e+04 1.110226e+04 1.105438e+04
1.7 1.114506e+04 1.111029e+04 1.110210e+04 1.113687e+04
2.7 1.109019e+04 1.110363e+04 1.110196e+04 1.108852e+04
3.7 1.098096e+04 1.110922e+04 1.110182e+04 1.097356e+04
4.7 1.110499e+04 1.110890e+04 1.110349e+04 1.109957e+04
5.7 1.116096e+04 1.118871e+04 1.111101e+04 1.108326e+04
6.7 1.133310e+04 1.122318e+04 1.111990e+04 1.122982e+04
7.7 1.119771e+04 1.119216e+04 1.112116e+04 1.112670e+04
8.7 1.115725e+04 1.113426e+04 1.112107e+04 1.114405e+04
0.4 1.109019e+04 1.110363e+04 1.110196e+04 1.108852e+04
1.4 1.098096e+04 1.110922e+04 1.110182e+04 1.097356e+04
2.4 1.110499e+04 1.110890e+04 1.110349e+04 1.109957e+04
3.4 1.116096e+04 1.118871e+04 1.111101e+04 1.108326e+04
4.4 1.133310e+04 1.122318e+04 1.111990e+04 1.122982e+04
5.4 1.119771e+04 1.119216e+04 1.112116e+04 1.112670e+04
6.4 1.115725e+04 1.113426e+04 1.112107e+04 1.114405e+04
7.4 1.113916e+04 1.109878e+04 1.112100e+04 1.116137e+04
8.4 1.120957e+04 1.111753e+04 1.112094e+04 1.121298e+04
0.5 1.100700e+04 1.103074e+04 1.111651e+04 1.109278e+04
1.5 1.094676e+04 1.102161e+04 1.110749e+04 1.103264e+04
2.5 1.112863e+04 1.101156e+04 1.110118e+04 1.121825e+04
3.5 1.109864e+04 1.106422e+04 1.110094e+04 1.113536e+04
4.5 1.114750e+04 1.113744e+04 1.110250e+04 1.111257e+04
5.5 1.118034e+04 1.117199e+04 1.110114e+04 1.110950e+04
6.5 1.123182e+04 1.118641e+04 1.110114e+04 1.114654e+04
7.5 1.126952e+04 1.110519e+04 1.110090e+04 1.126523e+04
8.5 1.115336e+04 1.110557e+04 1.110089e+04 1.114869e+04
0.2 1.112863e+04 1.101156e+04 1.110118e+04 1.121825e+04
1.2 1.109864e+04 1.106422e+04 1.110094e+04 1.113536e+04
2.2 1.114750e+04 1.113744e+04 1.110250e+04 1.111257e+04
3.2 1.118034e+04 1.117199e+04 1.110114e+04 1.110950e+04
4.2 1.123182e+04 1.118641e+04 1.110114e+04 1.114654e+04
5.2 1.126952e+04 1.110519e+04 1.110090e+04 1.126523e+04
6.2 1.115336e+04 1.110557e+04 1.110089e+04 1.114869e+04
7.2 1.115266e+04 1.109558e+04 1.110066e+04 1.115774e+04
8.2 1.109403e+04 1.110624e+04 1.110065e+04 1.108844e+04
0.9 1.118034e+04 1.117199e+04 1.110114e+04 1.110950e+04
1.9 1.123182e+04 1.118641e+04 1.110114e+04 1.114654e+04
2.9 1.126952e+04 1.110519e+04 1.110090e+04 1.126523e+04
3.9 1.115336e+04 1.110557e+04 1.110089e+04 1.114869e+04
4.9 1.115266e+04 1.109558e+04 1.110066e+04 1.115774e+04
5.9 1.109403e+04 1.110624e+04 1.110065e+04 1.108844e+04
6.9 1.108968e+04 1.110553e+04 1.110266e+04 1.108680e+04
7.9 1.107694e+04 1.110867e+04 1.110130e+04 1.106956e+04
8.9 1.111351e+04 1.110869e+04 1.110129e+04 1.110611e+04
0.6 1.126952e+04 1.110519e+04 1.110090e+04 1.126523e+04
1.6 1.115336e+04 1.110557e+04 1.110089e+04 1.114869e+04
2.6 1.115266e+04 1.109558e+04 1.110066e+04 1.115774e+04
3.6 1.109403e+04 1.110624e+04 1.110065e+04 1.108844e+04
4.6 1.108968e+04 1.110553e+04 1.110266e+04 1.108680e+04
5.6 1.107694e+04 1.110867e+04 1.110130e+04 1.106956e+04
6.6 1.111351e+04 1.110869e+04 1.110129e+04 1.110611e+04
7.6 1.108803e+04 1.110459e+04 1.110083e+04 1.108426e+04
8.6 1.110030e+04 1.110459e+04 1.110082e+04 1.109653e+04
0.3 1.115266e+04 1.109558e+04 1.110066e+04 1.115774e+04
1.3 1.109403e+04 1.110624e+04 1.110065e+04 1.108844e+04
2.3 1.108968e+04 1.110553e+04 1.110266e+04 1.108680e+04
3.3 1.107694e+04 1.110867e+04 1.110130e+04 1.106956e+04
4.3 1.111351e+04 1.110869e+04 1.110129e+04 1.110611e+04
5.3 1.108803e+04 1.110459e+04 1.110083e+04 1.108426e+04
6.3 1.110030e+04 1.110459e+04 1.110082e+04 1.109653e+04
7.3 1.114099e+04 1.109944e+04 1.110081e+04 1.114236e+04
8.3 1.111068e+04 1.110600e+04 1.110080e+04 1.110548e+04
0.9 1.107694e+04 1.110867e+04 1.110130e+04 1.106956e+04
1.9 1.111351e+04 1.110869e+04 1.110129e+04 1.110611e+04
2.9 1.108803e+04 1.110459e+04 1.110083e+04 1.108426e+04
3.9 1.110030e+04 1.110459e+04 1.110082e+04 1.109653e+04
4.9 1.114099e+04 1.109944e+04 1.110081e+04 1.114236e+04
5.9 1.111068e+04 1.110600e+04 1.110080e+04 1.110548e+04
6.9 1.110047e+04 1.110584e+04 1.110259e+04 1.109722e+04
7.9 1.114113e+04 1.118525e+04 1.111000e+04 1.106587e+04
8.9 1.123301e+04 1.122162e+04 1.111898e+04 1.113038e+04
0.7 1.108803e+04 1.110459e+04 1.110083e+04 1.108426e+04
1.7 1.110030e+04 1.110459e+04 1.110082e+04 1.109653e+04
2.7 1.114099e+04 1.109944e+04 1.110081e+04 1.114236e+04
3.7 1.111068e+04 1.110600e+04 1.110080e+04 1.110548e+04
4.7 1.110047e+04 1.110584e+04 1.110259e+04 1.109722e+04
5.7 1.114113e+04 1.118525e+04 1.111000e+04 1.106587e+04
6.7 1.123301e+04 1.122162e+04 1.111898e+04 1.113038e+04
7.7 1.120452e+04 1.119253e+04 1.112055e+04 1.113254e+04
8.7 1.094569e+04 1.113477e+04 1.112054e+04 1.093146e+04
0.3 1.114099e+04 1.109944e+04 1.110081e+04 1.114236e+04
1.3 1.111068e+04 1.110600e+04 1.110080e+04 1.110548e+04
2.3 1.110047e+04 1.110584e+04 1.110259e+04 1.109722e+04
3.3 1.114113e+04 1.118525e+04 1.111000e+04 1.106587e+04
4.3 1.123301e+04 1.122162e+04 1.111898e+04 1.113038e+04
5.3 1.120452e+04 1.119253e+04 1.112055e+04 1.113254e+04
6.3 1.094569e+04 1.113477e+04 1.112054e+04 1.093146e+04
7.3 1.112722e+04 1.109730e+04 1.112054e+04 1.115046e+04
8.3 1.110503e+04 1.111663e+04 1.112053e+04 1.110893e+04
0.5 1.102233e+04 1.103039e+04 1.111606e+04 1.110799e+04
1.5 1.110517e+04 1.102133e+04 1.110708e+04 1.119092e+04
2.5 1.109469e+04 1.101157e+04 1.110102e+04 1.118414e+04
3.5 1.098776e+04 1.106588e+04 1.110103e+04 1.102291e+04
4.5 1.112377e+04 1.113916e+04 1.110262e+04 1.108722e+04
5.5 1.110837e+04 1.117169e+04 1.110151e+04 1.103818e+04
6.5 1.110145e+04 1.118616e+04 1.110152e+04 1.101681e+04
7.5 1.108041e+04 1.110298e+04 1.110108e+04 1.107852e+04
8.5 1.103471e+04 1.110298e+04 1.110110e+04 1.103283e+04
0.2 1.109469e+04 1.101157e+04 1.110102e+04 1.118414e+04
1.2 1.098776e+04 1.106588e+04 1.110103e+04 1.102291e+04
2.2 1.112377e+04 1.113916e+04 1.110262e+04 1.108722e+04
3.2 1.110837e+04 1.117169e+04 1.110151e+04 1.103818e+04
4.2 1.110145e+04 1.118616e+04 1.110152e+04 1.101681e+04
5.2 1.108041e+04 1.110298e+04 1.110108e+04 1.107852e+04
6.2 1.103471e+04 1.110298e+04 1.110110e+04 1.103283e+04
7.2 1.106011e+04 1.109327e+04 1.110111e+04 1.106795e+04
8.2 1.108689e+04 1.110468e+04 1.110091e+04 1.108312e+04
0.8 1.110837e+04 1.117169e+04 1.110151e+04 1.103818e+04
1.8 1.110145e+04 1.118616e+04 1.110152e+04 1.101681e+04
2.8 1.108041e+04 1.110298e+04 1.110108e+04 1.107852e+04
3.8 1.103471e+04 1.110298e+04 1.110110e+04 1.103283e+04
4.8 1.106011e+04 1.109327e+04 1.110111e+04 1.106795e+04
5.8 1.108689e+04 1.110468e+04 1.110091e+04 1.108312e+04
6.8 1.118384e+04 1.110627e+04 1.110250e+04 1.118006e+04
7.8 1.112770e+04 1.110691e+04 1.110094e+04 1.112172e+04
8.8 1.111597e+04 1.110693e+04 1.110095e+04 1.110999e+04
0.5 1.108041e+04 1.110298e+04 1.110108e+04 1.107852e+04
1.5 1.103471e+04 1.110298e+04 1.110110e+04 1.103283e+04
2.5 1.106011e+04 1.109327e+04 1.110111e+04 1.106795e+04
3.5 1.108689e+04 1.110468e+04 1.110091e+04 1.108312e+04
4.5 1.118384e+04 1.110627e+04 1.110250e+04 1.118006e+04
5.5 1.112770e+04 1.110691e+04 1.110094e+04 1.112172e+04
6.5 1.111597e+04 1.110693e+04 1.110095e+04 1.110999e+04
7.5 1.103928e+04 1.110697e+04 1.110097e+04 1.103328e+04
8.5 1.107386e+04 1.110743e+04 1.110099e+04 1.106742e+04
0.2 1.106011e+04 1.109327e+04 1.110111e+04 1.106795e+04
1.2 1.108689e+04 1.110468e+04 1.110091e+04 1.108312e+04
2.2 1.118384e+04 1.110627e+04 1.110250e+04 1.118006e+04
3.2 1.112770e+04 1.110691e+04 1.110094e+04 1.112172e+04
4.2 1.111597e+04 1.110693e+04 1.110095e+04 1.110999e+04
5.2 1.103928e+04 1.110697e+04 1.110097e+04 1.103328e+04
6.2 1.107386e+04 1.110743e+04 1.110099e+04 1.106742e+04
7.2 1.115192e+04 1.109776e+04 1.110101e+04 1.115517e+04
8.2 1.116016e+04 1.110755e+04 1.110104e+04 1.115365e+04
0.9 1.112770e+04 1.110691e+04 1.110094e+04 1.112172e+04
1.9 1.111597e+04 1.110693e+04 1.110095e+04 1.110999e+04
2.9 1.103928e+04 1.110697e+04 1.110097e+04 1.103328e+04
3.9 1.107386e+04 1.110743e+04 1.110099e+04 1.106742e+04
4.9 1.115192e+04 1.109776e+04 1.110101e+04 1.115517e+04
5.9 1.116016e+04 1.110755e+04 1.110104e+04 1.115365e+04
6.9 1.119436e+04 1.110698e+04 1.110287e+04 1.119026e+04
7.9 1.118030e+04 1.118249e+04 1.110987e+04 1.110768e+04
8.9 1.130719e+04 1.122219e+04 1.111891e+04 1.120392e+04
0.6 1.103928e+04 1.110697e+04 1.110097e+04 1.103328e+04
1.6 1.107386e+04 1.110743e+04 1.110099e+04 1.106742e+04
2.6 1.115192e+04 1.109776e+04 1.110101e+04 1.115517e+04
3.6 1.116016e+04 1.110755e+04 1.110104e+04 1.115365e+04
4.6 1.119436e+04 1.110698e+04 1.110287e+04 1.119026e+04
5.6 1.118030e+04 1.118249e+04 1.110987e+04 1.110768e+04
6.6 1.130719e+04 1.122219e+04 1.111891e+04 1.120392e+04
7.6 1.125474e+04 1.119658e+04 1.112099e+04 1.117915e+04
8.6 1.103413e+04 1.113877e+04 1.112106e+04 1.101641e+04
0.3 1.115192e+04 1.109776e+04 1.110101e+04 1.115517e+04
1.3 1.116016e+04 1.110755e+04 1.110104e+04 1.115365e+04
2.3 1.119436e+04 1.110698e+04 1.110287e+04 1.119026e+04
3.3 1.118030e+04 1.118249e+04 1.110987e+04 1.110768e+04
4.3 1.130719e+04 1.122219e+04 1.111891e+04 1.120392e+04
5.3 1.125474e+04 1.119658e+04 1.112099e+04 1.117915e+04
6.3 1.103413e+04 1.113877e+04 1.112106e+04 1.101641e+04
7.3 1.108265e+04 1.109707e+04 1.112114e+04 1.110671e+04
8.3 1.117828e+04 1.111741e+04 1.112123e+04 1.118211e+04
0.5 1.080238e+04 1.103276e+04 1.111729e+04 1.088690e+04
1.5 1.095105e+04 1.102390e+04 1.110848e+04 1.103563e+04
2.5 1.107863e+04 1.101413e+04 1.110240e+04 1.116690e+04
3.5 1.102237e+04 1.106864e+04 1.110263e+04 1.105636e+04
4.5 1.109765e+04 1.114235e+04 1.110469e+04 1.106000e+04
5.5 1.120750e+04 1.117597e+04 1.110340e+04 1.113493e+04
6.5 1.116202e+04 1.119060e+04 1.110371e+04 1.107513e+04
7.5 1.101496e+04 1.110978e+04 1.110404e+04 1.100921e+04
8.5 1.103300e+04 1.110989e+04 1.110439e+04 1.102749e+04
0.2 1.107863e+04 1.101413e+04 1.110240e+04 1.116690e+04
1.2 1.102237e+04 1.106864e+04 1.110263e+04 1.105636e+04
2.2 1.109765e+04 1.114235e+04 1.110469e+04 1.106000e+04
3.2 1.120750e+04 1.117597e+04 1.110340e+04 1.113493e+04
4.2 1.116202e+04 1.119060e+04 1.110371e+04 1.107513e+04
5.2 1.101496e+04 1.110978e+04 1.110404e+04 1.100921e+04
6.2 1.103300e+04 1.110989e+04 1.110439e+04 1.102749e+04
7.2 1.115939e+04 1.109956e+04 1.110454e+04 1.116436e+04
8.2 1.112596e+04 1.110927e+04 1.110492e+04 1.112161e+04
0.9 1.120750e+04 1.117597e+04 1.110340e+04 1.113493e+04
1.9 1.116202e+04 1.119060e+04 1.110371e+04 1.107513e+04
2.9 1.101496e+04 1.110978e+04 1.110404e+04 1.100921e+04
3.9 1.103300e+04 1.110989e+04 1.110439e+04 1.102749e+04
4.9 1.115939e+04 1.109956e+04 1.110454e+04 1.116436e+04
5.9 1.112596e+04 1.110927e+04 1.110492e+04 1.112161e+04
6.9 1.124234e+04 1.110831e+04 1.110713e+04 1.124116e+04
7.9 1.114318e+04 1.111075e+04 1.110598e+04 1.113841e+04
8.9 1.124080e+04 1.111068e+04 1.110642e+04 1.123654e+04
0.6 1.101496e+04 1.110978e+04 1.110404e+04 1.100921e+04
1.6 1.103300e+04 1.110989e+04 1.110439e+04 1.102749e+04
2.6 1.115939e+04 1.109956e+04 1.110454e+04 1.116436e+04
3.6 1.112596e+04 1.110927e+04 1.110492e+04 1.112161e+04
4.6 1.124234e+04 1.110831e+04 1.110713e+04 1.124116e+04
5.6 1.114318e+04 1.111075e+04 1.110598e+04 1.113841e+04
6.6 1.124080e+04 1.111068e+04 1.110642e+04 1.123654e+04
7.6 1.104174e+04 1.110939e+04 1.110665e+04 1.103900e+04
8.6 1.114382e+04 1.110922e+04 1.110712e+04 1.114172e+04
0.3 1.115939e+04 1.109956e+04 1.110454e+04 1.116436e+04
1.3 1.112596e+04 1.110927e+04 1.110492e+04 1.112161e+04
2.3 1.124234e+04 1.110831e+04 1.110713e+04 1.124116e+04
3.3 1.114318e+04 1.111075e+04 1.110598e+04 1.113841e+04
4.3 1.124080e+04 1.111068e+04 1.110642e+04 1.123654e+04
5.3 1.104174e+04 1.110939e+04 1.110665e+04 1.103900e+04
6.3 1.114382e+04 1.110922e+04 1.110712e+04 1.114172e+04
7.3 1.108211e+04 1.110346e+04 1.110804e+04 1.108670e+04
8.3 1.106816e+04 1.111039e+04 1.110853e+04 1.106629e+04
1.0 1.114318e+04 1.111075e+04 1.110598e+04 1.113841e+04
2.0 1.124080e+04 1.111068e+04 1.110642e+04 1.123654e+04
3.0 1.104174e+04 1.110939e+04 1.110665e+04 1.103900e+04
4.0 1.114382e+04 1.110922e+04 1.110712e+04 1.114172e+04
5.0 1.108211e+04 1.110346e+04 1.110804e+04 1.108670e+04
6.0 1.106816e+04 1.111039e+04 1.110853e+04 1.106629e+04
0.6 1.104174e+04 1.110939e+04 1.110665e+04 1.103900e+04
1.6 1.114382e+04 1.110922e+04 1.110712e+04 1.114172e+04
2.6 1.108211e+04 1.110346e+04 1.110804e+04 1.108670e+04
3.6 1.106816e+04 1.111039e+04 1.110853e+04 1.106629e+04
0.3 1.108211e+04 1.110346e+04 1.110804e+04 1.108670e+04
1.3 1.106816e+04 1.111039e+04 1.110853e+04 1.106629e+04
