0.5 1.114883e+04 1.103911e+04 1.112407e+04 1.123380e+04
1.5 1.105757e+04 1.106188e+04 1.115532e+04 1.115101e+04
2.5 1.100147e+04 1.104933e+04 1.115430e+04 1.110644e+04
3.5 1.108435e+04 1.103626e+04 1.109213e+04 1.114022e+04
4.5 1.112303e+04 1.108463e+04 1.109265e+04 1.113105e+04
5.5 1.114473e+04 1.115511e+04 1.109305e+04 1.108266e+04
6.5 1.136124e+04 1.118826e+04 1.109331e+04 1.126629e+04
7.5 1.111304e+04 1.120054e+04 1.109351e+04 1.100602e+04
0.1 1.110499e+04 1.110890e+04 1.110013e+04 1.109622e+04
1.1 1.116096e+04 1.118871e+04 1.116446e+04 1.113670e+04
2.1 1.133310e+04 1.122318e+04 1.119017e+04 1.130009e+04
3.1 1.119771e+04 1.119216e+04 1.115152e+04 1.115707e+04
4.1 1.115725e+04 1.113426e+04 1.109357e+04 1.111656e+04
5.1 1.113916e+04 1.109878e+04 1.109356e+04 1.113394e+04
6.1 1.120957e+04 1.111753e+04 1.109355e+04 1.118559e+04
7.1 1.112326e+04 1.111389e+04 1.109355e+04 1.110292e+04
0.5 1.112096e+04 1.100448e+04 1.112736e+04 1.124385e+04
1.5 1.100700e+04 1.103074e+04 1.115795e+04 1.113422e+04
2.5 1.094676e+04 1.102161e+04 1.115637e+04 1.108151e+04
3.5 1.112863e+04 1.101156e+04 1.109362e+04 1.121069e+04
4.5 1.109864e+04 1.106422e+04 1.109362e+04 1.112804e+04
5.5 1.114750e+04 1.113744e+04 1.109363e+04 1.110369e+04
6.5 1.118034e+04 1.117199e+04 1.109364e+04 1.110200e+04
7.5 1.123182e+04 1.118641e+04 1.109366e+04 1.113906e+04
0.1 1.110047e+04 1.110584e+04 1.109845e+04 1.109309e+04
1.1 1.114113e+04 1.118525e+04 1.116282e+04 1.111869e+04
2.1 1.123301e+04 1.122162e+04 1.119016e+04 1.120156e+04
3.1 1.120452e+04 1.119253e+04 1.115314e+04 1.116514e+04
4.1 1.094569e+04 1.113477e+04 1.109360e+04 1.090453e+04
5.1 1.112722e+04 1.109730e+04 1.109360e+04 1.112352e+04
6.1 1.110503e+04 1.111663e+04 1.109361e+04 1.108201e+04
7.1 1.104216e+04 1.111394e+04 1.109362e+04 1.102183e+04
0.5 1.106233e+04 1.100429e+04 1.112744e+04 1.118548e+04
1.5 1.102233e+04 1.103039e+04 1.115803e+04 1.114997e+04
2.5 1.110517e+04 1.102133e+04 1.115645e+04 1.124029e+04
3.5 1.109469e+04 1.101157e+04 1.109372e+04 1.117684e+04
4.5 1.098776e+04 1.106588e+04 1.109375e+04 1.101563e+04
5.5 1.112377e+04 1.113916e+04 1.109377e+04 1.107838e+04
6.5 1.110837e+04 1.117169e+04 1.109380e+04 1.103048e+04
7.5 1.110145e+04 1.118616e+04 1.109383e+04 1.100912e+04
0.0 1.119436e+04 1.110698e+04 1.109603e+04 1.118341e+04
1.0 1.118030e+04 1.118249e+04 1.116050e+04 1.115831e+04
2.0 1.130719e+04 1.122219e+04 1.119118e+04 1.127619e+04
3.0 1.125474e+04 1.119658e+04 1.115753e+04 1.121569e+04
4.0 1.103413e+04 1.113877e+04 1.109494e+04 1.099030e+04
5.0 1.108265e+04 1.109707e+04 1.109513e+04 1.108071e+04
6.0 1.117828e+04 1.111741e+04 1.109536e+04 1.115623e+04
7.0 1.114017e+04 1.111655e+04 1.109561e+04 1.111923e+04
0.5 1.085495e+04 1.100645e+04 1.113002e+04 1.097852e+04
1.5 1.080238e+04 1.103276e+04 1.116095e+04 1.093057e+04
2.5 1.095105e+04 1.102390e+04 1.115975e+04 1.108690e+04
3.5 1.107863e+04 1.101413e+04 1.109745e+04 1.116195e+04
4.5 1.102237e+04 1.106864e+04 1.109794e+04 1.105167e+04
5.5 1.109765e+04 1.114235e+04 1.109848e+04 1.105378e+04
6.5 1.120750e+04 1.117597e+04 1.109906e+04 1.113059e+04
7.5 1.116202e+04 1.119060e+04 1.109969e+04 1.107111e+04
