0.5 1.114883e+04 1.103911e+04 1.109383e+04 1.120355e+04
1.5 1.105757e+04 1.106188e+04 1.109369e+04 1.108937e+04
2.5 1.100147e+04 1.104933e+04 1.109354e+04 1.104568e+04
3.5 1.108435e+04 1.103626e+04 1.109338e+04 1.114146e+04
4.5 1.112303e+04 1.108463e+04 1.109321e+04 1.113160e+04
5.5 1.114473e+04 1.115511e+04 1.114221e+04 1.113183e+04
6.5 1.136124e+04 1.118826e+04 1.118652e+04 1.135950e+04
7.5 1.111304e+04 1.120054e+04 1.118397e+04 1.109647e+04
0.1 1.110499e+04 1.110890e+04 1.108949e+04 1.108557e+04
1.1 1.116096e+04 1.118871e+04 1.108923e+04 1.106147e+04
2.1 1.133310e+04 1.122318e+04 1.108898e+04 1.119890e+04
3.1 1.119771e+04 1.119216e+04 1.108874e+04 1.109429e+04
4.1 1.115725e+04 1.113426e+04 1.108853e+04 1.111151e+04
5.1 1.113916e+04 1.109878e+04 1.109770e+04 1.113807e+04
6.1 1.120957e+04 1.111753e+04 1.119122e+04 1.128326e+04
7.1 1.112326e+04 1.111389e+04 1.122855e+04 1.123792e+04
0.5 1.112096e+04 1.100448e+04 1.108773e+04 1.120421e+04
1.5 1.100700e+04 1.103074e+04 1.108763e+04 1.106389e+04
2.5 1.094676e+04 1.102161e+04 1.108754e+04 1.101269e+04
3.5 1.112863e+04 1.101156e+04 1.108748e+04 1.120455e+04
4.5 1.109864e+04 1.106422e+04 1.108743e+04 1.112184e+04
5.5 1.114750e+04 1.113744e+04 1.113659e+04 1.114665e+04
6.5 1.118034e+04 1.117199e+04 1.118108e+04 1.118943e+04
7.5 1.123182e+04 1.118641e+04 1.117872e+04 1.122413e+04
0.1 1.110047e+04 1.110584e+04 1.108717e+04 1.108181e+04
1.1 1.114113e+04 1.118525e+04 1.108715e+04 1.104303e+04
2.1 1.123301e+04 1.122162e+04 1.108713e+04 1.109853e+04
3.1 1.120452e+04 1.119253e+04 1.108711e+04 1.109910e+04
4.1 1.094569e+04 1.113477e+04 1.108710e+04 1.089803e+04
5.1 1.112722e+04 1.109730e+04 1.109414e+04 1.112406e+04
6.1 1.110503e+04 1.111663e+04 1.118784e+04 1.117624e+04
7.1 1.104216e+04 1.111394e+04 1.122765e+04 1.115586e+04
0.5 1.106233e+04 1.100429e+04 1.108707e+04 1.114511e+04
1.5 1.102233e+04 1.103039e+04 1.108707e+04 1.107901e+04
2.5 1.110517e+04 1.102133e+04 1.108708e+04 1.117092e+04
3.5 1.109469e+04 1.101157e+04 1.108709e+04 1.117021e+04
4.5 1.098776e+04 1.106588e+04 1.108710e+04 1.100898e+04
5.5 1.112377e+04 1.113916e+04 1.113632e+04 1.112092e+04
6.5 1.110837e+04 1.117169e+04 1.118085e+04 1.111753e+04
7.5 1.110145e+04 1.118616e+04 1.117853e+04 1.109382e+04
0.0 1.119436e+04 1.110698e+04 1.108745e+04 1.117484e+04
1.0 1.118030e+04 1.118249e+04 1.108746e+04 1.108527e+04
2.0 1.130719e+04 1.122219e+04 1.108748e+04 1.117248e+04
3.0 1.125474e+04 1.119658e+04 1.108750e+04 1.114566e+04
4.0 1.103413e+04 1.113877e+04 1.108755e+04 1.098291e+04
5.0 1.108265e+04 1.109707e+04 1.108995e+04 1.107553e+04
6.0 1.117828e+04 1.111741e+04 1.118374e+04 1.124462e+04
7.0 1.114017e+04 1.111655e+04 1.122834e+04 1.125196e+04
0.5 1.085495e+04 1.100645e+04 1.108806e+04 1.093656e+04
1.5 1.080238e+04 1.103276e+04 1.108826e+04 1.085787e+04
2.5 1.095105e+04 1.102390e+04 1.108850e+04 1.101565e+04
3.5 1.107863e+04 1.101413e+04 1.108879e+04 1.115329e+04
4.5 1.102237e+04 1.106864e+04 1.108914e+04 1.104287e+04
5.5 1.109765e+04 1.114235e+04 1.113875e+04 1.109405e+04
6.5 1.120750e+04 1.117597e+04 1.118374e+04 1.121527e+04
7.5 1.116202e+04 1.119060e+04 1.118194e+04 1.115337e+04
