0.5 8.845811e+03 8.718408e+03 8.795882e+03 8.923285e+03
1.5 8.660985e+03 8.700546e+03 8.799462e+03 8.759902e+03
2.5 8.751196e+03 8.686465e+03 8.802569e+03 8.867300e+03
3.5 8.640458e+03 8.610245e+03 8.735300e+03 8.765513e+03
4.5 8.632566e+03 8.533020e+03 8.663991e+03 8.763538e+03
5.5 8.600259e+03 8.562938e+03 8.647591e+03 8.684912e+03
6.5 8.678111e+03 8.680503e+03 8.649280e+03 8.646888e+03
7.5 8.771654e+03 8.761690e+03 8.650640e+03 8.660604e+03
8.5 8.661054e+03 8.763758e+03 8.651702e+03 8.548998e+03
0.2 8.751196e+03 8.686465e+03 8.802569e+03 8.867300e+03
1.2 8.640458e+03 8.610245e+03 8.735300e+03 8.765513e+03
2.2 8.632566e+03 8.533020e+03 8.663991e+03 8.763538e+03
3.2 8.600259e+03 8.562938e+03 8.647591e+03 8.684912e+03
4.2 8.678111e+03 8.680503e+03 8.649280e+03 8.646888e+03
5.2 8.771654e+03 8.761690e+03 8.650640e+03 8.660604e+03
6.2 8.661054e+03 8.763758e+03 8.651702e+03 8.548998e+03
7.2 8.722251e+03 8.752772e+03 8.663542e+03 8.633022e+03
8.2 8.708606e+03 8.756670e+03 8.653058e+03 8.604995e+03
0.9 8.600259e+03 8.562938e+03 8.647591e+03 8.684912e+03
1.9 8.678111e+03 8.680503e+03 8.649280e+03 8.646888e+03
2.9 8.771654e+03 8.761690e+03 8.650640e+03 8.660604e+03
3.9 8.661054e+03 8.763758e+03 8.651702e+03 8.548998e+03
4.9 8.722251e+03 8.752772e+03 8.663542e+03 8.633022e+03
5.9 8.708606e+03 8.756670e+03 8.653058e+03 8.604995e+03
6.9 8.847439e+03 8.759584e+03 8.657092e+03 8.744948e+03
7.9 8.715743e+03 8.750854e+03 8.653583e+03 8.618471e+03
8.9 8.710162e+03 8.748393e+03 8.653602e+03 8.615371e+03
0.6 8.771654e+03 8.761690e+03 8.650640e+03 8.660604e+03
1.6 8.661054e+03 8.763758e+03 8.651702e+03 8.548998e+03
2.6 8.722251e+03 8.752772e+03 8.663542e+03 8.633022e+03
3.6 8.708606e+03 8.756670e+03 8.653058e+03 8.604995e+03
4.6 8.847439e+03 8.759584e+03 8.657092e+03 8.744948e+03
5.6 8.715743e+03 8.750854e+03 8.653583e+03 8.618471e+03
6.6 8.710162e+03 8.748393e+03 8.653602e+03 8.615371e+03
7.6 8.636345e+03 8.746206e+03 8.653487e+03 8.543626e+03
8.6 8.685247e+03 8.744287e+03 8.653272e+03 8.594232e+03
0.3 8.722251e+03 8.752772e+03 8.663542e+03 8.633022e+03
1.3 8.708606e+03 8.756670e+03 8.653058e+03 8.604995e+03
2.3 8.847439e+03 8.759584e+03 8.657092e+03 8.744948e+03
3.3 8.715743e+03 8.750854e+03 8.653583e+03 8.618471e+03
4.3 8.710162e+03 8.748393e+03 8.653602e+03 8.615371e+03
5.3 8.636345e+03 8.746206e+03 8.653487e+03 8.543626e+03
6.3 8.685247e+03 8.744287e+03 8.653272e+03 8.594232e+03
7.3 8.770877e+03 8.721880e+03 8.656668e+03 8.705665e+03
8.3 8.792718e+03 8.741196e+03 8.652651e+03 8.704172e+03
1.0 8.715743e+03 8.750854e+03 8.653583e+03 8.618471e+03
2.0 8.710162e+03 8.748393e+03 8.653602e+03 8.615371e+03
3.0 8.636345e+03 8.746206e+03 8.653487e+03 8.543626e+03
4.0 8.685247e+03 8.744287e+03 8.653272e+03 8.594232e+03
5.0 8.770877e+03 8.721880e+03 8.656668e+03 8.705665e+03
6.0 8.792718e+03 8.741196e+03 8.652651e+03 8.704172e+03
7.0 8.718849e+03 8.753306e+03 8.663328e+03 8.628870e+03
8.0 8.667915e+03 8.750965e+03 8.651902e+03 8.568852e+03
9.0 8.646624e+03 8.761554e+03 8.651517e+03 8.536587e+03
0.7 8.636345e+03 8.746206e+03 8.653487e+03 8.543626e+03
1.7 8.685247e+03 8.744287e+03 8.653272e+03 8.594232e+03
2.7 8.770877e+03 8.721880e+03 8.656668e+03 8.705665e+03
3.7 8.792718e+03 8.741196e+03 8.652651e+03 8.704172e+03
4.7 8.718849e+03 8.753306e+03 8.663328e+03 8.628870e+03
5.7 8.667915e+03 8.750965e+03 8.651902e+03 8.568852e+03
6.7 8.646624e+03 8.761554e+03 8.651517e+03 8.536587e+03
7.7 8.758873e+03 8.803039e+03 8.691638e+03 8.647473e+03
8.7 9.047936e+03 8.876063e+03 8.764913e+03 8.936785e+03
0.4 8.770877e+03 8.721880e+03 8.656668e+03 8.705665e+03
1.4 8.792718e+03 8.741196e+03 8.652651e+03 8.704172e+03
2.4 8.718849e+03 8.753306e+03 8.663328e+03 8.628870e+03
3.4 8.667915e+03 8.750965e+03 8.651902e+03 8.568852e+03
4.4 8.646624e+03 8.761554e+03 8.651517e+03 8.536587e+03
5.4 8.758873e+03 8.803039e+03 8.691638e+03 8.647473e+03
6.4 9.047936e+03 8.876063e+03 8.764913e+03 8.936785e+03
7.4 8.862252e+03 8.899001e+03 8.812446e+03 8.775697e+03
8.4 8.788266e+03 8.794785e+03 8.812156e+03 8.805637e+03
0.5 8.701044e+03 8.647920e+03 8.811389e+03 8.864513e+03
1.5 8.697852e+03 8.636309e+03 8.811295e+03 8.872838e+03
2.5 8.680481e+03 8.628155e+03 8.811237e+03 8.863563e+03
3.5 8.641270e+03 8.555964e+03 8.739425e+03 8.824731e+03
4.5 8.625503e+03 8.484220e+03 8.665791e+03 8.807074e+03
5.5 8.673254e+03 8.523806e+03 8.649221e+03 8.798669e+03
6.5 8.685044e+03 8.645782e+03 8.649214e+03 8.688476e+03
7.5 8.822215e+03 8.732685e+03 8.651053e+03 8.740583e+03
8.5 8.728003e+03 8.735616e+03 8.651050e+03 8.643437e+03
0.2 8.680481e+03 8.628155e+03 8.811237e+03 8.863563e+03
1.2 8.641270e+03 8.555964e+03 8.739425e+03 8.824731e+03
2.2 8.625503e+03 8.484220e+03 8.665791e+03 8.807074e+03
3.2 8.673254e+03 8.523806e+03 8.649221e+03 8.798669e+03
4.2 8.685044e+03 8.645782e+03 8.649214e+03 8.688476e+03
5.2 8.822215e+03 8.732685e+03 8.651053e+03 8.740583e+03
6.2 8.728003e+03 8.735616e+03 8.651050e+03 8.643437e+03
7.2 8.817600e+03 8.723042e+03 8.660245e+03 8.754802e+03
8.2 8.860446e+03 8.730203e+03 8.649183e+03 8.779426e+03
0.9 8.673254e+03 8.523806e+03 8.649221e+03 8.798669e+03
1.9 8.685044e+03 8.645782e+03 8.649214e+03 8.688476e+03
2.9 8.822215e+03 8.732685e+03 8.651053e+03 8.740583e+03
3.9 8.728003e+03 8.735616e+03 8.651050e+03 8.643437e+03
4.9 8.817600e+03 8.723042e+03 8.660245e+03 8.754802e+03
5.9 8.860446e+03 8.730203e+03 8.649183e+03 8.779426e+03
6.9 8.694089e+03 8.736353e+03 8.652833e+03 8.610569e+03
7.9 8.728369e+03 8.732062e+03 8.647264e+03 8.643571e+03
8.9 8.557681e+03 8.731971e+03 8.647198e+03 8.472908e+03
0.6 8.822215e+03 8.732685e+03 8.651053e+03 8.740583e+03
1.6 8.728003e+03 8.735616e+03 8.651050e+03 8.643437e+03
2.6 8.817600e+03 8.723042e+03 8.660245e+03 8.754802e+03
3.6 8.860446e+03 8.730203e+03 8.649183e+03 8.779426e+03
4.6 8.694089e+03 8.736353e+03 8.652833e+03 8.610569e+03
5.6 8.728369e+03 8.732062e+03 8.647264e+03 8.643571e+03
6.6 8.557681e+03 8.731971e+03 8.647198e+03 8.472908e+03
7.6 8.689149e+03 8.739916e+03 8.652656e+03 8.601890e+03
8.6 8.665494e+03 8.739899e+03 8.652598e+03 8.578193e+03
0.3 8.817600e+03 8.723042e+03 8.660245e+03 8.754802e+03
1.3 8.860446e+03 8.730203e+03 8.649183e+03 8.779426e+03
2.3 8.694089e+03 8.736353e+03 8.652833e+03 8.610569e+03
3.3 8.728369e+03 8.732062e+03 8.647264e+03 8.643571e+03
4.3 8.557681e+03 8.731971e+03 8.647198e+03 8.472908e+03
5.3 8.689149e+03 8.739916e+03 8.652656e+03 8.601890e+03
6.3 8.665494e+03 8.739899e+03 8.652598e+03 8.578193e+03
7.3 8.640938e+03 8.714256e+03 8.654375e+03 8.581056e+03
8.3 8.737522e+03 8.727030e+03 8.648807e+03 8.659299e+03
0.9 8.728369e+03 8.732062e+03 8.647264e+03 8.643571e+03
1.9 8.557681e+03 8.731971e+03 8.647198e+03 8.472908e+03
2.9 8.689149e+03 8.739916e+03 8.652656e+03 8.601890e+03
3.9 8.665494e+03 8.739899e+03 8.652598e+03 8.578193e+03
4.9 8.640938e+03 8.714256e+03 8.654375e+03 8.581056e+03
5.9 8.737522e+03 8.727030e+03 8.648807e+03 8.659299e+03
6.9 8.707240e+03 8.738500e+03 8.657955e+03 8.626695e+03
7.9 8.754235e+03 8.744852e+03 8.648690e+03 8.658074e+03
8.9 8.635738e+03 8.756328e+03 8.648623e+03 8.528033e+03
0.7 8.689149e+03 8.739916e+03 8.652656e+03 8.601890e+03
1.7 8.665494e+03 8.739899e+03 8.652598e+03 8.578193e+03
2.7 8.640938e+03 8.714256e+03 8.654375e+03 8.581056e+03
3.7 8.737522e+03 8.727030e+03 8.648807e+03 8.659299e+03
4.7 8.707240e+03 8.738500e+03 8.657955e+03 8.626695e+03
5.7 8.754235e+03 8.744852e+03 8.648690e+03 8.658074e+03
6.7 8.635738e+03 8.756328e+03 8.648623e+03 8.528033e+03
7.7 8.633431e+03 8.796998e+03 8.687198e+03 8.523631e+03
8.7 8.858263e+03 8.870634e+03 8.760736e+03 8.748364e+03
0.3 8.640938e+03 8.714256e+03 8.654375e+03 8.581056e+03
1.3 8.737522e+03 8.727030e+03 8.648807e+03 8.659299e+03
2.3 8.707240e+03 8.738500e+03 8.657955e+03 8.626695e+03
3.3 8.754235e+03 8.744852e+03 8.648690e+03 8.658074e+03
4.3 8.635738e+03 8.756328e+03 8.648623e+03 8.528033e+03
5.3 8.633431e+03 8.796998e+03 8.687198e+03 8.523631e+03
6.3 8.858263e+03 8.870634e+03 8.760736e+03 8.748364e+03
7.3 9.099295e+03 8.895943e+03 8.810357e+03 9.013709e+03
8.3 8.944302e+03 8.795261e+03 8.810298e+03 8.959339e+03
0.5 8.461109e+03 8.646406e+03 8.810272e+03 8.624975e+03
1.5 8.581334e+03 8.635014e+03 8.810316e+03 8.756636e+03
2.5 8.536663e+03 8.627344e+03 8.810366e+03 8.719685e+03
3.5 8.731442e+03 8.553773e+03 8.736804e+03 8.914473e+03
4.5 8.560378e+03 8.482194e+03 8.663255e+03 8.741439e+03
5.5 8.508934e+03 8.528972e+03 8.650457e+03 8.630419e+03
6.5 8.586889e+03 8.651118e+03 8.650552e+03 8.586323e+03
7.5 8.521654e+03 8.736673e+03 8.654331e+03 8.439312e+03
8.5 8.665988e+03 8.736671e+03 8.654431e+03 8.583748e+03
0.2 8.536663e+03 8.627344e+03 8.810366e+03 8.719685e+03
1.2 8.731442e+03 8.553773e+03 8.736804e+03 8.914473e+03
2.2 8.560378e+03 8.482194e+03 8.663255e+03 8.741439e+03
3.2 8.508934e+03 8.528972e+03 8.650457e+03 8.630419e+03
4.2 8.586889e+03 8.651118e+03 8.650552e+03 8.586323e+03
5.2 8.521654e+03 8.736673e+03 8.654331e+03 8.439312e+03
6.2 8.665988e+03 8.736671e+03 8.654431e+03 8.583748e+03
7.2 8.701865e+03 8.724493e+03 8.663729e+03 8.641102e+03
8.2 8.705969e+03 8.726582e+03 8.650935e+03 8.630322e+03
0.8 8.508934e+03 8.528972e+03 8.650457e+03 8.630419e+03
1.8 8.586889e+03 8.651118e+03 8.650552e+03 8.586323e+03
2.8 8.521654e+03 8.736673e+03 8.654331e+03 8.439312e+03
3.8 8.665988e+03 8.736671e+03 8.654431e+03 8.583748e+03
4.8 8.701865e+03 8.724493e+03 8.663729e+03 8.641102e+03
5.8 8.705969e+03 8.726582e+03 8.650935e+03 8.630322e+03
6.8 8.718979e+03 8.728593e+03 8.651030e+03 8.641416e+03
7.8 8.756547e+03 8.730881e+03 8.649292e+03 8.674958e+03
8.8 8.787519e+03 8.730921e+03 8.649395e+03 8.705993e+03
0.5 8.521654e+03 8.736673e+03 8.654331e+03 8.439312e+03
1.5 8.665988e+03 8.736671e+03 8.654431e+03 8.583748e+03
2.5 8.701865e+03 8.724493e+03 8.663729e+03 8.641102e+03
3.5 8.705969e+03 8.726582e+03 8.650935e+03 8.630322e+03
4.5 8.718979e+03 8.728593e+03 8.651030e+03 8.641416e+03
5.5 8.756547e+03 8.730881e+03 8.649292e+03 8.674958e+03
6.5 8.787519e+03 8.730921e+03 8.649395e+03 8.705993e+03
7.5 8.747942e+03 8.730952e+03 8.649487e+03 8.666478e+03
8.5 8.786559e+03 8.734035e+03 8.649573e+03 8.702097e+03
0.2 8.701865e+03 8.724493e+03 8.663729e+03 8.641102e+03
1.2 8.705969e+03 8.726582e+03 8.650935e+03 8.630322e+03
2.2 8.718979e+03 8.728593e+03 8.651030e+03 8.641416e+03
3.2 8.756547e+03 8.730881e+03 8.649292e+03 8.674958e+03
4.2 8.787519e+03 8.730921e+03 8.649395e+03 8.705993e+03
5.2 8.747942e+03 8.730952e+03 8.649487e+03 8.666478e+03
6.2 8.786559e+03 8.734035e+03 8.649573e+03 8.702097e+03
7.2 8.789104e+03 8.721926e+03 8.658862e+03 8.726040e+03
8.2 8.814782e+03 8.734197e+03 8.649749e+03 8.730334e+03
0.9 8.756547e+03 8.730881e+03 8.649292e+03 8.674958e+03
1.9 8.787519e+03 8.730921e+03 8.649395e+03 8.705993e+03
2.9 8.747942e+03 8.730952e+03 8.649487e+03 8.666478e+03
3.9 8.786559e+03 8.734035e+03 8.649573e+03 8.702097e+03
4.9 8.789104e+03 8.721926e+03 8.658862e+03 8.726040e+03
5.9 8.814782e+03 8.734197e+03 8.649749e+03 8.730334e+03
6.9 8.848935e+03 8.742155e+03 8.655375e+03 8.762154e+03
7.9 8.686074e+03 8.745704e+03 8.649979e+03 8.590349e+03
8.9 8.911834e+03 8.757400e+03 8.650138e+03 8.804572e+03
0.6 8.747942e+03 8.730952e+03 8.649487e+03 8.666478e+03
1.6 8.786559e+03 8.734035e+03 8.649573e+03 8.702097e+03
2.6 8.789104e+03 8.721926e+03 8.658862e+03 8.726040e+03
3.6 8.814782e+03 8.734197e+03 8.649749e+03 8.730334e+03
4.6 8.848935e+03 8.742155e+03 8.655375e+03 8.762154e+03
5.6 8.686074e+03 8.745704e+03 8.649979e+03 8.590349e+03
6.6 8.911834e+03 8.757400e+03 8.650138e+03 8.804572e+03
7.6 8.780975e+03 8.795218e+03 8.685302e+03 8.671059e+03
8.6 9.177909e+03 8.869148e+03 8.759170e+03 9.067931e+03
0.3 8.789104e+03 8.721926e+03 8.658862e+03 8.726040e+03
1.3 8.814782e+03 8.734197e+03 8.649749e+03 8.730334e+03
2.3 8.848935e+03 8.742155e+03 8.655375e+03 8.762154e+03
3.3 8.686074e+03 8.745704e+03 8.649979e+03 8.590349e+03
4.3 8.911834e+03 8.757400e+03 8.650138e+03 8.804572e+03
5.3 8.780975e+03 8.795218e+03 8.685302e+03 8.671059e+03
6.3 9.177909e+03 8.869148e+03 8.759170e+03 9.067931e+03
7.3 8.869601e+03 8.898457e+03 8.812865e+03 8.784009e+03
8.3 8.733547e+03 8.804214e+03 8.813273e+03 8.742606e+03
0.5 8.623260e+03 8.650707e+03 8.816104e+03 8.788657e+03
1.5 8.631074e+03 8.639687e+03 8.817184e+03 8.808572e+03
2.5 8.428098e+03 8.632073e+03 8.818441e+03 8.614465e+03
3.5 8.427909e+03 8.558811e+03 8.746261e+03 8.615359e+03
4.5 8.424751e+03 8.487776e+03 8.674283e+03 8.611258e+03
5.5 8.468530e+03 8.532328e+03 8.661419e+03 8.597622e+03
6.5 8.675780e+03 8.654583e+03 8.663503e+03 8.684699e+03
7.5 8.626561e+03 8.741916e+03 8.667658e+03 8.552303e+03
8.5 8.697412e+03 8.741767e+03 8.670206e+03 8.625851e+03
0.2 8.428098e+03 8.632073e+03 8.818441e+03 8.614465e+03
1.2 8.427909e+03 8.558811e+03 8.746261e+03 8.615359e+03
2.2 8.424751e+03 8.487776e+03 8.674283e+03 8.611258e+03
3.2 8.468530e+03 8.532328e+03 8.661419e+03 8.597622e+03
4.2 8.675780e+03 8.654583e+03 8.663503e+03 8.684699e+03
5.2 8.626561e+03 8.741916e+03 8.667658e+03 8.552303e+03
6.2 8.697412e+03 8.741767e+03 8.670206e+03 8.625851e+03
7.2 8.633681e+03 8.725944e+03 8.682201e+03 8.589938e+03
8.2 8.649970e+03 8.737614e+03 8.676033e+03 8.588388e+03
0.9 8.468530e+03 8.532328e+03 8.661419e+03 8.597622e+03
1.9 8.675780e+03 8.654583e+03 8.663503e+03 8.684699e+03
2.9 8.626561e+03 8.741916e+03 8.667658e+03 8.552303e+03
3.9 8.697412e+03 8.741767e+03 8.670206e+03 8.625851e+03
4.9 8.633681e+03 8.725944e+03 8.682201e+03 8.589938e+03
5.9 8.649970e+03 8.737614e+03 8.676033e+03 8.588388e+03
6.9 8.721794e+03 8.742861e+03 8.682970e+03 8.661903e+03
7.9 8.793367e+03 8.734324e+03 8.680887e+03 8.739931e+03
8.9 8.912187e+03 8.733039e+03 8.684509e+03 8.863657e+03
0.6 8.626561e+03 8.741916e+03 8.667658e+03 8.552303e+03
1.6 8.697412e+03 8.741767e+03 8.670206e+03 8.625851e+03
2.6 8.633681e+03 8.725944e+03 8.682201e+03 8.589938e+03
3.6 8.649970e+03 8.737614e+03 8.676033e+03 8.588388e+03
4.6 8.721794e+03 8.742861e+03 8.682970e+03 8.661903e+03
5.6 8.793367e+03 8.734324e+03 8.680887e+03 8.739931e+03
6.6 8.912187e+03 8.733039e+03 8.684509e+03 8.863657e+03
7.6 8.866229e+03 8.736186e+03 8.690183e+03 8.820225e+03
8.6 8.786226e+03 8.734593e+03 8.694220e+03 8.745853e+03
0.3 8.633681e+03 8.725944e+03 8.682201e+03 8.589938e+03
1.3 8.649970e+03 8.737614e+03 8.676033e+03 8.588388e+03
2.3 8.721794e+03 8.742861e+03 8.682970e+03 8.661903e+03
3.3 8.793367e+03 8.734324e+03 8.680887e+03 8.739931e+03
4.3 8.912187e+03 8.733039e+03 8.684509e+03 8.863657e+03
5.3 8.866229e+03 8.736186e+03 8.690183e+03 8.820225e+03
6.3 8.786226e+03 8.734593e+03 8.694220e+03 8.745853e+03
7.3 8.762023e+03 8.712584e+03 8.702130e+03 8.751570e+03
8.3 8.760034e+03 8.726319e+03 8.701018e+03 8.734734e+03
1.0 8.793367e+03 8.734324e+03 8.680887e+03 8.739931e+03
2.0 8.912187e+03 8.733039e+03 8.684509e+03 8.863657e+03
3.0 8.866229e+03 8.736186e+03 8.690183e+03 8.820225e+03
4.0 8.786226e+03 8.734593e+03 8.694220e+03 8.745853e+03
5.0 8.762023e+03 8.712584e+03 8.702130e+03 8.751570e+03
6.0 8.760034e+03 8.726319e+03 8.701018e+03 8.734734e+03
0.6 8.866229e+03 8.736186e+03 8.690183e+03 8.820225e+03
1.6 8.786226e+03 8.734593e+03 8.694220e+03 8.745853e+03
2.6 8.762023e+03 8.712584e+03 8.702130e+03 8.751570e+03
3.6 8.760034e+03 8.726319e+03 8.701018e+03 8.734734e+03
0.3 8.762023e+03 8.712584e+03 8.702130e+03 8.751570e+03
1.3 8.760034e+03 8.726319e+03 8.701018e+03 8.734734e+03
