0.5 1.105757e+04 1.106188e+04 1.109547e+04 1.109116e+04
1.5 1.100147e+04 1.104933e+04 1.109410e+04 1.104625e+04
2.5 1.108435e+04 1.103626e+04 1.109285e+04 1.114094e+04
3.5 1.112303e+04 1.108463e+04 1.109171e+04 1.113011e+04
4.5 1.114473e+04 1.115511e+04 1.109067e+04 1.108028e+04
5.5 1.136124e+04 1.118826e+04 1.109730e+04 1.127028e+04
6.5 1.111304e+04 1.120054e+04 1.111327e+04 1.102577e+04
7.5 1.104325e+04 1.111899e+04 1.112428e+04 1.104854e+04
8.5 1.115420e+04 1.111807e+04 1.112444e+04 1.116058e+04
0.2 1.108435e+04 1.103626e+04 1.109285e+04 1.114094e+04
1.2 1.112303e+04 1.108463e+04 1.109171e+04 1.113011e+04
2.2 1.114473e+04 1.115511e+04 1.109067e+04 1.108028e+04
3.2 1.136124e+04 1.118826e+04 1.109730e+04 1.127028e+04
4.2 1.111304e+04 1.120054e+04 1.111327e+04 1.102577e+04
5.2 1.104325e+04 1.111899e+04 1.112428e+04 1.104854e+04
6.2 1.115420e+04 1.111807e+04 1.112444e+04 1.116058e+04
7.2 1.108251e+04 1.110581e+04 1.112133e+04 1.109803e+04
8.2 1.109996e+04 1.111505e+04 1.112334e+04 1.110825e+04
0.9 1.136124e+04 1.118826e+04 1.109730e+04 1.127028e+04
1.9 1.111304e+04 1.120054e+04 1.111327e+04 1.102577e+04
2.9 1.104325e+04 1.111899e+04 1.112428e+04 1.104854e+04
3.9 1.115420e+04 1.111807e+04 1.112444e+04 1.116058e+04
4.9 1.108251e+04 1.110581e+04 1.112133e+04 1.109803e+04
5.9 1.109996e+04 1.111505e+04 1.112334e+04 1.110825e+04
6.9 1.110660e+04 1.111288e+04 1.112290e+04 1.111661e+04
7.9 1.104974e+04 1.111271e+04 1.112252e+04 1.105955e+04
8.9 1.097975e+04 1.111177e+04 1.112221e+04 1.099019e+04
0.6 1.104325e+04 1.111899e+04 1.112428e+04 1.104854e+04
1.6 1.115420e+04 1.111807e+04 1.112444e+04 1.116058e+04
2.6 1.108251e+04 1.110581e+04 1.112133e+04 1.109803e+04
3.6 1.109996e+04 1.111505e+04 1.112334e+04 1.110825e+04
4.6 1.110660e+04 1.111288e+04 1.112290e+04 1.111661e+04
5.6 1.104974e+04 1.111271e+04 1.112252e+04 1.105955e+04
6.6 1.097975e+04 1.111177e+04 1.112221e+04 1.099019e+04
7.6 1.106308e+04 1.111097e+04 1.112195e+04 1.107407e+04
8.6 1.114506e+04 1.111029e+04 1.112175e+04 1.115652e+04
0.3 1.108251e+04 1.110581e+04 1.112133e+04 1.109803e+04
1.3 1.109996e+04 1.111505e+04 1.112334e+04 1.110825e+04
2.3 1.110660e+04 1.111288e+04 1.112290e+04 1.111661e+04
3.3 1.104974e+04 1.111271e+04 1.112252e+04 1.105955e+04
4.3 1.097975e+04 1.111177e+04 1.112221e+04 1.099019e+04
5.3 1.106308e+04 1.111097e+04 1.112195e+04 1.107407e+04
6.3 1.114506e+04 1.111029e+04 1.112175e+04 1.115652e+04
7.3 1.109019e+04 1.110363e+04 1.111822e+04 1.110478e+04
8.3 1.098096e+04 1.110922e+04 1.112146e+04 1.099320e+04
1.0 1.104974e+04 1.111271e+04 1.112252e+04 1.105955e+04
2.0 1.097975e+04 1.111177e+04 1.112221e+04 1.099019e+04
3.0 1.106308e+04 1.111097e+04 1.112195e+04 1.107407e+04
4.0 1.114506e+04 1.111029e+04 1.112175e+04 1.115652e+04
5.0 1.109019e+04 1.110363e+04 1.111822e+04 1.110478e+04
6.0 1.098096e+04 1.110922e+04 1.112146e+04 1.099320e+04
7.0 1.110499e+04 1.110890e+04 1.112136e+04 1.111745e+04
8.0 1.116096e+04 1.118871e+04 1.112129e+04 1.109354e+04
9.0 1.133310e+04 1.122318e+04 1.112124e+04 1.123117e+04
0.7 1.106308e+04 1.111097e+04 1.112195e+04 1.107407e+04
1.7 1.114506e+04 1.111029e+04 1.112175e+04 1.115652e+04
2.7 1.109019e+04 1.110363e+04 1.111822e+04 1.110478e+04
3.7 1.098096e+04 1.110922e+04 1.112146e+04 1.099320e+04
4.7 1.110499e+04 1.110890e+04 1.112136e+04 1.111745e+04
5.7 1.116096e+04 1.118871e+04 1.112129e+04 1.109354e+04
6.7 1.133310e+04 1.122318e+04 1.112124e+04 1.123117e+04
7.7 1.119771e+04 1.119216e+04 1.112121e+04 1.112676e+04
8.7 1.115725e+04 1.113426e+04 1.112119e+04 1.114417e+04
0.4 1.109019e+04 1.110363e+04 1.111822e+04 1.110478e+04
1.4 1.098096e+04 1.110922e+04 1.112146e+04 1.099320e+04
2.4 1.110499e+04 1.110890e+04 1.112136e+04 1.111745e+04
3.4 1.116096e+04 1.118871e+04 1.112129e+04 1.109354e+04
4.4 1.133310e+04 1.122318e+04 1.112124e+04 1.123117e+04
5.4 1.119771e+04 1.119216e+04 1.112121e+04 1.112676e+04
6.4 1.115725e+04 1.113426e+04 1.112119e+04 1.114417e+04
7.4 1.113916e+04 1.109878e+04 1.111782e+04 1.115819e+04
8.4 1.120957e+04 1.111753e+04 1.110353e+04 1.119557e+04
0.5 1.100700e+04 1.103074e+04 1.108420e+04 1.106047e+04
1.5 1.094676e+04 1.102161e+04 1.108419e+04 1.100934e+04
2.5 1.112863e+04 1.101156e+04 1.108419e+04 1.120125e+04
3.5 1.109864e+04 1.106422e+04 1.108418e+04 1.111859e+04
4.5 1.114750e+04 1.113744e+04 1.108416e+04 1.109423e+04
5.5 1.118034e+04 1.117199e+04 1.109213e+04 1.110048e+04
6.5 1.123182e+04 1.118641e+04 1.110892e+04 1.115432e+04
7.5 1.126952e+04 1.110519e+04 1.112067e+04 1.128500e+04
8.5 1.115336e+04 1.110557e+04 1.112107e+04 1.116887e+04
0.2 1.112863e+04 1.101156e+04 1.108419e+04 1.120125e+04
1.2 1.109864e+04 1.106422e+04 1.108418e+04 1.111859e+04
2.2 1.114750e+04 1.113744e+04 1.108416e+04 1.109423e+04
3.2 1.118034e+04 1.117199e+04 1.109213e+04 1.110048e+04
4.2 1.123182e+04 1.118641e+04 1.110892e+04 1.115432e+04
5.2 1.126952e+04 1.110519e+04 1.112067e+04 1.128500e+04
6.2 1.115336e+04 1.110557e+04 1.112107e+04 1.116887e+04
7.2 1.115266e+04 1.109558e+04 1.111812e+04 1.117520e+04
8.2 1.109403e+04 1.110624e+04 1.112063e+04 1.110842e+04
0.9 1.118034e+04 1.117199e+04 1.109213e+04 1.110048e+04
1.9 1.123182e+04 1.118641e+04 1.110892e+04 1.115432e+04
2.9 1.126952e+04 1.110519e+04 1.112067e+04 1.128500e+04
3.9 1.115336e+04 1.110557e+04 1.112107e+04 1.116887e+04
4.9 1.115266e+04 1.109558e+04 1.111812e+04 1.117520e+04
5.9 1.109403e+04 1.110624e+04 1.112063e+04 1.110842e+04
6.9 1.108968e+04 1.110553e+04 1.112062e+04 1.110476e+04
7.9 1.107694e+04 1.110867e+04 1.112103e+04 1.108930e+04
8.9 1.111351e+04 1.110869e+04 1.112103e+04 1.112585e+04
0.6 1.126952e+04 1.110519e+04 1.112067e+04 1.128500e+04
1.6 1.115336e+04 1.110557e+04 1.112107e+04 1.116887e+04
2.6 1.115266e+04 1.109558e+04 1.111812e+04 1.117520e+04
3.6 1.109403e+04 1.110624e+04 1.112063e+04 1.110842e+04
4.6 1.108968e+04 1.110553e+04 1.112062e+04 1.110476e+04
5.6 1.107694e+04 1.110867e+04 1.112103e+04 1.108930e+04
6.6 1.111351e+04 1.110869e+04 1.112103e+04 1.112585e+04
7.6 1.108803e+04 1.110459e+04 1.112145e+04 1.110489e+04
8.6 1.110030e+04 1.110459e+04 1.112146e+04 1.111718e+04
0.3 1.115266e+04 1.109558e+04 1.111812e+04 1.117520e+04
1.3 1.109403e+04 1.110624e+04 1.112063e+04 1.110842e+04
2.3 1.108968e+04 1.110553e+04 1.112062e+04 1.110476e+04
3.3 1.107694e+04 1.110867e+04 1.112103e+04 1.108930e+04
4.3 1.111351e+04 1.110869e+04 1.112103e+04 1.112585e+04
5.3 1.108803e+04 1.110459e+04 1.112145e+04 1.110489e+04
6.3 1.110030e+04 1.110459e+04 1.112146e+04 1.111718e+04
7.3 1.114099e+04 1.109944e+04 1.111769e+04 1.115924e+04
8.3 1.111068e+04 1.110600e+04 1.112022e+04 1.112490e+04
0.9 1.107694e+04 1.110867e+04 1.112103e+04 1.108930e+04
1.9 1.111351e+04 1.110869e+04 1.112103e+04 1.112585e+04
2.9 1.108803e+04 1.110459e+04 1.112145e+04 1.110489e+04
3.9 1.110030e+04 1.110459e+04 1.112146e+04 1.111718e+04
4.9 1.114099e+04 1.109944e+04 1.111769e+04 1.115924e+04
5.9 1.111068e+04 1.110600e+04 1.112022e+04 1.112490e+04
6.9 1.110047e+04 1.110584e+04 1.112022e+04 1.111486e+04
7.9 1.114113e+04 1.118525e+04 1.112107e+04 1.107695e+04
8.9 1.123301e+04 1.122162e+04 1.112108e+04 1.113248e+04
0.7 1.108803e+04 1.110459e+04 1.112145e+04 1.110489e+04
1.7 1.110030e+04 1.110459e+04 1.112146e+04 1.111718e+04
2.7 1.114099e+04 1.109944e+04 1.111769e+04 1.115924e+04
3.7 1.111068e+04 1.110600e+04 1.112022e+04 1.112490e+04
4.7 1.110047e+04 1.110584e+04 1.112022e+04 1.111486e+04
5.7 1.114113e+04 1.118525e+04 1.112107e+04 1.107695e+04
6.7 1.123301e+04 1.122162e+04 1.112108e+04 1.113248e+04
7.7 1.120452e+04 1.119253e+04 1.112110e+04 1.113309e+04
8.7 1.094569e+04 1.113477e+04 1.112111e+04 1.093204e+04
0.3 1.114099e+04 1.109944e+04 1.111769e+04 1.115924e+04
1.3 1.111068e+04 1.110600e+04 1.112022e+04 1.112490e+04
2.3 1.110047e+04 1.110584e+04 1.112022e+04 1.111486e+04
3.3 1.114113e+04 1.118525e+04 1.112107e+04 1.107695e+04
4.3 1.123301e+04 1.122162e+04 1.112108e+04 1.113248e+04
5.3 1.120452e+04 1.119253e+04 1.112110e+04 1.113309e+04
6.3 1.094569e+04 1.113477e+04 1.112111e+04 1.093204e+04
7.3 1.112722e+04 1.109730e+04 1.111777e+04 1.114769e+04
8.3 1.110503e+04 1.111663e+04 1.110392e+04 1.109231e+04
0.5 1.102233e+04 1.103039e+04 1.108422e+04 1.107616e+04
1.5 1.110517e+04 1.102133e+04 1.108422e+04 1.116806e+04
2.5 1.109469e+04 1.101157e+04 1.108422e+04 1.116735e+04
3.5 1.098776e+04 1.106588e+04 1.108422e+04 1.100610e+04
4.5 1.112377e+04 1.113916e+04 1.108421e+04 1.106882e+04
5.5 1.110837e+04 1.117169e+04 1.109261e+04 1.102929e+04
6.5 1.110145e+04 1.118616e+04 1.110940e+04 1.102469e+04
7.5 1.108041e+04 1.110298e+04 1.112073e+04 1.109816e+04
8.5 1.103471e+04 1.110298e+04 1.112072e+04 1.105245e+04
0.2 1.109469e+04 1.101157e+04 1.108422e+04 1.116735e+04
1.2 1.098776e+04 1.106588e+04 1.108422e+04 1.100610e+04
2.2 1.112377e+04 1.113916e+04 1.108421e+04 1.106882e+04
3.2 1.110837e+04 1.117169e+04 1.109261e+04 1.102929e+04
4.2 1.110145e+04 1.118616e+04 1.110940e+04 1.102469e+04
5.2 1.108041e+04 1.110298e+04 1.112073e+04 1.109816e+04
6.2 1.103471e+04 1.110298e+04 1.112072e+04 1.105245e+04
7.2 1.106011e+04 1.109327e+04 1.111776e+04 1.108460e+04
8.2 1.108689e+04 1.110468e+04 1.111984e+04 1.110205e+04
0.8 1.110837e+04 1.117169e+04 1.109261e+04 1.102929e+04
1.8 1.110145e+04 1.118616e+04 1.110940e+04 1.102469e+04
2.8 1.108041e+04 1.110298e+04 1.112073e+04 1.109816e+04
3.8 1.103471e+04 1.110298e+04 1.112072e+04 1.105245e+04
4.8 1.106011e+04 1.109327e+04 1.111776e+04 1.108460e+04
5.8 1.108689e+04 1.110468e+04 1.111984e+04 1.110205e+04
6.8 1.118384e+04 1.110627e+04 1.111983e+04 1.119739e+04
7.8 1.112770e+04 1.110691e+04 1.112065e+04 1.114144e+04
8.8 1.111597e+04 1.110693e+04 1.112064e+04 1.112968e+04
0.5 1.108041e+04 1.110298e+04 1.112073e+04 1.109816e+04
1.5 1.103471e+04 1.110298e+04 1.112072e+04 1.105245e+04
2.5 1.106011e+04 1.109327e+04 1.111776e+04 1.108460e+04
3.5 1.108689e+04 1.110468e+04 1.111984e+04 1.110205e+04
4.5 1.118384e+04 1.110627e+04 1.111983e+04 1.119739e+04
5.5 1.112770e+04 1.110691e+04 1.112065e+04 1.114144e+04
6.5 1.111597e+04 1.110693e+04 1.112064e+04 1.112968e+04
7.5 1.103928e+04 1.110697e+04 1.112063e+04 1.105294e+04
8.5 1.107386e+04 1.110743e+04 1.112104e+04 1.108747e+04
0.2 1.106011e+04 1.109327e+04 1.111776e+04 1.108460e+04
1.2 1.108689e+04 1.110468e+04 1.111984e+04 1.110205e+04
2.2 1.118384e+04 1.110627e+04 1.111983e+04 1.119739e+04
3.2 1.112770e+04 1.110691e+04 1.112065e+04 1.114144e+04
4.2 1.111597e+04 1.110693e+04 1.112064e+04 1.112968e+04
5.2 1.103928e+04 1.110697e+04 1.112063e+04 1.105294e+04
6.2 1.107386e+04 1.110743e+04 1.112104e+04 1.108747e+04
7.2 1.115192e+04 1.109776e+04 1.111809e+04 1.117225e+04
8.2 1.116016e+04 1.110755e+04 1.112103e+04 1.117364e+04
0.9 1.112770e+04 1.110691e+04 1.112065e+04 1.114144e+04
1.9 1.111597e+04 1.110693e+04 1.112064e+04 1.112968e+04
2.9 1.103928e+04 1.110697e+04 1.112063e+04 1.105294e+04
3.9 1.107386e+04 1.110743e+04 1.112104e+04 1.108747e+04
4.9 1.115192e+04 1.109776e+04 1.111809e+04 1.117225e+04
5.9 1.116016e+04 1.110755e+04 1.112103e+04 1.117364e+04
6.9 1.119436e+04 1.110698e+04 1.112103e+04 1.120842e+04
7.9 1.118030e+04 1.118249e+04 1.112103e+04 1.111884e+04
8.9 1.130719e+04 1.122219e+04 1.112103e+04 1.120604e+04
0.6 1.103928e+04 1.110697e+04 1.112063e+04 1.105294e+04
1.6 1.107386e+04 1.110743e+04 1.112104e+04 1.108747e+04
2.6 1.115192e+04 1.109776e+04 1.111809e+04 1.117225e+04
3.6 1.116016e+04 1.110755e+04 1.112103e+04 1.117364e+04
4.6 1.119436e+04 1.110698e+04 1.112103e+04 1.120842e+04
5.6 1.118030e+04 1.118249e+04 1.112103e+04 1.111884e+04
6.6 1.130719e+04 1.122219e+04 1.112103e+04 1.120604e+04
7.6 1.125474e+04 1.119658e+04 1.112104e+04 1.117919e+04
8.6 1.103413e+04 1.113877e+04 1.112103e+04 1.101639e+04
0.3 1.115192e+04 1.109776e+04 1.111809e+04 1.117225e+04
1.3 1.116016e+04 1.110755e+04 1.112103e+04 1.117364e+04
2.3 1.119436e+04 1.110698e+04 1.112103e+04 1.120842e+04
3.3 1.118030e+04 1.118249e+04 1.112103e+04 1.111884e+04
4.3 1.130719e+04 1.122219e+04 1.112103e+04 1.120604e+04
5.3 1.125474e+04 1.119658e+04 1.112104e+04 1.117919e+04
6.3 1.103413e+04 1.113877e+04 1.112103e+04 1.101639e+04
7.3 1.108265e+04 1.109707e+04 1.111766e+04 1.110324e+04
8.3 1.117828e+04 1.111741e+04 1.110462e+04 1.116550e+04
0.5 1.080238e+04 1.103276e+04 1.108380e+04 1.085341e+04
1.5 1.095105e+04 1.102390e+04 1.108367e+04 1.101082e+04
2.5 1.107863e+04 1.101413e+04 1.108352e+04 1.114802e+04
3.5 1.102237e+04 1.106864e+04 1.108333e+04 1.103706e+04
4.5 1.109765e+04 1.114235e+04 1.108310e+04 1.103840e+04
5.5 1.120750e+04 1.117597e+04 1.109123e+04 1.112276e+04
6.5 1.116202e+04 1.119060e+04 1.110771e+04 1.107914e+04
7.5 1.101496e+04 1.110978e+04 1.111910e+04 1.102428e+04
8.5 1.103300e+04 1.110989e+04 1.111867e+04 1.104177e+04
0.2 1.107863e+04 1.101413e+04 1.108352e+04 1.114802e+04
1.2 1.102237e+04 1.106864e+04 1.108333e+04 1.103706e+04
2.2 1.109765e+04 1.114235e+04 1.108310e+04 1.103840e+04
3.2 1.120750e+04 1.117597e+04 1.109123e+04 1.112276e+04
4.2 1.116202e+04 1.119060e+04 1.110771e+04 1.107914e+04
5.2 1.101496e+04 1.110978e+04 1.111910e+04 1.102428e+04
6.2 1.103300e+04 1.110989e+04 1.111867e+04 1.104177e+04
7.2 1.115939e+04 1.109956e+04 1.111481e+04 1.117464e+04
8.2 1.112596e+04 1.110927e+04 1.111720e+04 1.113388e+04
0.9 1.120750e+04 1.117597e+04 1.109123e+04 1.112276e+04
1.9 1.116202e+04 1.119060e+04 1.110771e+04 1.107914e+04
2.9 1.101496e+04 1.110978e+04 1.111910e+04 1.102428e+04
3.9 1.103300e+04 1.110989e+04 1.111867e+04 1.104177e+04
4.9 1.115939e+04 1.109956e+04 1.111481e+04 1.117464e+04
5.9 1.112596e+04 1.110927e+04 1.111720e+04 1.113388e+04
6.9 1.124234e+04 1.110831e+04 1.111658e+04 1.125061e+04
7.9 1.114318e+04 1.111075e+04 1.111590e+04 1.114833e+04
8.9 1.124080e+04 1.111068e+04 1.111514e+04 1.124526e+04
0.6 1.101496e+04 1.110978e+04 1.111910e+04 1.102428e+04
1.6 1.103300e+04 1.110989e+04 1.111867e+04 1.104177e+04
2.6 1.115939e+04 1.109956e+04 1.111481e+04 1.117464e+04
3.6 1.112596e+04 1.110927e+04 1.111720e+04 1.113388e+04
4.6 1.124234e+04 1.110831e+04 1.111658e+04 1.125061e+04
5.6 1.114318e+04 1.111075e+04 1.111590e+04 1.114833e+04
6.6 1.124080e+04 1.111068e+04 1.111514e+04 1.124526e+04
7.6 1.104174e+04 1.110939e+04 1.111475e+04 1.104710e+04
8.6 1.114382e+04 1.110922e+04 1.111390e+04 1.114850e+04
0.3 1.115939e+04 1.109956e+04 1.111481e+04 1.117464e+04
1.3 1.112596e+04 1.110927e+04 1.111720e+04 1.113388e+04
2.3 1.124234e+04 1.110831e+04 1.111658e+04 1.125061e+04
3.3 1.114318e+04 1.111075e+04 1.111590e+04 1.114833e+04
4.3 1.124080e+04 1.111068e+04 1.111514e+04 1.124526e+04
5.3 1.104174e+04 1.110939e+04 1.111475e+04 1.104710e+04
6.3 1.114382e+04 1.110922e+04 1.111390e+04 1.114850e+04
7.3 1.108211e+04 1.110346e+04 1.110962e+04 1.108827e+04
8.3 1.106816e+04 1.111039e+04 1.111158e+04 1.106934e+04
1.0 1.114318e+04 1.111075e+04 1.111590e+04 1.114833e+04
2.0 1.124080e+04 1.111068e+04 1.111514e+04 1.124526e+04
3.0 1.104174e+04 1.110939e+04 1.111475e+04 1.104710e+04
4.0 1.114382e+04 1.110922e+04 1.111390e+04 1.114850e+04
5.0 1.108211e+04 1.110346e+04 1.110962e+04 1.108827e+04
6.0 1.106816e+04 1.111039e+04 1.111158e+04 1.106934e+04
0.6 1.104174e+04 1.110939e+04 1.111475e+04 1.104710e+04
1.6 1.114382e+04 1.110922e+04 1.111390e+04 1.114850e+04
2.6 1.108211e+04 1.110346e+04 1.110962e+04 1.108827e+04
3.6 1.106816e+04 1.111039e+04 1.111158e+04 1.106934e+04
0.3 1.108211e+04 1.110346e+04 1.110962e+04 1.108827e+04
1.3 1.106816e+04 1.111039e+04 1.111158e+04 1.106934e+04
