0.5 9.611456e+03 9.494290e+03 9.620639e+03 9.737805e+03
1.5 9.573687e+03 9.434467e+03 9.566439e+03 9.705658e+03
2.5 9.382203e+03 9.391453e+03 9.528343e+03 9.519093e+03
3.5 9.527702e+03 9.477781e+03 9.525300e+03 9.575222e+03
4.5 9.516096e+03 9.580254e+03 9.532928e+03 9.468770e+03
5.5 9.563924e+03 9.597494e+03 9.524196e+03 9.490626e+03
6.5 9.563143e+03 9.604172e+03 9.523464e+03 9.482435e+03
7.5 9.485421e+03 9.608197e+03 9.522642e+03 9.399866e+03
8.5 9.504003e+03 9.605980e+03 9.521747e+03 9.419771e+03
0.2 9.382203e+03 9.391453e+03 9.528343e+03 9.519093e+03
1.2 9.527702e+03 9.477781e+03 9.525300e+03 9.575222e+03
2.2 9.516096e+03 9.580254e+03 9.532928e+03 9.468770e+03
3.2 9.563924e+03 9.597494e+03 9.524196e+03 9.490626e+03
4.2 9.563143e+03 9.604172e+03 9.523464e+03 9.482435e+03
5.2 9.485421e+03 9.608197e+03 9.522642e+03 9.399866e+03
6.2 9.504003e+03 9.605980e+03 9.521747e+03 9.419771e+03
7.2 9.466232e+03 9.587295e+03 9.520801e+03 9.399738e+03
8.2 9.578766e+03 9.601565e+03 9.519818e+03 9.497018e+03
0.9 9.563924e+03 9.597494e+03 9.524196e+03 9.490626e+03
1.9 9.563143e+03 9.604172e+03 9.523464e+03 9.482435e+03
2.9 9.485421e+03 9.608197e+03 9.522642e+03 9.399866e+03
3.9 9.504003e+03 9.605980e+03 9.521747e+03 9.419771e+03
4.9 9.466232e+03 9.587295e+03 9.520801e+03 9.399738e+03
5.9 9.578766e+03 9.601565e+03 9.519818e+03 9.497018e+03
6.9 9.674932e+03 9.605707e+03 9.529627e+03 9.598851e+03
7.9 9.590351e+03 9.598341e+03 9.517789e+03 9.509798e+03
8.9 9.482933e+03 9.597118e+03 9.516780e+03 9.402595e+03
0.6 9.485421e+03 9.608197e+03 9.522642e+03 9.399866e+03
1.6 9.504003e+03 9.605980e+03 9.521747e+03 9.419771e+03
2.6 9.466232e+03 9.587295e+03 9.520801e+03 9.399738e+03
3.6 9.578766e+03 9.601565e+03 9.519818e+03 9.497018e+03
4.6 9.674932e+03 9.605707e+03 9.529627e+03 9.598851e+03
5.6 9.590351e+03 9.598341e+03 9.517789e+03 9.509798e+03
6.6 9.482933e+03 9.597118e+03 9.516780e+03 9.402595e+03
7.6 9.574869e+03 9.596137e+03 9.515801e+03 9.494533e+03
8.6 9.592409e+03 9.595362e+03 9.514863e+03 9.511911e+03
0.3 9.466232e+03 9.587295e+03 9.520801e+03 9.399738e+03
1.3 9.578766e+03 9.601565e+03 9.519818e+03 9.497018e+03
2.3 9.674932e+03 9.605707e+03 9.529627e+03 9.598851e+03
3.3 9.590351e+03 9.598341e+03 9.517789e+03 9.509798e+03
4.3 9.482933e+03 9.597118e+03 9.516780e+03 9.402595e+03
5.3 9.574869e+03 9.596137e+03 9.515801e+03 9.494533e+03
6.3 9.592409e+03 9.595362e+03 9.514863e+03 9.511911e+03
7.3 9.540928e+03 9.587791e+03 9.513974e+03 9.467111e+03
8.3 9.546533e+03 9.594295e+03 9.513141e+03 9.465379e+03
1.0 9.590351e+03 9.598341e+03 9.517789e+03 9.509798e+03
2.0 9.482933e+03 9.597118e+03 9.516780e+03 9.402595e+03
3.0 9.574869e+03 9.596137e+03 9.515801e+03 9.494533e+03
4.0 9.592409e+03 9.595362e+03 9.514863e+03 9.511911e+03
5.0 9.540928e+03 9.587791e+03 9.513974e+03 9.467111e+03
6.0 9.546533e+03 9.594295e+03 9.513141e+03 9.465379e+03
7.0 9.514798e+03 9.589987e+03 9.523186e+03 9.447997e+03
8.0 9.652739e+03 9.650510e+03 9.568452e+03 9.570682e+03
9.0 9.795305e+03 9.704442e+03 9.621899e+03 9.712762e+03
0.7 9.574869e+03 9.596137e+03 9.515801e+03 9.494533e+03
1.7 9.592409e+03 9.595362e+03 9.514863e+03 9.511911e+03
2.7 9.540928e+03 9.587791e+03 9.513974e+03 9.467111e+03
3.7 9.546533e+03 9.594295e+03 9.513141e+03 9.465379e+03
4.7 9.514798e+03 9.589987e+03 9.523186e+03 9.447997e+03
5.7 9.652739e+03 9.650510e+03 9.568452e+03 9.570682e+03
6.7 9.795305e+03 9.704442e+03 9.621899e+03 9.712762e+03
7.7 9.765436e+03 9.658247e+03 9.629441e+03 9.736630e+03
8.7 9.615837e+03 9.559626e+03 9.628936e+03 9.685147e+03
0.4 9.540928e+03 9.587791e+03 9.513974e+03 9.467111e+03
1.4 9.546533e+03 9.594295e+03 9.513141e+03 9.465379e+03
2.4 9.514798e+03 9.589987e+03 9.523186e+03 9.447997e+03
3.4 9.652739e+03 9.650510e+03 9.568452e+03 9.570682e+03
4.4 9.795305e+03 9.704442e+03 9.621899e+03 9.712762e+03
5.4 9.765436e+03 9.658247e+03 9.629441e+03 9.736630e+03
6.4 9.615837e+03 9.559626e+03 9.628936e+03 9.685147e+03
7.4 9.558950e+03 9.493505e+03 9.628499e+03 9.693943e+03
8.4 9.542579e+03 9.484864e+03 9.628124e+03 9.685840e+03
0.5 9.511957e+03 9.447552e+03 9.601491e+03 9.665897e+03
1.5 9.477228e+03 9.393466e+03 9.547281e+03 9.631043e+03
2.5 9.493236e+03 9.355579e+03 9.509321e+03 9.646978e+03
3.5 9.526866e+03 9.450279e+03 9.507882e+03 9.584469e+03
4.5 9.606202e+03 9.558248e+03 9.517274e+03 9.565228e+03
5.5 9.515178e+03 9.577085e+03 9.509099e+03 9.447192e+03
6.5 9.626982e+03 9.587207e+03 9.509045e+03 9.548820e+03
7.5 9.649286e+03 9.590455e+03 9.507640e+03 9.566471e+03
8.5 9.649742e+03 9.590650e+03 9.507585e+03 9.566677e+03
0.2 9.493236e+03 9.355579e+03 9.509321e+03 9.646978e+03
1.2 9.526866e+03 9.450279e+03 9.507882e+03 9.584469e+03
2.2 9.606202e+03 9.558248e+03 9.517274e+03 9.565228e+03
3.2 9.515178e+03 9.577085e+03 9.509099e+03 9.447192e+03
4.2 9.626982e+03 9.587207e+03 9.509045e+03 9.548820e+03
5.2 9.649286e+03 9.590455e+03 9.507640e+03 9.566471e+03
6.2 9.649742e+03 9.590650e+03 9.507585e+03 9.566677e+03
7.2 9.590642e+03 9.575137e+03 9.506173e+03 9.521677e+03
8.2 9.665344e+03 9.591399e+03 9.506104e+03 9.580049e+03
0.9 9.515178e+03 9.577085e+03 9.509099e+03 9.447192e+03
1.9 9.626982e+03 9.587207e+03 9.509045e+03 9.548820e+03
2.9 9.649286e+03 9.590455e+03 9.507640e+03 9.566471e+03
3.9 9.649742e+03 9.590650e+03 9.507585e+03 9.566677e+03
4.9 9.590642e+03 9.575137e+03 9.506173e+03 9.521677e+03
5.9 9.665344e+03 9.591399e+03 9.506104e+03 9.580049e+03
6.9 9.559331e+03 9.598606e+03 9.518203e+03 9.478929e+03
7.9 9.568553e+03 9.598136e+03 9.510026e+03 9.480443e+03
8.9 9.668665e+03 9.598162e+03 9.509966e+03 9.580468e+03
0.6 9.649286e+03 9.590455e+03 9.507640e+03 9.566471e+03
1.6 9.649742e+03 9.590650e+03 9.507585e+03 9.566677e+03
2.6 9.590642e+03 9.575137e+03 9.506173e+03 9.521677e+03
3.6 9.665344e+03 9.591399e+03 9.506104e+03 9.580049e+03
4.6 9.559331e+03 9.598606e+03 9.518203e+03 9.478929e+03
5.6 9.568553e+03 9.598136e+03 9.510026e+03 9.480443e+03
6.6 9.668665e+03 9.598162e+03 9.509966e+03 9.580468e+03
7.6 9.668353e+03 9.588343e+03 9.507198e+03 9.587208e+03
8.6 9.543542e+03 9.588355e+03 9.507128e+03 9.462315e+03
0.3 9.590642e+03 9.575137e+03 9.506173e+03 9.521677e+03
1.3 9.665344e+03 9.591399e+03 9.506104e+03 9.580049e+03
2.3 9.559331e+03 9.598606e+03 9.518203e+03 9.478929e+03
3.3 9.568553e+03 9.598136e+03 9.510026e+03 9.480443e+03
4.3 9.668665e+03 9.598162e+03 9.509966e+03 9.580468e+03
5.3 9.668353e+03 9.588343e+03 9.507198e+03 9.587208e+03
6.3 9.543542e+03 9.588355e+03 9.507128e+03 9.462315e+03
7.3 9.617623e+03 9.583625e+03 9.507060e+03 9.541058e+03
8.3 9.601412e+03 9.592561e+03 9.507013e+03 9.515864e+03
0.9 9.568553e+03 9.598136e+03 9.510026e+03 9.480443e+03
1.9 9.668665e+03 9.598162e+03 9.509966e+03 9.580468e+03
2.9 9.668353e+03 9.588343e+03 9.507198e+03 9.587208e+03
3.9 9.543542e+03 9.588355e+03 9.507128e+03 9.462315e+03
4.9 9.617623e+03 9.583625e+03 9.507060e+03 9.541058e+03
5.9 9.601412e+03 9.592561e+03 9.507013e+03 9.515864e+03
6.9 9.597020e+03 9.591081e+03 9.517777e+03 9.523715e+03
7.9 9.665596e+03 9.648559e+03 9.562336e+03 9.579372e+03
8.9 9.761607e+03 9.702680e+03 9.616360e+03 9.675287e+03
0.7 9.668353e+03 9.588343e+03 9.507198e+03 9.587208e+03
1.7 9.543542e+03 9.588355e+03 9.507128e+03 9.462315e+03
2.7 9.617623e+03 9.583625e+03 9.507060e+03 9.541058e+03
3.7 9.601412e+03 9.592561e+03 9.507013e+03 9.515864e+03
4.7 9.597020e+03 9.591081e+03 9.517777e+03 9.523715e+03
5.7 9.665596e+03 9.648559e+03 9.562336e+03 9.579372e+03
6.7 9.761607e+03 9.702680e+03 9.616360e+03 9.675287e+03
7.7 9.646407e+03 9.660457e+03 9.625775e+03 9.611725e+03
8.7 9.557916e+03 9.561972e+03 9.625738e+03 9.621681e+03
0.3 9.617623e+03 9.583625e+03 9.507060e+03 9.541058e+03
1.3 9.601412e+03 9.592561e+03 9.507013e+03 9.515864e+03
2.3 9.597020e+03 9.591081e+03 9.517777e+03 9.523715e+03
3.3 9.665596e+03 9.648559e+03 9.562336e+03 9.579372e+03
4.3 9.761607e+03 9.702680e+03 9.616360e+03 9.675287e+03
5.3 9.646407e+03 9.660457e+03 9.625775e+03 9.611725e+03
6.3 9.557916e+03 9.561972e+03 9.625738e+03 9.621681e+03
7.3 9.418487e+03 9.493488e+03 9.625716e+03 9.550715e+03
8.3 9.339075e+03 9.485174e+03 9.625709e+03 9.479611e+03
0.5 9.461030e+03 9.446366e+03 9.598795e+03 9.613459e+03
1.5 9.447321e+03 9.392288e+03 9.544776e+03 9.599809e+03
2.5 9.467774e+03 9.355780e+03 9.508333e+03 9.620328e+03
3.5 9.508919e+03 9.454340e+03 9.508407e+03 9.562985e+03
4.5 9.510989e+03 9.562351e+03 9.517950e+03 9.466588e+03
5.5 9.508819e+03 9.577889e+03 9.511271e+03 9.442201e+03
6.5 9.504400e+03 9.588017e+03 9.511354e+03 9.427737e+03
7.5 9.541373e+03 9.587198e+03 9.508732e+03 9.462907e+03
8.5 9.531385e+03 9.587139e+03 9.508816e+03 9.453063e+03
0.2 9.467774e+03 9.355780e+03 9.508333e+03 9.620328e+03
1.2 9.508919e+03 9.454340e+03 9.508407e+03 9.562985e+03
2.2 9.510989e+03 9.562351e+03 9.517950e+03 9.466588e+03
3.2 9.508819e+03 9.577889e+03 9.511271e+03 9.442201e+03
4.2 9.504400e+03 9.588017e+03 9.511354e+03 9.427737e+03
5.2 9.541373e+03 9.587198e+03 9.508732e+03 9.462907e+03
6.2 9.531385e+03 9.587139e+03 9.508816e+03 9.453063e+03
7.2 9.489825e+03 9.572991e+03 9.508910e+03 9.425744e+03
8.2 9.522034e+03 9.590133e+03 9.507660e+03 9.439561e+03
0.8 9.508819e+03 9.577889e+03 9.511271e+03 9.442201e+03
1.8 9.504400e+03 9.588017e+03 9.511354e+03 9.427737e+03
2.8 9.541373e+03 9.587198e+03 9.508732e+03 9.462907e+03
3.8 9.531385e+03 9.587139e+03 9.508816e+03 9.453063e+03
4.8 9.489825e+03 9.572991e+03 9.508910e+03 9.425744e+03
5.8 9.522034e+03 9.590133e+03 9.507660e+03 9.439561e+03
6.8 9.553873e+03 9.599562e+03 9.517224e+03 9.471536e+03
7.8 9.546278e+03 9.593021e+03 9.507856e+03 9.461113e+03
8.8 9.636579e+03 9.592976e+03 9.507955e+03 9.551559e+03
0.5 9.541373e+03 9.587198e+03 9.508732e+03 9.462907e+03
1.5 9.531385e+03 9.587139e+03 9.508816e+03 9.453063e+03
2.5 9.489825e+03 9.572991e+03 9.508910e+03 9.425744e+03
3.5 9.522034e+03 9.590133e+03 9.507660e+03 9.439561e+03
4.5 9.553873e+03 9.599562e+03 9.517224e+03 9.471536e+03
5.5 9.546278e+03 9.593021e+03 9.507856e+03 9.461113e+03
6.5 9.636579e+03 9.592976e+03 9.507955e+03 9.551559e+03
7.5 9.641267e+03 9.592950e+03 9.508060e+03 9.556377e+03
8.5 9.661699e+03 9.593198e+03 9.508176e+03 9.576677e+03
0.2 9.489825e+03 9.572991e+03 9.508910e+03 9.425744e+03
1.2 9.522034e+03 9.590133e+03 9.507660e+03 9.439561e+03
2.2 9.553873e+03 9.599562e+03 9.517224e+03 9.471536e+03
3.2 9.546278e+03 9.593021e+03 9.507856e+03 9.461113e+03
4.2 9.636579e+03 9.592976e+03 9.507955e+03 9.551559e+03
5.2 9.641267e+03 9.592950e+03 9.508060e+03 9.556377e+03
6.2 9.661699e+03 9.593198e+03 9.508176e+03 9.576677e+03
7.2 9.647259e+03 9.579110e+03 9.508309e+03 9.576458e+03
8.2 9.590794e+03 9.593248e+03 9.508467e+03 9.506013e+03
0.9 9.546278e+03 9.593021e+03 9.507856e+03 9.461113e+03
1.9 9.636579e+03 9.592976e+03 9.507955e+03 9.551559e+03
2.9 9.641267e+03 9.592950e+03 9.508060e+03 9.556377e+03
3.9 9.661699e+03 9.593198e+03 9.508176e+03 9.576677e+03
4.9 9.647259e+03 9.579110e+03 9.508309e+03 9.576458e+03
5.9 9.590794e+03 9.593248e+03 9.508467e+03 9.506013e+03
6.9 9.567348e+03 9.596718e+03 9.519469e+03 9.490099e+03
7.9 9.868371e+03 9.646076e+03 9.561602e+03 9.783897e+03
8.9 9.816006e+03 9.700213e+03 9.615950e+03 9.731743e+03
0.6 9.641267e+03 9.592950e+03 9.508060e+03 9.556377e+03
1.6 9.661699e+03 9.593198e+03 9.508176e+03 9.576677e+03
2.6 9.647259e+03 9.579110e+03 9.508309e+03 9.576458e+03
3.6 9.590794e+03 9.593248e+03 9.508467e+03 9.506013e+03
4.6 9.567348e+03 9.596718e+03 9.519469e+03 9.490099e+03
5.6 9.868371e+03 9.646076e+03 9.561602e+03 9.783897e+03
6.6 9.816006e+03 9.700213e+03 9.615950e+03 9.731743e+03
7.6 9.826017e+03 9.665628e+03 9.628445e+03 9.788833e+03
8.6 9.520431e+03 9.567127e+03 9.628844e+03 9.582148e+03
0.3 9.647259e+03 9.579110e+03 9.508309e+03 9.576458e+03
1.3 9.590794e+03 9.593248e+03 9.508467e+03 9.506013e+03
2.3 9.567348e+03 9.596718e+03 9.519469e+03 9.490099e+03
3.3 9.868371e+03 9.646076e+03 9.561602e+03 9.783897e+03
4.3 9.816006e+03 9.700213e+03 9.615950e+03 9.731743e+03
5.3 9.826017e+03 9.665628e+03 9.628445e+03 9.788833e+03
6.3 9.520431e+03 9.567127e+03 9.628844e+03 9.582148e+03
7.3 9.258985e+03 9.493673e+03 9.629322e+03 9.394634e+03
8.3 9.358210e+03 9.485796e+03 9.629890e+03 9.502304e+03
0.5 9.386576e+03 9.445688e+03 9.606185e+03 9.547073e+03
1.5 9.447623e+03 9.391223e+03 9.553238e+03 9.609638e+03
2.5 9.404666e+03 9.352859e+03 9.516650e+03 9.568457e+03
3.5 9.489277e+03 9.450794e+03 9.518061e+03 9.556544e+03
4.5 9.489270e+03 9.559392e+03 9.530430e+03 9.460308e+03
5.5 9.565798e+03 9.573768e+03 9.522661e+03 9.514691e+03
6.5 9.528149e+03 9.582802e+03 9.524501e+03 9.469848e+03
7.5 9.585706e+03 9.586119e+03 9.526483e+03 9.526070e+03
8.5 9.538360e+03 9.584565e+03 9.528603e+03 9.482398e+03
0.2 9.404666e+03 9.352859e+03 9.516650e+03 9.568457e+03
1.2 9.489277e+03 9.450794e+03 9.518061e+03 9.556544e+03
2.2 9.489270e+03 9.559392e+03 9.530430e+03 9.460308e+03
3.2 9.565798e+03 9.573768e+03 9.522661e+03 9.514691e+03
4.2 9.528149e+03 9.582802e+03 9.524501e+03 9.469848e+03
5.2 9.585706e+03 9.586119e+03 9.526483e+03 9.526070e+03
6.2 9.538360e+03 9.584565e+03 9.528603e+03 9.482398e+03
7.2 9.480278e+03 9.567057e+03 9.529489e+03 9.442711e+03
8.2 9.569542e+03 9.579098e+03 9.531827e+03 9.522270e+03
0.9 9.565798e+03 9.573768e+03 9.522661e+03 9.514691e+03
1.9 9.528149e+03 9.582802e+03 9.524501e+03 9.469848e+03
2.9 9.585706e+03 9.586119e+03 9.526483e+03 9.526070e+03
3.9 9.538360e+03 9.584565e+03 9.528603e+03 9.482398e+03
4.9 9.480278e+03 9.567057e+03 9.529489e+03 9.442711e+03
5.9 9.569542e+03 9.579098e+03 9.531827e+03 9.522270e+03
6.9 9.593961e+03 9.582699e+03 9.545090e+03 9.556352e+03
7.9 9.544905e+03 9.578158e+03 9.538177e+03 9.504924e+03
8.9 9.673765e+03 9.575502e+03 9.540825e+03 9.639088e+03
0.6 9.585706e+03 9.586119e+03 9.526483e+03 9.526070e+03
1.6 9.538360e+03 9.584565e+03 9.528603e+03 9.482398e+03
2.6 9.480278e+03 9.567057e+03 9.529489e+03 9.442711e+03
3.6 9.569542e+03 9.579098e+03 9.531827e+03 9.522270e+03
4.6 9.593961e+03 9.582699e+03 9.545090e+03 9.556352e+03
5.6 9.544905e+03 9.578158e+03 9.538177e+03 9.504924e+03
6.6 9.673765e+03 9.575502e+03 9.540825e+03 9.639088e+03
7.6 9.684323e+03 9.569053e+03 9.542208e+03 9.657478e+03
8.6 9.606859e+03 9.565940e+03 9.545018e+03 9.585938e+03
0.3 9.480278e+03 9.567057e+03 9.529489e+03 9.442711e+03
1.3 9.569542e+03 9.579098e+03 9.531827e+03 9.522270e+03
2.3 9.593961e+03 9.582699e+03 9.545090e+03 9.556352e+03
3.3 9.544905e+03 9.578158e+03 9.538177e+03 9.504924e+03
4.3 9.673765e+03 9.575502e+03 9.540825e+03 9.639088e+03
5.3 9.684323e+03 9.569053e+03 9.542208e+03 9.657478e+03
6.3 9.606859e+03 9.565940e+03 9.545018e+03 9.585938e+03
7.3 9.523525e+03 9.558333e+03 9.550595e+03 9.515788e+03
8.3 9.541513e+03 9.563928e+03 9.553516e+03 9.531100e+03
1.0 9.544905e+03 9.578158e+03 9.538177e+03 9.504924e+03
2.0 9.673765e+03 9.575502e+03 9.540825e+03 9.639088e+03
3.0 9.684323e+03 9.569053e+03 9.542208e+03 9.657478e+03
4.0 9.606859e+03 9.565940e+03 9.545018e+03 9.585938e+03
5.0 9.523525e+03 9.558333e+03 9.550595e+03 9.515788e+03
6.0 9.541513e+03 9.563928e+03 9.553516e+03 9.531100e+03
0.6 9.684323e+03 9.569053e+03 9.542208e+03 9.657478e+03
1.6 9.606859e+03 9.565940e+03 9.545018e+03 9.585938e+03
2.6 9.523525e+03 9.558333e+03 9.550595e+03 9.515788e+03
3.6 9.541513e+03 9.563928e+03 9.553516e+03 9.531100e+03
0.3 9.523525e+03 9.558333e+03 9.550595e+03 9.515788e+03
1.3 9.541513e+03 9.563928e+03 9.553516e+03 9.531100e+03
