1.0 9.606665e+03 9.586331e+03 9.618352e+03 9.638686e+03
2.0 9.635389e+03 9.606783e+03 9.618368e+03 9.646974e+03
3.0 9.478896e+03 9.635519e+03 9.618372e+03 9.461749e+03
4.0 9.673966e+03 9.642140e+03 9.618374e+03 9.650200e+03
5.0 9.635924e+03 9.626112e+03 9.618377e+03 9.628189e+03
6.0 9.624620e+03 9.607083e+03 9.607427e+03 9.624965e+03
7.0 9.544770e+03 9.609488e+03 9.607148e+03 9.542430e+03
8.0 9.615621e+03 9.625466e+03 9.612485e+03 9.602640e+03
0.8 9.635924e+03 9.626112e+03 9.618377e+03 9.628189e+03
1.7 9.624620e+03 9.607083e+03 9.607427e+03 9.624965e+03
2.7 9.544770e+03 9.609488e+03 9.607148e+03 9.542430e+03
3.7 9.615621e+03 9.625466e+03 9.612485e+03 9.602640e+03
4.7 9.672252e+03 9.632344e+03 9.618382e+03 9.658290e+03
5.7 9.657014e+03 9.619728e+03 9.610233e+03 9.647519e+03
6.7 9.589861e+03 9.582291e+03 9.607137e+03 9.614708e+03
7.7 9.549656e+03 9.579323e+03 9.609656e+03 9.579989e+03
0.7 9.549656e+03 9.579323e+03 9.609656e+03 9.579989e+03
1.7 9.710209e+03 9.606817e+03 9.618353e+03 9.721744e+03
2.7 9.739326e+03 9.632365e+03 9.618344e+03 9.725305e+03
3.7 9.609768e+03 9.642977e+03 9.618335e+03 9.585126e+03
4.7 9.552610e+03 9.632550e+03 9.618326e+03 9.538386e+03
5.7 9.732477e+03 9.619614e+03 9.610171e+03 9.723033e+03
6.7 9.520484e+03 9.582152e+03 9.607071e+03 9.545403e+03
7.7 9.545039e+03 9.583819e+03 9.609589e+03 9.570810e+03
1.0 9.648617e+03 9.629489e+03 9.618267e+03 9.637395e+03
2.0 9.645519e+03 9.617918e+03 9.618257e+03 9.645858e+03
3.0 9.680335e+03 9.623567e+03 9.618249e+03 9.675016e+03
4.0 9.623176e+03 9.630136e+03 9.618240e+03 9.611280e+03
5.0 9.545531e+03 9.631895e+03 9.618232e+03 9.531868e+03
6.0 9.638574e+03 9.614929e+03 9.607271e+03 9.630917e+03
7.0 9.591427e+03 9.598545e+03 9.606985e+03 9.599866e+03
8.0 9.571721e+03 9.586674e+03 9.612316e+03 9.597363e+03
0.3 9.759032e+03 9.632293e+03 9.618264e+03 9.745003e+03
1.3 9.687078e+03 9.628369e+03 9.618276e+03 9.676985e+03
2.3 9.632675e+03 9.622789e+03 9.618287e+03 9.628172e+03
3.3 9.539501e+03 9.625752e+03 9.618299e+03 9.532049e+03
4.3 9.745713e+03 9.629182e+03 9.618314e+03 9.734844e+03
5.3 9.578650e+03 9.625240e+03 9.615801e+03 9.569211e+03
6.3 9.627517e+03 9.610283e+03 9.607109e+03 9.624342e+03
7.3 9.569525e+03 9.605284e+03 9.607123e+03 9.571365e+03
0.3 9.627517e+03 9.610283e+03 9.607109e+03 9.624342e+03
1.3 9.569525e+03 9.605284e+03 9.607123e+03 9.571365e+03
2.3 9.630783e+03 9.613404e+03 9.615284e+03 9.632663e+03
3.3 9.543867e+03 9.625598e+03 9.618390e+03 9.536658e+03
4.3 9.575935e+03 9.629044e+03 9.618406e+03 9.565296e+03
5.3 9.615548e+03 9.620458e+03 9.615894e+03 9.610984e+03
6.3 9.502028e+03 9.605184e+03 9.607203e+03 9.504047e+03
7.3 9.565030e+03 9.607998e+03 9.607220e+03 9.564252e+03
0.8 9.615548e+03 9.620458e+03 9.615894e+03 9.610984e+03
1.8 9.502028e+03 9.605184e+03 9.607203e+03 9.504047e+03
2.8 9.565030e+03 9.607998e+03 9.607220e+03 9.564252e+03
3.8 9.656501e+03 9.625884e+03 9.615384e+03 9.646001e+03
4.8 9.611515e+03 9.628963e+03 9.618492e+03 9.601044e+03
5.8 9.608011e+03 9.616335e+03 9.610366e+03 9.602042e+03
6.8 9.699181e+03 9.611539e+03 9.607294e+03 9.694935e+03
7.8 9.493051e+03 9.614065e+03 9.609839e+03 9.488825e+03
0.5 9.609579e+03 9.631421e+03 9.618666e+03 9.596824e+03
1.5 9.593668e+03 9.625442e+03 9.618683e+03 9.586909e+03
2.5 9.564131e+03 9.616414e+03 9.618699e+03 9.566416e+03
3.5 9.633922e+03 9.628693e+03 9.618714e+03 9.623943e+03
4.5 9.722841e+03 9.622767e+03 9.618730e+03 9.718804e+03
5.5 9.629629e+03 9.614352e+03 9.613408e+03 9.628685e+03
6.5 9.628812e+03 9.611211e+03 9.607525e+03 9.625125e+03
7.5 9.562888e+03 9.617835e+03 9.607539e+03 9.552592e+03
1.0 9.722841e+03 9.622767e+03 9.618730e+03 9.718804e+03
2.0 9.629629e+03 9.614352e+03 9.613408e+03 9.628685e+03
3.0 9.628812e+03 9.611211e+03 9.607525e+03 9.625125e+03
4.0 9.562888e+03 9.617835e+03 9.607539e+03 9.552592e+03
5.0 9.613839e+03 9.630144e+03 9.618507e+03 9.602202e+03
6.0 9.617024e+03 9.613976e+03 9.607847e+03 9.610895e+03
7.0 9.604423e+03 9.606027e+03 9.607579e+03 9.605975e+03
8.0 9.616834e+03 9.585439e+03 9.612928e+03 9.644322e+03
0.3 9.626351e+03 9.589922e+03 9.618838e+03 9.655266e+03
1.3 9.559715e+03 9.616374e+03 9.618847e+03 9.562188e+03
2.3 9.586235e+03 9.628304e+03 9.618856e+03 9.576787e+03
3.3 9.687353e+03 9.634826e+03 9.618865e+03 9.671391e+03
4.3 9.580738e+03 9.630148e+03 9.618874e+03 9.569465e+03
5.3 9.660051e+03 9.627223e+03 9.616354e+03 9.649181e+03
6.3 9.691865e+03 9.613751e+03 9.607653e+03 9.685768e+03
7.3 9.510236e+03 9.581537e+03 9.607660e+03 9.536360e+03
1.0 9.590994e+03 9.620351e+03 9.618924e+03 9.589567e+03
2.0 9.693693e+03 9.617014e+03 9.618923e+03 9.695602e+03
3.0 9.649630e+03 9.623021e+03 9.618920e+03 9.645530e+03
4.0 9.548353e+03 9.626614e+03 9.618917e+03 9.540655e+03
5.0 9.665691e+03 9.623283e+03 9.618912e+03 9.661320e+03
6.0 9.601214e+03 9.606345e+03 9.607951e+03 9.602820e+03
7.0 9.584303e+03 9.618210e+03 9.607663e+03 9.573755e+03
8.0 9.593274e+03 9.623889e+03 9.612988e+03 9.582374e+03
0.5 9.548353e+03 9.626614e+03 9.618917e+03 9.540655e+03
1.5 9.665691e+03 9.623283e+03 9.618912e+03 9.661320e+03
2.5 9.601214e+03 9.606345e+03 9.607951e+03 9.602820e+03
3.5 9.584303e+03 9.618210e+03 9.607663e+03 9.573755e+03
4.5 9.593274e+03 9.623889e+03 9.612988e+03 9.582374e+03
5.5 9.647812e+03 9.621546e+03 9.613538e+03 9.639804e+03
6.5 9.631911e+03 9.609387e+03 9.607626e+03 9.630150e+03
7.5 9.583193e+03 9.606046e+03 9.607613e+03 9.584760e+03
0.5 9.631911e+03 9.609387e+03 9.607626e+03 9.630150e+03
1.5 9.583193e+03 9.606046e+03 9.607613e+03 9.584760e+03
2.5 9.591010e+03 9.617032e+03 9.618552e+03 9.592530e+03
3.5 9.618659e+03 9.629611e+03 9.618817e+03 9.607865e+03
4.5 9.649574e+03 9.630368e+03 9.618801e+03 9.638007e+03
5.5 9.529379e+03 9.623560e+03 9.613446e+03 9.519265e+03
6.5 9.582670e+03 9.614459e+03 9.607527e+03 9.575738e+03
7.5 9.580336e+03 9.590218e+03 9.607504e+03 9.597622e+03
0.5 9.645678e+03 9.588948e+03 9.618434e+03 9.675164e+03
1.5 9.575511e+03 9.595628e+03 9.618689e+03 9.598571e+03
2.5 9.590530e+03 9.629219e+03 9.618661e+03 9.579973e+03
3.5 9.751158e+03 9.641520e+03 9.618632e+03 9.728270e+03
4.5 9.715566e+03 9.631961e+03 9.618602e+03 9.702207e+03
5.5 9.632324e+03 9.615536e+03 9.613233e+03 9.630021e+03
6.5 9.615291e+03 9.606422e+03 9.607301e+03 9.616170e+03
7.5 9.607822e+03 9.615578e+03 9.607266e+03 9.599510e+03
0.3 9.715566e+03 9.631961e+03 9.618602e+03 9.702207e+03
1.3 9.632324e+03 9.615536e+03 9.613233e+03 9.630021e+03
2.3 9.615291e+03 9.606422e+03 9.607301e+03 9.616170e+03
3.3 9.607822e+03 9.615578e+03 9.607266e+03 9.599510e+03
4.3 9.654942e+03 9.631820e+03 9.618184e+03 9.641306e+03
5.3 9.658559e+03 9.628252e+03 9.615900e+03 9.646206e+03
6.3 9.657935e+03 9.598877e+03 9.607154e+03 9.666212e+03
7.3 9.470288e+03 9.581321e+03 9.607114e+03 9.496082e+03
0.7 9.550024e+03 9.594111e+03 9.618178e+03 9.574092e+03
1.7 9.622313e+03 9.586243e+03 9.618135e+03 9.654205e+03
2.7 9.611833e+03 9.631317e+03 9.618091e+03 9.598607e+03
3.7 9.651211e+03 9.642164e+03 9.618046e+03 9.627093e+03
4.7 9.632146e+03 9.636629e+03 9.617999e+03 9.613517e+03
5.7 9.645844e+03 9.617893e+03 9.609807e+03 9.637758e+03
6.7 9.598893e+03 9.613533e+03 9.606672e+03 9.592032e+03
7.7 9.613862e+03 9.617500e+03 9.609155e+03 9.605518e+03
0.7 9.613398e+03 9.631291e+03 9.617009e+03 9.599116e+03
1.7 9.547855e+03 9.629520e+03 9.616985e+03 9.535320e+03
2.7 9.632430e+03 9.623886e+03 9.616962e+03 9.625505e+03
3.7 9.609954e+03 9.630423e+03 9.616940e+03 9.596472e+03
4.7 9.689454e+03 9.630414e+03 9.616920e+03 9.675960e+03
5.7 9.663409e+03 9.618199e+03 9.608753e+03 9.653963e+03
6.7 9.674354e+03 9.614827e+03 9.605644e+03 9.665171e+03
7.7 9.625722e+03 9.617341e+03 9.608154e+03 9.616534e+03
0.5 9.668284e+03 9.632712e+03 9.616713e+03 9.652285e+03
1.5 9.600879e+03 9.617962e+03 9.616706e+03 9.599623e+03
2.5 9.653522e+03 9.617661e+03 9.616700e+03 9.652561e+03
3.5 9.631476e+03 9.629921e+03 9.616694e+03 9.618249e+03
4.5 9.566097e+03 9.630225e+03 9.616688e+03 9.552560e+03
5.5 9.669437e+03 9.623285e+03 9.611348e+03 9.657499e+03
6.5 9.635167e+03 9.614646e+03 9.605446e+03 9.625967e+03
7.5 9.658651e+03 9.607102e+03 9.605442e+03 9.656992e+03
0.2 9.590462e+03 9.633825e+03 9.616729e+03 9.573366e+03
1.2 9.656008e+03 9.617441e+03 9.616738e+03 9.655305e+03
2.2 9.587458e+03 9.617115e+03 9.616751e+03 9.587094e+03
3.2 9.553744e+03 9.626206e+03 9.616766e+03 9.544305e+03
4.2 9.649001e+03 9.631430e+03 9.616782e+03 9.634353e+03
5.2 9.656944e+03 9.627518e+03 9.614267e+03 9.643693e+03
6.2 9.670448e+03 9.598093e+03 9.605573e+03 9.677928e+03
7.2 9.660954e+03 9.580490e+03 9.605587e+03 9.686051e+03
