0.5 9.928101e+03 9.941820e+03 9.955879e+03 9.942159e+03
1.5 9.894463e+03 9.972839e+03 9.955786e+03 9.877410e+03
2.5 1.000580e+04 9.935714e+03 9.955706e+03 1.002580e+04
3.5 9.961736e+03 9.937908e+03 9.957445e+03 9.981273e+03
4.5 9.875723e+03 9.942154e+03 9.959288e+03 9.892857e+03
5.5 9.998534e+03 9.968875e+03 9.959712e+03 9.989372e+03
6.5 1.003086e+04 9.998550e+03 9.959668e+03 9.991981e+03
7.5 1.001369e+04 9.973168e+03 9.959633e+03 1.000016e+04
8.5 9.945497e+03 9.974043e+03 9.959606e+03 9.931060e+03
0.2 1.000580e+04 9.935714e+03 9.955706e+03 1.002580e+04
1.2 9.961736e+03 9.937908e+03 9.957445e+03 9.981273e+03
2.2 9.875723e+03 9.942154e+03 9.959288e+03 9.892857e+03
3.2 9.998534e+03 9.968875e+03 9.959712e+03 9.989372e+03
4.2 1.003086e+04 9.998550e+03 9.959668e+03 9.991981e+03
5.2 1.001369e+04 9.973168e+03 9.959633e+03 1.000016e+04
6.2 9.945497e+03 9.974043e+03 9.959606e+03 9.931060e+03
7.2 9.954943e+03 9.968373e+03 9.959300e+03 9.945870e+03
8.2 1.004142e+04 9.972945e+03 9.959571e+03 1.002804e+04
0.9 9.998534e+03 9.968875e+03 9.959712e+03 9.989372e+03
1.9 1.003086e+04 9.998550e+03 9.959668e+03 9.991981e+03
2.9 1.001369e+04 9.973168e+03 9.959633e+03 1.000016e+04
3.9 9.945497e+03 9.974043e+03 9.959606e+03 9.931060e+03
4.9 9.954943e+03 9.968373e+03 9.959300e+03 9.945870e+03
5.9 1.004142e+04 9.972945e+03 9.959571e+03 1.002804e+04
6.9 9.922275e+03 9.965614e+03 9.959466e+03 9.916128e+03
7.9 1.001435e+04 9.972299e+03 9.959557e+03 1.000161e+04
8.9 9.937781e+03 9.972095e+03 9.959557e+03 9.925243e+03
0.6 1.001369e+04 9.973168e+03 9.959633e+03 1.000016e+04
1.6 9.945497e+03 9.974043e+03 9.959606e+03 9.931060e+03
2.6 9.954943e+03 9.968373e+03 9.959300e+03 9.945870e+03
3.6 1.004142e+04 9.972945e+03 9.959571e+03 1.002804e+04
4.6 9.922275e+03 9.965614e+03 9.959466e+03 9.916128e+03
5.6 1.001435e+04 9.972299e+03 9.959557e+03 1.000161e+04
6.6 9.937781e+03 9.972095e+03 9.959557e+03 9.925243e+03
7.6 9.966643e+03 9.971960e+03 9.959560e+03 9.954242e+03
8.6 9.964367e+03 9.971885e+03 9.959565e+03 9.952047e+03
0.3 9.954943e+03 9.968373e+03 9.959300e+03 9.945870e+03
1.3 1.004142e+04 9.972945e+03 9.959571e+03 1.002804e+04
2.3 9.922275e+03 9.965614e+03 9.959466e+03 9.916128e+03
3.3 1.001435e+04 9.972299e+03 9.959557e+03 1.000161e+04
4.3 9.937781e+03 9.972095e+03 9.959557e+03 9.925243e+03
5.3 9.966643e+03 9.971960e+03 9.959560e+03 9.954242e+03
6.3 9.964367e+03 9.971885e+03 9.959565e+03 9.952047e+03
7.3 9.973607e+03 9.965395e+03 9.959477e+03 9.967690e+03
8.3 9.890996e+03 9.971872e+03 9.959581e+03 9.878705e+03
1.0 1.001435e+04 9.972299e+03 9.959557e+03 1.000161e+04
2.0 9.937781e+03 9.972095e+03 9.959557e+03 9.925243e+03
3.0 9.966643e+03 9.971960e+03 9.959560e+03 9.954242e+03
4.0 9.964367e+03 9.971885e+03 9.959565e+03 9.952047e+03
5.0 9.973607e+03 9.965395e+03 9.959477e+03 9.967690e+03
6.0 9.890996e+03 9.971872e+03 9.959581e+03 9.878705e+03
7.0 9.927198e+03 9.974028e+03 9.959305e+03 9.912476e+03
8.0 9.990255e+03 1.003783e+04 9.959601e+03 9.912021e+03
9.0 1.000796e+04 1.004064e+04 9.959611e+03 9.926924e+03
0.7 9.966643e+03 9.971960e+03 9.959560e+03 9.954242e+03
1.7 9.964367e+03 9.971885e+03 9.959565e+03 9.952047e+03
2.7 9.973607e+03 9.965395e+03 9.959477e+03 9.967690e+03
3.7 9.890996e+03 9.971872e+03 9.959581e+03 9.878705e+03
4.7 9.927198e+03 9.974028e+03 9.959305e+03 9.912476e+03
5.7 9.990255e+03 1.003783e+04 9.959601e+03 9.912021e+03
6.7 1.000796e+04 1.004064e+04 9.959611e+03 9.926924e+03
7.7 9.989352e+03 9.997831e+03 9.958573e+03 9.950094e+03
8.7 9.892528e+03 9.940963e+03 9.956679e+03 9.908244e+03
0.4 9.973607e+03 9.965395e+03 9.959477e+03 9.967690e+03
1.4 9.890996e+03 9.971872e+03 9.959581e+03 9.878705e+03
2.4 9.927198e+03 9.974028e+03 9.959305e+03 9.912476e+03
3.4 9.990255e+03 1.003783e+04 9.959601e+03 9.912021e+03
4.4 1.000796e+04 1.004064e+04 9.959611e+03 9.926924e+03
5.4 9.989352e+03 9.997831e+03 9.958573e+03 9.950094e+03
6.4 9.892528e+03 9.940963e+03 9.956679e+03 9.908244e+03
7.4 9.996154e+03 9.935117e+03 9.955451e+03 1.001649e+04
8.4 9.963534e+03 9.924736e+03 9.955458e+03 9.994257e+03
0.5 1.000841e+04 9.931942e+03 9.955478e+03 1.003195e+04
1.5 9.943942e+03 9.964794e+03 9.955480e+03 9.934628e+03
2.5 1.003859e+04 9.929195e+03 9.955482e+03 1.006488e+04
3.5 9.990127e+03 9.931918e+03 9.957338e+03 1.001555e+04
4.5 9.904217e+03 9.936529e+03 9.959242e+03 9.926930e+03
5.5 1.003127e+04 9.965124e+03 9.959670e+03 1.002581e+04
6.5 1.004265e+04 9.995775e+03 9.959670e+03 1.000654e+04
7.5 9.983645e+03 9.972042e+03 9.959623e+03 9.971225e+03
8.5 9.926565e+03 9.972844e+03 9.959623e+03 9.913344e+03
0.2 1.003859e+04 9.929195e+03 9.955482e+03 1.006488e+04
1.2 9.990127e+03 9.931918e+03 9.957338e+03 1.001555e+04
2.2 9.904217e+03 9.936529e+03 9.959242e+03 9.926930e+03
3.2 1.003127e+04 9.965124e+03 9.959670e+03 1.002581e+04
4.2 1.004265e+04 9.995775e+03 9.959670e+03 1.000654e+04
5.2 9.983645e+03 9.972042e+03 9.959623e+03 9.971225e+03
6.2 9.926565e+03 9.972844e+03 9.959623e+03 9.913344e+03
7.2 1.001327e+04 9.967907e+03 9.959385e+03 1.000475e+04
8.2 9.978036e+03 9.972990e+03 9.959671e+03 9.964717e+03
0.9 1.003127e+04 9.965124e+03 9.959670e+03 1.002581e+04
1.9 1.004265e+04 9.995775e+03 9.959670e+03 1.000654e+04
2.9 9.983645e+03 9.972042e+03 9.959623e+03 9.971225e+03
3.9 9.926565e+03 9.972844e+03 9.959623e+03 9.913344e+03
4.9 1.001327e+04 9.967907e+03 9.959385e+03 1.000475e+04
5.9 9.978036e+03 9.972990e+03 9.959671e+03 9.964717e+03
6.9 1.002407e+04 9.965180e+03 9.959577e+03 1.001847e+04
7.9 9.968938e+03 9.971271e+03 9.959721e+03 9.957388e+03
8.9 9.990495e+03 9.971289e+03 9.959722e+03 9.978929e+03
0.6 9.983645e+03 9.972042e+03 9.959623e+03 9.971225e+03
1.6 9.926565e+03 9.972844e+03 9.959623e+03 9.913344e+03
2.6 1.001327e+04 9.967907e+03 9.959385e+03 1.000475e+04
3.6 9.978036e+03 9.972990e+03 9.959671e+03 9.964717e+03
4.6 1.002407e+04 9.965180e+03 9.959577e+03 1.001847e+04
5.6 9.968938e+03 9.971271e+03 9.959721e+03 9.957388e+03
6.6 9.990495e+03 9.971289e+03 9.959722e+03 9.978929e+03
7.6 1.002779e+04 9.973682e+03 9.959581e+03 1.001369e+04
8.6 9.973338e+03 9.973711e+03 9.959583e+03 9.959209e+03
0.3 1.001327e+04 9.967907e+03 9.959385e+03 1.000475e+04
1.3 9.978036e+03 9.972990e+03 9.959671e+03 9.964717e+03
2.3 1.002407e+04 9.965180e+03 9.959577e+03 1.001847e+04
3.3 9.968938e+03 9.971271e+03 9.959721e+03 9.957388e+03
4.3 9.990495e+03 9.971289e+03 9.959722e+03 9.978929e+03
5.3 1.002779e+04 9.973682e+03 9.959581e+03 1.001369e+04
6.3 9.973338e+03 9.973711e+03 9.959583e+03 9.959209e+03
7.3 1.004763e+04 9.966525e+03 9.959537e+03 1.004064e+04
8.3 9.961000e+03 9.971446e+03 9.959681e+03 9.949234e+03
0.9 9.968938e+03 9.971271e+03 9.959721e+03 9.957388e+03
1.9 9.990495e+03 9.971289e+03 9.959722e+03 9.978929e+03
2.9 1.002779e+04 9.973682e+03 9.959581e+03 1.001369e+04
3.9 9.973338e+03 9.973711e+03 9.959583e+03 9.959209e+03
4.9 1.004763e+04 9.966525e+03 9.959537e+03 1.004064e+04
5.9 9.961000e+03 9.971446e+03 9.959681e+03 9.949234e+03
6.9 1.000754e+04 9.971320e+03 9.959444e+03 9.995669e+03
7.9 1.006138e+04 1.003750e+04 9.959684e+03 9.983561e+03
8.9 1.002089e+04 1.004258e+04 9.959685e+03 9.937998e+03
0.7 1.002779e+04 9.973682e+03 9.959581e+03 1.001369e+04
1.7 9.973338e+03 9.973711e+03 9.959583e+03 9.959209e+03
2.7 1.004763e+04 9.966525e+03 9.959537e+03 1.004064e+04
3.7 9.961000e+03 9.971446e+03 9.959681e+03 9.949234e+03
4.7 1.000754e+04 9.971320e+03 9.959444e+03 9.995669e+03
5.7 1.006138e+04 1.003750e+04 9.959684e+03 9.983561e+03
6.7 1.002089e+04 1.004258e+04 9.959685e+03 9.937998e+03
7.7 1.002394e+04 1.000043e+04 9.958688e+03 9.982204e+03
8.7 9.955926e+03 9.941967e+03 9.956787e+03 9.970747e+03
0.3 1.004763e+04 9.966525e+03 9.959537e+03 1.004064e+04
1.3 9.961000e+03 9.971446e+03 9.959681e+03 9.949234e+03
2.3 1.000754e+04 9.971320e+03 9.959444e+03 9.995669e+03
3.3 1.006138e+04 1.003750e+04 9.959684e+03 9.983561e+03
4.3 1.002089e+04 1.004258e+04 9.959685e+03 9.937998e+03
5.3 1.002394e+04 1.000043e+04 9.958688e+03 9.982204e+03
6.3 9.955926e+03 9.941967e+03 9.956787e+03 9.970747e+03
7.3 9.955183e+03 9.935599e+03 9.955505e+03 9.975088e+03
8.3 9.832604e+03 9.925961e+03 9.955506e+03 9.862149e+03
0.5 9.858741e+03 9.933421e+03 9.955507e+03 9.880827e+03
1.5 9.950291e+03 9.966224e+03 9.955506e+03 9.939573e+03
2.5 9.858426e+03 9.929743e+03 9.955504e+03 9.884187e+03
3.5 9.933361e+03 9.931642e+03 9.957406e+03 9.959125e+03
4.5 9.886778e+03 9.936239e+03 9.959307e+03 9.909847e+03
5.5 9.915059e+03 9.964653e+03 9.959638e+03 9.910044e+03
6.5 9.934197e+03 9.995280e+03 9.959636e+03 9.898553e+03
7.5 9.896705e+03 9.971541e+03 9.959538e+03 9.884702e+03
8.5 9.961592e+03 9.971523e+03 9.959535e+03 9.949604e+03
0.2 9.858426e+03 9.929743e+03 9.955504e+03 9.884187e+03
1.2 9.933361e+03 9.931642e+03 9.957406e+03 9.959125e+03
2.2 9.886778e+03 9.936239e+03 9.959307e+03 9.909847e+03
3.2 9.915059e+03 9.964653e+03 9.959638e+03 9.910044e+03
4.2 9.934197e+03 9.995280e+03 9.959636e+03 9.898553e+03
5.2 9.896705e+03 9.971541e+03 9.959538e+03 9.884702e+03
6.2 9.961592e+03 9.971523e+03 9.959535e+03 9.949604e+03
7.2 9.995689e+03 9.965709e+03 9.959295e+03 9.989275e+03
8.2 9.966554e+03 9.970879e+03 9.959626e+03 9.955300e+03
0.8 9.915059e+03 9.964653e+03 9.959638e+03 9.910044e+03
1.8 9.934197e+03 9.995280e+03 9.959636e+03 9.898553e+03
2.8 9.896705e+03 9.971541e+03 9.959538e+03 9.884702e+03
3.8 9.961592e+03 9.971523e+03 9.959535e+03 9.949604e+03
4.8 9.995689e+03 9.965709e+03 9.959295e+03 9.989275e+03
5.8 9.966554e+03 9.970879e+03 9.959626e+03 9.955300e+03
6.8 9.922857e+03 9.964861e+03 9.959623e+03 9.917619e+03
7.8 9.955937e+03 9.972490e+03 9.959668e+03 9.943114e+03
8.8 9.924228e+03 9.972480e+03 9.959665e+03 9.911413e+03
0.5 9.896705e+03 9.971541e+03 9.959538e+03 9.884702e+03
1.5 9.961592e+03 9.971523e+03 9.959535e+03 9.949604e+03
2.5 9.995689e+03 9.965709e+03 9.959295e+03 9.989275e+03
3.5 9.966554e+03 9.970879e+03 9.959626e+03 9.955300e+03
4.5 9.922857e+03 9.964861e+03 9.959623e+03 9.917619e+03
5.5 9.955937e+03 9.972490e+03 9.959668e+03 9.943114e+03
6.5 9.924228e+03 9.972480e+03 9.959665e+03 9.911413e+03
7.5 9.992747e+03 9.972477e+03 9.959663e+03 9.979933e+03
8.5 9.953459e+03 9.973276e+03 9.959661e+03 9.939844e+03
0.2 9.995689e+03 9.965709e+03 9.959295e+03 9.989275e+03
1.2 9.966554e+03 9.970879e+03 9.959626e+03 9.955300e+03
2.2 9.922857e+03 9.964861e+03 9.959623e+03 9.917619e+03
3.2 9.955937e+03 9.972490e+03 9.959668e+03 9.943114e+03
4.2 9.924228e+03 9.972480e+03 9.959665e+03 9.911413e+03
5.2 9.992747e+03 9.972477e+03 9.959663e+03 9.979933e+03
6.2 9.953459e+03 9.973276e+03 9.959661e+03 9.939844e+03
7.2 9.990183e+03 9.967470e+03 9.959421e+03 9.982133e+03
8.2 1.004108e+04 9.973300e+03 9.959656e+03 1.002744e+04
0.9 9.955937e+03 9.972490e+03 9.959668e+03 9.943114e+03
1.9 9.924228e+03 9.972480e+03 9.959665e+03 9.911413e+03
2.9 9.992747e+03 9.972477e+03 9.959663e+03 9.979933e+03
3.9 9.953459e+03 9.973276e+03 9.959661e+03 9.939844e+03
4.9 9.990183e+03 9.967470e+03 9.959421e+03 9.982133e+03
5.9 1.004108e+04 9.973300e+03 9.959656e+03 1.002744e+04
6.9 9.978487e+03 9.968647e+03 9.959511e+03 9.969351e+03
7.9 1.009352e+04 1.003487e+04 9.959650e+03 1.001830e+04
8.9 1.010220e+04 1.004459e+04 9.959646e+03 1.001726e+04
0.6 9.992747e+03 9.972477e+03 9.959663e+03 9.979933e+03
1.6 9.953459e+03 9.973276e+03 9.959661e+03 9.939844e+03
2.6 9.990183e+03 9.967470e+03 9.959421e+03 9.982133e+03
3.6 1.004108e+04 9.973300e+03 9.959656e+03 1.002744e+04
4.6 9.978487e+03 9.968647e+03 9.959511e+03 9.969351e+03
5.6 1.009352e+04 1.003487e+04 9.959650e+03 1.001830e+04
6.6 1.010220e+04 1.004459e+04 9.959646e+03 1.001726e+04
7.6 1.003038e+04 1.000388e+04 9.958737e+03 9.985237e+03
8.6 9.928644e+03 9.942365e+03 9.956828e+03 9.943106e+03
0.3 9.990183e+03 9.967470e+03 9.959421e+03 9.982133e+03
1.3 1.004108e+04 9.973300e+03 9.959656e+03 1.002744e+04
2.3 9.978487e+03 9.968647e+03 9.959511e+03 9.969351e+03
3.3 1.009352e+04 1.003487e+04 9.959650e+03 1.001830e+04
4.3 1.010220e+04 1.004459e+04 9.959646e+03 1.001726e+04
5.3 1.003038e+04 1.000388e+04 9.958737e+03 9.985237e+03
6.3 9.928644e+03 9.942365e+03 9.956828e+03 9.943106e+03
7.3 9.867295e+03 9.935069e+03 9.955440e+03 9.887665e+03
8.3 9.886103e+03 9.927009e+03 9.955429e+03 9.914523e+03
0.5 9.982796e+03 9.933498e+03 9.955356e+03 1.000465e+04
1.5 9.954607e+03 9.966187e+03 9.955328e+03 9.943749e+03
2.5 9.869714e+03 9.930410e+03 9.955296e+03 9.894599e+03
3.5 9.847256e+03 9.932115e+03 9.957162e+03 9.872303e+03
4.5 9.941123e+03 9.935611e+03 9.959022e+03 9.964534e+03
5.5 9.919886e+03 9.965493e+03 9.959355e+03 9.913747e+03
6.5 1.001144e+04 9.995769e+03 9.959301e+03 9.974973e+03
7.5 9.939082e+03 9.970739e+03 9.959193e+03 9.927537e+03
8.5 9.978449e+03 9.970231e+03 9.959128e+03 9.967345e+03
0.2 9.869714e+03 9.930410e+03 9.955296e+03 9.894599e+03
1.2 9.847256e+03 9.932115e+03 9.957162e+03 9.872303e+03
2.2 9.941123e+03 9.935611e+03 9.959022e+03 9.964534e+03
3.2 9.919886e+03 9.965493e+03 9.959355e+03 9.913747e+03
4.2 1.001144e+04 9.995769e+03 9.959301e+03 9.974973e+03
5.2 9.939082e+03 9.970739e+03 9.959193e+03 9.927537e+03
6.2 9.978449e+03 9.970231e+03 9.959128e+03 9.967345e+03
7.2 9.950032e+03 9.963875e+03 9.958817e+03 9.944975e+03
8.2 9.923435e+03 9.968993e+03 9.958977e+03 9.913418e+03
0.9 9.919886e+03 9.965493e+03 9.959355e+03 9.913747e+03
1.9 1.001144e+04 9.995769e+03 9.959301e+03 9.974973e+03
2.9 9.939082e+03 9.970739e+03 9.959193e+03 9.927537e+03
3.9 9.978449e+03 9.970231e+03 9.959128e+03 9.967345e+03
4.9 9.950032e+03 9.963875e+03 9.958817e+03 9.944975e+03
5.9 9.923435e+03 9.968993e+03 9.958977e+03 9.913418e+03
6.9 9.969748e+03 9.961281e+03 9.958798e+03 9.967265e+03
7.9 1.002028e+04 9.966640e+03 9.958851e+03 1.001249e+04
8.9 9.994316e+03 9.965780e+03 9.958758e+03 9.987294e+03
0.6 9.939082e+03 9.970739e+03 9.959193e+03 9.927537e+03
1.6 9.978449e+03 9.970231e+03 9.959128e+03 9.967345e+03
2.6 9.950032e+03 9.963875e+03 9.958817e+03 9.944975e+03
3.6 9.923435e+03 9.968993e+03 9.958977e+03 9.913418e+03
4.6 9.969748e+03 9.961281e+03 9.958798e+03 9.967265e+03
5.6 1.002028e+04 9.966640e+03 9.958851e+03 1.001249e+04
6.6 9.994316e+03 9.965780e+03 9.958758e+03 9.987294e+03
7.6 1.004666e+04 9.966464e+03 9.958611e+03 1.003881e+04
8.6 9.978472e+03 9.965499e+03 9.958507e+03 9.971479e+03
0.3 9.950032e+03 9.963875e+03 9.958817e+03 9.944975e+03
1.3 9.923435e+03 9.968993e+03 9.958977e+03 9.913418e+03
2.3 9.969748e+03 9.961281e+03 9.958798e+03 9.967265e+03
3.3 1.002028e+04 9.966640e+03 9.958851e+03 1.001249e+04
4.3 9.994316e+03 9.965780e+03 9.958758e+03 9.987294e+03
5.3 1.004666e+04 9.966464e+03 9.958611e+03 1.003881e+04
6.3 9.978472e+03 9.965499e+03 9.958507e+03 9.971479e+03
7.3 9.954530e+03 9.956335e+03 9.958302e+03 9.956498e+03
8.3 9.922110e+03 9.961005e+03 9.958331e+03 9.919437e+03
1.0 1.002028e+04 9.966640e+03 9.958851e+03 1.001249e+04
2.0 9.994316e+03 9.965780e+03 9.958758e+03 9.987294e+03
3.0 1.004666e+04 9.966464e+03 9.958611e+03 1.003881e+04
4.0 9.978472e+03 9.965499e+03 9.958507e+03 9.971479e+03
5.0 9.954530e+03 9.956335e+03 9.958302e+03 9.956498e+03
6.0 9.922110e+03 9.961005e+03 9.958331e+03 9.919437e+03
0.6 1.004666e+04 9.966464e+03 9.958611e+03 1.003881e+04
1.6 9.978472e+03 9.965499e+03 9.958507e+03 9.971479e+03
2.6 9.954530e+03 9.956335e+03 9.958302e+03 9.956498e+03
3.6 9.922110e+03 9.961005e+03 9.958331e+03 9.919437e+03
0.3 9.954530e+03 9.956335e+03 9.958302e+03 9.956498e+03
1.3 9.922110e+03 9.961005e+03 9.958331e+03 9.919437e+03
