0.5 1.114883e+04 1.103911e+04 1.109554e+04 1.120526e+04
1.5 1.105757e+04 1.106188e+04 1.109571e+04 1.109139e+04
2.5 1.100147e+04 1.104933e+04 1.109735e+04 1.104949e+04
3.5 1.108435e+04 1.103626e+04 1.115649e+04 1.120458e+04
4.5 1.112303e+04 1.108463e+04 1.115655e+04 1.119495e+04
5.5 1.114473e+04 1.115511e+04 1.112481e+04 1.111442e+04
6.5 1.136124e+04 1.118826e+04 1.109611e+04 1.126909e+04
7.5 1.111304e+04 1.120054e+04 1.109614e+04 1.100864e+04
0.1 1.110499e+04 1.110890e+04 1.109467e+04 1.109076e+04
1.1 1.116096e+04 1.118871e+04 1.109454e+04 1.106679e+04
2.1 1.133310e+04 1.122318e+04 1.109443e+04 1.120435e+04
3.1 1.119771e+04 1.119216e+04 1.113066e+04 1.113620e+04
4.1 1.115725e+04 1.113426e+04 1.118507e+04 1.120805e+04
5.1 1.113916e+04 1.109878e+04 1.117893e+04 1.121930e+04
6.1 1.120957e+04 1.111753e+04 1.111829e+04 1.121033e+04
7.1 1.112326e+04 1.111389e+04 1.109401e+04 1.110338e+04
0.5 1.112096e+04 1.100448e+04 1.109392e+04 1.121040e+04
1.5 1.100700e+04 1.103074e+04 1.109389e+04 1.107016e+04
2.5 1.094676e+04 1.102161e+04 1.109539e+04 1.102053e+04
3.5 1.112863e+04 1.101156e+04 1.115442e+04 1.127149e+04
4.5 1.109864e+04 1.106422e+04 1.115442e+04 1.118884e+04
5.5 1.114750e+04 1.113744e+04 1.112262e+04 1.113268e+04
6.5 1.118034e+04 1.117199e+04 1.109383e+04 1.110219e+04
7.5 1.123182e+04 1.118641e+04 1.109381e+04 1.113922e+04
0.1 1.110047e+04 1.110584e+04 1.109368e+04 1.108832e+04
1.1 1.114113e+04 1.118525e+04 1.109367e+04 1.104954e+04
2.1 1.123301e+04 1.122162e+04 1.109366e+04 1.110506e+04
3.1 1.120452e+04 1.119253e+04 1.112848e+04 1.114048e+04
4.1 1.094569e+04 1.113477e+04 1.118449e+04 1.099541e+04
5.1 1.112722e+04 1.109730e+04 1.117993e+04 1.120985e+04
6.1 1.110503e+04 1.111663e+04 1.111936e+04 1.110776e+04
7.1 1.104216e+04 1.111394e+04 1.109362e+04 1.102183e+04
0.5 1.106233e+04 1.100429e+04 1.109362e+04 1.115165e+04
1.5 1.102233e+04 1.103039e+04 1.109362e+04 1.108556e+04
2.5 1.110517e+04 1.102133e+04 1.109515e+04 1.117899e+04
3.5 1.109469e+04 1.101157e+04 1.115420e+04 1.123732e+04
4.5 1.098776e+04 1.106588e+04 1.115421e+04 1.107609e+04
5.5 1.112377e+04 1.113916e+04 1.112243e+04 1.110704e+04
6.5 1.110837e+04 1.117169e+04 1.109368e+04 1.103036e+04
7.5 1.110145e+04 1.118616e+04 1.109370e+04 1.100899e+04
0.0 1.119436e+04 1.110698e+04 1.109398e+04 1.118136e+04
1.0 1.118030e+04 1.118249e+04 1.109402e+04 1.109183e+04
2.0 1.130719e+04 1.122219e+04 1.109410e+04 1.117910e+04
3.0 1.125474e+04 1.119658e+04 1.112597e+04 1.118413e+04
4.0 1.103413e+04 1.113877e+04 1.118512e+04 1.108047e+04
5.0 1.108265e+04 1.109707e+04 1.118371e+04 1.116929e+04
6.0 1.117828e+04 1.111741e+04 1.112329e+04 1.118417e+04
7.0 1.114017e+04 1.111655e+04 1.109469e+04 1.111830e+04
0.5 1.085495e+04 1.100645e+04 1.109512e+04 1.094362e+04
1.5 1.080238e+04 1.103276e+04 1.109538e+04 1.086500e+04
2.5 1.095105e+04 1.102390e+04 1.109721e+04 1.102436e+04
3.5 1.107863e+04 1.101413e+04 1.115661e+04 1.122111e+04
4.5 1.102237e+04 1.106864e+04 1.115700e+04 1.111073e+04
5.5 1.109765e+04 1.114235e+04 1.112565e+04 1.108096e+04
6.5 1.120750e+04 1.117597e+04 1.109738e+04 1.112891e+04
7.5 1.116202e+04 1.119060e+04 1.109792e+04 1.106935e+04
