0.5 1.114872e+04 1.107562e+04 1.106925e+04 1.114236e+04
1.5 1.106634e+04 1.106151e+04 1.106380e+04 1.106863e+04
2.5 1.111282e+04 1.105060e+04 1.105907e+04 1.112129e+04
3.5 1.113577e+04 1.115224e+04 1.116154e+04 1.114507e+04
4.5 1.128847e+04 1.126169e+04 1.127017e+04 1.129696e+04
5.5 1.133607e+04 1.128751e+04 1.129516e+04 1.134371e+04
6.5 1.123184e+04 1.129004e+04 1.129258e+04 1.123439e+04
7.5 1.127585e+04 1.129143e+04 1.129051e+04 1.127493e+04
8.5 1.132083e+04 1.128973e+04 1.128889e+04 1.131999e+04
0.2 1.111282e+04 1.105060e+04 1.105907e+04 1.112129e+04
1.2 1.113577e+04 1.115224e+04 1.116154e+04 1.114507e+04
2.2 1.128847e+04 1.126169e+04 1.127017e+04 1.129696e+04
3.2 1.133607e+04 1.128751e+04 1.129516e+04 1.134371e+04
4.2 1.123184e+04 1.129004e+04 1.129258e+04 1.123439e+04
5.2 1.127585e+04 1.129143e+04 1.129051e+04 1.127493e+04
6.2 1.132083e+04 1.128973e+04 1.128889e+04 1.131999e+04
7.2 1.135539e+04 1.127054e+04 1.127086e+04 1.135571e+04
8.2 1.133825e+04 1.128701e+04 1.128683e+04 1.133807e+04
0.9 1.133607e+04 1.128751e+04 1.129516e+04 1.134371e+04
1.9 1.123184e+04 1.129004e+04 1.129258e+04 1.123439e+04
2.9 1.127585e+04 1.129143e+04 1.129051e+04 1.127493e+04
3.9 1.132083e+04 1.128973e+04 1.128889e+04 1.131999e+04
4.9 1.135539e+04 1.127054e+04 1.127086e+04 1.135571e+04
5.9 1.133825e+04 1.128701e+04 1.128683e+04 1.133807e+04
6.9 1.124147e+04 1.128221e+04 1.128068e+04 1.123994e+04
7.9 1.121035e+04 1.128564e+04 1.128603e+04 1.121074e+04
8.9 1.121401e+04 1.128536e+04 1.128600e+04 1.121465e+04
0.6 1.127585e+04 1.129143e+04 1.129051e+04 1.127493e+04
1.6 1.132083e+04 1.128973e+04 1.128889e+04 1.131999e+04
2.6 1.135539e+04 1.127054e+04 1.127086e+04 1.135571e+04
3.6 1.133825e+04 1.128701e+04 1.128683e+04 1.133807e+04
4.6 1.124147e+04 1.128221e+04 1.128068e+04 1.123994e+04
5.6 1.121035e+04 1.128564e+04 1.128603e+04 1.121074e+04
6.6 1.121401e+04 1.128536e+04 1.128600e+04 1.121465e+04
7.6 1.119246e+04 1.128530e+04 1.128617e+04 1.119333e+04
8.6 1.123980e+04 1.128542e+04 1.128650e+04 1.124089e+04
0.3 1.135539e+04 1.127054e+04 1.127086e+04 1.135571e+04
1.3 1.133825e+04 1.128701e+04 1.128683e+04 1.133807e+04
2.3 1.124147e+04 1.128221e+04 1.128068e+04 1.123994e+04
3.3 1.121035e+04 1.128564e+04 1.128603e+04 1.121074e+04
4.3 1.121401e+04 1.128536e+04 1.128600e+04 1.121465e+04
5.3 1.119246e+04 1.128530e+04 1.128617e+04 1.119333e+04
6.3 1.123980e+04 1.128542e+04 1.128650e+04 1.124089e+04
7.3 1.125311e+04 1.127896e+04 1.128133e+04 1.125548e+04
8.3 1.116179e+04 1.128601e+04 1.128745e+04 1.116323e+04
1.0 1.121035e+04 1.128564e+04 1.128603e+04 1.121074e+04
2.0 1.121401e+04 1.128536e+04 1.128600e+04 1.121465e+04
3.0 1.119246e+04 1.128530e+04 1.128617e+04 1.119333e+04
4.0 1.123980e+04 1.128542e+04 1.128650e+04 1.124089e+04
5.0 1.125311e+04 1.127896e+04 1.128133e+04 1.125548e+04
6.0 1.116179e+04 1.128601e+04 1.128745e+04 1.116323e+04
7.0 1.108536e+04 1.127123e+04 1.127118e+04 1.108530e+04
8.0 1.124087e+04 1.129547e+04 1.128859e+04 1.123399e+04
9.0 1.137071e+04 1.130414e+04 1.128918e+04 1.135575e+04
0.7 1.119246e+04 1.128530e+04 1.128617e+04 1.119333e+04
1.7 1.123980e+04 1.128542e+04 1.128650e+04 1.124089e+04
2.7 1.125311e+04 1.127896e+04 1.128133e+04 1.125548e+04
3.7 1.116179e+04 1.128601e+04 1.128745e+04 1.116323e+04
4.7 1.108536e+04 1.127123e+04 1.127118e+04 1.108530e+04
5.7 1.124087e+04 1.129547e+04 1.128859e+04 1.123399e+04
6.7 1.137071e+04 1.130414e+04 1.128918e+04 1.135575e+04
7.7 1.132818e+04 1.124415e+04 1.122806e+04 1.131209e+04
8.7 1.122796e+04 1.113244e+04 1.111643e+04 1.121195e+04
0.4 1.125311e+04 1.127896e+04 1.128133e+04 1.125548e+04
1.4 1.116179e+04 1.128601e+04 1.128745e+04 1.116323e+04
2.4 1.108536e+04 1.127123e+04 1.127118e+04 1.108530e+04
3.4 1.124087e+04 1.129547e+04 1.128859e+04 1.123399e+04
4.4 1.137071e+04 1.130414e+04 1.128918e+04 1.135575e+04
5.4 1.132818e+04 1.124415e+04 1.122806e+04 1.131209e+04
6.4 1.122796e+04 1.113244e+04 1.111643e+04 1.121195e+04
7.4 1.115617e+04 1.105886e+04 1.104402e+04 1.114133e+04
8.4 1.102871e+04 1.105459e+04 1.104446e+04 1.101859e+04
0.5 1.108649e+04 1.104542e+04 1.104563e+04 1.108670e+04
1.5 1.108166e+04 1.103735e+04 1.104577e+04 1.109008e+04
2.5 1.108759e+04 1.103169e+04 1.104586e+04 1.110177e+04
3.5 1.114622e+04 1.114086e+04 1.115526e+04 1.116062e+04
4.5 1.120608e+04 1.125445e+04 1.126743e+04 1.121906e+04
5.5 1.137840e+04 1.128106e+04 1.129267e+04 1.139002e+04
6.5 1.135401e+04 1.128653e+04 1.129268e+04 1.136016e+04
7.5 1.141468e+04 1.128735e+04 1.128988e+04 1.141721e+04
8.5 1.129204e+04 1.128748e+04 1.128989e+04 1.129445e+04
0.2 1.108759e+04 1.103169e+04 1.104586e+04 1.110177e+04
1.2 1.114622e+04 1.114086e+04 1.115526e+04 1.116062e+04
2.2 1.120608e+04 1.125445e+04 1.126743e+04 1.121906e+04
3.2 1.137840e+04 1.128106e+04 1.129267e+04 1.139002e+04
4.2 1.135401e+04 1.128653e+04 1.129268e+04 1.136016e+04
5.2 1.141468e+04 1.128735e+04 1.128988e+04 1.141721e+04
6.2 1.129204e+04 1.128748e+04 1.128989e+04 1.129445e+04
7.2 1.138891e+04 1.127230e+04 1.127588e+04 1.139249e+04
8.2 1.134742e+04 1.128996e+04 1.129273e+04 1.135019e+04
0.9 1.137840e+04 1.128106e+04 1.129267e+04 1.139002e+04
1.9 1.135401e+04 1.128653e+04 1.129268e+04 1.136016e+04
2.9 1.141468e+04 1.128735e+04 1.128988e+04 1.141721e+04
3.9 1.129204e+04 1.128748e+04 1.128989e+04 1.129445e+04
4.9 1.138891e+04 1.127230e+04 1.127588e+04 1.139249e+04
5.9 1.134742e+04 1.128996e+04 1.129273e+04 1.135019e+04
6.9 1.126632e+04 1.128623e+04 1.128717e+04 1.126726e+04
7.9 1.125079e+04 1.129361e+04 1.129565e+04 1.125283e+04
8.9 1.125299e+04 1.129370e+04 1.129575e+04 1.125505e+04
0.6 1.141468e+04 1.128735e+04 1.128988e+04 1.141721e+04
1.6 1.129204e+04 1.128748e+04 1.128989e+04 1.129445e+04
2.6 1.138891e+04 1.127230e+04 1.127588e+04 1.139249e+04
3.6 1.134742e+04 1.128996e+04 1.129273e+04 1.135019e+04
4.6 1.126632e+04 1.128623e+04 1.128717e+04 1.126726e+04
5.6 1.125079e+04 1.129361e+04 1.129565e+04 1.125283e+04
6.6 1.125299e+04 1.129370e+04 1.129575e+04 1.125505e+04
7.6 1.121771e+04 1.128510e+04 1.128744e+04 1.122005e+04
8.6 1.118268e+04 1.128518e+04 1.128753e+04 1.118503e+04
0.3 1.138891e+04 1.127230e+04 1.127588e+04 1.139249e+04
1.3 1.134742e+04 1.128996e+04 1.129273e+04 1.135019e+04
2.3 1.126632e+04 1.128623e+04 1.128717e+04 1.126726e+04
3.3 1.125079e+04 1.129361e+04 1.129565e+04 1.125283e+04
4.3 1.125299e+04 1.129370e+04 1.129575e+04 1.125505e+04
5.3 1.121771e+04 1.128510e+04 1.128744e+04 1.122005e+04
6.3 1.118268e+04 1.128518e+04 1.128753e+04 1.118503e+04
7.3 1.122199e+04 1.128123e+04 1.128482e+04 1.122558e+04
8.3 1.123107e+04 1.129053e+04 1.129330e+04 1.123384e+04
0.9 1.125079e+04 1.129361e+04 1.129565e+04 1.125283e+04
1.9 1.125299e+04 1.129370e+04 1.129575e+04 1.125505e+04
2.9 1.121771e+04 1.128510e+04 1.128744e+04 1.122005e+04
3.9 1.118268e+04 1.128518e+04 1.128753e+04 1.118503e+04
4.9 1.122199e+04 1.128123e+04 1.128482e+04 1.122558e+04
5.9 1.123107e+04 1.129053e+04 1.129330e+04 1.123384e+04
6.9 1.121211e+04 1.127823e+04 1.127937e+04 1.121325e+04
7.9 1.123883e+04 1.129937e+04 1.129348e+04 1.123294e+04
8.9 1.130602e+04 1.130766e+04 1.129358e+04 1.129195e+04
0.7 1.121771e+04 1.128510e+04 1.128744e+04 1.122005e+04
1.7 1.118268e+04 1.128518e+04 1.128753e+04 1.118503e+04
2.7 1.122199e+04 1.128123e+04 1.128482e+04 1.122558e+04
3.7 1.123107e+04 1.129053e+04 1.129330e+04 1.123384e+04
4.7 1.121211e+04 1.127823e+04 1.127937e+04 1.121325e+04
5.7 1.123883e+04 1.129937e+04 1.129348e+04 1.123294e+04
6.7 1.130602e+04 1.130766e+04 1.129358e+04 1.129195e+04
7.7 1.135969e+04 1.125032e+04 1.123482e+04 1.134419e+04
8.7 1.098093e+04 1.113829e+04 1.112279e+04 1.096542e+04
0.3 1.122199e+04 1.128123e+04 1.128482e+04 1.122558e+04
1.3 1.123107e+04 1.129053e+04 1.129330e+04 1.123384e+04
2.3 1.121211e+04 1.127823e+04 1.127937e+04 1.121325e+04
3.3 1.123883e+04 1.129937e+04 1.129348e+04 1.123294e+04
4.3 1.130602e+04 1.130766e+04 1.129358e+04 1.129195e+04
5.3 1.135969e+04 1.125032e+04 1.123482e+04 1.134419e+04
6.3 1.098093e+04 1.113829e+04 1.112279e+04 1.096542e+04
7.3 1.115453e+04 1.106161e+04 1.104720e+04 1.114012e+04
8.3 1.098684e+04 1.105718e+04 1.104729e+04 1.097695e+04
0.5 1.096265e+04 1.104672e+04 1.104733e+04 1.096327e+04
1.5 1.118879e+04 1.103847e+04 1.104726e+04 1.119759e+04
2.5 1.119559e+04 1.103287e+04 1.104719e+04 1.120990e+04
3.5 1.121341e+04 1.114495e+04 1.115925e+04 1.122771e+04
4.5 1.122541e+04 1.125843e+04 1.127129e+04 1.123827e+04
5.5 1.126229e+04 1.127966e+04 1.129079e+04 1.127343e+04
6.5 1.114252e+04 1.128500e+04 1.129064e+04 1.114816e+04
7.5 1.131118e+04 1.128255e+04 1.128489e+04 1.131352e+04
8.5 1.130532e+04 1.128240e+04 1.128474e+04 1.130766e+04
0.2 1.119559e+04 1.103287e+04 1.104719e+04 1.120990e+04
1.2 1.121341e+04 1.114495e+04 1.115925e+04 1.122771e+04
2.2 1.122541e+04 1.125843e+04 1.127129e+04 1.123827e+04
3.2 1.126229e+04 1.127966e+04 1.129079e+04 1.127343e+04
4.2 1.114252e+04 1.128500e+04 1.129064e+04 1.114816e+04
5.2 1.131118e+04 1.128255e+04 1.128489e+04 1.131352e+04
6.2 1.130532e+04 1.128240e+04 1.128474e+04 1.130766e+04
7.2 1.132859e+04 1.126729e+04 1.127057e+04 1.133187e+04
8.2 1.129270e+04 1.128727e+04 1.129006e+04 1.129550e+04
0.8 1.126229e+04 1.127966e+04 1.129079e+04 1.127343e+04
1.8 1.114252e+04 1.128500e+04 1.129064e+04 1.114816e+04
2.8 1.131118e+04 1.128255e+04 1.128489e+04 1.131352e+04
3.8 1.130532e+04 1.128240e+04 1.128474e+04 1.130766e+04
4.8 1.132859e+04 1.126729e+04 1.127057e+04 1.133187e+04
5.8 1.129270e+04 1.128727e+04 1.129006e+04 1.129550e+04
6.8 1.130265e+04 1.128857e+04 1.128992e+04 1.130401e+04
7.8 1.131595e+04 1.129006e+04 1.129256e+04 1.131845e+04
8.8 1.137513e+04 1.128992e+04 1.129241e+04 1.137762e+04
0.5 1.131118e+04 1.128255e+04 1.128489e+04 1.131352e+04
1.5 1.130532e+04 1.128240e+04 1.128474e+04 1.130766e+04
2.5 1.132859e+04 1.126729e+04 1.127057e+04 1.133187e+04
3.5 1.129270e+04 1.128727e+04 1.129006e+04 1.129550e+04
4.5 1.130265e+04 1.128857e+04 1.128992e+04 1.130401e+04
5.5 1.131595e+04 1.129006e+04 1.129256e+04 1.131845e+04
6.5 1.137513e+04 1.128992e+04 1.129241e+04 1.137762e+04
7.5 1.130066e+04 1.128979e+04 1.129227e+04 1.130314e+04
8.5 1.135305e+04 1.128981e+04 1.129214e+04 1.135538e+04
0.2 1.132859e+04 1.126729e+04 1.127057e+04 1.133187e+04
1.2 1.129270e+04 1.128727e+04 1.129006e+04 1.129550e+04
2.2 1.130265e+04 1.128857e+04 1.128992e+04 1.130401e+04
3.2 1.131595e+04 1.129006e+04 1.129256e+04 1.131845e+04
4.2 1.137513e+04 1.128992e+04 1.129241e+04 1.137762e+04
5.2 1.130066e+04 1.128979e+04 1.129227e+04 1.130314e+04
6.2 1.135305e+04 1.128981e+04 1.129214e+04 1.135538e+04
7.2 1.132476e+04 1.127472e+04 1.127799e+04 1.132802e+04
8.2 1.136482e+04 1.128958e+04 1.129187e+04 1.136711e+04
0.9 1.131595e+04 1.129006e+04 1.129256e+04 1.131845e+04
1.9 1.137513e+04 1.128992e+04 1.129241e+04 1.137762e+04
2.9 1.130066e+04 1.128979e+04 1.129227e+04 1.130314e+04
3.9 1.135305e+04 1.128981e+04 1.129214e+04 1.135538e+04
4.9 1.132476e+04 1.127472e+04 1.127799e+04 1.132802e+04
5.9 1.136482e+04 1.128958e+04 1.129187e+04 1.136711e+04
6.9 1.120486e+04 1.128268e+04 1.128330e+04 1.120548e+04
7.9 1.128783e+04 1.129728e+04 1.129152e+04 1.128206e+04
8.9 1.143697e+04 1.130527e+04 1.129128e+04 1.142297e+04
0.6 1.130066e+04 1.128979e+04 1.129227e+04 1.130314e+04
1.6 1.135305e+04 1.128981e+04 1.129214e+04 1.135538e+04
2.6 1.132476e+04 1.127472e+04 1.127799e+04 1.132802e+04
3.6 1.136482e+04 1.128958e+04 1.129187e+04 1.136711e+04
4.6 1.120486e+04 1.128268e+04 1.128330e+04 1.120548e+04
5.6 1.128783e+04 1.129728e+04 1.129152e+04 1.128206e+04
6.6 1.143697e+04 1.130527e+04 1.129128e+04 1.142297e+04
7.6 1.150314e+04 1.125359e+04 1.123771e+04 1.148726e+04
8.6 1.104852e+04 1.114112e+04 1.112518e+04 1.103258e+04
0.3 1.132476e+04 1.127472e+04 1.127799e+04 1.132802e+04
1.3 1.136482e+04 1.128958e+04 1.129187e+04 1.136711e+04
2.3 1.120486e+04 1.128268e+04 1.128330e+04 1.120548e+04
3.3 1.128783e+04 1.129728e+04 1.129152e+04 1.128206e+04
4.3 1.143697e+04 1.130527e+04 1.129128e+04 1.142297e+04
5.3 1.150314e+04 1.125359e+04 1.123771e+04 1.148726e+04
6.3 1.104852e+04 1.114112e+04 1.112518e+04 1.103258e+04
7.3 1.091531e+04 1.105830e+04 1.104338e+04 1.090039e+04
8.3 1.098062e+04 1.105351e+04 1.104276e+04 1.096987e+04
0.5 1.094284e+04 1.103881e+04 1.103845e+04 1.094248e+04
1.5 1.097344e+04 1.102911e+04 1.103680e+04 1.098113e+04
2.5 1.107893e+04 1.102160e+04 1.103489e+04 1.109222e+04
3.5 1.106056e+04 1.113171e+04 1.114484e+04 1.107369e+04
4.5 1.123994e+04 1.124316e+04 1.125449e+04 1.125127e+04
5.5 1.120540e+04 1.126423e+04 1.127409e+04 1.121526e+04
6.5 1.125326e+04 1.126671e+04 1.127092e+04 1.125746e+04
7.5 1.123031e+04 1.126440e+04 1.126459e+04 1.123050e+04
8.5 1.098749e+04 1.126070e+04 1.126070e+04 1.098750e+04
0.2 1.107893e+04 1.102160e+04 1.103489e+04 1.109222e+04
1.2 1.106056e+04 1.113171e+04 1.114484e+04 1.107369e+04
2.2 1.123994e+04 1.124316e+04 1.125449e+04 1.125127e+04
3.2 1.120540e+04 1.126423e+04 1.127409e+04 1.121526e+04
4.2 1.125326e+04 1.126671e+04 1.127092e+04 1.125746e+04
5.2 1.123031e+04 1.126440e+04 1.126459e+04 1.123050e+04
6.2 1.098749e+04 1.126070e+04 1.126070e+04 1.098750e+04
7.2 1.121333e+04 1.124130e+04 1.124243e+04 1.121445e+04
8.2 1.123866e+04 1.125183e+04 1.125183e+04 1.123866e+04
0.9 1.120540e+04 1.126423e+04 1.127409e+04 1.121526e+04
1.9 1.125326e+04 1.126671e+04 1.127092e+04 1.125746e+04
2.9 1.123031e+04 1.126440e+04 1.126459e+04 1.123050e+04
3.9 1.098749e+04 1.126070e+04 1.126070e+04 1.098750e+04
4.9 1.121333e+04 1.124130e+04 1.124243e+04 1.121445e+04
5.9 1.123866e+04 1.125183e+04 1.125183e+04 1.123866e+04
6.9 1.136623e+04 1.124307e+04 1.124126e+04 1.136442e+04
7.9 1.137226e+04 1.124497e+04 1.124443e+04 1.137172e+04
8.9 1.132647e+04 1.123961e+04 1.123892e+04 1.132578e+04
0.6 1.123031e+04 1.126440e+04 1.126459e+04 1.123050e+04
1.6 1.098749e+04 1.126070e+04 1.126070e+04 1.098750e+04
2.6 1.121333e+04 1.124130e+04 1.124243e+04 1.121445e+04
3.6 1.123866e+04 1.125183e+04 1.125183e+04 1.123866e+04
4.6 1.136623e+04 1.124307e+04 1.124126e+04 1.136442e+04
5.6 1.137226e+04 1.124497e+04 1.124443e+04 1.137172e+04
6.6 1.132647e+04 1.123961e+04 1.123892e+04 1.132578e+04
7.6 1.127177e+04 1.123105e+04 1.123027e+04 1.127099e+04
8.6 1.122843e+04 1.122505e+04 1.122412e+04 1.122751e+04
0.3 1.121333e+04 1.124130e+04 1.124243e+04 1.121445e+04
1.3 1.123866e+04 1.125183e+04 1.125183e+04 1.123866e+04
2.3 1.136623e+04 1.124307e+04 1.124126e+04 1.136442e+04
3.3 1.137226e+04 1.124497e+04 1.124443e+04 1.137172e+04
4.3 1.132647e+04 1.123961e+04 1.123892e+04 1.132578e+04
5.3 1.127177e+04 1.123105e+04 1.123027e+04 1.127099e+04
6.3 1.122843e+04 1.122505e+04 1.122412e+04 1.122751e+04
7.3 1.114665e+04 1.121244e+04 1.121207e+04 1.114628e+04
8.3 1.121122e+04 1.121522e+04 1.121377e+04 1.120977e+04
1.0 1.137226e+04 1.124497e+04 1.124443e+04 1.137172e+04
2.0 1.132647e+04 1.123961e+04 1.123892e+04 1.132578e+04
3.0 1.127177e+04 1.123105e+04 1.123027e+04 1.127099e+04
4.0 1.122843e+04 1.122505e+04 1.122412e+04 1.122751e+04
5.0 1.114665e+04 1.121244e+04 1.121207e+04 1.114628e+04
6.0 1.121122e+04 1.121522e+04 1.121377e+04 1.120977e+04
0.6 1.127177e+04 1.123105e+04 1.123027e+04 1.127099e+04
1.6 1.122843e+04 1.122505e+04 1.122412e+04 1.122751e+04
2.6 1.114665e+04 1.121244e+04 1.121207e+04 1.114628e+04
3.6 1.121122e+04 1.121522e+04 1.121377e+04 1.120977e+04
0.3 1.114665e+04 1.121244e+04 1.121207e+04 1.114628e+04
1.3 1.121122e+04 1.121522e+04 1.121377e+04 1.120977e+04
