0.5 1.672498e+03 1.707685e+03 1.689352e+03 1.654164e+03
1.5 1.571823e+03 1.701334e+03 1.689415e+03 1.559904e+03
2.5 1.895726e+03 1.701490e+03 1.689475e+03 1.883712e+03
3.5 1.760841e+03 1.698653e+03 1.674451e+03 1.736639e+03
4.5 1.664683e+03 1.674013e+03 1.674120e+03 1.664790e+03
5.5 1.642639e+03 1.659345e+03 1.681521e+03 1.664814e+03
6.5 1.746984e+03 1.650680e+03 1.689693e+03 1.785997e+03
7.5 1.561560e+03 1.658385e+03 1.689738e+03 1.592914e+03
0.5 1.670496e+03 1.701918e+03 1.689880e+03 1.658458e+03
1.5 1.827349e+03 1.691646e+03 1.689914e+03 1.825617e+03
2.5 1.665606e+03 1.704883e+03 1.689945e+03 1.650668e+03
3.5 1.728156e+03 1.706928e+03 1.674889e+03 1.696118e+03
4.5 1.637171e+03 1.686870e+03 1.674527e+03 1.624827e+03
5.5 1.636705e+03 1.660123e+03 1.681892e+03 1.658474e+03
6.5 1.662995e+03 1.647726e+03 1.690028e+03 1.705297e+03
7.5 1.770302e+03 1.653031e+03 1.690042e+03 1.807313e+03
0.5 1.770302e+03 1.653031e+03 1.690042e+03 1.807313e+03
1.5 1.591673e+03 1.690676e+03 1.690052e+03 1.591049e+03
2.5 1.649607e+03 1.704972e+03 1.690059e+03 1.634695e+03
3.5 1.735704e+03 1.706950e+03 1.674981e+03 1.703735e+03
4.5 1.732559e+03 1.705204e+03 1.674598e+03 1.701953e+03
5.5 1.720622e+03 1.685362e+03 1.681947e+03 1.717207e+03
6.5 1.593413e+03 1.669654e+03 1.690066e+03 1.613825e+03
7.5 1.699762e+03 1.644876e+03 1.690061e+03 1.744947e+03
1.0 1.671474e+03 1.691597e+03 1.690015e+03 1.669891e+03
2.0 1.673864e+03 1.708924e+03 1.689997e+03 1.654937e+03
3.0 1.767561e+03 1.707818e+03 1.682628e+03 1.742371e+03
4.0 1.661420e+03 1.699856e+03 1.674484e+03 1.636048e+03
5.0 1.701299e+03 1.686324e+03 1.674459e+03 1.689434e+03
6.0 1.654153e+03 1.657127e+03 1.689515e+03 1.686541e+03
7.0 1.668156e+03 1.654030e+03 1.678658e+03 1.692784e+03
8.0 1.698884e+03 1.674573e+03 1.674374e+03 1.698685e+03
0.2 1.661420e+03 1.699856e+03 1.674484e+03 1.636048e+03
1.2 1.701299e+03 1.686324e+03 1.674459e+03 1.689434e+03
2.2 1.654153e+03 1.657127e+03 1.689515e+03 1.686541e+03
3.2 1.668156e+03 1.654030e+03 1.678658e+03 1.692784e+03
4.2 1.698884e+03 1.674573e+03 1.674374e+03 1.698685e+03
5.2 1.768074e+03 1.691512e+03 1.677822e+03 1.754385e+03
6.2 1.695812e+03 1.662375e+03 1.689778e+03 1.723214e+03
7.2 1.648988e+03 1.655730e+03 1.689743e+03 1.683000e+03
0.5 1.695812e+03 1.662375e+03 1.689778e+03 1.723214e+03
1.5 1.648988e+03 1.655730e+03 1.689743e+03 1.683000e+03
2.5 1.668479e+03 1.688429e+03 1.689708e+03 1.669758e+03
3.5 1.732039e+03 1.697744e+03 1.674591e+03 1.708885e+03
4.5 1.578730e+03 1.685443e+03 1.674168e+03 1.567455e+03
5.5 1.714380e+03 1.670827e+03 1.681478e+03 1.725031e+03
6.5 1.515381e+03 1.653567e+03 1.682213e+03 1.544028e+03
7.5 1.548509e+03 1.651809e+03 1.674053e+03 1.570753e+03
1.0 1.578730e+03 1.685443e+03 1.674168e+03 1.567455e+03
2.0 1.714380e+03 1.670827e+03 1.681478e+03 1.725031e+03
3.0 1.515381e+03 1.653567e+03 1.682213e+03 1.544028e+03
4.0 1.548509e+03 1.651809e+03 1.674053e+03 1.570753e+03
5.0 1.742575e+03 1.695831e+03 1.674014e+03 1.720758e+03
6.0 1.610816e+03 1.662035e+03 1.689058e+03 1.637839e+03
7.0 1.653839e+03 1.641495e+03 1.689405e+03 1.701748e+03
8.0 1.627875e+03 1.662872e+03 1.689366e+03 1.654369e+03
0.8 1.676565e+03 1.701337e+03 1.688863e+03 1.664091e+03
1.8 1.788623e+03 1.697883e+03 1.688847e+03 1.779587e+03
2.8 1.621273e+03 1.697156e+03 1.685349e+03 1.609466e+03
3.8 1.587178e+03 1.694744e+03 1.673348e+03 1.565781e+03
4.8 1.632843e+03 1.694720e+03 1.673337e+03 1.611460e+03
5.8 1.698142e+03 1.673079e+03 1.684542e+03 1.709605e+03
6.8 1.624666e+03 1.652825e+03 1.688788e+03 1.660629e+03
7.8 1.587011e+03 1.649704e+03 1.688783e+03 1.626089e+03
0.8 1.708377e+03 1.690572e+03 1.688772e+03 1.706577e+03
1.8 1.624348e+03 1.704748e+03 1.688775e+03 1.608375e+03
2.8 1.666459e+03 1.704552e+03 1.685299e+03 1.647206e+03
3.8 1.738757e+03 1.698758e+03 1.673319e+03 1.713318e+03
4.8 1.582637e+03 1.689287e+03 1.673329e+03 1.566680e+03
5.8 1.741849e+03 1.648068e+03 1.684555e+03 1.778336e+03
6.8 1.684194e+03 1.639932e+03 1.688820e+03 1.733082e+03
7.8 1.609418e+03 1.660666e+03 1.688831e+03 1.637582e+03
0.5 1.713879e+03 1.693924e+03 1.688843e+03 1.708799e+03
1.5 1.635369e+03 1.691578e+03 1.688856e+03 1.632647e+03
2.5 1.866288e+03 1.705743e+03 1.688868e+03 1.849413e+03
3.5 1.648884e+03 1.700025e+03 1.673798e+03 1.622657e+03
4.5 1.764417e+03 1.685143e+03 1.673427e+03 1.752701e+03
5.5 1.668031e+03 1.669046e+03 1.680792e+03 1.679777e+03
6.5 1.689870e+03 1.651232e+03 1.677719e+03 1.716357e+03
7.5 1.556878e+03 1.650471e+03 1.673487e+03 1.579895e+03
0.3 1.648884e+03 1.700025e+03 1.673798e+03 1.622657e+03
1.3 1.764417e+03 1.685143e+03 1.673427e+03 1.752701e+03
2.3 1.668031e+03 1.669046e+03 1.680792e+03 1.679777e+03
3.3 1.689870e+03 1.651232e+03 1.677719e+03 1.716357e+03
4.3 1.556878e+03 1.650471e+03 1.673487e+03 1.579895e+03
5.3 1.650086e+03 1.688015e+03 1.676991e+03 1.639063e+03
6.3 1.701823e+03 1.666129e+03 1.689000e+03 1.724695e+03
7.3 1.660353e+03 1.666229e+03 1.689024e+03 1.683148e+03
0.3 1.669053e+03 1.699359e+03 1.689493e+03 1.659187e+03
1.3 1.843858e+03 1.698515e+03 1.689535e+03 1.834878e+03
2.3 1.670470e+03 1.708182e+03 1.689582e+03 1.651870e+03
3.3 1.797889e+03 1.706075e+03 1.678415e+03 1.770229e+03
4.3 1.653405e+03 1.686234e+03 1.674208e+03 1.641379e+03
5.3 1.692676e+03 1.666169e+03 1.677734e+03 1.704241e+03
6.3 1.769945e+03 1.643191e+03 1.689772e+03 1.816526e+03
7.3 1.650672e+03 1.657403e+03 1.689823e+03 1.683091e+03
1.0 1.680961e+03 1.691846e+03 1.690084e+03 1.679200e+03
2.0 1.658015e+03 1.695588e+03 1.690138e+03 1.652564e+03
3.0 1.693495e+03 1.708367e+03 1.682843e+03 1.667970e+03
4.0 1.697138e+03 1.706894e+03 1.674776e+03 1.665021e+03
5.0 1.805746e+03 1.689682e+03 1.674832e+03 1.790896e+03
6.0 1.600060e+03 1.658435e+03 1.689971e+03 1.631595e+03
7.0 1.789100e+03 1.656370e+03 1.683062e+03 1.815792e+03
8.0 1.609689e+03 1.658029e+03 1.674996e+03 1.626657e+03
1.0 1.805746e+03 1.689682e+03 1.674832e+03 1.790896e+03
2.0 1.600060e+03 1.658435e+03 1.689971e+03 1.631595e+03
3.0 1.789100e+03 1.656370e+03 1.683062e+03 1.815792e+03
4.0 1.609689e+03 1.658029e+03 1.674996e+03 1.626657e+03
5.0 1.640275e+03 1.674973e+03 1.675051e+03 1.640353e+03
6.0 1.693027e+03 1.649275e+03 1.690187e+03 1.733939e+03
7.0 1.672316e+03 1.659853e+03 1.690625e+03 1.703088e+03
8.0 1.733141e+03 1.681501e+03 1.690675e+03 1.742315e+03
0.2 1.741729e+03 1.720925e+03 1.690772e+03 1.711577e+03
1.2 1.731641e+03 1.709802e+03 1.690819e+03 1.712658e+03
2.2 1.698385e+03 1.704287e+03 1.690865e+03 1.684963e+03
3.2 1.886148e+03 1.702170e+03 1.679693e+03 1.863671e+03
4.2 1.738386e+03 1.695543e+03 1.675483e+03 1.718326e+03
5.2 1.711679e+03 1.682426e+03 1.679008e+03 1.708261e+03
6.2 1.610244e+03 1.659405e+03 1.691040e+03 1.641878e+03
7.2 1.675643e+03 1.653714e+03 1.675995e+03 1.697925e+03
0.5 1.738386e+03 1.695543e+03 1.675483e+03 1.718326e+03
1.5 1.711679e+03 1.682426e+03 1.679008e+03 1.708261e+03
2.5 1.610244e+03 1.659405e+03 1.691040e+03 1.641878e+03
3.5 1.675643e+03 1.653714e+03 1.675995e+03 1.697925e+03
4.5 1.601925e+03 1.676964e+03 1.675643e+03 1.600605e+03
5.5 1.687425e+03 1.675338e+03 1.683025e+03 1.695111e+03
6.5 1.670414e+03 1.657523e+03 1.679965e+03 1.692855e+03
7.5 1.795695e+03 1.656745e+03 1.675744e+03 1.814694e+03
0.2 1.675643e+03 1.653714e+03 1.675995e+03 1.697925e+03
1.2 1.601925e+03 1.676964e+03 1.675643e+03 1.600605e+03
2.2 1.687425e+03 1.675338e+03 1.683025e+03 1.695111e+03
3.2 1.670414e+03 1.657523e+03 1.679965e+03 1.692855e+03
4.2 1.795695e+03 1.656745e+03 1.675744e+03 1.814694e+03
5.2 1.668544e+03 1.694260e+03 1.679258e+03 1.653542e+03
6.2 1.540353e+03 1.669557e+03 1.691278e+03 1.562074e+03
7.2 1.712448e+03 1.660018e+03 1.691307e+03 1.743737e+03
0.2 1.540353e+03 1.669557e+03 1.691278e+03 1.562074e+03
1.2 1.712448e+03 1.660018e+03 1.691307e+03 1.743737e+03
2.2 1.706110e+03 1.692915e+03 1.691335e+03 1.704530e+03
3.2 1.614664e+03 1.703196e+03 1.680145e+03 1.591613e+03
4.2 1.723085e+03 1.702402e+03 1.675915e+03 1.696598e+03
5.2 1.702734e+03 1.692953e+03 1.679419e+03 1.689200e+03
6.2 1.530057e+03 1.660275e+03 1.691429e+03 1.561211e+03
7.2 1.585668e+03 1.660316e+03 1.691449e+03 1.616802e+03
0.2 1.702734e+03 1.692953e+03 1.679419e+03 1.689200e+03
1.2 1.530057e+03 1.660275e+03 1.691429e+03 1.561211e+03
2.2 1.585668e+03 1.660316e+03 1.691449e+03 1.616802e+03
3.2 1.724911e+03 1.690961e+03 1.680251e+03 1.714201e+03
4.2 1.699360e+03 1.702603e+03 1.676012e+03 1.672769e+03
5.2 1.676519e+03 1.695919e+03 1.679506e+03 1.660107e+03
6.2 1.643906e+03 1.654437e+03 1.691509e+03 1.680979e+03
7.2 1.679291e+03 1.647477e+03 1.691523e+03 1.723337e+03
0.2 1.701894e+03 1.717661e+03 1.691567e+03 1.675799e+03
1.2 1.679221e+03 1.713065e+03 1.691573e+03 1.657728e+03
2.2 1.728686e+03 1.711432e+03 1.691578e+03 1.708831e+03
3.2 1.714476e+03 1.703567e+03 1.680368e+03 1.691277e+03
4.2 1.668452e+03 1.693730e+03 1.676119e+03 1.650841e+03
5.2 1.583056e+03 1.683603e+03 1.679603e+03 1.579056e+03
6.2 1.689105e+03 1.659791e+03 1.688115e+03 1.717429e+03
7.2 1.625653e+03 1.657397e+03 1.676130e+03 1.644387e+03
0.7 1.668452e+03 1.693730e+03 1.676119e+03 1.650841e+03
1.7 1.583056e+03 1.683603e+03 1.679603e+03 1.579056e+03
2.7 1.689105e+03 1.659791e+03 1.688115e+03 1.717429e+03
3.7 1.625653e+03 1.657397e+03 1.676130e+03 1.644387e+03
4.7 1.721981e+03 1.684339e+03 1.676134e+03 1.713776e+03
5.7 1.602594e+03 1.668653e+03 1.687352e+03 1.621293e+03
6.7 1.634567e+03 1.660439e+03 1.691609e+03 1.665736e+03
7.7 1.771050e+03 1.667618e+03 1.676527e+03 1.779959e+03
0.5 1.721981e+03 1.684339e+03 1.676134e+03 1.713776e+03
1.5 1.602594e+03 1.668653e+03 1.687352e+03 1.621293e+03
2.5 1.634567e+03 1.660439e+03 1.691609e+03 1.665736e+03
3.5 1.771050e+03 1.667618e+03 1.676527e+03 1.779959e+03
4.5 1.675658e+03 1.702630e+03 1.676142e+03 1.649170e+03
5.5 1.699484e+03 1.688443e+03 1.683490e+03 1.694532e+03
6.5 1.607787e+03 1.672765e+03 1.691611e+03 1.626634e+03
7.5 1.666600e+03 1.660701e+03 1.691610e+03 1.697510e+03
0.7 1.709527e+03 1.706634e+03 1.691596e+03 1.694490e+03
1.7 1.682420e+03 1.712735e+03 1.691592e+03 1.661277e+03
2.7 1.823867e+03 1.712001e+03 1.688105e+03 1.799971e+03
3.7 1.595562e+03 1.702486e+03 1.676110e+03 1.569186e+03
4.7 1.722160e+03 1.693272e+03 1.676103e+03 1.704991e+03
5.7 1.706309e+03 1.668187e+03 1.687310e+03 1.725432e+03
6.7 1.630978e+03 1.659235e+03 1.688074e+03 1.659817e+03
7.7 1.579826e+03 1.666980e+03 1.676075e+03 1.588921e+03
0.7 1.722160e+03 1.693272e+03 1.676103e+03 1.704991e+03
1.7 1.706309e+03 1.668187e+03 1.687310e+03 1.725432e+03
2.7 1.630978e+03 1.659235e+03 1.688074e+03 1.659817e+03
3.7 1.579826e+03 1.666980e+03 1.676075e+03 1.588921e+03
4.7 1.615857e+03 1.696130e+03 1.676064e+03 1.595791e+03
5.7 1.597743e+03 1.667928e+03 1.687268e+03 1.617082e+03
6.7 1.701542e+03 1.659650e+03 1.691509e+03 1.733401e+03
7.7 1.764383e+03 1.666759e+03 1.676412e+03 1.774036e+03
0.5 1.615857e+03 1.696130e+03 1.676064e+03 1.595791e+03
1.5 1.597743e+03 1.667928e+03 1.687268e+03 1.617082e+03
2.5 1.701542e+03 1.659650e+03 1.691509e+03 1.733401e+03
3.5 1.764383e+03 1.666759e+03 1.676412e+03 1.774036e+03
4.5 1.780258e+03 1.701698e+03 1.676009e+03 1.754569e+03
5.5 1.775042e+03 1.687433e+03 1.683340e+03 1.770948e+03
6.5 1.670933e+03 1.659587e+03 1.691442e+03 1.702788e+03
7.5 1.663786e+03 1.659165e+03 1.691422e+03 1.696043e+03
1.0 1.670933e+03 1.659587e+03 1.691442e+03 1.702788e+03
2.0 1.663786e+03 1.659165e+03 1.691422e+03 1.696043e+03
3.0 1.730334e+03 1.701745e+03 1.684052e+03 1.712641e+03
4.0 1.693479e+03 1.695245e+03 1.675909e+03 1.674143e+03
5.0 1.719072e+03 1.688600e+03 1.675886e+03 1.706358e+03
6.0 1.669674e+03 1.659375e+03 1.690941e+03 1.701240e+03
7.0 1.741298e+03 1.655478e+03 1.676217e+03 1.762037e+03
8.0 1.679541e+03 1.676754e+03 1.675802e+03 1.678589e+03
0.5 1.693479e+03 1.695245e+03 1.675909e+03 1.674143e+03
1.5 1.719072e+03 1.688600e+03 1.675886e+03 1.706358e+03
2.5 1.669674e+03 1.659375e+03 1.690941e+03 1.701240e+03
3.5 1.741298e+03 1.655478e+03 1.676217e+03 1.762037e+03
4.5 1.679541e+03 1.676754e+03 1.675802e+03 1.678589e+03
5.5 1.620840e+03 1.686191e+03 1.683121e+03 1.617770e+03
6.5 1.625930e+03 1.670351e+03 1.691207e+03 1.646785e+03
7.5 1.640795e+03 1.664451e+03 1.691169e+03 1.667513e+03
1.0 1.728299e+03 1.691471e+03 1.690993e+03 1.727820e+03
2.0 1.669111e+03 1.694971e+03 1.690943e+03 1.665083e+03
3.0 1.758324e+03 1.707305e+03 1.683549e+03 1.734568e+03
4.0 1.669491e+03 1.705381e+03 1.675382e+03 1.639491e+03
5.0 1.661137e+03 1.699796e+03 1.675332e+03 1.636673e+03
6.0 1.667825e+03 1.668403e+03 1.690355e+03 1.689777e+03
7.0 1.653315e+03 1.667333e+03 1.690691e+03 1.676672e+03
8.0 1.770013e+03 1.679503e+03 1.690639e+03 1.781149e+03
0.7 1.770013e+03 1.679503e+03 1.690639e+03 1.781149e+03
1.7 1.690361e+03 1.699500e+03 1.690579e+03 1.681440e+03
2.7 1.734394e+03 1.698435e+03 1.687039e+03 1.722998e+03
