0.5 5.057427e+03 4.966732e+03 5.093743e+03 5.184439e+03
1.5 4.979010e+03 5.037837e+03 5.096695e+03 5.037868e+03
2.5 5.010270e+03 5.087497e+03 5.099256e+03 5.022029e+03
3.5 5.070523e+03 5.032921e+03 5.043793e+03 5.081395e+03
4.5 4.945956e+03 4.961145e+03 4.984998e+03 4.969809e+03
5.5 5.056702e+03 4.977486e+03 4.971476e+03 5.050692e+03
6.5 5.013862e+03 5.023869e+03 4.972868e+03 4.962861e+03
7.5 5.097787e+03 5.056433e+03 4.973989e+03 5.015343e+03
8.5 5.117161e+03 5.058949e+03 4.974866e+03 5.033077e+03
0.2 5.010270e+03 5.087497e+03 5.099256e+03 5.022029e+03
1.2 5.070523e+03 5.032921e+03 5.043793e+03 5.081395e+03
2.2 4.945956e+03 4.961145e+03 4.984998e+03 4.969809e+03
3.2 5.056702e+03 4.977486e+03 4.971476e+03 5.050692e+03
4.2 5.013862e+03 5.023869e+03 4.972868e+03 4.962861e+03
5.2 5.097787e+03 5.056433e+03 4.973989e+03 5.015343e+03
6.2 5.117161e+03 5.058949e+03 4.974866e+03 5.033077e+03
7.2 5.141359e+03 5.061384e+03 4.984628e+03 5.064602e+03
8.2 5.107534e+03 5.059579e+03 4.975983e+03 5.023939e+03
0.9 5.056702e+03 4.977486e+03 4.971476e+03 5.050692e+03
1.9 5.013862e+03 5.023869e+03 4.972868e+03 4.962861e+03
2.9 5.097787e+03 5.056433e+03 4.973989e+03 5.015343e+03
3.9 5.117161e+03 5.058949e+03 4.974866e+03 5.033077e+03
4.9 5.141359e+03 5.061384e+03 4.984628e+03 5.064602e+03
5.9 5.107534e+03 5.059579e+03 4.975983e+03 5.023939e+03
6.9 5.105852e+03 5.048674e+03 4.979309e+03 5.036487e+03
7.9 5.071029e+03 5.060462e+03 4.976416e+03 4.986982e+03
8.9 5.065913e+03 5.060957e+03 4.976432e+03 4.981387e+03
0.6 5.097787e+03 5.056433e+03 4.973989e+03 5.015343e+03
1.6 5.117161e+03 5.058949e+03 4.974866e+03 5.033077e+03
2.6 5.141359e+03 5.061384e+03 4.984628e+03 5.064602e+03
3.6 5.107534e+03 5.059579e+03 4.975983e+03 5.023939e+03
4.6 5.105852e+03 5.048674e+03 4.979309e+03 5.036487e+03
5.6 5.071029e+03 5.060462e+03 4.976416e+03 4.986982e+03
6.6 5.065913e+03 5.060957e+03 4.976432e+03 4.981387e+03
7.6 5.024208e+03 5.061454e+03 4.976337e+03 4.939091e+03
8.6 5.024829e+03 5.061951e+03 4.976160e+03 4.939038e+03
0.3 5.141359e+03 5.061384e+03 4.984628e+03 5.064602e+03
1.3 5.107534e+03 5.059579e+03 4.975983e+03 5.023939e+03
2.3 5.105852e+03 5.048674e+03 4.979309e+03 5.036487e+03
3.3 5.071029e+03 5.060462e+03 4.976416e+03 4.986982e+03
4.3 5.065913e+03 5.060957e+03 4.976432e+03 4.981387e+03
5.3 5.024208e+03 5.061454e+03 4.976337e+03 4.939091e+03
6.3 5.024829e+03 5.061951e+03 4.976160e+03 4.939038e+03
7.3 5.182477e+03 5.056213e+03 4.978960e+03 5.105224e+03
8.3 4.945924e+03 5.062926e+03 4.975648e+03 4.858646e+03
1.0 5.071029e+03 5.060462e+03 4.976416e+03 4.986982e+03
2.0 5.065913e+03 5.060957e+03 4.976432e+03 4.981387e+03
3.0 5.024208e+03 5.061454e+03 4.976337e+03 4.939091e+03
4.0 5.024829e+03 5.061951e+03 4.976160e+03 4.939038e+03
5.0 5.182477e+03 5.056213e+03 4.978960e+03 5.105224e+03
6.0 4.945924e+03 5.062926e+03 4.975648e+03 4.858646e+03
7.0 5.113871e+03 5.058134e+03 4.984451e+03 5.040188e+03
8.0 5.082502e+03 4.988447e+03 4.975030e+03 5.069085e+03
9.0 4.487923e+03 4.917066e+03 4.974712e+03 4.545570e+03
0.7 5.024208e+03 5.061454e+03 4.976337e+03 4.939091e+03
1.7 5.024829e+03 5.061951e+03 4.976160e+03 4.939038e+03
2.7 5.182477e+03 5.056213e+03 4.978960e+03 5.105224e+03
3.7 4.945924e+03 5.062926e+03 4.975648e+03 4.858646e+03
4.7 5.113871e+03 5.058134e+03 4.984451e+03 5.040188e+03
5.7 5.082502e+03 4.988447e+03 4.975030e+03 5.069085e+03
6.7 4.487923e+03 4.917066e+03 4.974712e+03 4.545570e+03
7.7 5.052714e+03 4.940048e+03 5.007793e+03 5.120459e+03
8.7 4.924862e+03 5.001080e+03 5.068208e+03 4.991991e+03
0.4 5.182477e+03 5.056213e+03 4.978960e+03 5.105224e+03
1.4 4.945924e+03 5.062926e+03 4.975648e+03 4.858646e+03
2.4 5.113871e+03 5.058134e+03 4.984451e+03 5.040188e+03
3.4 5.082502e+03 4.988447e+03 4.975030e+03 5.069085e+03
4.4 4.487923e+03 4.917066e+03 4.974712e+03 4.545570e+03
5.4 5.052714e+03 4.940048e+03 5.007793e+03 5.120459e+03
6.4 4.924862e+03 5.001080e+03 5.068208e+03 4.991991e+03
7.4 5.084865e+03 5.031556e+03 5.107400e+03 5.160709e+03
8.4 5.097883e+03 4.992416e+03 5.107161e+03 5.212628e+03
0.5 5.024451e+03 4.973843e+03 5.106528e+03 5.157136e+03
1.5 5.059616e+03 5.045697e+03 5.106451e+03 5.120370e+03
2.5 5.055135e+03 5.096008e+03 5.106403e+03 5.065530e+03
3.5 5.005251e+03 5.038680e+03 5.047194e+03 5.013764e+03
4.5 4.830693e+03 4.965467e+03 4.986482e+03 4.851709e+03
5.5 5.021503e+03 4.984614e+03 4.972819e+03 5.009709e+03
6.5 5.133493e+03 5.030963e+03 4.972814e+03 5.075344e+03
7.5 4.883676e+03 5.066728e+03 4.974330e+03 4.791277e+03
8.5 5.024679e+03 5.067916e+03 4.974327e+03 4.931090e+03
0.2 5.055135e+03 5.096008e+03 5.106403e+03 5.065530e+03
1.2 5.005251e+03 5.038680e+03 5.047194e+03 5.013764e+03
2.2 4.830693e+03 4.965467e+03 4.986482e+03 4.851709e+03
3.2 5.021503e+03 4.984614e+03 4.972819e+03 5.009709e+03
4.2 5.133493e+03 5.030963e+03 4.972814e+03 5.075344e+03
5.2 4.883676e+03 5.066728e+03 4.974330e+03 4.791277e+03
6.2 5.024679e+03 5.067916e+03 4.974327e+03 4.931090e+03
7.2 5.050849e+03 5.069227e+03 4.981909e+03 4.963531e+03
8.2 4.971644e+03 5.067116e+03 4.972788e+03 4.877316e+03
0.9 5.021503e+03 4.984614e+03 4.972819e+03 5.009709e+03
1.9 5.133493e+03 5.030963e+03 4.972814e+03 5.075344e+03
2.9 4.883676e+03 5.066728e+03 4.974330e+03 4.791277e+03
3.9 5.024679e+03 5.067916e+03 4.974327e+03 4.931090e+03
4.9 5.050849e+03 5.069227e+03 4.981909e+03 4.963531e+03
5.9 4.971644e+03 5.067116e+03 4.972788e+03 4.877316e+03
6.9 5.025803e+03 5.054044e+03 4.975798e+03 4.947557e+03
7.9 4.918927e+03 5.061447e+03 4.971206e+03 4.828686e+03
8.9 5.119747e+03 5.061468e+03 4.971152e+03 5.029431e+03
0.6 4.883676e+03 5.066728e+03 4.974330e+03 4.791277e+03
1.6 5.024679e+03 5.067916e+03 4.974327e+03 4.931090e+03
2.6 5.050849e+03 5.069227e+03 4.981909e+03 4.963531e+03
3.6 4.971644e+03 5.067116e+03 4.972788e+03 4.877316e+03
4.6 5.025803e+03 5.054044e+03 4.975798e+03 4.947557e+03
5.6 4.918927e+03 5.061447e+03 4.971206e+03 4.828686e+03
6.6 5.119747e+03 5.061468e+03 4.971152e+03 5.029431e+03
7.6 4.987388e+03 5.070808e+03 4.975652e+03 4.892232e+03
8.6 5.047903e+03 5.070874e+03 4.975604e+03 4.952633e+03
0.3 5.050849e+03 5.069227e+03 4.981909e+03 4.963531e+03
1.3 4.971644e+03 5.067116e+03 4.972788e+03 4.877316e+03
2.3 5.025803e+03 5.054044e+03 4.975798e+03 4.947557e+03
3.3 4.918927e+03 5.061447e+03 4.971206e+03 4.828686e+03
4.3 5.119747e+03 5.061468e+03 4.971152e+03 5.029431e+03
5.3 4.987388e+03 5.070808e+03 4.975652e+03 4.892232e+03
6.3 5.047903e+03 5.070874e+03 4.975604e+03 4.952633e+03
7.3 5.123945e+03 5.062032e+03 4.977069e+03 5.038982e+03
8.3 4.819959e+03 5.064466e+03 4.972479e+03 4.727972e+03
0.9 4.918927e+03 5.061447e+03 4.971206e+03 4.828686e+03
1.9 5.119747e+03 5.061468e+03 4.971152e+03 5.029431e+03
2.9 4.987388e+03 5.070808e+03 4.975652e+03 4.892232e+03
3.9 5.047903e+03 5.070874e+03 4.975604e+03 4.952633e+03
4.9 5.123945e+03 5.062032e+03 4.977069e+03 5.038982e+03
5.9 4.819959e+03 5.064466e+03 4.972479e+03 4.727972e+03
6.9 5.041372e+03 5.057739e+03 4.980021e+03 4.963654e+03
7.9 4.883875e+03 4.993307e+03 4.972382e+03 4.862950e+03
8.9 4.991181e+03 4.921592e+03 4.972327e+03 5.041916e+03
0.7 4.987388e+03 5.070808e+03 4.975652e+03 4.892232e+03
1.7 5.047903e+03 5.070874e+03 4.975604e+03 4.952633e+03
2.7 5.123945e+03 5.062032e+03 4.977069e+03 5.038982e+03
3.7 4.819959e+03 5.064466e+03 4.972479e+03 4.727972e+03
4.7 5.041372e+03 5.057739e+03 4.980021e+03 4.963654e+03
5.7 4.883875e+03 4.993307e+03 4.972382e+03 4.862950e+03
6.7 4.991181e+03 4.921592e+03 4.972327e+03 5.041916e+03
7.7 5.075955e+03 4.940940e+03 5.004132e+03 5.139147e+03
8.7 4.404444e+03 5.001662e+03 5.064764e+03 4.467547e+03
0.3 5.123945e+03 5.062032e+03 4.977069e+03 5.038982e+03
1.3 4.819959e+03 5.064466e+03 4.972479e+03 4.727972e+03
2.3 5.041372e+03 5.057739e+03 4.980021e+03 4.963654e+03
3.3 4.883875e+03 4.993307e+03 4.972382e+03 4.862950e+03
4.3 4.991181e+03 4.921592e+03 4.972327e+03 5.041916e+03
5.3 5.075955e+03 4.940940e+03 5.004132e+03 5.139147e+03
6.3 4.404444e+03 5.001662e+03 5.064764e+03 4.467547e+03
7.3 5.696695e+03 5.033383e+03 5.105677e+03 5.768990e+03
8.3 4.979428e+03 4.995169e+03 5.105629e+03 5.089888e+03
0.5 5.012987e+03 4.976566e+03 5.105607e+03 5.142029e+03
1.5 5.069075e+03 5.048297e+03 5.105644e+03 5.126421e+03
2.5 5.058500e+03 5.096703e+03 5.105685e+03 5.067483e+03
3.5 5.071500e+03 5.035944e+03 5.045033e+03 5.080589e+03
4.5 5.121479e+03 4.962617e+03 4.984391e+03 5.143253e+03
5.5 5.067489e+03 4.984068e+03 4.973839e+03 5.057260e+03
6.5 5.001584e+03 5.030334e+03 4.973917e+03 4.945168e+03
7.5 5.023405e+03 5.068163e+03 4.977033e+03 4.932275e+03
8.5 4.999345e+03 5.068088e+03 4.977115e+03 4.908372e+03
0.2 5.058500e+03 5.096703e+03 5.105685e+03 5.067483e+03
1.2 5.071500e+03 5.035944e+03 5.045033e+03 5.080589e+03
2.2 5.121479e+03 4.962617e+03 4.984391e+03 5.143253e+03
3.2 5.067489e+03 4.984068e+03 4.973839e+03 5.057260e+03
4.2 5.001584e+03 5.030334e+03 4.973917e+03 4.945168e+03
5.2 5.023405e+03 5.068163e+03 4.977033e+03 4.932275e+03
6.2 4.999345e+03 5.068088e+03 4.977115e+03 4.908372e+03
7.2 5.211705e+03 5.067476e+03 4.984782e+03 5.129011e+03
8.2 4.954250e+03 5.064333e+03 4.974233e+03 4.864150e+03
0.8 5.067489e+03 4.984068e+03 4.973839e+03 5.057260e+03
1.8 5.001584e+03 5.030334e+03 4.973917e+03 4.945168e+03
2.8 5.023405e+03 5.068163e+03 4.977033e+03 4.932275e+03
3.8 4.999345e+03 5.068088e+03 4.977115e+03 4.908372e+03
4.8 5.211705e+03 5.067476e+03 4.984782e+03 5.129011e+03
5.8 4.954250e+03 5.064333e+03 4.974233e+03 4.864150e+03
6.8 5.016399e+03 5.051676e+03 4.974311e+03 4.939035e+03
7.8 5.191043e+03 5.064955e+03 4.972878e+03 5.098966e+03
8.8 5.053499e+03 5.064877e+03 4.972963e+03 4.961584e+03
0.5 5.023405e+03 5.068163e+03 4.977033e+03 4.932275e+03
1.5 4.999345e+03 5.068088e+03 4.977115e+03 4.908372e+03
2.5 5.211705e+03 5.067476e+03 4.984782e+03 5.129011e+03
3.5 4.954250e+03 5.064333e+03 4.974233e+03 4.864150e+03
4.5 5.016399e+03 5.051676e+03 4.974311e+03 4.939035e+03
5.5 5.191043e+03 5.064955e+03 4.972878e+03 5.098966e+03
6.5 5.053499e+03 5.064877e+03 4.972963e+03 4.961584e+03
7.5 5.089582e+03 5.064783e+03 4.973039e+03 4.997838e+03
8.5 5.014099e+03 5.065827e+03 4.973110e+03 4.921382e+03
0.2 5.211705e+03 5.067476e+03 4.984782e+03 5.129011e+03
1.2 4.954250e+03 5.064333e+03 4.974233e+03 4.864150e+03
2.2 5.016399e+03 5.051676e+03 4.974311e+03 4.939035e+03
3.2 5.191043e+03 5.064955e+03 4.972878e+03 5.098966e+03
4.2 5.053499e+03 5.064877e+03 4.972963e+03 4.961584e+03
5.2 5.089582e+03 5.064783e+03 4.973039e+03 4.997838e+03
6.2 5.014099e+03 5.065827e+03 4.973110e+03 4.921382e+03
7.2 5.240664e+03 5.065180e+03 4.980768e+03 5.156252e+03
8.2 5.105333e+03 5.065557e+03 4.973255e+03 5.013030e+03
0.9 5.191043e+03 5.064955e+03 4.972878e+03 5.098966e+03
1.9 5.053499e+03 5.064877e+03 4.972963e+03 4.961584e+03
2.9 5.089582e+03 5.064783e+03 4.973039e+03 4.997838e+03
3.9 5.014099e+03 5.065827e+03 4.973110e+03 4.921382e+03
4.9 5.240664e+03 5.065180e+03 4.980768e+03 5.156252e+03
5.9 5.105333e+03 5.065557e+03 4.973255e+03 5.013030e+03
6.9 5.156389e+03 5.055595e+03 4.977893e+03 5.078687e+03
7.9 5.035688e+03 4.995237e+03 4.973445e+03 5.013896e+03
8.9 4.875600e+03 4.923249e+03 4.973576e+03 4.925926e+03
0.6 5.089582e+03 5.064783e+03 4.973039e+03 4.997838e+03
1.6 5.014099e+03 5.065827e+03 4.973110e+03 4.921382e+03
2.6 5.240664e+03 5.065180e+03 4.980768e+03 5.156252e+03
3.6 5.105333e+03 5.065557e+03 4.973255e+03 5.013030e+03
4.6 5.156389e+03 5.055595e+03 4.977893e+03 5.078687e+03
5.6 5.035688e+03 4.995237e+03 4.973445e+03 5.013896e+03
6.6 4.875600e+03 4.923249e+03 4.973576e+03 4.925926e+03
7.6 4.847961e+03 4.935663e+03 5.002569e+03 4.914867e+03
8.6 4.926248e+03 4.996029e+03 5.063473e+03 4.993692e+03
0.3 5.240664e+03 5.065180e+03 4.980768e+03 5.156252e+03
1.3 5.105333e+03 5.065557e+03 4.973255e+03 5.013030e+03
2.3 5.156389e+03 5.055595e+03 4.977893e+03 5.078687e+03
3.3 5.035688e+03 4.995237e+03 4.973445e+03 5.013896e+03
4.3 4.875600e+03 4.923249e+03 4.973576e+03 4.925926e+03
5.3 4.847961e+03 4.935663e+03 5.002569e+03 4.914867e+03
6.3 4.926248e+03 4.996029e+03 5.063473e+03 4.993692e+03
7.3 5.031715e+03 5.030377e+03 5.107746e+03 5.109084e+03
8.3 4.947544e+03 4.994005e+03 5.108082e+03 5.061621e+03
0.5 4.896108e+03 4.970393e+03 5.110416e+03 5.036132e+03
1.5 4.947047e+03 5.041216e+03 5.111307e+03 5.017138e+03
2.5 4.948147e+03 5.090385e+03 5.112343e+03 4.970105e+03
3.5 4.889167e+03 5.028476e+03 5.052830e+03 4.913520e+03
4.5 4.994686e+03 4.952077e+03 4.993483e+03 5.036092e+03
5.5 5.038586e+03 4.974189e+03 4.982877e+03 5.047274e+03
6.5 5.062038e+03 5.018908e+03 4.984595e+03 5.027724e+03
7.5 5.127776e+03 5.051099e+03 4.988021e+03 5.064698e+03
8.5 5.034727e+03 5.049193e+03 4.990122e+03 4.975656e+03
0.2 4.948147e+03 5.090385e+03 5.112343e+03 4.970105e+03
1.2 4.889167e+03 5.028476e+03 5.052830e+03 4.913520e+03
2.2 4.994686e+03 4.952077e+03 4.993483e+03 5.036092e+03
3.2 5.038586e+03 4.974189e+03 4.982877e+03 5.047274e+03
4.2 5.062038e+03 5.018908e+03 4.984595e+03 5.027724e+03
5.2 5.127776e+03 5.051099e+03 4.988021e+03 5.064698e+03
6.2 5.034727e+03 5.049193e+03 4.990122e+03 4.975656e+03
7.2 4.957039e+03 5.047283e+03 5.000012e+03 4.909768e+03
8.2 5.102270e+03 5.045675e+03 4.994926e+03 5.051521e+03
0.9 5.038586e+03 4.974189e+03 4.982877e+03 5.047274e+03
1.9 5.062038e+03 5.018908e+03 4.984595e+03 5.027724e+03
2.9 5.127776e+03 5.051099e+03 4.988021e+03 5.064698e+03
3.9 5.034727e+03 5.049193e+03 4.990122e+03 4.975656e+03
4.9 4.957039e+03 5.047283e+03 5.000012e+03 4.909768e+03
5.9 5.102270e+03 5.045675e+03 4.994926e+03 5.051521e+03
6.9 5.075770e+03 5.032084e+03 5.000646e+03 5.044331e+03
7.9 5.143549e+03 5.037649e+03 4.998929e+03 5.104829e+03
8.9 5.090901e+03 5.035046e+03 5.001915e+03 5.057770e+03
0.6 5.127776e+03 5.051099e+03 4.988021e+03 5.064698e+03
1.6 5.034727e+03 5.049193e+03 4.990122e+03 4.975656e+03
2.6 4.957039e+03 5.047283e+03 5.000012e+03 4.909768e+03
3.6 5.102270e+03 5.045675e+03 4.994926e+03 5.051521e+03
4.6 5.075770e+03 5.032084e+03 5.000646e+03 5.044331e+03
5.6 5.143549e+03 5.037649e+03 4.998929e+03 5.104829e+03
6.6 5.090901e+03 5.035046e+03 5.001915e+03 5.057770e+03
7.6 5.136378e+03 5.036819e+03 5.006593e+03 5.106152e+03
8.6 5.071196e+03 5.034056e+03 5.009921e+03 5.047061e+03
0.3 4.957039e+03 5.047283e+03 5.000012e+03 4.909768e+03
1.3 5.102270e+03 5.045675e+03 4.994926e+03 5.051521e+03
2.3 5.075770e+03 5.032084e+03 5.000646e+03 5.044331e+03
3.3 5.143549e+03 5.037649e+03 4.998929e+03 5.104829e+03
4.3 5.090901e+03 5.035046e+03 5.001915e+03 5.057770e+03
5.3 5.136378e+03 5.036819e+03 5.006593e+03 5.106152e+03
6.3 5.071196e+03 5.034056e+03 5.009921e+03 5.047061e+03
7.3 5.090032e+03 5.021379e+03 5.016444e+03 5.085097e+03
8.3 5.088852e+03 5.021983e+03 5.015527e+03 5.082396e+03
1.0 5.143549e+03 5.037649e+03 4.998929e+03 5.104829e+03
2.0 5.090901e+03 5.035046e+03 5.001915e+03 5.057770e+03
3.0 5.136378e+03 5.036819e+03 5.006593e+03 5.106152e+03
4.0 5.071196e+03 5.034056e+03 5.009921e+03 5.047061e+03
5.0 5.090032e+03 5.021379e+03 5.016444e+03 5.085097e+03
6.0 5.088852e+03 5.021983e+03 5.015527e+03 5.082396e+03
0.6 5.136378e+03 5.036819e+03 5.006593e+03 5.106152e+03
1.6 5.071196e+03 5.034056e+03 5.009921e+03 5.047061e+03
2.6 5.090032e+03 5.021379e+03 5.016444e+03 5.085097e+03
3.6 5.088852e+03 5.021983e+03 5.015527e+03 5.082396e+03
0.3 5.090032e+03 5.021379e+03 5.016444e+03 5.085097e+03
1.3 5.088852e+03 5.021983e+03 5.015527e+03 5.082396e+03
