1.0 1.410153e+03 1.408106e+03 1.373012e+03 1.375059e+03
2.0 1.391328e+03 1.385785e+03 1.373387e+03 1.378930e+03
3.0 1.337357e+03 1.345070e+03 1.367584e+03 1.359871e+03
4.0 1.298573e+03 1.327737e+03 1.361162e+03 1.331998e+03
5.0 1.359459e+03 1.352176e+03 1.370182e+03 1.377464e+03
6.0 1.354094e+03 1.356712e+03 1.373643e+03 1.371025e+03
7.0 1.298500e+03 1.349306e+03 1.370930e+03 1.320124e+03
8.0 1.335494e+03 1.337076e+03 1.361421e+03 1.359839e+03
0.8 1.359459e+03 1.352176e+03 1.370182e+03 1.377464e+03
1.7 1.354094e+03 1.356712e+03 1.373643e+03 1.371025e+03
2.7 1.298500e+03 1.349306e+03 1.370930e+03 1.320124e+03
3.7 1.335494e+03 1.337076e+03 1.361421e+03 1.359839e+03
4.7 1.245225e+03 1.351854e+03 1.361480e+03 1.254851e+03
5.7 1.311671e+03 1.352375e+03 1.361536e+03 1.320832e+03
6.7 1.425403e+03 1.375615e+03 1.361589e+03 1.411377e+03
7.7 1.377925e+03 1.389649e+03 1.370598e+03 1.358874e+03
0.7 1.377925e+03 1.389649e+03 1.370598e+03 1.358874e+03
1.7 1.408750e+03 1.385869e+03 1.374045e+03 1.396926e+03
2.7 1.414729e+03 1.353404e+03 1.371313e+03 1.432637e+03
3.7 1.441534e+03 1.331692e+03 1.361784e+03 1.471626e+03
4.7 1.362288e+03 1.351454e+03 1.361827e+03 1.372661e+03
5.7 1.370718e+03 1.352384e+03 1.361868e+03 1.380202e+03
6.7 1.424529e+03 1.375637e+03 1.361907e+03 1.410799e+03
7.7 1.362196e+03 1.380726e+03 1.361944e+03 1.343414e+03
1.0 1.418609e+03 1.360597e+03 1.374085e+03 1.432097e+03
2.0 1.436086e+03 1.376380e+03 1.374421e+03 1.434127e+03
3.0 1.325287e+03 1.361104e+03 1.368578e+03 1.332761e+03
4.0 1.304886e+03 1.343783e+03 1.362115e+03 1.323218e+03
5.0 1.316362e+03 1.351813e+03 1.362134e+03 1.326684e+03
6.0 1.279356e+03 1.352767e+03 1.362152e+03 1.288741e+03
7.0 1.310921e+03 1.364055e+03 1.362167e+03 1.309033e+03
8.0 1.368899e+03 1.387840e+03 1.362180e+03 1.343239e+03
0.3 1.272379e+03 1.353894e+03 1.364928e+03 1.283413e+03
1.3 1.350968e+03 1.362374e+03 1.374488e+03 1.363083e+03
2.3 1.389692e+03 1.369999e+03 1.374475e+03 1.394168e+03
3.3 1.279454e+03 1.354458e+03 1.365504e+03 1.290500e+03
4.3 1.377528e+03 1.345466e+03 1.362092e+03 1.394154e+03
5.3 1.362813e+03 1.345724e+03 1.362076e+03 1.379165e+03
6.3 1.420239e+03 1.349158e+03 1.364839e+03 1.435920e+03
7.3 1.366114e+03 1.358826e+03 1.374397e+03 1.381684e+03
0.3 1.420239e+03 1.349158e+03 1.364839e+03 1.435920e+03
1.3 1.366114e+03 1.358826e+03 1.374397e+03 1.381684e+03
2.3 1.353690e+03 1.373393e+03 1.374380e+03 1.354676e+03
3.3 1.370188e+03 1.355011e+03 1.365405e+03 1.380582e+03
4.3 1.390030e+03 1.346005e+03 1.361988e+03 1.406012e+03
5.3 1.391106e+03 1.355214e+03 1.370924e+03 1.406816e+03
6.3 1.358553e+03 1.359268e+03 1.374303e+03 1.373589e+03
7.3 1.334808e+03 1.351921e+03 1.371505e+03 1.354392e+03
0.8 1.391106e+03 1.355214e+03 1.370924e+03 1.406816e+03
1.8 1.358553e+03 1.359268e+03 1.374303e+03 1.373589e+03
2.8 1.334808e+03 1.351921e+03 1.371505e+03 1.354392e+03
3.8 1.426638e+03 1.340870e+03 1.361912e+03 1.447680e+03
4.8 1.356254e+03 1.346445e+03 1.361894e+03 1.371703e+03
5.8 1.347653e+03 1.347053e+03 1.361875e+03 1.362475e+03
6.8 1.379907e+03 1.347329e+03 1.361857e+03 1.394435e+03
7.8 1.308547e+03 1.351891e+03 1.361839e+03 1.318495e+03
0.5 1.342441e+03 1.357790e+03 1.367587e+03 1.352238e+03
1.5 1.395811e+03 1.367887e+03 1.374056e+03 1.401980e+03
2.5 1.359572e+03 1.380213e+03 1.374041e+03 1.353400e+03
3.5 1.298012e+03 1.348037e+03 1.361982e+03 1.311957e+03
4.5 1.343474e+03 1.359297e+03 1.373703e+03 1.357881e+03
5.5 1.418844e+03 1.359989e+03 1.373998e+03 1.432853e+03
6.5 1.362094e+03 1.344705e+03 1.368116e+03 1.385506e+03
7.5 1.300465e+03 1.327385e+03 1.361618e+03 1.334698e+03
1.0 1.343474e+03 1.359297e+03 1.373703e+03 1.357881e+03
2.0 1.418844e+03 1.359989e+03 1.373998e+03 1.432853e+03
3.0 1.362094e+03 1.344705e+03 1.368116e+03 1.385506e+03
4.0 1.300465e+03 1.327385e+03 1.361618e+03 1.334698e+03
5.0 1.344913e+03 1.352825e+03 1.361608e+03 1.353695e+03
6.0 1.349907e+03 1.356317e+03 1.361598e+03 1.355189e+03
7.0 1.307849e+03 1.361670e+03 1.361588e+03 1.307767e+03
8.0 1.316054e+03 1.389479e+03 1.361578e+03 1.288153e+03
0.3 1.375651e+03 1.402746e+03 1.364349e+03 1.337255e+03
1.3 1.277051e+03 1.377751e+03 1.373916e+03 1.273216e+03
2.3 1.382881e+03 1.364643e+03 1.373908e+03 1.392146e+03
3.3 1.314691e+03 1.344250e+03 1.364942e+03 1.335383e+03
4.3 1.322485e+03 1.351341e+03 1.361537e+03 1.332681e+03
5.3 1.342672e+03 1.355810e+03 1.361531e+03 1.348393e+03
6.3 1.332777e+03 1.356375e+03 1.361526e+03 1.337928e+03
7.3 1.297516e+03 1.381265e+03 1.361524e+03 1.277775e+03
1.0 1.368386e+03 1.375589e+03 1.373588e+03 1.366384e+03
2.0 1.373486e+03 1.380205e+03 1.373906e+03 1.367187e+03
3.0 1.381241e+03 1.364456e+03 1.368050e+03 1.384834e+03
4.0 1.392646e+03 1.352915e+03 1.367446e+03 1.407176e+03
5.0 1.373679e+03 1.359331e+03 1.373945e+03 1.388293e+03
6.0 1.407585e+03 1.359967e+03 1.373960e+03 1.421578e+03
7.0 1.348242e+03 1.327691e+03 1.361932e+03 1.382483e+03
8.0 1.401375e+03 1.336268e+03 1.361640e+03 1.426747e+03
0.5 1.392646e+03 1.352915e+03 1.367446e+03 1.407176e+03
1.5 1.373679e+03 1.359331e+03 1.373945e+03 1.388293e+03
2.5 1.407585e+03 1.359967e+03 1.373960e+03 1.421578e+03
3.5 1.348242e+03 1.327691e+03 1.361932e+03 1.382483e+03
4.5 1.401375e+03 1.336268e+03 1.361640e+03 1.426747e+03
5.5 1.402092e+03 1.347008e+03 1.361658e+03 1.416742e+03
6.5 1.333479e+03 1.353169e+03 1.367546e+03 1.347856e+03
7.5 1.273943e+03 1.359567e+03 1.374055e+03 1.288431e+03
0.5 1.333479e+03 1.353169e+03 1.367546e+03 1.347856e+03
1.5 1.273943e+03 1.359567e+03 1.374055e+03 1.288431e+03
2.5 1.410289e+03 1.378931e+03 1.374080e+03 1.405438e+03
3.5 1.366006e+03 1.347105e+03 1.362062e+03 1.380963e+03
4.5 1.374850e+03 1.348015e+03 1.361782e+03 1.388617e+03
5.5 1.333077e+03 1.354602e+03 1.361812e+03 1.340286e+03
6.5 1.349970e+03 1.354852e+03 1.361844e+03 1.356963e+03
7.5 1.359145e+03 1.371849e+03 1.361878e+03 1.349174e+03
0.5 1.288068e+03 1.403545e+03 1.367781e+03 1.252304e+03
1.5 1.454992e+03 1.399663e+03 1.374303e+03 1.429633e+03
2.5 1.458550e+03 1.362560e+03 1.374342e+03 1.470332e+03
3.5 1.295573e+03 1.330182e+03 1.362337e+03 1.327727e+03
4.5 1.312180e+03 1.343467e+03 1.364848e+03 1.333561e+03
5.5 1.380495e+03 1.357587e+03 1.374465e+03 1.397373e+03
6.5 1.398341e+03 1.357804e+03 1.374509e+03 1.415046e+03
7.5 1.284748e+03 1.333666e+03 1.365597e+03 1.316680e+03
0.3 1.312180e+03 1.343467e+03 1.364848e+03 1.333561e+03
1.3 1.380495e+03 1.357587e+03 1.374465e+03 1.397373e+03
2.3 1.398341e+03 1.357804e+03 1.374509e+03 1.415046e+03
3.3 1.284748e+03 1.333666e+03 1.365597e+03 1.316680e+03
4.3 1.350891e+03 1.351862e+03 1.362248e+03 1.361276e+03
5.3 1.381362e+03 1.352554e+03 1.362296e+03 1.391104e+03
6.3 1.375562e+03 1.364165e+03 1.362343e+03 1.373741e+03
7.3 1.347843e+03 1.376385e+03 1.362391e+03 1.333849e+03
0.7 1.326131e+03 1.396216e+03 1.371548e+03 1.301463e+03
1.7 1.406453e+03 1.407739e+03 1.374995e+03 1.373708e+03
2.7 1.278826e+03 1.353613e+03 1.372264e+03 1.297477e+03
3.7 1.322768e+03 1.326621e+03 1.362741e+03 1.358888e+03
4.7 1.321683e+03 1.333963e+03 1.362792e+03 1.350511e+03
5.7 1.241551e+03 1.342621e+03 1.362840e+03 1.261770e+03
6.7 1.333807e+03 1.344476e+03 1.362886e+03 1.352217e+03
7.7 1.364905e+03 1.355140e+03 1.362932e+03 1.372697e+03
0.7 1.254758e+03 1.352399e+03 1.372707e+03 1.275066e+03
1.7 1.367382e+03 1.355717e+03 1.376127e+03 1.387792e+03
2.7 1.338870e+03 1.359695e+03 1.373367e+03 1.352542e+03
3.7 1.304841e+03 1.338371e+03 1.363811e+03 1.330281e+03
4.7 1.285369e+03 1.338305e+03 1.363828e+03 1.310893e+03
5.7 1.498828e+03 1.340616e+03 1.363844e+03 1.522056e+03
6.7 1.444938e+03 1.347119e+03 1.363860e+03 1.461679e+03
7.7 1.407182e+03 1.351563e+03 1.363874e+03 1.419493e+03
0.5 1.348767e+03 1.348436e+03 1.369881e+03 1.370212e+03
1.5 1.336169e+03 1.370358e+03 1.376373e+03 1.342184e+03
2.5 1.224329e+03 1.370742e+03 1.376380e+03 1.229967e+03
3.5 1.309984e+03 1.338511e+03 1.364342e+03 1.335815e+03
4.5 1.368288e+03 1.337678e+03 1.364040e+03 1.394650e+03
5.5 1.345404e+03 1.343968e+03 1.364047e+03 1.365483e+03
6.5 1.397109e+03 1.346601e+03 1.364052e+03 1.414560e+03
7.5 1.312592e+03 1.351918e+03 1.364057e+03 1.324731e+03
0.2 1.413959e+03 1.345960e+03 1.366925e+03 1.434924e+03
1.2 1.398040e+03 1.371068e+03 1.376504e+03 1.403475e+03
2.2 1.413891e+03 1.371547e+03 1.376508e+03 1.418853e+03
3.2 1.317932e+03 1.347674e+03 1.367557e+03 1.337815e+03
4.2 1.352049e+03 1.346669e+03 1.364165e+03 1.369544e+03
5.2 1.334268e+03 1.347120e+03 1.364170e+03 1.351317e+03
6.2 1.325272e+03 1.358988e+03 1.364176e+03 1.330460e+03
7.2 1.407989e+03 1.371468e+03 1.364182e+03 1.400702e+03
