0.5 1.359382e+03 1.367970e+03 1.356917e+03 1.348329e+03
1.5 1.382121e+03 1.372338e+03 1.356787e+03 1.366570e+03
2.5 1.373882e+03 1.372392e+03 1.356662e+03 1.358153e+03
3.5 1.450941e+03 1.395466e+03 1.387585e+03 1.443060e+03
4.5 1.410153e+03 1.408106e+03 1.388266e+03 1.390313e+03
5.5 1.391328e+03 1.385785e+03 1.373033e+03 1.378576e+03
6.5 1.337357e+03 1.345070e+03 1.356214e+03 1.348501e+03
7.5 1.298573e+03 1.327737e+03 1.356121e+03 1.326956e+03
0.5 1.335494e+03 1.337076e+03 1.355828e+03 1.354246e+03
1.5 1.245225e+03 1.351854e+03 1.355759e+03 1.249130e+03
2.5 1.311671e+03 1.352375e+03 1.355696e+03 1.314992e+03
3.5 1.425403e+03 1.375615e+03 1.386682e+03 1.436469e+03
4.5 1.377925e+03 1.389649e+03 1.387428e+03 1.375704e+03
5.5 1.408750e+03 1.385869e+03 1.372269e+03 1.395150e+03
6.5 1.414729e+03 1.353404e+03 1.355524e+03 1.416849e+03
7.5 1.441534e+03 1.331692e+03 1.355496e+03 1.465339e+03
0.5 1.441534e+03 1.331692e+03 1.355496e+03 1.465339e+03
1.5 1.362288e+03 1.351454e+03 1.355475e+03 1.366309e+03
2.5 1.370718e+03 1.352384e+03 1.355461e+03 1.373795e+03
3.5 1.424529e+03 1.375637e+03 1.386492e+03 1.435384e+03
4.5 1.362196e+03 1.380726e+03 1.387281e+03 1.368751e+03
5.5 1.364104e+03 1.373556e+03 1.372156e+03 1.362705e+03
6.5 1.362202e+03 1.348534e+03 1.355446e+03 1.369113e+03
7.5 1.418609e+03 1.360597e+03 1.355456e+03 1.413468e+03
1.0 1.316362e+03 1.351813e+03 1.355552e+03 1.320102e+03
2.0 1.279356e+03 1.352767e+03 1.355590e+03 1.282179e+03
3.0 1.310921e+03 1.364055e+03 1.370755e+03 1.317620e+03
4.0 1.368899e+03 1.387840e+03 1.387516e+03 1.368574e+03
5.0 1.439605e+03 1.404730e+03 1.387567e+03 1.422442e+03
6.0 1.416220e+03 1.358290e+03 1.356580e+03 1.414509e+03
7.0 1.344549e+03 1.374293e+03 1.378925e+03 1.349181e+03
8.0 1.421214e+03 1.388386e+03 1.387743e+03 1.420570e+03
0.2 1.368899e+03 1.387840e+03 1.387516e+03 1.368574e+03
1.2 1.439605e+03 1.404730e+03 1.387567e+03 1.422442e+03
2.2 1.416220e+03 1.358290e+03 1.356580e+03 1.414509e+03
3.2 1.344549e+03 1.374293e+03 1.378925e+03 1.349181e+03
4.2 1.421214e+03 1.388386e+03 1.387743e+03 1.420570e+03
5.2 1.333943e+03 1.386047e+03 1.380645e+03 1.328541e+03
6.2 1.373675e+03 1.353057e+03 1.356039e+03 1.376657e+03
7.2 1.331506e+03 1.357439e+03 1.356111e+03 1.330178e+03
0.5 1.373675e+03 1.353057e+03 1.356039e+03 1.376657e+03
1.5 1.331506e+03 1.357439e+03 1.356111e+03 1.330178e+03
2.5 1.344726e+03 1.369007e+03 1.356182e+03 1.331901e+03
3.5 1.466389e+03 1.396488e+03 1.387296e+03 1.457197e+03
4.5 1.382572e+03 1.405154e+03 1.388166e+03 1.365584e+03
5.5 1.344776e+03 1.382792e+03 1.373121e+03 1.335105e+03
6.5 1.334702e+03 1.369074e+03 1.371608e+03 1.337235e+03
7.5 1.307393e+03 1.381575e+03 1.388403e+03 1.314220e+03
1.0 1.382572e+03 1.405154e+03 1.388166e+03 1.365584e+03
2.0 1.344776e+03 1.382792e+03 1.373121e+03 1.335105e+03
3.0 1.334702e+03 1.369074e+03 1.371608e+03 1.337235e+03
4.0 1.307393e+03 1.381575e+03 1.388403e+03 1.314220e+03
5.0 1.394087e+03 1.397121e+03 1.388483e+03 1.385449e+03
6.0 1.272379e+03 1.353894e+03 1.357521e+03 1.276007e+03
7.0 1.350968e+03 1.362374e+03 1.356806e+03 1.345401e+03
8.0 1.389692e+03 1.369999e+03 1.356886e+03 1.376579e+03
0.8 1.372093e+03 1.373375e+03 1.357923e+03 1.356641e+03
1.8 1.384587e+03 1.375693e+03 1.357956e+03 1.366850e+03
2.8 1.381431e+03 1.381077e+03 1.365154e+03 1.365508e+03
3.8 1.329064e+03 1.399454e+03 1.389854e+03 1.319464e+03
4.8 1.381214e+03 1.399507e+03 1.389877e+03 1.371584e+03
5.8 1.367237e+03 1.364985e+03 1.366815e+03 1.369067e+03
6.8 1.342441e+03 1.357790e+03 1.358076e+03 1.342727e+03
7.8 1.395811e+03 1.367887e+03 1.358088e+03 1.386012e+03
0.8 1.344913e+03 1.352825e+03 1.358110e+03 1.350197e+03
1.8 1.349907e+03 1.356317e+03 1.358104e+03 1.351695e+03
2.8 1.307849e+03 1.361670e+03 1.365257e+03 1.311436e+03
3.8 1.316054e+03 1.389479e+03 1.389914e+03 1.316490e+03
4.8 1.375651e+03 1.402746e+03 1.389893e+03 1.362799e+03
5.8 1.277051e+03 1.377751e+03 1.366788e+03 1.266087e+03
6.8 1.382881e+03 1.364643e+03 1.358011e+03 1.376250e+03
7.8 1.314691e+03 1.344250e+03 1.357988e+03 1.328429e+03
0.5 1.322485e+03 1.351341e+03 1.357963e+03 1.329108e+03
1.5 1.342672e+03 1.355810e+03 1.357936e+03 1.344799e+03
2.5 1.332777e+03 1.356375e+03 1.357912e+03 1.334314e+03
3.5 1.297516e+03 1.381265e+03 1.388928e+03 1.305179e+03
4.5 1.398018e+03 1.402680e+03 1.389692e+03 1.385031e+03
5.5 1.333218e+03 1.385502e+03 1.374533e+03 1.322249e+03
6.5 1.391712e+03 1.377573e+03 1.380858e+03 1.394997e+03
7.5 1.427859e+03 1.384041e+03 1.389567e+03 1.433385e+03
0.3 1.297516e+03 1.381265e+03 1.388928e+03 1.305179e+03
1.3 1.398018e+03 1.402680e+03 1.389692e+03 1.385031e+03
2.3 1.333218e+03 1.385502e+03 1.374533e+03 1.322249e+03
3.3 1.391712e+03 1.377573e+03 1.380858e+03 1.394997e+03
4.3 1.427859e+03 1.384041e+03 1.389567e+03 1.433385e+03
5.3 1.455886e+03 1.388730e+03 1.382356e+03 1.449513e+03
6.3 1.325308e+03 1.352138e+03 1.357640e+03 1.330810e+03
7.3 1.302629e+03 1.352100e+03 1.357591e+03 1.308120e+03
0.3 1.374850e+03 1.348015e+03 1.356626e+03 1.383461e+03
1.3 1.333077e+03 1.354602e+03 1.356540e+03 1.335014e+03
2.3 1.349970e+03 1.354852e+03 1.356443e+03 1.351562e+03
3.3 1.359145e+03 1.371849e+03 1.379426e+03 1.366723e+03
4.3 1.288068e+03 1.403545e+03 1.388085e+03 1.272608e+03
5.3 1.454992e+03 1.399663e+03 1.380827e+03 1.436157e+03
6.3 1.458550e+03 1.362560e+03 1.356052e+03 1.452043e+03
7.3 1.295573e+03 1.330182e+03 1.355947e+03 1.321338e+03
1.0 1.350891e+03 1.351862e+03 1.355409e+03 1.354438e+03
2.0 1.381362e+03 1.352554e+03 1.355299e+03 1.384107e+03
3.0 1.375562e+03 1.364165e+03 1.370312e+03 1.381709e+03
4.0 1.347843e+03 1.376385e+03 1.386915e+03 1.358373e+03
5.0 1.457704e+03 1.398662e+03 1.386800e+03 1.445842e+03
6.0 1.354051e+03 1.357665e+03 1.355643e+03 1.352028e+03
7.0 1.374852e+03 1.367512e+03 1.369861e+03 1.377200e+03
8.0 1.326131e+03 1.396216e+03 1.386462e+03 1.316377e+03
1.0 1.457704e+03 1.398662e+03 1.386800e+03 1.445842e+03
2.0 1.354051e+03 1.357665e+03 1.355643e+03 1.352028e+03
3.0 1.374852e+03 1.367512e+03 1.369861e+03 1.377200e+03
4.0 1.326131e+03 1.396216e+03 1.386462e+03 1.316377e+03
5.0 1.406453e+03 1.407739e+03 1.386349e+03 1.385063e+03
6.0 1.278826e+03 1.353613e+03 1.355198e+03 1.280410e+03
7.0 1.322768e+03 1.326621e+03 1.354297e+03 1.350443e+03
8.0 1.321683e+03 1.333963e+03 1.354193e+03 1.341913e+03
0.2 1.333807e+03 1.344476e+03 1.353993e+03 1.343325e+03
1.2 1.364905e+03 1.355140e+03 1.353897e+03 1.363661e+03
2.2 1.368992e+03 1.370431e+03 1.353803e+03 1.352363e+03
3.2 1.356396e+03 1.387390e+03 1.376795e+03 1.345801e+03
4.2 1.526994e+03 1.397610e+03 1.385459e+03 1.514844e+03
5.2 1.425037e+03 1.391015e+03 1.378205e+03 1.412227e+03
6.2 1.404895e+03 1.353887e+03 1.353442e+03 1.404451e+03
7.2 1.415932e+03 1.378619e+03 1.384406e+03 1.421719e+03
0.5 1.526994e+03 1.397610e+03 1.385459e+03 1.514844e+03
1.5 1.425037e+03 1.391015e+03 1.378205e+03 1.412227e+03
2.5 1.404895e+03 1.353887e+03 1.353442e+03 1.404451e+03
3.5 1.415932e+03 1.378619e+03 1.384406e+03 1.421719e+03
4.5 1.419981e+03 1.396905e+03 1.385130e+03 1.408206e+03
5.5 1.456662e+03 1.378463e+03 1.369938e+03 1.448137e+03
6.5 1.425718e+03 1.370410e+03 1.376236e+03 1.431544e+03
7.5 1.443048e+03 1.376760e+03 1.384923e+03 1.451212e+03
0.2 1.415932e+03 1.378619e+03 1.384406e+03 1.421719e+03
1.2 1.419981e+03 1.396905e+03 1.385130e+03 1.408206e+03
2.2 1.456662e+03 1.378463e+03 1.369938e+03 1.448137e+03
3.2 1.425718e+03 1.370410e+03 1.376236e+03 1.431544e+03
4.2 1.443048e+03 1.376760e+03 1.384923e+03 1.451212e+03
5.2 1.419461e+03 1.381337e+03 1.377691e+03 1.415814e+03
6.2 1.292849e+03 1.346483e+03 1.352953e+03 1.299319e+03
7.2 1.351621e+03 1.352702e+03 1.352892e+03 1.351811e+03
0.2 1.292849e+03 1.346483e+03 1.352953e+03 1.299319e+03
1.2 1.351621e+03 1.352702e+03 1.352892e+03 1.351811e+03
2.2 1.330019e+03 1.364062e+03 1.352836e+03 1.318792e+03
3.2 1.339426e+03 1.385433e+03 1.375865e+03 1.329858e+03
4.2 1.361343e+03 1.391811e+03 1.384570e+03 1.354103e+03
5.2 1.328523e+03 1.382807e+03 1.377360e+03 1.323075e+03
6.2 1.344165e+03 1.352096e+03 1.352641e+03 1.344710e+03
7.2 1.354910e+03 1.351993e+03 1.352601e+03 1.355518e+03
0.2 1.328523e+03 1.382807e+03 1.377360e+03 1.323075e+03
1.2 1.344165e+03 1.352096e+03 1.352641e+03 1.344710e+03
2.2 1.354910e+03 1.351993e+03 1.352601e+03 1.355518e+03
3.2 1.320582e+03 1.380523e+03 1.375647e+03 1.315705e+03
4.2 1.390976e+03 1.391293e+03 1.384372e+03 1.384054e+03
5.2 1.423947e+03 1.380482e+03 1.377180e+03 1.420646e+03
6.2 1.254758e+03 1.352399e+03 1.352476e+03 1.254835e+03
7.2 1.367382e+03 1.355717e+03 1.352448e+03 1.364112e+03
0.2 1.498828e+03 1.340616e+03 1.352358e+03 1.510570e+03
1.2 1.444938e+03 1.347119e+03 1.352346e+03 1.450165e+03
2.2 1.407182e+03 1.351563e+03 1.352335e+03 1.407953e+03
3.2 1.427396e+03 1.384125e+03 1.375405e+03 1.418676e+03
4.2 1.377543e+03 1.396526e+03 1.384151e+03 1.365169e+03
5.2 1.416831e+03 1.388011e+03 1.376981e+03 1.405801e+03
6.2 1.264661e+03 1.356334e+03 1.359463e+03 1.267790e+03
7.2 1.375497e+03 1.374612e+03 1.384128e+03 1.385013e+03
0.7 1.377543e+03 1.396526e+03 1.384151e+03 1.365169e+03
1.7 1.416831e+03 1.388011e+03 1.376981e+03 1.405801e+03
2.7 1.264661e+03 1.356334e+03 1.359463e+03 1.267790e+03
3.7 1.375497e+03 1.374612e+03 1.384128e+03 1.385013e+03
4.7 1.403526e+03 1.389963e+03 1.384120e+03 1.397684e+03
5.7 1.400038e+03 1.364024e+03 1.361032e+03 1.397046e+03
6.7 1.400958e+03 1.350883e+03 1.352272e+03 1.402347e+03
7.7 1.430828e+03 1.377468e+03 1.383310e+03 1.436671e+03
0.5 1.403526e+03 1.389963e+03 1.384120e+03 1.397684e+03
1.5 1.400038e+03 1.364024e+03 1.361032e+03 1.397046e+03
2.5 1.400958e+03 1.350883e+03 1.352272e+03 1.402347e+03
3.5 1.430828e+03 1.377468e+03 1.383310e+03 1.436671e+03
4.5 1.425766e+03 1.390317e+03 1.384104e+03 1.419553e+03
5.5 1.472154e+03 1.367644e+03 1.368981e+03 1.473491e+03
6.5 1.400476e+03 1.342588e+03 1.352266e+03 1.410154e+03
7.5 1.348767e+03 1.348436e+03 1.352268e+03 1.352599e+03
0.7 1.345404e+03 1.343968e+03 1.352297e+03 1.353733e+03
1.7 1.397109e+03 1.346601e+03 1.352307e+03 1.402814e+03
2.7 1.312592e+03 1.351918e+03 1.359482e+03 1.320155e+03
3.7 1.488600e+03 1.389703e+03 1.384169e+03 1.483067e+03
4.7 1.363589e+03 1.396152e+03 1.384184e+03 1.351621e+03
5.7 1.368505e+03 1.363840e+03 1.361119e+03 1.365784e+03
6.7 1.392804e+03 1.356055e+03 1.359547e+03 1.396296e+03
7.7 1.406877e+03 1.377951e+03 1.384242e+03 1.413168e+03
0.7 1.363589e+03 1.396152e+03 1.384184e+03 1.351621e+03
1.7 1.368505e+03 1.363840e+03 1.361119e+03 1.365784e+03
2.7 1.392804e+03 1.356055e+03 1.359547e+03 1.396296e+03
3.7 1.406877e+03 1.377951e+03 1.384242e+03 1.413168e+03
4.7 1.311648e+03 1.394142e+03 1.384264e+03 1.301770e+03
5.7 1.313254e+03 1.363889e+03 1.361206e+03 1.310571e+03
6.7 1.395892e+03 1.350793e+03 1.352477e+03 1.397577e+03
7.7 1.399097e+03 1.377426e+03 1.383549e+03 1.405220e+03
0.5 1.311648e+03 1.394142e+03 1.384264e+03 1.301770e+03
1.5 1.313254e+03 1.363889e+03 1.361206e+03 1.310571e+03
2.5 1.395892e+03 1.350793e+03 1.352477e+03 1.397577e+03
3.5 1.399097e+03 1.377426e+03 1.383549e+03 1.405220e+03
4.5 1.372381e+03 1.390324e+03 1.384377e+03 1.366434e+03
5.5 1.339849e+03 1.367701e+03 1.369290e+03 1.341438e+03
6.5 1.246368e+03 1.350693e+03 1.352614e+03 1.248289e+03
7.5 1.345274e+03 1.350933e+03 1.352656e+03 1.346997e+03
1.0 1.246368e+03 1.350693e+03 1.352614e+03 1.248289e+03
2.0 1.345274e+03 1.350933e+03 1.352656e+03 1.346997e+03
3.0 1.413085e+03 1.377650e+03 1.367823e+03 1.403258e+03
4.0 1.429873e+03 1.394391e+03 1.384583e+03 1.420065e+03
5.0 1.420409e+03 1.398735e+03 1.384632e+03 1.406305e+03
6.0 1.365098e+03 1.352288e+03 1.353645e+03 1.366456e+03
7.0 1.337073e+03 1.374191e+03 1.383949e+03 1.346831e+03
8.0 1.357984e+03 1.382358e+03 1.384803e+03 1.360429e+03
0.5 1.429873e+03 1.394391e+03 1.384583e+03 1.420065e+03
1.5 1.420409e+03 1.398735e+03 1.384632e+03 1.406305e+03
2.5 1.365098e+03 1.352288e+03 1.353645e+03 1.366456e+03
3.5 1.337073e+03 1.374191e+03 1.383949e+03 1.346831e+03
4.5 1.357984e+03 1.382358e+03 1.384803e+03 1.360429e+03
5.5 1.302588e+03 1.368075e+03 1.369741e+03 1.304254e+03
6.5 1.388122e+03 1.343103e+03 1.353099e+03 1.398117e+03
7.5 1.413959e+03 1.345960e+03 1.353177e+03 1.421175e+03
1.0 1.352049e+03 1.346669e+03 1.353539e+03 1.358918e+03
2.0 1.334268e+03 1.347120e+03 1.353642e+03 1.340789e+03
3.0 1.325272e+03 1.358988e+03 1.368860e+03 1.335144e+03
4.0 1.407989e+03 1.371468e+03 1.385668e+03 1.422188e+03
5.0 1.356578e+03 1.386020e+03 1.385770e+03 1.356329e+03
6.0 1.328539e+03 1.345122e+03 1.354853e+03 1.338269e+03
7.0 1.335472e+03 1.344021e+03 1.354161e+03 1.345611e+03
8.0 1.288474e+03 1.357571e+03 1.354267e+03 1.285170e+03
0.7 1.288474e+03 1.357571e+03 1.354267e+03 1.285170e+03
1.7 1.403190e+03 1.368243e+03 1.354391e+03 1.389338e+03
2.7 1.484571e+03 1.373666e+03 1.361677e+03 1.472581e+03
