0.5 1.031408e+04 1.034607e+04 1.037320e+04 1.034121e+04
1.5 1.033175e+04 1.031350e+04 1.037388e+04 1.039214e+04
2.5 1.031050e+04 1.036058e+04 1.037451e+04 1.032443e+04
3.5 1.037533e+04 1.040071e+04 1.037507e+04 1.034970e+04
4.5 1.040474e+04 1.041180e+04 1.037559e+04 1.036853e+04
5.5 1.035014e+04 1.037898e+04 1.037230e+04 1.034346e+04
6.5 1.036612e+04 1.036956e+04 1.036437e+04 1.036093e+04
7.5 1.036607e+04 1.036102e+04 1.035890e+04 1.036395e+04
8.5 1.036655e+04 1.035964e+04 1.035882e+04 1.036573e+04
0.2 1.031050e+04 1.036058e+04 1.037451e+04 1.032443e+04
1.2 1.037533e+04 1.040071e+04 1.037507e+04 1.034970e+04
2.2 1.040474e+04 1.041180e+04 1.037559e+04 1.036853e+04
3.2 1.035014e+04 1.037898e+04 1.037230e+04 1.034346e+04
4.2 1.036612e+04 1.036956e+04 1.036437e+04 1.036093e+04
5.2 1.036607e+04 1.036102e+04 1.035890e+04 1.036395e+04
6.2 1.036655e+04 1.035964e+04 1.035882e+04 1.036573e+04
7.2 1.035888e+04 1.035320e+04 1.036037e+04 1.036605e+04
8.2 1.034587e+04 1.035790e+04 1.035937e+04 1.034734e+04
0.9 1.035014e+04 1.037898e+04 1.037230e+04 1.034346e+04
1.9 1.036612e+04 1.036956e+04 1.036437e+04 1.036093e+04
2.9 1.036607e+04 1.036102e+04 1.035890e+04 1.036395e+04
3.9 1.036655e+04 1.035964e+04 1.035882e+04 1.036573e+04
4.9 1.035888e+04 1.035320e+04 1.036037e+04 1.036605e+04
5.9 1.034587e+04 1.035790e+04 1.035937e+04 1.034734e+04
6.9 1.036620e+04 1.036146e+04 1.035959e+04 1.036433e+04
7.9 1.032867e+04 1.035641e+04 1.035978e+04 1.033203e+04
8.9 1.030144e+04 1.035576e+04 1.035993e+04 1.030561e+04
0.6 1.036607e+04 1.036102e+04 1.035890e+04 1.036395e+04
1.6 1.036655e+04 1.035964e+04 1.035882e+04 1.036573e+04
2.6 1.035888e+04 1.035320e+04 1.036037e+04 1.036605e+04
3.6 1.034587e+04 1.035790e+04 1.035937e+04 1.034734e+04
4.6 1.036620e+04 1.036146e+04 1.035959e+04 1.036433e+04
5.6 1.032867e+04 1.035641e+04 1.035978e+04 1.033203e+04
6.6 1.030144e+04 1.035576e+04 1.035993e+04 1.030561e+04
7.6 1.036358e+04 1.035519e+04 1.036006e+04 1.036846e+04
8.6 1.038600e+04 1.035466e+04 1.036016e+04 1.039150e+04
0.3 1.035888e+04 1.035320e+04 1.036037e+04 1.036605e+04
1.3 1.034587e+04 1.035790e+04 1.035937e+04 1.034734e+04
2.3 1.036620e+04 1.036146e+04 1.035959e+04 1.036433e+04
3.3 1.032867e+04 1.035641e+04 1.035978e+04 1.033203e+04
4.3 1.030144e+04 1.035576e+04 1.035993e+04 1.030561e+04
5.3 1.036358e+04 1.035519e+04 1.036006e+04 1.036846e+04
6.3 1.038600e+04 1.035466e+04 1.036016e+04 1.039150e+04
7.3 1.040251e+04 1.035360e+04 1.036191e+04 1.041082e+04
8.3 1.038351e+04 1.035377e+04 1.036030e+04 1.039004e+04
1.0 1.032867e+04 1.035641e+04 1.035978e+04 1.033203e+04
2.0 1.030144e+04 1.035576e+04 1.035993e+04 1.030561e+04
3.0 1.036358e+04 1.035519e+04 1.036006e+04 1.036846e+04
4.0 1.038600e+04 1.035466e+04 1.036016e+04 1.039150e+04
5.0 1.040251e+04 1.035360e+04 1.036191e+04 1.041082e+04
6.0 1.038351e+04 1.035377e+04 1.036030e+04 1.039004e+04
7.0 1.037971e+04 1.035329e+04 1.036035e+04 1.038678e+04
8.0 1.040589e+04 1.038854e+04 1.036039e+04 1.037774e+04
9.0 1.043904e+04 1.042155e+04 1.036041e+04 1.037790e+04
0.7 1.036358e+04 1.035519e+04 1.036006e+04 1.036846e+04
1.7 1.038600e+04 1.035466e+04 1.036016e+04 1.039150e+04
2.7 1.040251e+04 1.035360e+04 1.036191e+04 1.041082e+04
3.7 1.038351e+04 1.035377e+04 1.036030e+04 1.039004e+04
4.7 1.037971e+04 1.035329e+04 1.036035e+04 1.038678e+04
5.7 1.040589e+04 1.038854e+04 1.036039e+04 1.037774e+04
6.7 1.043904e+04 1.042155e+04 1.036041e+04 1.037790e+04
7.7 1.048908e+04 1.044535e+04 1.036043e+04 1.040415e+04
8.7 1.047075e+04 1.046587e+04 1.036044e+04 1.036531e+04
0.4 1.040251e+04 1.035360e+04 1.036191e+04 1.041082e+04
1.4 1.038351e+04 1.035377e+04 1.036030e+04 1.039004e+04
2.4 1.037971e+04 1.035329e+04 1.036035e+04 1.038678e+04
3.4 1.040589e+04 1.038854e+04 1.036039e+04 1.037774e+04
4.4 1.043904e+04 1.042155e+04 1.036041e+04 1.037790e+04
5.4 1.048908e+04 1.044535e+04 1.036043e+04 1.040415e+04
6.4 1.047075e+04 1.046587e+04 1.036044e+04 1.036531e+04
7.4 1.035583e+04 1.043072e+04 1.036211e+04 1.028722e+04
8.4 1.037309e+04 1.036532e+04 1.036921e+04 1.037698e+04
0.5 1.033363e+04 1.032816e+04 1.037880e+04 1.038426e+04
1.5 1.035141e+04 1.029698e+04 1.037880e+04 1.043323e+04
2.5 1.033822e+04 1.034533e+04 1.037881e+04 1.037170e+04
3.5 1.043913e+04 1.038859e+04 1.037881e+04 1.042935e+04
4.5 1.040931e+04 1.040160e+04 1.037882e+04 1.038653e+04
5.5 1.040900e+04 1.036845e+04 1.037486e+04 1.041541e+04
6.5 1.044461e+04 1.036002e+04 1.036653e+04 1.045111e+04
7.5 1.042650e+04 1.035052e+04 1.036070e+04 1.043667e+04
8.5 1.041635e+04 1.035029e+04 1.036050e+04 1.042656e+04
0.2 1.033822e+04 1.034533e+04 1.037881e+04 1.037170e+04
1.2 1.043913e+04 1.038859e+04 1.037881e+04 1.042935e+04
2.2 1.040931e+04 1.040160e+04 1.037882e+04 1.038653e+04
3.2 1.040900e+04 1.036845e+04 1.037486e+04 1.041541e+04
4.2 1.044461e+04 1.036002e+04 1.036653e+04 1.045111e+04
5.2 1.042650e+04 1.035052e+04 1.036070e+04 1.043667e+04
6.2 1.041635e+04 1.035029e+04 1.036050e+04 1.042656e+04
7.2 1.036148e+04 1.034524e+04 1.036196e+04 1.037820e+04
8.2 1.034431e+04 1.035076e+04 1.036072e+04 1.035427e+04
0.9 1.040900e+04 1.036845e+04 1.037486e+04 1.041541e+04
1.9 1.044461e+04 1.036002e+04 1.036653e+04 1.045111e+04
2.9 1.042650e+04 1.035052e+04 1.036070e+04 1.043667e+04
3.9 1.041635e+04 1.035029e+04 1.036050e+04 1.042656e+04
4.9 1.036148e+04 1.034524e+04 1.036196e+04 1.037820e+04
5.9 1.034431e+04 1.035076e+04 1.036072e+04 1.035427e+04
6.9 1.038017e+04 1.035589e+04 1.036072e+04 1.038500e+04
7.9 1.035695e+04 1.035412e+04 1.036052e+04 1.036334e+04
8.9 1.030886e+04 1.035410e+04 1.036052e+04 1.031528e+04
0.6 1.042650e+04 1.035052e+04 1.036070e+04 1.043667e+04
1.6 1.041635e+04 1.035029e+04 1.036050e+04 1.042656e+04
2.6 1.036148e+04 1.034524e+04 1.036196e+04 1.037820e+04
3.6 1.034431e+04 1.035076e+04 1.036072e+04 1.035427e+04
4.6 1.038017e+04 1.035589e+04 1.036072e+04 1.038500e+04
5.6 1.035695e+04 1.035412e+04 1.036052e+04 1.036334e+04
6.6 1.030886e+04 1.035410e+04 1.036052e+04 1.031528e+04
7.6 1.037924e+04 1.034882e+04 1.036031e+04 1.039073e+04
8.6 1.034619e+04 1.034878e+04 1.036030e+04 1.035771e+04
0.3 1.036148e+04 1.034524e+04 1.036196e+04 1.037820e+04
1.3 1.034431e+04 1.035076e+04 1.036072e+04 1.035427e+04
2.3 1.038017e+04 1.035589e+04 1.036072e+04 1.038500e+04
3.3 1.035695e+04 1.035412e+04 1.036052e+04 1.036334e+04
4.3 1.030886e+04 1.035410e+04 1.036052e+04 1.031528e+04
5.3 1.037924e+04 1.034882e+04 1.036031e+04 1.039073e+04
6.3 1.034619e+04 1.034878e+04 1.036030e+04 1.035771e+04
7.3 1.032208e+04 1.034950e+04 1.036217e+04 1.033476e+04
8.3 1.030480e+04 1.035161e+04 1.036092e+04 1.031411e+04
0.9 1.035695e+04 1.035412e+04 1.036052e+04 1.036334e+04
1.9 1.030886e+04 1.035410e+04 1.036052e+04 1.031528e+04
2.9 1.037924e+04 1.034882e+04 1.036031e+04 1.039073e+04
3.9 1.034619e+04 1.034878e+04 1.036030e+04 1.035771e+04
4.9 1.032208e+04 1.034950e+04 1.036217e+04 1.033476e+04
5.9 1.030480e+04 1.035161e+04 1.036092e+04 1.031411e+04
6.9 1.033337e+04 1.035259e+04 1.036092e+04 1.034170e+04
7.9 1.040054e+04 1.038577e+04 1.036050e+04 1.037526e+04
8.9 1.038325e+04 1.041907e+04 1.036049e+04 1.032468e+04
0.7 1.037924e+04 1.034882e+04 1.036031e+04 1.039073e+04
1.7 1.034619e+04 1.034878e+04 1.036030e+04 1.035771e+04
2.7 1.032208e+04 1.034950e+04 1.036217e+04 1.033476e+04
3.7 1.030480e+04 1.035161e+04 1.036092e+04 1.031411e+04
4.7 1.033337e+04 1.035259e+04 1.036092e+04 1.034170e+04
5.7 1.040054e+04 1.038577e+04 1.036050e+04 1.037526e+04
6.7 1.038325e+04 1.041907e+04 1.036049e+04 1.032468e+04
7.7 1.040105e+04 1.044324e+04 1.036048e+04 1.031830e+04
8.7 1.056940e+04 1.046580e+04 1.036048e+04 1.046408e+04
0.3 1.032208e+04 1.034950e+04 1.036217e+04 1.033476e+04
1.3 1.030480e+04 1.035161e+04 1.036092e+04 1.031411e+04
2.3 1.033337e+04 1.035259e+04 1.036092e+04 1.034170e+04
3.3 1.040054e+04 1.038577e+04 1.036050e+04 1.037526e+04
4.3 1.038325e+04 1.041907e+04 1.036049e+04 1.032468e+04
5.3 1.040105e+04 1.044324e+04 1.036048e+04 1.031830e+04
6.3 1.056940e+04 1.046580e+04 1.036048e+04 1.046408e+04
7.3 1.054021e+04 1.043150e+04 1.036214e+04 1.047084e+04
8.3 1.030046e+04 1.036604e+04 1.036901e+04 1.030343e+04
0.5 1.032161e+04 1.032685e+04 1.037879e+04 1.037354e+04
1.5 1.035682e+04 1.029573e+04 1.037879e+04 1.043987e+04
2.5 1.033505e+04 1.034497e+04 1.037879e+04 1.036887e+04
3.5 1.032776e+04 1.039025e+04 1.037879e+04 1.031630e+04
4.5 1.042659e+04 1.040332e+04 1.037879e+04 1.040206e+04
5.5 1.030551e+04 1.036859e+04 1.037463e+04 1.031154e+04
6.5 1.035809e+04 1.036023e+04 1.036629e+04 1.036415e+04
7.5 1.029535e+04 1.034903e+04 1.036066e+04 1.030698e+04
8.5 1.033410e+04 1.034905e+04 1.036067e+04 1.034572e+04
0.2 1.033505e+04 1.034497e+04 1.037879e+04 1.036887e+04
1.2 1.032776e+04 1.039025e+04 1.037879e+04 1.031630e+04
2.2 1.042659e+04 1.040332e+04 1.037879e+04 1.040206e+04
3.2 1.030551e+04 1.036859e+04 1.037463e+04 1.031154e+04
4.2 1.035809e+04 1.036023e+04 1.036629e+04 1.036415e+04
5.2 1.029535e+04 1.034903e+04 1.036066e+04 1.030698e+04
6.2 1.033410e+04 1.034905e+04 1.036067e+04 1.034572e+04
7.2 1.030490e+04 1.034488e+04 1.036214e+04 1.032216e+04
8.2 1.037030e+04 1.035097e+04 1.036111e+04 1.038044e+04
0.8 1.030551e+04 1.036859e+04 1.037463e+04 1.031154e+04
1.8 1.035809e+04 1.036023e+04 1.036629e+04 1.036415e+04
2.8 1.029535e+04 1.034903e+04 1.036066e+04 1.030698e+04
3.8 1.033410e+04 1.034905e+04 1.036067e+04 1.034572e+04
4.8 1.030490e+04 1.034488e+04 1.036214e+04 1.032216e+04
5.8 1.037030e+04 1.035097e+04 1.036111e+04 1.038044e+04
6.8 1.033673e+04 1.035679e+04 1.036111e+04 1.034105e+04
7.8 1.033624e+04 1.035178e+04 1.036070e+04 1.034517e+04
8.8 1.034515e+04 1.035182e+04 1.036071e+04 1.035404e+04
0.5 1.029535e+04 1.034903e+04 1.036066e+04 1.030698e+04
1.5 1.033410e+04 1.034905e+04 1.036067e+04 1.034572e+04
2.5 1.030490e+04 1.034488e+04 1.036214e+04 1.032216e+04
3.5 1.037030e+04 1.035097e+04 1.036111e+04 1.038044e+04
4.5 1.033673e+04 1.035679e+04 1.036111e+04 1.034105e+04
5.5 1.033624e+04 1.035178e+04 1.036070e+04 1.034517e+04
6.5 1.034515e+04 1.035182e+04 1.036071e+04 1.035404e+04
7.5 1.036111e+04 1.035185e+04 1.036071e+04 1.036997e+04
8.5 1.033943e+04 1.035169e+04 1.036051e+04 1.034826e+04
0.2 1.030490e+04 1.034488e+04 1.036214e+04 1.032216e+04
1.2 1.037030e+04 1.035097e+04 1.036111e+04 1.038044e+04
2.2 1.033673e+04 1.035679e+04 1.036111e+04 1.034105e+04
3.2 1.033624e+04 1.035178e+04 1.036070e+04 1.034517e+04
4.2 1.034515e+04 1.035182e+04 1.036071e+04 1.035404e+04
5.2 1.036111e+04 1.035185e+04 1.036071e+04 1.036997e+04
6.2 1.033943e+04 1.035169e+04 1.036051e+04 1.034826e+04
7.2 1.032677e+04 1.034755e+04 1.036198e+04 1.034120e+04
8.2 1.037001e+04 1.035182e+04 1.036052e+04 1.037871e+04
0.9 1.033624e+04 1.035178e+04 1.036070e+04 1.034517e+04
1.9 1.034515e+04 1.035182e+04 1.036071e+04 1.035404e+04
2.9 1.036111e+04 1.035185e+04 1.036071e+04 1.036997e+04
3.9 1.033943e+04 1.035169e+04 1.036051e+04 1.034826e+04
4.9 1.032677e+04 1.034755e+04 1.036198e+04 1.034120e+04
5.9 1.037001e+04 1.035182e+04 1.036052e+04 1.037871e+04
6.9 1.032950e+04 1.035514e+04 1.036052e+04 1.033488e+04
7.9 1.036468e+04 1.038496e+04 1.036052e+04 1.034024e+04
8.9 1.039099e+04 1.041846e+04 1.036051e+04 1.033305e+04
0.6 1.036111e+04 1.035185e+04 1.036071e+04 1.036997e+04
1.6 1.033943e+04 1.035169e+04 1.036051e+04 1.034826e+04
2.6 1.032677e+04 1.034755e+04 1.036198e+04 1.034120e+04
3.6 1.037001e+04 1.035182e+04 1.036052e+04 1.037871e+04
4.6 1.032950e+04 1.035514e+04 1.036052e+04 1.033488e+04
5.6 1.036468e+04 1.038496e+04 1.036052e+04 1.034024e+04
6.6 1.039099e+04 1.041846e+04 1.036051e+04 1.033305e+04
7.6 1.040387e+04 1.044305e+04 1.036051e+04 1.032133e+04
8.6 1.053054e+04 1.046949e+04 1.036052e+04 1.042157e+04
0.3 1.032677e+04 1.034755e+04 1.036198e+04 1.034120e+04
1.3 1.037001e+04 1.035182e+04 1.036052e+04 1.037871e+04
2.3 1.032950e+04 1.035514e+04 1.036052e+04 1.033488e+04
3.3 1.036468e+04 1.038496e+04 1.036052e+04 1.034024e+04
4.3 1.039099e+04 1.041846e+04 1.036051e+04 1.033305e+04
5.3 1.040387e+04 1.044305e+04 1.036051e+04 1.032133e+04
6.3 1.053054e+04 1.046949e+04 1.036052e+04 1.042157e+04
7.3 1.034580e+04 1.043677e+04 1.036219e+04 1.027122e+04
8.3 1.033545e+04 1.037116e+04 1.036866e+04 1.033295e+04
0.5 1.029101e+04 1.033020e+04 1.037900e+04 1.033981e+04
1.5 1.032511e+04 1.029953e+04 1.037906e+04 1.040464e+04
2.5 1.034585e+04 1.034844e+04 1.037914e+04 1.037655e+04
3.5 1.038610e+04 1.039426e+04 1.037923e+04 1.037107e+04
4.5 1.042134e+04 1.040874e+04 1.037935e+04 1.039195e+04
5.5 1.040122e+04 1.037412e+04 1.037531e+04 1.040241e+04
6.5 1.037326e+04 1.036642e+04 1.036713e+04 1.037397e+04
7.5 1.034624e+04 1.035850e+04 1.036147e+04 1.034921e+04
8.5 1.029824e+04 1.035926e+04 1.036169e+04 1.030067e+04
0.2 1.034585e+04 1.034844e+04 1.037914e+04 1.037655e+04
1.2 1.038610e+04 1.039426e+04 1.037923e+04 1.037107e+04
2.2 1.042134e+04 1.040874e+04 1.037935e+04 1.039195e+04
3.2 1.040122e+04 1.037412e+04 1.037531e+04 1.040241e+04
4.2 1.037326e+04 1.036642e+04 1.036713e+04 1.037397e+04
5.2 1.034624e+04 1.035850e+04 1.036147e+04 1.034921e+04
6.2 1.029824e+04 1.035926e+04 1.036169e+04 1.030067e+04
7.2 1.031045e+04 1.035522e+04 1.036360e+04 1.031883e+04
8.2 1.036131e+04 1.036021e+04 1.036242e+04 1.036352e+04
0.9 1.040122e+04 1.037412e+04 1.037531e+04 1.040241e+04
1.9 1.037326e+04 1.036642e+04 1.036713e+04 1.037397e+04
2.9 1.034624e+04 1.035850e+04 1.036147e+04 1.034921e+04
3.9 1.029824e+04 1.035926e+04 1.036169e+04 1.030067e+04
4.9 1.031045e+04 1.035522e+04 1.036360e+04 1.031883e+04
5.9 1.036131e+04 1.036021e+04 1.036242e+04 1.036352e+04
6.9 1.040745e+04 1.036533e+04 1.036272e+04 1.040485e+04
7.9 1.041559e+04 1.036375e+04 1.036307e+04 1.041491e+04
8.9 1.034757e+04 1.036457e+04 1.036344e+04 1.034644e+04
0.6 1.034624e+04 1.035850e+04 1.036147e+04 1.034921e+04
1.6 1.029824e+04 1.035926e+04 1.036169e+04 1.030067e+04
2.6 1.031045e+04 1.035522e+04 1.036360e+04 1.031883e+04
3.6 1.036131e+04 1.036021e+04 1.036242e+04 1.036352e+04
4.6 1.040745e+04 1.036533e+04 1.036272e+04 1.040485e+04
5.6 1.041559e+04 1.036375e+04 1.036307e+04 1.041491e+04
6.6 1.034757e+04 1.036457e+04 1.036344e+04 1.034644e+04
7.6 1.036483e+04 1.036331e+04 1.036363e+04 1.036515e+04
8.6 1.040860e+04 1.036426e+04 1.036406e+04 1.040841e+04
0.3 1.031045e+04 1.035522e+04 1.036360e+04 1.031883e+04
1.3 1.036131e+04 1.036021e+04 1.036242e+04 1.036352e+04
2.3 1.040745e+04 1.036533e+04 1.036272e+04 1.040485e+04
3.3 1.041559e+04 1.036375e+04 1.036307e+04 1.041491e+04
4.3 1.034757e+04 1.036457e+04 1.036344e+04 1.034644e+04
5.3 1.036483e+04 1.036331e+04 1.036363e+04 1.036515e+04
6.3 1.040860e+04 1.036426e+04 1.036406e+04 1.040841e+04
7.3 1.033094e+04 1.036627e+04 1.036618e+04 1.033085e+04
8.3 1.035778e+04 1.036917e+04 1.036521e+04 1.035382e+04
1.0 1.041559e+04 1.036375e+04 1.036307e+04 1.041491e+04
2.0 1.034757e+04 1.036457e+04 1.036344e+04 1.034644e+04
3.0 1.036483e+04 1.036331e+04 1.036363e+04 1.036515e+04
4.0 1.040860e+04 1.036426e+04 1.036406e+04 1.040841e+04
5.0 1.033094e+04 1.036627e+04 1.036618e+04 1.033085e+04
6.0 1.035778e+04 1.036917e+04 1.036521e+04 1.035382e+04
0.6 1.036483e+04 1.036331e+04 1.036363e+04 1.036515e+04
1.6 1.040860e+04 1.036426e+04 1.036406e+04 1.040841e+04
2.6 1.033094e+04 1.036627e+04 1.036618e+04 1.033085e+04
3.6 1.035778e+04 1.036917e+04 1.036521e+04 1.035382e+04
0.3 1.033094e+04 1.036627e+04 1.036618e+04 1.033085e+04
1.3 1.035778e+04 1.036917e+04 1.036521e+04 1.035382e+04
