0.5 9.664091e+03 9.624940e+03 9.613170e+03 9.652320e+03
1.5 9.629404e+03 9.625963e+03 9.613093e+03 9.616534e+03
2.5 9.632929e+03 9.626003e+03 9.613018e+03 9.619944e+03
3.5 9.537664e+03 9.593386e+03 9.612947e+03 9.557225e+03
4.5 9.606665e+03 9.586331e+03 9.612878e+03 9.633212e+03
5.5 9.635389e+03 9.606783e+03 9.618353e+03 9.646959e+03
6.5 9.478896e+03 9.635519e+03 9.624415e+03 9.467792e+03
7.5 9.673966e+03 9.642140e+03 9.624354e+03 9.656180e+03
0.5 9.615621e+03 9.625466e+03 9.612481e+03 9.602636e+03
1.5 9.672252e+03 9.632344e+03 9.612438e+03 9.652346e+03
2.5 9.657014e+03 9.619728e+03 9.612394e+03 9.649680e+03
3.5 9.589861e+03 9.582291e+03 9.612352e+03 9.619923e+03
4.5 9.549656e+03 9.579323e+03 9.612314e+03 9.582647e+03
5.5 9.710209e+03 9.606817e+03 9.617820e+03 9.721212e+03
6.5 9.739326e+03 9.632365e+03 9.623912e+03 9.730874e+03
7.5 9.609768e+03 9.642977e+03 9.623883e+03 9.590674e+03
0.5 9.609768e+03 9.642977e+03 9.623883e+03 9.590674e+03
1.5 9.552610e+03 9.632550e+03 9.612483e+03 9.532543e+03
2.5 9.732477e+03 9.619614e+03 9.612168e+03 9.725031e+03
3.5 9.520484e+03 9.582152e+03 9.612147e+03 9.550479e+03
4.5 9.545039e+03 9.583819e+03 9.612129e+03 9.573350e+03
5.5 9.568398e+03 9.613069e+03 9.617656e+03 9.572985e+03
6.5 9.608027e+03 9.635775e+03 9.623767e+03 9.596020e+03
7.5 9.648617e+03 9.629489e+03 9.623756e+03 9.642884e+03
1.0 9.545531e+03 9.631895e+03 9.612068e+03 9.525704e+03
2.0 9.638574e+03 9.614929e+03 9.612069e+03 9.635714e+03
3.0 9.591427e+03 9.598545e+03 9.612072e+03 9.604953e+03
4.0 9.571721e+03 9.586674e+03 9.612077e+03 9.597124e+03
5.0 9.560922e+03 9.593959e+03 9.612085e+03 9.579048e+03
6.0 9.610737e+03 9.636140e+03 9.623470e+03 9.598067e+03
7.0 9.583978e+03 9.612901e+03 9.623773e+03 9.594849e+03
8.0 9.535216e+03 9.598104e+03 9.618244e+03 9.555356e+03
0.2 9.571721e+03 9.586674e+03 9.612077e+03 9.597124e+03
1.2 9.560922e+03 9.593959e+03 9.612085e+03 9.579048e+03
2.2 9.610737e+03 9.636140e+03 9.623470e+03 9.598067e+03
3.2 9.583978e+03 9.612901e+03 9.623773e+03 9.594849e+03
4.2 9.535216e+03 9.598104e+03 9.618244e+03 9.555356e+03
5.2 9.606857e+03 9.601677e+03 9.614759e+03 9.619940e+03
6.2 9.664794e+03 9.636071e+03 9.623818e+03 9.652541e+03
7.2 9.681367e+03 9.636994e+03 9.623836e+03 9.668209e+03
0.5 9.664794e+03 9.636071e+03 9.623818e+03 9.652541e+03
1.5 9.681367e+03 9.636994e+03 9.623836e+03 9.668209e+03
2.5 9.653627e+03 9.628493e+03 9.615397e+03 9.640530e+03
3.5 9.552094e+03 9.592595e+03 9.612209e+03 9.571708e+03
4.5 9.608791e+03 9.593517e+03 9.612231e+03 9.627505e+03
5.5 9.587063e+03 9.614091e+03 9.617794e+03 9.590767e+03
6.5 9.559901e+03 9.620877e+03 9.623942e+03 9.562966e+03
7.5 9.673480e+03 9.603254e+03 9.623966e+03 9.694192e+03
1.0 9.608791e+03 9.593517e+03 9.612231e+03 9.627505e+03
2.0 9.587063e+03 9.614091e+03 9.617794e+03 9.590767e+03
3.0 9.559901e+03 9.620877e+03 9.623942e+03 9.562966e+03
4.0 9.673480e+03 9.603254e+03 9.623966e+03 9.694192e+03
5.0 9.569393e+03 9.591840e+03 9.612615e+03 9.590168e+03
6.0 9.759032e+03 9.632293e+03 9.623724e+03 9.750464e+03
7.0 9.687078e+03 9.628369e+03 9.624042e+03 9.682751e+03
8.0 9.632675e+03 9.622789e+03 9.618527e+03 9.628412e+03
0.8 9.597427e+03 9.624111e+03 9.612789e+03 9.586105e+03
1.8 9.584845e+03 9.624620e+03 9.612805e+03 9.573030e+03
2.8 9.690506e+03 9.617083e+03 9.612818e+03 9.686241e+03
3.8 9.685061e+03 9.591136e+03 9.612830e+03 9.706754e+03
4.8 9.535518e+03 9.591144e+03 9.612842e+03 9.557216e+03
5.8 9.698038e+03 9.622549e+03 9.621312e+03 9.696801e+03
6.8 9.609579e+03 9.631421e+03 9.624529e+03 9.602686e+03
7.8 9.593668e+03 9.625442e+03 9.621911e+03 9.590137e+03
0.8 9.613839e+03 9.630144e+03 9.612893e+03 9.596588e+03
1.8 9.617024e+03 9.613976e+03 9.612892e+03 9.615940e+03
2.8 9.604423e+03 9.606027e+03 9.612890e+03 9.611286e+03
3.8 9.616834e+03 9.585439e+03 9.612889e+03 9.644284e+03
4.8 9.626351e+03 9.589922e+03 9.612886e+03 9.649314e+03
5.8 9.559715e+03 9.616374e+03 9.621340e+03 9.564681e+03
6.8 9.586235e+03 9.628304e+03 9.624541e+03 9.582472e+03
7.8 9.687353e+03 9.634826e+03 9.621908e+03 9.674434e+03
0.5 9.580738e+03 9.630148e+03 9.612858e+03 9.563449e+03
1.5 9.660051e+03 9.627223e+03 9.612850e+03 9.645678e+03
2.5 9.691865e+03 9.613751e+03 9.612842e+03 9.690956e+03
3.5 9.510236e+03 9.581537e+03 9.612832e+03 9.541532e+03
4.5 9.651723e+03 9.590301e+03 9.612823e+03 9.674244e+03
5.5 9.617556e+03 9.613992e+03 9.618356e+03 9.621919e+03
6.5 9.669152e+03 9.612485e+03 9.624471e+03 9.681138e+03
7.5 9.604407e+03 9.603311e+03 9.624458e+03 9.625555e+03
0.3 9.510236e+03 9.581537e+03 9.612832e+03 9.541532e+03
1.3 9.651723e+03 9.590301e+03 9.612823e+03 9.674244e+03
2.3 9.617556e+03 9.613992e+03 9.618356e+03 9.621919e+03
3.3 9.669152e+03 9.612485e+03 9.624471e+03 9.681138e+03
4.3 9.604407e+03 9.603311e+03 9.624458e+03 9.625555e+03
5.3 9.634356e+03 9.601710e+03 9.615694e+03 9.648340e+03
6.3 9.654081e+03 9.635002e+03 9.624428e+03 9.643506e+03
7.3 9.687114e+03 9.635029e+03 9.624410e+03 9.676496e+03
0.3 9.649574e+03 9.630368e+03 9.612422e+03 9.631628e+03
1.3 9.529379e+03 9.623560e+03 9.612392e+03 9.518211e+03
2.3 9.582670e+03 9.614459e+03 9.612363e+03 9.580574e+03
3.3 9.580336e+03 9.590218e+03 9.612333e+03 9.602450e+03
4.3 9.645678e+03 9.588948e+03 9.612299e+03 9.669029e+03
5.3 9.575511e+03 9.595628e+03 9.614888e+03 9.594770e+03
6.3 9.590530e+03 9.629219e+03 9.623893e+03 9.585205e+03
7.3 9.751158e+03 9.641520e+03 9.623859e+03 9.733497e+03
1.0 9.654942e+03 9.631820e+03 9.612004e+03 9.635126e+03
2.0 9.658559e+03 9.628252e+03 9.611963e+03 9.642269e+03
3.0 9.657935e+03 9.598877e+03 9.611921e+03 9.670979e+03
4.0 9.470288e+03 9.581321e+03 9.611880e+03 9.500848e+03
5.0 9.563734e+03 9.591291e+03 9.611840e+03 9.584283e+03
6.0 9.665462e+03 9.636673e+03 9.623175e+03 9.651963e+03
7.0 9.633955e+03 9.621863e+03 9.623424e+03 9.635516e+03
8.0 9.550024e+03 9.594111e+03 9.617840e+03 9.573754e+03
1.0 9.563734e+03 9.591291e+03 9.611840e+03 9.584283e+03
2.0 9.665462e+03 9.636673e+03 9.623175e+03 9.651963e+03
3.0 9.633955e+03 9.621863e+03 9.623424e+03 9.635516e+03
4.0 9.550024e+03 9.594111e+03 9.617840e+03 9.573754e+03
5.0 9.622313e+03 9.586243e+03 9.611674e+03 9.647744e+03
6.0 9.611833e+03 9.631317e+03 9.623008e+03 9.603524e+03
7.0 9.651211e+03 9.642164e+03 9.623258e+03 9.632305e+03
8.0 9.632146e+03 9.636629e+03 9.617675e+03 9.613192e+03
0.2 9.598893e+03 9.613533e+03 9.611472e+03 9.596832e+03
1.2 9.613862e+03 9.617500e+03 9.611434e+03 9.607797e+03
2.2 9.576609e+03 9.626211e+03 9.611398e+03 9.561796e+03
3.2 9.603603e+03 9.601936e+03 9.611362e+03 9.613029e+03
4.2 9.610234e+03 9.593610e+03 9.611327e+03 9.627951e+03
5.2 9.707184e+03 9.604333e+03 9.613918e+03 9.716768e+03
6.2 9.495072e+03 9.637905e+03 9.622927e+03 9.480094e+03
7.2 9.611409e+03 9.605670e+03 9.622893e+03 9.628632e+03
0.5 9.610234e+03 9.593610e+03 9.611327e+03 9.627951e+03
1.5 9.707184e+03 9.604333e+03 9.613918e+03 9.716768e+03
2.5 9.495072e+03 9.637905e+03 9.622927e+03 9.480094e+03
3.5 9.611409e+03 9.605670e+03 9.622893e+03 9.628632e+03
4.5 9.432178e+03 9.597797e+03 9.614402e+03 9.448782e+03
5.5 9.596484e+03 9.615152e+03 9.616704e+03 9.598036e+03
6.5 9.625350e+03 9.613609e+03 9.622802e+03 9.634542e+03
7.5 9.634797e+03 9.604400e+03 9.622776e+03 9.653173e+03
0.2 9.611409e+03 9.605670e+03 9.622893e+03 9.628632e+03
1.2 9.432178e+03 9.597797e+03 9.614402e+03 9.448782e+03
2.2 9.596484e+03 9.615152e+03 9.616704e+03 9.598036e+03
3.2 9.625350e+03 9.613609e+03 9.622802e+03 9.634542e+03
4.2 9.634797e+03 9.604400e+03 9.622776e+03 9.653173e+03
5.2 9.579208e+03 9.602770e+03 9.614000e+03 9.590439e+03
6.2 9.632796e+03 9.636452e+03 9.622724e+03 9.619068e+03
7.2 9.590406e+03 9.637879e+03 9.622699e+03 9.575226e+03
0.2 9.632796e+03 9.636452e+03 9.622724e+03 9.619068e+03
1.2 9.590406e+03 9.637879e+03 9.622699e+03 9.575226e+03
2.2 9.594519e+03 9.629415e+03 9.614216e+03 9.579320e+03
3.2 9.527963e+03 9.601922e+03 9.610985e+03 9.537027e+03
4.2 9.573723e+03 9.592704e+03 9.610964e+03 9.591982e+03
5.2 9.649396e+03 9.602856e+03 9.613569e+03 9.660108e+03
6.2 9.609028e+03 9.637843e+03 9.622592e+03 9.593777e+03
7.2 9.648812e+03 9.637834e+03 9.622574e+03 9.633552e+03
0.2 9.649396e+03 9.602856e+03 9.613569e+03 9.660108e+03
1.2 9.609028e+03 9.637843e+03 9.622592e+03 9.593777e+03
2.2 9.648812e+03 9.637834e+03 9.622574e+03 9.633552e+03
3.2 9.571047e+03 9.605087e+03 9.614099e+03 9.580059e+03
4.2 9.593977e+03 9.592655e+03 9.610875e+03 9.612196e+03
5.2 9.603607e+03 9.602386e+03 9.613486e+03 9.614707e+03
6.2 9.613398e+03 9.631291e+03 9.622516e+03 9.604623e+03
7.2 9.547855e+03 9.629520e+03 9.622505e+03 9.540840e+03
0.2 9.663409e+03 9.618199e+03 9.610799e+03 9.656009e+03
1.2 9.674354e+03 9.614827e+03 9.610791e+03 9.670319e+03
2.2 9.625722e+03 9.617341e+03 9.610784e+03 9.619164e+03
3.2 9.664651e+03 9.601762e+03 9.610779e+03 9.673668e+03
4.2 9.573047e+03 9.593882e+03 9.610775e+03 9.589940e+03
5.2 9.647514e+03 9.604123e+03 9.613396e+03 9.656787e+03
6.2 9.604289e+03 9.630141e+03 9.622434e+03 9.596582e+03
7.2 9.716027e+03 9.604184e+03 9.622432e+03 9.734275e+03
0.7 9.573047e+03 9.593882e+03 9.610775e+03 9.589940e+03
1.7 9.647514e+03 9.604123e+03 9.613396e+03 9.656787e+03
2.7 9.604289e+03 9.630141e+03 9.622434e+03 9.596582e+03
3.7 9.716027e+03 9.604184e+03 9.622432e+03 9.734275e+03
4.7 9.574025e+03 9.596596e+03 9.613971e+03 9.591401e+03
5.7 9.554096e+03 9.625746e+03 9.619219e+03 9.547569e+03
6.7 9.640774e+03 9.637647e+03 9.622425e+03 9.625553e+03
7.7 9.611379e+03 9.602365e+03 9.619798e+03 9.628813e+03
0.5 9.574025e+03 9.596596e+03 9.613971e+03 9.591401e+03
1.5 9.554096e+03 9.625746e+03 9.619219e+03 9.547569e+03
2.5 9.640774e+03 9.637647e+03 9.622425e+03 9.625553e+03
3.5 9.611379e+03 9.602365e+03 9.619798e+03 9.628813e+03
4.5 9.588078e+03 9.592478e+03 9.610755e+03 9.606355e+03
5.5 9.600925e+03 9.613041e+03 9.616297e+03 9.604181e+03
6.5 9.678763e+03 9.635767e+03 9.622422e+03 9.665418e+03
7.5 9.668284e+03 9.632712e+03 9.622422e+03 9.657994e+03
0.7 9.669437e+03 9.623285e+03 9.610767e+03 9.656918e+03
1.7 9.635167e+03 9.614646e+03 9.610771e+03 9.631292e+03
2.7 9.658651e+03 9.607102e+03 9.610775e+03 9.662325e+03
3.7 9.656423e+03 9.592094e+03 9.610781e+03 9.675110e+03
4.7 9.676171e+03 9.593701e+03 9.610787e+03 9.693257e+03
5.7 9.640529e+03 9.625593e+03 9.619252e+03 9.634189e+03
6.7 9.652895e+03 9.629954e+03 9.622469e+03 9.645409e+03
7.7 9.555998e+03 9.601364e+03 9.619852e+03 9.574486e+03
0.7 9.676171e+03 9.593701e+03 9.610787e+03 9.693257e+03
1.7 9.640529e+03 9.625593e+03 9.619252e+03 9.634189e+03
2.7 9.652895e+03 9.629954e+03 9.622469e+03 9.645409e+03
3.7 9.555998e+03 9.601364e+03 9.619852e+03 9.574486e+03
4.7 9.564733e+03 9.593186e+03 9.610820e+03 9.582367e+03
5.7 9.621904e+03 9.625540e+03 9.619289e+03 9.615654e+03
6.7 9.664869e+03 9.637434e+03 9.622509e+03 9.649945e+03
7.7 9.616184e+03 9.602143e+03 9.619897e+03 9.633937e+03
0.5 9.564733e+03 9.593186e+03 9.610820e+03 9.582367e+03
1.5 9.621904e+03 9.625540e+03 9.619289e+03 9.615654e+03
2.5 9.664869e+03 9.637434e+03 9.622509e+03 9.649945e+03
3.5 9.616184e+03 9.602143e+03 9.619897e+03 9.633937e+03
4.5 9.578606e+03 9.592247e+03 9.610868e+03 9.597228e+03
5.5 9.592229e+03 9.612800e+03 9.616425e+03 9.595854e+03
6.5 9.603927e+03 9.637316e+03 9.622567e+03 9.589178e+03
7.5 9.664997e+03 9.637341e+03 9.622586e+03 9.650242e+03
1.0 9.603927e+03 9.637316e+03 9.622567e+03 9.589178e+03
2.0 9.664997e+03 9.637341e+03 9.622586e+03 9.650242e+03
3.0 9.644209e+03 9.610040e+03 9.611230e+03 9.645399e+03
4.0 9.555479e+03 9.593026e+03 9.610960e+03 9.573412e+03
5.0 9.578865e+03 9.593975e+03 9.610983e+03 9.595873e+03
6.0 9.658020e+03 9.636172e+03 9.622382e+03 9.644229e+03
7.0 9.539646e+03 9.604579e+03 9.622699e+03 9.557766e+03
8.0 9.596701e+03 9.598178e+03 9.617185e+03 9.615708e+03
0.5 9.555479e+03 9.593026e+03 9.610960e+03 9.573412e+03
1.5 9.578865e+03 9.593975e+03 9.610983e+03 9.595873e+03
2.5 9.658020e+03 9.636172e+03 9.622382e+03 9.644229e+03
3.5 9.539646e+03 9.604579e+03 9.622699e+03 9.557766e+03
4.5 9.596701e+03 9.598178e+03 9.617185e+03 9.615708e+03
5.5 9.660867e+03 9.612603e+03 9.616633e+03 9.664897e+03
6.5 9.586277e+03 9.635306e+03 9.622789e+03 9.573760e+03
7.5 9.590462e+03 9.633825e+03 9.622821e+03 9.579458e+03
1.0 9.649001e+03 9.631430e+03 9.611324e+03 9.628895e+03
2.0 9.656944e+03 9.627518e+03 9.611374e+03 9.640800e+03
3.0 9.670448e+03 9.598093e+03 9.611427e+03 9.683782e+03
4.0 9.660954e+03 9.580490e+03 9.611484e+03 9.691948e+03
5.0 9.649090e+03 9.588605e+03 9.611542e+03 9.672027e+03
6.0 9.597498e+03 9.633863e+03 9.622971e+03 9.586607e+03
7.0 9.608256e+03 9.634914e+03 9.623320e+03 9.596662e+03
8.0 9.602537e+03 9.630687e+03 9.617846e+03 9.589696e+03
0.7 9.602537e+03 9.630687e+03 9.617846e+03 9.589696e+03
1.7 9.591091e+03 9.625029e+03 9.611789e+03 9.577851e+03
2.7 9.586111e+03 9.617456e+03 9.611854e+03 9.580510e+03
