0.5 1.023301e+04 1.027398e+04 1.027472e+04 1.023375e+04
1.5 1.024202e+04 1.026018e+04 1.026064e+04 1.024248e+04
2.5 1.021283e+04 1.026046e+04 1.026065e+04 1.021303e+04
3.5 1.026002e+04 1.028857e+04 1.028685e+04 1.025829e+04
4.5 1.029492e+04 1.031054e+04 1.028753e+04 1.027191e+04
5.5 1.021228e+04 1.030538e+04 1.028752e+04 1.019442e+04
6.5 1.034725e+04 1.029052e+04 1.028751e+04 1.034423e+04
7.5 1.028654e+04 1.028130e+04 1.028750e+04 1.029274e+04
0.5 1.033556e+04 1.026563e+04 1.027475e+04 1.034469e+04
1.5 1.018375e+04 1.026597e+04 1.026065e+04 1.017843e+04
2.5 1.035530e+04 1.024367e+04 1.026064e+04 1.037227e+04
3.5 1.027134e+04 1.026315e+04 1.028680e+04 1.029499e+04
4.5 1.024348e+04 1.028572e+04 1.028745e+04 1.024521e+04
5.5 1.033335e+04 1.030695e+04 1.028743e+04 1.031384e+04
6.5 1.024353e+04 1.029646e+04 1.028741e+04 1.023447e+04
7.5 1.030811e+04 1.026990e+04 1.027462e+04 1.031283e+04
0.5 1.030811e+04 1.026990e+04 1.027462e+04 1.031283e+04
1.5 1.030764e+04 1.026629e+04 1.026049e+04 1.030184e+04
2.5 1.026929e+04 1.024418e+04 1.026046e+04 1.028558e+04
3.5 1.022410e+04 1.026359e+04 1.028662e+04 1.024712e+04
4.5 1.028000e+04 1.027047e+04 1.028725e+04 1.029679e+04
5.5 1.024471e+04 1.028569e+04 1.028721e+04 1.024623e+04
6.5 1.027762e+04 1.027917e+04 1.028717e+04 1.028563e+04
7.5 1.031983e+04 1.030020e+04 1.028712e+04 1.030675e+04
1.0 1.029702e+04 1.026728e+04 1.026072e+04 1.029046e+04
2.0 1.021327e+04 1.023641e+04 1.025999e+04 1.023686e+04
3.0 1.023568e+04 1.024917e+04 1.027268e+04 1.025919e+04
4.0 1.031208e+04 1.027102e+04 1.028067e+04 1.032172e+04
5.0 1.021121e+04 1.026446e+04 1.025979e+04 1.020654e+04
6.0 1.031481e+04 1.025226e+04 1.025972e+04 1.032227e+04
7.0 1.029205e+04 1.027261e+04 1.027912e+04 1.029856e+04
8.0 1.035269e+04 1.028548e+04 1.028643e+04 1.035365e+04
0.2 1.031208e+04 1.027102e+04 1.028067e+04 1.032172e+04
1.2 1.021121e+04 1.026446e+04 1.025979e+04 1.020654e+04
2.2 1.031481e+04 1.025226e+04 1.025972e+04 1.032227e+04
3.2 1.029205e+04 1.027261e+04 1.027912e+04 1.029856e+04
4.2 1.035269e+04 1.028548e+04 1.028643e+04 1.035365e+04
5.2 1.038578e+04 1.028822e+04 1.028636e+04 1.038392e+04
6.2 1.024007e+04 1.026574e+04 1.027353e+04 1.024786e+04
7.2 1.024279e+04 1.025156e+04 1.025936e+04 1.025058e+04
0.5 1.024007e+04 1.026574e+04 1.027353e+04 1.024786e+04
1.5 1.024279e+04 1.025156e+04 1.025936e+04 1.025058e+04
2.5 1.022909e+04 1.025924e+04 1.025928e+04 1.022914e+04
3.5 1.028245e+04 1.028997e+04 1.028539e+04 1.027787e+04
4.5 1.021752e+04 1.026441e+04 1.025980e+04 1.021292e+04
5.5 1.021249e+04 1.025773e+04 1.025905e+04 1.021381e+04
6.5 1.025798e+04 1.026469e+04 1.027173e+04 1.026502e+04
7.5 1.026587e+04 1.027961e+04 1.028576e+04 1.027202e+04
1.0 1.021752e+04 1.026441e+04 1.025980e+04 1.021292e+04
2.0 1.021249e+04 1.025773e+04 1.025905e+04 1.021381e+04
3.0 1.025798e+04 1.026469e+04 1.027173e+04 1.026502e+04
4.0 1.026587e+04 1.027961e+04 1.028576e+04 1.027202e+04
5.0 1.035188e+04 1.028995e+04 1.028568e+04 1.034761e+04
6.0 1.028213e+04 1.028285e+04 1.028561e+04 1.028489e+04
7.0 1.020504e+04 1.029917e+04 1.028553e+04 1.019141e+04
8.0 1.025742e+04 1.030416e+04 1.028546e+04 1.023873e+04
0.8 1.028001e+04 1.026766e+04 1.026517e+04 1.027751e+04
1.8 1.025580e+04 1.026025e+04 1.025776e+04 1.025332e+04
2.8 1.034990e+04 1.026666e+04 1.026378e+04 1.034703e+04
3.8 1.030179e+04 1.028880e+04 1.028458e+04 1.029757e+04
4.8 1.023158e+04 1.028878e+04 1.028457e+04 1.022737e+04
5.8 1.013292e+04 1.027975e+04 1.028456e+04 1.013773e+04
6.8 1.016558e+04 1.028657e+04 1.028455e+04 1.016356e+04
7.8 1.019245e+04 1.030030e+04 1.028454e+04 1.017670e+04
0.8 1.034941e+04 1.027060e+04 1.026509e+04 1.034390e+04
1.8 1.032504e+04 1.023377e+04 1.025772e+04 1.034899e+04
2.8 1.012563e+04 1.023946e+04 1.026378e+04 1.014995e+04
3.8 1.031141e+04 1.027459e+04 1.028461e+04 1.032143e+04
4.8 1.038948e+04 1.029378e+04 1.028463e+04 1.038033e+04
5.8 1.023981e+04 1.030151e+04 1.028465e+04 1.022295e+04
6.8 1.045226e+04 1.029812e+04 1.028467e+04 1.043881e+04
7.8 1.032919e+04 1.028759e+04 1.028469e+04 1.032629e+04
0.5 1.020050e+04 1.027824e+04 1.027196e+04 1.019422e+04
1.5 1.023975e+04 1.025722e+04 1.025788e+04 1.024041e+04
2.5 1.033185e+04 1.023329e+04 1.025791e+04 1.035647e+04
3.5 1.043680e+04 1.025518e+04 1.027808e+04 1.045971e+04
4.5 1.029910e+04 1.025489e+04 1.025798e+04 1.030219e+04
5.5 1.020551e+04 1.025654e+04 1.025802e+04 1.020699e+04
6.5 1.032670e+04 1.027080e+04 1.027753e+04 1.033343e+04
7.5 1.013799e+04 1.027872e+04 1.028495e+04 1.014422e+04
0.3 1.043680e+04 1.025518e+04 1.027808e+04 1.045971e+04
1.3 1.029910e+04 1.025489e+04 1.025798e+04 1.030219e+04
2.3 1.020551e+04 1.025654e+04 1.025802e+04 1.020699e+04
3.3 1.032670e+04 1.027080e+04 1.027753e+04 1.033343e+04
4.3 1.013799e+04 1.027872e+04 1.028495e+04 1.014422e+04
5.3 1.028819e+04 1.028641e+04 1.028499e+04 1.028677e+04
6.3 1.044556e+04 1.027711e+04 1.028504e+04 1.045349e+04
7.3 1.028455e+04 1.027718e+04 1.028509e+04 1.029246e+04
0.3 1.021672e+04 1.028684e+04 1.027994e+04 1.020982e+04
1.3 1.017222e+04 1.025146e+04 1.025921e+04 1.017996e+04
2.3 1.028147e+04 1.023534e+04 1.025929e+04 1.030542e+04
3.3 1.022818e+04 1.025619e+04 1.027884e+04 1.025083e+04
4.3 1.029367e+04 1.030099e+04 1.028631e+04 1.027899e+04
5.3 1.030118e+04 1.031033e+04 1.028640e+04 1.027726e+04
6.3 1.023672e+04 1.030081e+04 1.028649e+04 1.022240e+04
7.3 1.031990e+04 1.028349e+04 1.028658e+04 1.032298e+04
1.0 1.034218e+04 1.026753e+04 1.026086e+04 1.033552e+04
2.0 1.020808e+04 1.026071e+04 1.026029e+04 1.020766e+04
3.0 1.034857e+04 1.025046e+04 1.027314e+04 1.037125e+04
4.0 1.027290e+04 1.026560e+04 1.028734e+04 1.029464e+04
5.0 1.021205e+04 1.025929e+04 1.026125e+04 1.021400e+04
6.0 1.021601e+04 1.025411e+04 1.026067e+04 1.022257e+04
7.0 1.021679e+04 1.026751e+04 1.027352e+04 1.022281e+04
8.0 1.038069e+04 1.030336e+04 1.028771e+04 1.036504e+04
1.0 1.021205e+04 1.025929e+04 1.026125e+04 1.021400e+04
2.0 1.021601e+04 1.025411e+04 1.026067e+04 1.022257e+04
3.0 1.021679e+04 1.026751e+04 1.027352e+04 1.022281e+04
4.0 1.038069e+04 1.030336e+04 1.028771e+04 1.036504e+04
5.0 1.024095e+04 1.031503e+04 1.028780e+04 1.021372e+04
6.0 1.026762e+04 1.029899e+04 1.028789e+04 1.025652e+04
7.0 1.027901e+04 1.028493e+04 1.028797e+04 1.028206e+04
8.0 1.024081e+04 1.029011e+04 1.028806e+04 1.023875e+04
0.2 1.018085e+04 1.025895e+04 1.028217e+04 1.020407e+04
1.2 1.017996e+04 1.024436e+04 1.026143e+04 1.019703e+04
2.2 1.027657e+04 1.026556e+04 1.026151e+04 1.027252e+04
3.2 1.027320e+04 1.028638e+04 1.028106e+04 1.026787e+04
4.2 1.031159e+04 1.028157e+04 1.027576e+04 1.030578e+04
5.2 1.023931e+04 1.026476e+04 1.026172e+04 1.023628e+04
6.2 1.027691e+04 1.025519e+04 1.026178e+04 1.028350e+04
7.2 1.023820e+04 1.027710e+04 1.028198e+04 1.024308e+04
0.5 1.031159e+04 1.028157e+04 1.027576e+04 1.030578e+04
1.5 1.023931e+04 1.026476e+04 1.026172e+04 1.023628e+04
2.5 1.027691e+04 1.025519e+04 1.026178e+04 1.028350e+04
3.5 1.023820e+04 1.027710e+04 1.028198e+04 1.024308e+04
4.5 1.031624e+04 1.026482e+04 1.026190e+04 1.031331e+04
5.5 1.024328e+04 1.026192e+04 1.026196e+04 1.024332e+04
6.5 1.030906e+04 1.027619e+04 1.028148e+04 1.031435e+04
7.5 1.035783e+04 1.028411e+04 1.028892e+04 1.036264e+04
0.2 1.023820e+04 1.027710e+04 1.028198e+04 1.024308e+04
1.2 1.031624e+04 1.026482e+04 1.026190e+04 1.031331e+04
2.2 1.024328e+04 1.026192e+04 1.026196e+04 1.024332e+04
3.2 1.030906e+04 1.027619e+04 1.028148e+04 1.031435e+04
4.2 1.035783e+04 1.028411e+04 1.028892e+04 1.036264e+04
5.2 1.014104e+04 1.029179e+04 1.028897e+04 1.013821e+04
6.2 1.023788e+04 1.027643e+04 1.028297e+04 1.024443e+04
7.2 1.017466e+04 1.025566e+04 1.026221e+04 1.018120e+04
0.2 1.023788e+04 1.027643e+04 1.028297e+04 1.024443e+04
1.2 1.017466e+04 1.025566e+04 1.026221e+04 1.018120e+04
2.2 1.028328e+04 1.026346e+04 1.026225e+04 1.028206e+04
3.2 1.023222e+04 1.028718e+04 1.028176e+04 1.022680e+04
4.2 1.034375e+04 1.029507e+04 1.028918e+04 1.033785e+04
5.2 1.037608e+04 1.028626e+04 1.028317e+04 1.037299e+04
6.2 1.026244e+04 1.025583e+04 1.026238e+04 1.026899e+04
7.2 1.032667e+04 1.025585e+04 1.026241e+04 1.033323e+04
0.2 1.037608e+04 1.028626e+04 1.028317e+04 1.037299e+04
1.2 1.026244e+04 1.025583e+04 1.026238e+04 1.026899e+04
2.2 1.032667e+04 1.025585e+04 1.026241e+04 1.033323e+04
3.2 1.021249e+04 1.028435e+04 1.028190e+04 1.021004e+04
4.2 1.038147e+04 1.029518e+04 1.028931e+04 1.037561e+04
5.2 1.033976e+04 1.029240e+04 1.028934e+04 1.033670e+04
6.2 1.038686e+04 1.029842e+04 1.028936e+04 1.037780e+04
7.2 1.042855e+04 1.030437e+04 1.028938e+04 1.041356e+04
0.2 1.029354e+04 1.026873e+04 1.028338e+04 1.030819e+04
1.2 1.018768e+04 1.023942e+04 1.026258e+04 1.021085e+04
2.2 1.028541e+04 1.024555e+04 1.026259e+04 1.030245e+04
3.2 1.027571e+04 1.028740e+04 1.028207e+04 1.027038e+04
4.2 1.024273e+04 1.027579e+04 1.026999e+04 1.023693e+04
5.2 1.027180e+04 1.026561e+04 1.026261e+04 1.026880e+04
6.2 1.027286e+04 1.026241e+04 1.026866e+04 1.027912e+04
7.2 1.030390e+04 1.028457e+04 1.028948e+04 1.030882e+04
0.7 1.024273e+04 1.027579e+04 1.026999e+04 1.023693e+04
1.7 1.027180e+04 1.026561e+04 1.026261e+04 1.026880e+04
2.7 1.027286e+04 1.026241e+04 1.026866e+04 1.027912e+04
3.7 1.030390e+04 1.028457e+04 1.028948e+04 1.030882e+04
4.7 1.031273e+04 1.027957e+04 1.027673e+04 1.030989e+04
5.7 1.028112e+04 1.025940e+04 1.026264e+04 1.028436e+04
6.7 1.028321e+04 1.025598e+04 1.026264e+04 1.028988e+04
7.7 1.033084e+04 1.028627e+04 1.028883e+04 1.033340e+04
0.5 1.031273e+04 1.027957e+04 1.027673e+04 1.030989e+04
1.5 1.028112e+04 1.025940e+04 1.026264e+04 1.028436e+04
2.5 1.028321e+04 1.025598e+04 1.026264e+04 1.028988e+04
3.5 1.033084e+04 1.028627e+04 1.028883e+04 1.033340e+04
4.5 1.031520e+04 1.029527e+04 1.028950e+04 1.030943e+04
5.5 1.037609e+04 1.028936e+04 1.028950e+04 1.037623e+04
6.5 1.034570e+04 1.028283e+04 1.028950e+04 1.035237e+04
7.5 1.026560e+04 1.029307e+04 1.028950e+04 1.026203e+04
0.7 1.021117e+04 1.026301e+04 1.027001e+04 1.021816e+04
1.7 1.025248e+04 1.023938e+04 1.026262e+04 1.027572e+04
2.7 1.025850e+04 1.024581e+04 1.026865e+04 1.028134e+04
3.7 1.029378e+04 1.029452e+04 1.028945e+04 1.028871e+04
4.7 1.024414e+04 1.027572e+04 1.026997e+04 1.023839e+04
5.7 1.020454e+04 1.025930e+04 1.026258e+04 1.020781e+04
6.7 1.027129e+04 1.026230e+04 1.026861e+04 1.027759e+04
7.7 1.032227e+04 1.028686e+04 1.028941e+04 1.032482e+04
0.7 1.024414e+04 1.027572e+04 1.026997e+04 1.023839e+04
1.7 1.020454e+04 1.025930e+04 1.026258e+04 1.020781e+04
2.7 1.027129e+04 1.026230e+04 1.026861e+04 1.027759e+04
3.7 1.032227e+04 1.028686e+04 1.028941e+04 1.032482e+04
4.7 1.025116e+04 1.028238e+04 1.027664e+04 1.024541e+04
5.7 1.015763e+04 1.025925e+04 1.026252e+04 1.016091e+04
6.7 1.024204e+04 1.025581e+04 1.026250e+04 1.024874e+04
7.7 1.019273e+04 1.028608e+04 1.028867e+04 1.019532e+04
0.5 1.025116e+04 1.028238e+04 1.027664e+04 1.024541e+04
1.5 1.015763e+04 1.025925e+04 1.026252e+04 1.016091e+04
2.5 1.024204e+04 1.025581e+04 1.026250e+04 1.024874e+04
3.5 1.019273e+04 1.028608e+04 1.028867e+04 1.019532e+04
4.5 1.023936e+04 1.029506e+04 1.028932e+04 1.023361e+04
5.5 1.041654e+04 1.028913e+04 1.028929e+04 1.041671e+04
6.5 1.037340e+04 1.025639e+04 1.026309e+04 1.038010e+04
7.5 1.028163e+04 1.025569e+04 1.026239e+04 1.028833e+04
1.0 1.037340e+04 1.025639e+04 1.026309e+04 1.038010e+04
2.0 1.028163e+04 1.025569e+04 1.026239e+04 1.028833e+04
3.0 1.029000e+04 1.027968e+04 1.027512e+04 1.028544e+04
4.0 1.033598e+04 1.028218e+04 1.027643e+04 1.033024e+04
5.0 1.032437e+04 1.026805e+04 1.026230e+04 1.031863e+04
6.0 1.028088e+04 1.025589e+04 1.026227e+04 1.028726e+04
7.0 1.028540e+04 1.028342e+04 1.028842e+04 1.029040e+04
8.0 1.022424e+04 1.028918e+04 1.028905e+04 1.022412e+04
0.5 1.033598e+04 1.028218e+04 1.027643e+04 1.033024e+04
1.5 1.032437e+04 1.026805e+04 1.026230e+04 1.031863e+04
2.5 1.028088e+04 1.025589e+04 1.026227e+04 1.028726e+04
3.5 1.028540e+04 1.028342e+04 1.028842e+04 1.029040e+04
4.5 1.022424e+04 1.028918e+04 1.028905e+04 1.022412e+04
5.5 1.029746e+04 1.028884e+04 1.028901e+04 1.029763e+04
6.5 1.022555e+04 1.028226e+04 1.028897e+04 1.023226e+04
7.5 1.033601e+04 1.028706e+04 1.028892e+04 1.033787e+04
1.0 1.024940e+04 1.027023e+04 1.026254e+04 1.024170e+04
2.0 1.038518e+04 1.026256e+04 1.026182e+04 1.038444e+04
3.0 1.017789e+04 1.025211e+04 1.027452e+04 1.020030e+04
4.0 1.019118e+04 1.026706e+04 1.028856e+04 1.021268e+04
5.0 1.027143e+04 1.028677e+04 1.028852e+04 1.027317e+04
6.0 1.028001e+04 1.028209e+04 1.028847e+04 1.028639e+04
7.0 1.026807e+04 1.028172e+04 1.028840e+04 1.027475e+04
8.0 1.025459e+04 1.026729e+04 1.026889e+04 1.025619e+04
0.7 1.025459e+04 1.026729e+04 1.026889e+04 1.025619e+04
1.7 1.030501e+04 1.026547e+04 1.026145e+04 1.030099e+04
2.7 1.015049e+04 1.027185e+04 1.026743e+04 1.014607e+04
