6.372509e+03 6.185557e+03
6.076933e+03 6.104045e+03
5.937819e+03 6.026970e+03
6.019862e+03 6.099142e+03
6.138773e+03 6.155059e+03
6.271154e+03 6.202590e+03
6.315895e+03 6.220901e+03
6.370399e+03 6.308159e+03
6.238861e+03 6.363478e+03
6.199313e+03 6.362002e+03
6.448013e+03 6.331261e+03
6.354735e+03 6.351593e+03
6.404147e+03 6.357334e+03
6.324983e+03 6.343601e+03
6.283901e+03 6.340436e+03
6.324400e+03 6.337763e+03
6.330763e+03 6.335524e+03
6.419484e+03 6.311021e+03
6.388667e+03 6.332148e+03
6.202585e+03 6.325680e+03
6.370492e+03 6.314402e+03
6.288130e+03 6.350256e+03
6.413041e+03 6.400390e+03
6.670906e+03 6.447848e+03
6.305008e+03 6.375881e+03
6.216904e+03 6.244123e+03
6.177939e+03 6.128647e+03
6.001325e+03 6.111619e+03
6.083242e+03 6.065879e+03
6.112674e+03 5.995553e+03
6.091991e+03 5.930397e+03
6.065144e+03 6.013549e+03
6.141189e+03 6.083001e+03
6.072439e+03 6.141277e+03
6.161835e+03 6.168251e+03
6.313594e+03 6.262885e+03
6.442615e+03 6.321374e+03
6.483132e+03 6.323581e+03
6.357191e+03 6.295956e+03
6.373873e+03 6.321038e+03
6.362591e+03 6.332675e+03
6.415353e+03 6.330231e+03
6.215259e+03 6.330199e+03
6.302324e+03 6.323654e+03
6.289550e+03 6.323659e+03
6.222602e+03 6.300499e+03
6.271668e+03 6.320223e+03
6.236499e+03 6.318802e+03
6.199730e+03 6.309736e+03
6.206694e+03 6.344455e+03
6.313748e+03 6.395472e+03
6.555457e+03 6.446881e+03
6.401068e+03 6.374841e+03
6.434044e+03 6.245874e+03
6.103478e+03 6.129483e+03
6.115007e+03 6.110479e+03
5.979647e+03 6.064860e+03
5.979215e+03 5.993017e+03
5.986901e+03 5.928023e+03
6.049851e+03 6.013033e+03
6.236647e+03 6.086161e+03
6.089360e+03 6.144573e+03
6.142622e+03 6.172120e+03
6.100252e+03 6.266876e+03
6.123679e+03 6.319549e+03
6.201638e+03 6.319441e+03
6.215203e+03 6.293569e+03
6.373408e+03 6.316428e+03
6.292413e+03 6.328317e+03
6.523335e+03 6.322870e+03
6.304751e+03 6.322815e+03
6.296824e+03 6.322758e+03
6.305917e+03 6.325085e+03
6.411598e+03 6.299316e+03
6.454764e+03 6.325096e+03
6.372500e+03 6.331349e+03
6.345560e+03 6.310513e+03
6.407933e+03 6.341301e+03
6.437722e+03 6.392701e+03
6.441363e+03 6.450852e+03
6.215188e+03 6.377678e+03
6.002973e+03 6.253395e+03
6.082145e+03 6.134337e+03
6.042295e+03 6.110602e+03
5.998174e+03 6.064469e+03
6.067209e+03 5.992216e+03
5.857179e+03 5.926667e+03
5.884422e+03 6.009224e+03
5.962861e+03 6.081405e+03
6.037027e+03 6.140347e+03
6.142785e+03 6.164857e+03
6.329814e+03 6.257878e+03
6.331932e+03 6.316095e+03
6.330050e+03 6.313546e+03
6.091453e+03 6.280759e+03
6.223969e+03 6.303136e+03
6.300870e+03 6.309298e+03
6.296473e+03 6.298449e+03
6.338929e+03 6.293653e+03
6.286460e+03 6.287327e+03
6.388812e+03 6.281821e+03
6.372788e+03 6.256643e+03
6.345822e+03 6.272403e+03
6.395367e+03 6.264874e+03
