9.664091e+03 9.608334e+03 9.624940e+03 9.647485e+03
9.629404e+03 9.608253e+03 9.625963e+03 9.611694e+03
9.632929e+03 9.608173e+03 9.626003e+03 9.615099e+03
9.537664e+03 9.629911e+03 9.593386e+03 9.574189e+03
9.606665e+03 9.630401e+03 9.586331e+03 9.650735e+03
9.635389e+03 9.619708e+03 9.606783e+03 9.648314e+03
9.478896e+03 9.609970e+03 9.635519e+03 9.453347e+03
9.673966e+03 9.612205e+03 9.642140e+03 9.644031e+03
9.635924e+03 9.612163e+03 9.626112e+03 9.621975e+03
9.624620e+03 9.607870e+03 9.607083e+03 9.625408e+03
9.544770e+03 9.608699e+03 9.609488e+03 9.543980e+03
9.615621e+03 9.612039e+03 9.625466e+03 9.602194e+03
9.672252e+03 9.612002e+03 9.632344e+03 9.651910e+03
9.657014e+03 9.608806e+03 9.619728e+03 9.646092e+03
9.589861e+03 9.629392e+03 9.582291e+03 9.636962e+03
9.549656e+03 9.629926e+03 9.579323e+03 9.600259e+03
9.710209e+03 9.619284e+03 9.606817e+03 9.722676e+03
9.739326e+03 9.608509e+03 9.632365e+03 9.715470e+03
9.609768e+03 9.611881e+03 9.642977e+03 9.578672e+03
9.552610e+03 9.611876e+03 9.632550e+03 9.531936e+03
9.732477e+03 9.608711e+03 9.619614e+03 9.721573e+03
9.520484e+03 9.629327e+03 9.582152e+03 9.567659e+03
9.545039e+03 9.629889e+03 9.583819e+03 9.591110e+03
9.568398e+03 9.619269e+03 9.613069e+03 9.574598e+03
9.608027e+03 9.607534e+03 9.635775e+03 9.579787e+03
9.648617e+03 9.607549e+03 9.629489e+03 9.626677e+03
9.645519e+03 9.607567e+03 9.617918e+03 9.635167e+03
9.680335e+03 9.609661e+03 9.623567e+03 9.666429e+03
9.623176e+03 9.611977e+03 9.630136e+03 9.605017e+03
9.545531e+03 9.612005e+03 9.631895e+03 9.525641e+03
9.638574e+03 9.607781e+03 9.614929e+03 9.631426e+03
9.591427e+03 9.618332e+03 9.598545e+03 9.611214e+03
9.571721e+03 9.630114e+03 9.586674e+03 9.615161e+03
9.560922e+03 9.630153e+03 9.593959e+03 9.597116e+03
9.610737e+03 9.608380e+03 9.636140e+03 9.582977e+03
9.583978e+03 9.624084e+03 9.612901e+03 9.595161e+03
9.535216e+03 9.630282e+03 9.598104e+03 9.567393e+03
9.606857e+03 9.625294e+03 9.601677e+03 9.630475e+03
9.664794e+03 9.608003e+03 9.636071e+03 9.636727e+03
9.681367e+03 9.608053e+03 9.636994e+03 9.652426e+03
9.653627e+03 9.608102e+03 9.628493e+03 9.633236e+03
9.552094e+03 9.629965e+03 9.592595e+03 9.589464e+03
9.608791e+03 9.630575e+03 9.593517e+03 9.645849e+03
9.587063e+03 9.620000e+03 9.614091e+03 9.592973e+03
9.559901e+03 9.618934e+03 9.620877e+03 9.557958e+03
9.673480e+03 9.630732e+03 9.603254e+03 9.700958e+03
9.569393e+03 9.630785e+03 9.591840e+03 9.608338e+03
9.759032e+03 9.609024e+03 9.632293e+03 9.735763e+03
9.687078e+03 9.608516e+03 9.628369e+03 9.667225e+03
9.632675e+03 9.608567e+03 9.622789e+03 9.618453e+03
9.539501e+03 9.611782e+03 9.625752e+03 9.525531e+03
9.745713e+03 9.613031e+03 9.629182e+03 9.729561e+03
9.578650e+03 9.612094e+03 9.625240e+03 9.565504e+03
9.627517e+03 9.608756e+03 9.610283e+03 9.625990e+03
9.569525e+03 9.608802e+03 9.605284e+03 9.573044e+03
9.630783e+03 9.608845e+03 9.613404e+03 9.626224e+03
9.543867e+03 9.612048e+03 9.625598e+03 9.530317e+03
9.575935e+03 9.613285e+03 9.629044e+03 9.560176e+03
9.615548e+03 9.612342e+03 9.620458e+03 9.607431e+03
9.502028e+03 9.608996e+03 9.605184e+03 9.505839e+03
9.565030e+03 9.610011e+03 9.607998e+03 9.567043e+03
9.656501e+03 9.613426e+03 9.625884e+03 9.644043e+03
9.611515e+03 9.613457e+03 9.628963e+03 9.596008e+03
9.608011e+03 9.610322e+03 9.616335e+03 9.601998e+03
9.699181e+03 9.609148e+03 9.611539e+03 9.696790e+03
9.493051e+03 9.609170e+03 9.614065e+03 9.488156e+03
9.597427e+03 9.609189e+03 9.624111e+03 9.582504e+03
9.584845e+03 9.609206e+03 9.624620e+03 9.569430e+03
9.690506e+03 9.614257e+03 9.617083e+03 9.687679e+03
9.685061e+03 9.631608e+03 9.591136e+03 9.725532e+03
9.535518e+03 9.631617e+03 9.591144e+03 9.575990e+03
9.698038e+03 9.615405e+03 9.622549e+03 9.690894e+03
9.609579e+03 9.609258e+03 9.631421e+03 9.587416e+03
9.593668e+03 9.609261e+03 9.625442e+03 9.577487e+03
9.564131e+03 9.609261e+03 9.616414e+03 9.556979e+03
9.633922e+03 9.613518e+03 9.628693e+03 9.618747e+03
9.722841e+03 9.613626e+03 9.622767e+03 9.713700e+03
9.629629e+03 9.611550e+03 9.614352e+03 9.626827e+03
9.628812e+03 9.611325e+03 9.611211e+03 9.628926e+03
9.562888e+03 9.613610e+03 9.617835e+03 9.558663e+03
9.613839e+03 9.613602e+03 9.630144e+03 9.597297e+03
9.617024e+03 9.609339e+03 9.613976e+03 9.612387e+03
9.604423e+03 9.614252e+03 9.606027e+03 9.612648e+03
9.616834e+03 9.631575e+03 9.585439e+03 9.662970e+03
9.626351e+03 9.631557e+03 9.589922e+03 9.667986e+03
9.559715e+03 9.615317e+03 9.616374e+03 9.558658e+03
9.586235e+03 9.609147e+03 9.628304e+03 9.567078e+03
9.687353e+03 9.612292e+03 9.634826e+03 9.664818e+03
9.580738e+03 9.613472e+03 9.630148e+03 9.564062e+03
9.660051e+03 9.612468e+03 9.627223e+03 9.645295e+03
9.691865e+03 9.609065e+03 9.613751e+03 9.687180e+03
9.510236e+03 9.630858e+03 9.581537e+03 9.559557e+03
9.651723e+03 9.631393e+03 9.590301e+03 9.692815e+03
9.617556e+03 9.620739e+03 9.613992e+03 9.624303e+03
9.669152e+03 9.625184e+03 9.612485e+03 9.681851e+03
9.604407e+03 9.631304e+03 9.603311e+03 9.632401e+03
9.634356e+03 9.626237e+03 9.601710e+03 9.658883e+03
9.654081e+03 9.608868e+03 9.635002e+03 9.627947e+03
9.687114e+03 9.608834e+03 9.635029e+03 9.660920e+03
9.590994e+03 9.608797e+03 9.620351e+03 9.579440e+03
9.693693e+03 9.608759e+03 9.617014e+03 9.685438e+03
9.649630e+03 9.610794e+03 9.623021e+03 9.637403e+03
9.548353e+03 9.613042e+03 9.626614e+03 9.534780e+03
9.665691e+03 9.612998e+03 9.623283e+03 9.655406e+03
9.601214e+03 9.608699e+03 9.606345e+03 9.603568e+03
9.584303e+03 9.612802e+03 9.618210e+03 9.578895e+03
9.593274e+03 9.612867e+03 9.623889e+03 9.582253e+03
9.647812e+03 9.610750e+03 9.621546e+03 9.637016e+03
9.631911e+03 9.608415e+03 9.609387e+03 9.630939e+03
9.583193e+03 9.608370e+03 9.606046e+03 9.585517e+03
9.591010e+03 9.608319e+03 9.617032e+03 9.582297e+03
9.618659e+03 9.612525e+03 9.629611e+03 9.601573e+03
9.649574e+03 9.612586e+03 9.630368e+03 9.631792e+03
9.529379e+03 9.610462e+03 9.623560e+03 9.516281e+03
9.582670e+03 9.608112e+03 9.614459e+03 9.576324e+03
9.580336e+03 9.624274e+03 9.590218e+03 9.614391e+03
9.645678e+03 9.630369e+03 9.588948e+03 9.687099e+03
9.575511e+03 9.625280e+03 9.595628e+03 9.605163e+03
9.590530e+03 9.607883e+03 9.629219e+03 9.569194e+03
9.751158e+03 9.612076e+03 9.641520e+03 9.721714e+03
9.715566e+03 9.612126e+03 9.631961e+03 9.695732e+03
9.632324e+03 9.609996e+03 9.615536e+03 9.626785e+03
9.615291e+03 9.607644e+03 9.606422e+03 9.616513e+03
9.607822e+03 9.610742e+03 9.615578e+03 9.602986e+03
9.654942e+03 9.611878e+03 9.631820e+03 9.635000e+03
9.658559e+03 9.610835e+03 9.628252e+03 9.641141e+03
9.657935e+03 9.618019e+03 9.598877e+03 9.677077e+03
9.470288e+03 9.629703e+03 9.581321e+03 9.518671e+03
9.563734e+03 9.629639e+03 9.591291e+03 9.602083e+03
9.665462e+03 9.607761e+03 9.636673e+03 9.636550e+03
9.633955e+03 9.617769e+03 9.621863e+03 9.629861e+03
9.550024e+03 9.629453e+03 9.594111e+03 9.585366e+03
9.622313e+03 9.629391e+03 9.586243e+03 9.665462e+03
9.611833e+03 9.608500e+03 9.631317e+03 9.589016e+03
9.651211e+03 9.611267e+03 9.642164e+03 9.620315e+03
9.632146e+03 9.611212e+03 9.636629e+03 9.606729e+03
9.645844e+03 9.607995e+03 9.617893e+03 9.635945e+03
9.598893e+03 9.606743e+03 9.613533e+03 9.592103e+03
9.613862e+03 9.606693e+03 9.617500e+03 9.603055e+03
9.576609e+03 9.606643e+03 9.626211e+03 9.557042e+03
9.603603e+03 9.622816e+03 9.601936e+03 9.624483e+03
9.610234e+03 9.628922e+03 9.593610e+03 9.645546e+03
9.707184e+03 9.623840e+03 9.604333e+03 9.726691e+03
9.495072e+03 9.606456e+03 9.637905e+03 9.463623e+03
9.611409e+03 9.628230e+03 9.605670e+03 9.633969e+03
9.432178e+03 9.628754e+03 9.597797e+03 9.463135e+03
9.596484e+03 9.618094e+03 9.615152e+03 9.599426e+03
9.625350e+03 9.622535e+03 9.613609e+03 9.634275e+03
9.634797e+03 9.628654e+03 9.604400e+03 9.659051e+03
9.579208e+03 9.623586e+03 9.602770e+03 9.600024e+03
9.632796e+03 9.606216e+03 9.636452e+03 9.602559e+03
9.590406e+03 9.606187e+03 9.637879e+03 9.558715e+03
9.594519e+03 9.606161e+03 9.629415e+03 9.571265e+03
9.527963e+03 9.622357e+03 9.601922e+03 9.548398e+03
9.573723e+03 9.628486e+03 9.592704e+03 9.609505e+03
9.649396e+03 9.623431e+03 9.602856e+03 9.669971e+03
9.609028e+03 9.606073e+03 9.637843e+03 9.577258e+03
9.648812e+03 9.606055e+03 9.637834e+03 9.617033e+03
9.571047e+03 9.622259e+03 9.605087e+03 9.588220e+03
9.593977e+03 9.628400e+03 9.592655e+03 9.629722e+03
9.603607e+03 9.623356e+03 9.602386e+03 9.624577e+03
9.613398e+03 9.606004e+03 9.631291e+03 9.588112e+03
9.547855e+03 9.605993e+03 9.629520e+03 9.524328e+03
9.632430e+03 9.606965e+03 9.623886e+03 9.615508e+03
9.609954e+03 9.610338e+03 9.630423e+03 9.589870e+03
9.689454e+03 9.610331e+03 9.630414e+03 9.669371e+03
9.663409e+03 9.607160e+03 9.618199e+03 9.652371e+03
9.674354e+03 9.605958e+03 9.614827e+03 9.665485e+03
9.625722e+03 9.605956e+03 9.617341e+03 9.614336e+03
9.664651e+03 9.622173e+03 9.601762e+03 9.685063e+03
9.573047e+03 9.628324e+03 9.593882e+03 9.607489e+03
9.647514e+03 9.623290e+03 9.604123e+03 9.666681e+03
9.604289e+03 9.610985e+03 9.630141e+03 9.585133e+03
9.716027e+03 9.628322e+03 9.604184e+03 9.740165e+03
9.574025e+03 9.628320e+03 9.596596e+03 9.605750e+03
9.554096e+03 9.612100e+03 9.625746e+03 9.540449e+03
9.640774e+03 9.605947e+03 9.637647e+03 9.609075e+03
9.611379e+03 9.627762e+03 9.602365e+03 9.636777e+03
9.588078e+03 9.628324e+03 9.592478e+03 9.623924e+03
9.600925e+03 9.617700e+03 9.613041e+03 9.605584e+03
9.678763e+03 9.605957e+03 9.635767e+03 9.648953e+03
9.668284e+03 9.605961e+03 9.632712e+03 9.641533e+03
9.600879e+03 9.605966e+03 9.617962e+03 9.588883e+03
9.653522e+03 9.605972e+03 9.617661e+03 9.641833e+03
9.631476e+03 9.610232e+03 9.629921e+03 9.611787e+03
9.566097e+03 9.610348e+03 9.630225e+03 9.546220e+03
9.669437e+03 9.608283e+03 9.623285e+03 9.654434e+03
9.635167e+03 9.606001e+03 9.614646e+03 9.626522e+03
9.658651e+03 9.611045e+03 9.607102e+03 9.662594e+03
9.656423e+03 9.628395e+03 9.592094e+03 9.692724e+03
9.676171e+03 9.628406e+03 9.593701e+03 9.710876e+03
9.640529e+03 9.612199e+03 9.625593e+03 9.627136e+03
9.652895e+03 9.611096e+03 9.629954e+03 9.634036e+03
9.555998e+03 9.628450e+03 9.601364e+03 9.583084e+03
9.564733e+03 9.628467e+03 9.593186e+03 9.600014e+03
9.621904e+03 9.612264e+03 9.625540e+03 9.608629e+03
9.664869e+03 9.606131e+03 9.637434e+03 9.633567e+03
9.616184e+03 9.627966e+03 9.602143e+03 9.642007e+03
9.578606e+03 9.628549e+03 9.592247e+03 9.614908e+03
9.592229e+03 9.617947e+03 9.612800e+03 9.597375e+03
9.603927e+03 9.606228e+03 9.637316e+03 9.572839e+03
9.664997e+03 9.606258e+03 9.637341e+03 9.633914e+03
9.644209e+03 9.616916e+03 9.610040e+03 9.651086e+03
9.555479e+03 9.628694e+03 9.593026e+03 9.591146e+03
9.578865e+03 9.628727e+03 9.593975e+03 9.613618e+03
9.658020e+03 9.606953e+03 9.636172e+03 9.628800e+03
9.539646e+03 9.628247e+03 9.604579e+03 9.563314e+03
9.596701e+03 9.628847e+03 9.598178e+03 9.627370e+03
9.660867e+03 9.618262e+03 9.612603e+03 9.666526e+03
9.586277e+03 9.606566e+03 9.635306e+03 9.557537e+03
9.590462e+03 9.606619e+03 9.633825e+03 9.563256e+03
9.656008e+03 9.606675e+03 9.617441e+03 9.645242e+03
9.587458e+03 9.606735e+03 9.617115e+03 9.577078e+03
9.553744e+03 9.609963e+03 9.626206e+03 9.537502e+03
9.649001e+03 9.611231e+03 9.631430e+03 9.628802e+03
9.656944e+03 9.610320e+03 9.627518e+03 9.639747e+03
9.670448e+03 9.617631e+03 9.598093e+03 9.689986e+03
9.660954e+03 9.629441e+03 9.580490e+03 9.709905e+03
9.649090e+03 9.629511e+03 9.588605e+03 9.689996e+03
9.597498e+03 9.607784e+03 9.633863e+03 9.571419e+03
9.608256e+03 9.607296e+03 9.634914e+03 9.580637e+03
9.602537e+03 9.607369e+03 9.630687e+03 9.579219e+03
9.591091e+03 9.607455e+03 9.625029e+03 9.573517e+03
9.586111e+03 9.612573e+03 9.617456e+03 9.581228e+03
9.577208e+03 9.629991e+03 9.591476e+03 9.615722e+03
