1.023301e+04 1.027566e+04 1.027398e+04 1.023468e+04
1.024202e+04 1.028572e+04 1.026018e+04 1.026756e+04
1.021283e+04 1.028581e+04 1.026046e+04 1.023818e+04
1.026002e+04 1.026737e+04 1.028857e+04 1.023882e+04
1.029492e+04 1.028185e+04 1.031054e+04 1.026622e+04
1.021228e+04 1.028231e+04 1.030538e+04 1.018922e+04
1.034725e+04 1.027516e+04 1.029052e+04 1.033188e+04
1.028654e+04 1.026723e+04 1.028130e+04 1.027247e+04
1.032122e+04 1.027837e+04 1.030755e+04 1.029203e+04
1.034092e+04 1.028264e+04 1.028378e+04 1.033979e+04
1.029549e+04 1.027929e+04 1.027915e+04 1.029563e+04
1.033556e+04 1.027657e+04 1.026563e+04 1.034650e+04
1.018375e+04 1.028661e+04 1.026597e+04 1.020440e+04
1.035530e+04 1.028669e+04 1.024367e+04 1.039832e+04
1.027134e+04 1.026826e+04 1.026315e+04 1.027644e+04
1.024348e+04 1.027892e+04 1.028572e+04 1.023668e+04
1.033335e+04 1.028319e+04 1.030695e+04 1.030960e+04
1.024353e+04 1.027984e+04 1.029646e+04 1.022690e+04
1.030811e+04 1.027711e+04 1.026990e+04 1.031532e+04
1.030764e+04 1.028715e+04 1.026629e+04 1.032850e+04
1.026929e+04 1.028722e+04 1.024418e+04 1.031234e+04
1.022410e+04 1.026878e+04 1.026359e+04 1.022929e+04
1.028000e+04 1.026838e+04 1.027047e+04 1.027791e+04
1.024471e+04 1.026845e+04 1.028569e+04 1.022746e+04
1.027762e+04 1.026852e+04 1.027917e+04 1.026698e+04
1.031983e+04 1.028346e+04 1.030020e+04 1.030309e+04
1.028719e+04 1.028391e+04 1.031116e+04 1.025994e+04
1.028734e+04 1.027673e+04 1.030291e+04 1.026116e+04
1.020412e+04 1.026879e+04 1.029350e+04 1.017942e+04
1.029702e+04 1.028737e+04 1.026728e+04 1.031711e+04
1.021327e+04 1.028791e+04 1.023641e+04 1.026478e+04
1.023568e+04 1.027895e+04 1.024917e+04 1.026547e+04
1.031208e+04 1.027332e+04 1.027102e+04 1.031437e+04
1.021121e+04 1.028810e+04 1.026446e+04 1.023485e+04
1.031481e+04 1.028816e+04 1.025226e+04 1.035070e+04
1.029205e+04 1.027445e+04 1.027261e+04 1.029389e+04
1.035269e+04 1.026928e+04 1.028548e+04 1.033650e+04
1.038578e+04 1.026934e+04 1.028822e+04 1.036690e+04
1.024007e+04 1.027841e+04 1.026574e+04 1.025274e+04
1.024279e+04 1.028843e+04 1.025156e+04 1.027966e+04
1.022909e+04 1.028848e+04 1.025924e+04 1.025834e+04
1.028245e+04 1.027002e+04 1.028997e+04 1.026250e+04
1.021752e+04 1.028810e+04 1.026441e+04 1.024122e+04
1.021249e+04 1.028862e+04 1.025773e+04 1.024338e+04
1.025798e+04 1.027965e+04 1.026469e+04 1.027294e+04
1.026587e+04 1.026972e+04 1.027961e+04 1.025598e+04
1.035188e+04 1.026976e+04 1.028995e+04 1.033169e+04
1.028213e+04 1.027322e+04 1.028285e+04 1.027251e+04
1.020504e+04 1.028508e+04 1.029917e+04 1.019096e+04
1.025742e+04 1.028511e+04 1.030416e+04 1.023838e+04
1.032325e+04 1.027408e+04 1.029672e+04 1.030061e+04
1.032457e+04 1.026991e+04 1.029172e+04 1.030277e+04
1.027269e+04 1.026994e+04 1.028468e+04 1.025795e+04
1.034244e+04 1.027340e+04 1.026548e+04 1.035035e+04
1.021615e+04 1.028524e+04 1.028213e+04 1.021926e+04
1.031863e+04 1.028526e+04 1.030181e+04 1.030208e+04
1.023138e+04 1.027421e+04 1.029626e+04 1.020933e+04
1.034629e+04 1.027003e+04 1.029127e+04 1.032505e+04
1.027568e+04 1.028110e+04 1.029988e+04 1.025691e+04
1.011603e+04 1.028531e+04 1.028178e+04 1.011956e+04
1.025552e+04 1.028189e+04 1.027769e+04 1.025971e+04
1.034362e+04 1.027007e+04 1.028353e+04 1.033016e+04
1.017349e+04 1.027008e+04 1.029097e+04 1.015260e+04
1.021311e+04 1.027008e+04 1.026851e+04 1.021468e+04
1.032943e+04 1.027008e+04 1.025996e+04 1.033955e+04
1.018457e+04 1.027008e+04 1.026605e+04 1.018859e+04
1.028001e+04 1.028384e+04 1.026766e+04 1.029619e+04
1.025580e+04 1.028906e+04 1.026025e+04 1.028461e+04
1.034990e+04 1.028477e+04 1.026666e+04 1.036802e+04
1.030179e+04 1.027005e+04 1.028880e+04 1.028304e+04
1.023158e+04 1.027004e+04 1.028878e+04 1.021284e+04
1.013292e+04 1.027002e+04 1.027975e+04 1.012319e+04
1.016558e+04 1.027726e+04 1.028657e+04 1.015627e+04
1.019245e+04 1.028525e+04 1.030030e+04 1.017741e+04
1.034437e+04 1.028524e+04 1.030859e+04 1.032102e+04
1.025816e+04 1.027035e+04 1.029114e+04 1.023736e+04
1.035192e+04 1.028482e+04 1.031174e+04 1.032500e+04
1.032038e+04 1.028518e+04 1.029760e+04 1.030796e+04
1.025485e+04 1.027792e+04 1.027287e+04 1.025990e+04
1.031467e+04 1.026989e+04 1.026349e+04 1.032107e+04
1.034941e+04 1.028363e+04 1.027060e+04 1.036244e+04
1.032504e+04 1.028883e+04 1.023377e+04 1.038010e+04
1.012563e+04 1.028453e+04 1.023946e+04 1.017070e+04
1.031141e+04 1.026979e+04 1.027459e+04 1.030661e+04
1.038948e+04 1.027320e+04 1.029378e+04 1.036890e+04
1.023981e+04 1.028500e+04 1.030151e+04 1.022330e+04
1.045226e+04 1.028498e+04 1.029812e+04 1.043911e+04
1.032919e+04 1.027389e+04 1.028759e+04 1.031549e+04
1.020050e+04 1.027869e+04 1.027824e+04 1.020095e+04
1.023975e+04 1.028863e+04 1.025722e+04 1.027117e+04
1.033185e+04 1.028861e+04 1.023329e+04 1.038717e+04
1.043680e+04 1.027434e+04 1.025518e+04 1.045597e+04
1.029910e+04 1.028856e+04 1.025489e+04 1.033276e+04
1.020551e+04 1.028853e+04 1.025654e+04 1.023750e+04
1.032670e+04 1.027473e+04 1.027080e+04 1.033064e+04
1.013799e+04 1.026948e+04 1.027872e+04 1.012876e+04
1.028819e+04 1.026946e+04 1.028641e+04 1.027124e+04
1.044556e+04 1.026943e+04 1.027711e+04 1.043788e+04
1.028455e+04 1.026940e+04 1.027718e+04 1.027677e+04
1.030023e+04 1.028425e+04 1.030605e+04 1.027843e+04
1.033371e+04 1.028460e+04 1.030961e+04 1.030870e+04
1.039124e+04 1.027733e+04 1.030121e+04 1.036737e+04
1.036696e+04 1.027654e+04 1.030215e+04 1.034135e+04
1.028500e+04 1.028453e+04 1.031357e+04 1.025596e+04
1.032006e+04 1.028450e+04 1.028350e+04 1.032106e+04
1.014650e+04 1.026961e+04 1.026538e+04 1.015073e+04
1.022225e+04 1.026921e+04 1.027796e+04 1.021349e+04
1.026210e+04 1.026918e+04 1.027766e+04 1.025362e+04
1.016084e+04 1.027640e+04 1.027177e+04 1.016548e+04
1.032415e+04 1.028439e+04 1.028320e+04 1.032535e+04
1.023661e+04 1.028437e+04 1.030986e+04 1.021112e+04
1.019396e+04 1.026948e+04 1.029321e+04 1.017022e+04
1.021672e+04 1.027335e+04 1.028684e+04 1.020323e+04
1.017222e+04 1.028804e+04 1.025146e+04 1.020880e+04
1.028147e+04 1.028802e+04 1.023534e+04 1.033416e+04
1.022818e+04 1.027424e+04 1.025619e+04 1.024623e+04
1.029367e+04 1.027625e+04 1.030099e+04 1.026893e+04
1.030118e+04 1.028424e+04 1.031033e+04 1.027509e+04
1.023672e+04 1.028422e+04 1.030081e+04 1.022014e+04
1.031990e+04 1.026934e+04 1.028349e+04 1.030574e+04
1.029202e+04 1.027237e+04 1.029578e+04 1.026861e+04
1.034888e+04 1.028418e+04 1.030089e+04 1.033217e+04
1.027956e+04 1.028417e+04 1.028478e+04 1.027895e+04
1.026330e+04 1.027310e+04 1.027194e+04 1.026446e+04
1.034218e+04 1.028741e+04 1.026753e+04 1.036207e+04
1.020808e+04 1.028788e+04 1.026071e+04 1.023524e+04
1.034857e+04 1.027885e+04 1.025046e+04 1.037695e+04
1.027290e+04 1.026887e+04 1.026560e+04 1.027617e+04
1.021205e+04 1.028738e+04 1.025929e+04 1.024013e+04
1.021601e+04 1.028784e+04 1.025411e+04 1.024975e+04
1.021679e+04 1.027882e+04 1.026751e+04 1.022810e+04
1.038069e+04 1.027991e+04 1.030336e+04 1.035724e+04
1.024095e+04 1.028410e+04 1.031503e+04 1.021002e+04
1.026762e+04 1.028067e+04 1.029899e+04 1.024930e+04
1.027901e+04 1.026885e+04 1.028493e+04 1.026293e+04
1.024081e+04 1.026885e+04 1.029011e+04 1.021955e+04
1.031016e+04 1.026886e+04 1.027340e+04 1.030561e+04
1.018085e+04 1.027313e+04 1.025895e+04 1.019503e+04
1.017996e+04 1.028785e+04 1.024436e+04 1.022345e+04
1.027657e+04 1.028785e+04 1.026556e+04 1.029886e+04
1.027320e+04 1.027409e+04 1.028638e+04 1.026091e+04
1.031159e+04 1.027789e+04 1.028157e+04 1.030791e+04
1.023931e+04 1.028787e+04 1.026476e+04 1.026243e+04
1.027691e+04 1.028789e+04 1.025519e+04 1.030961e+04
1.023820e+04 1.027366e+04 1.027710e+04 1.023476e+04
1.031624e+04 1.028791e+04 1.026482e+04 1.033933e+04
1.024328e+04 1.028792e+04 1.026192e+04 1.026928e+04
1.030906e+04 1.027416e+04 1.027619e+04 1.030703e+04
1.035783e+04 1.026895e+04 1.028411e+04 1.034266e+04
1.014104e+04 1.026896e+04 1.029179e+04 1.011820e+04
1.023788e+04 1.027325e+04 1.027643e+04 1.023470e+04
1.017466e+04 1.028797e+04 1.025566e+04 1.020697e+04
1.028328e+04 1.028799e+04 1.026346e+04 1.030781e+04
1.023222e+04 1.027424e+04 1.028718e+04 1.021928e+04
1.034375e+04 1.026903e+04 1.029507e+04 1.031770e+04
1.037608e+04 1.027331e+04 1.028626e+04 1.036313e+04
1.026244e+04 1.028804e+04 1.025583e+04 1.029465e+04
1.032667e+04 1.028806e+04 1.025585e+04 1.035888e+04
1.021249e+04 1.027430e+04 1.028435e+04 1.020244e+04
1.038147e+04 1.026909e+04 1.029518e+04 1.035539e+04
1.033976e+04 1.026910e+04 1.029240e+04 1.031647e+04
1.038686e+04 1.028018e+04 1.029842e+04 1.036862e+04
1.042855e+04 1.028439e+04 1.030437e+04 1.040857e+04
1.037039e+04 1.028097e+04 1.030811e+04 1.034325e+04
1.027200e+04 1.026916e+04 1.029720e+04 1.024396e+04
1.032863e+04 1.026917e+04 1.029720e+04 1.030060e+04
1.029354e+04 1.027346e+04 1.026873e+04 1.029827e+04
1.018768e+04 1.028819e+04 1.023942e+04 1.023645e+04
1.028541e+04 1.028820e+04 1.024555e+04 1.032806e+04
1.027571e+04 1.027444e+04 1.028740e+04 1.026276e+04
1.024273e+04 1.028300e+04 1.027579e+04 1.024993e+04
1.027180e+04 1.028823e+04 1.026561e+04 1.029442e+04
1.027286e+04 1.028397e+04 1.026241e+04 1.029443e+04
1.030390e+04 1.026926e+04 1.028457e+04 1.028859e+04
1.031273e+04 1.027829e+04 1.027957e+04 1.031145e+04
1.028112e+04 1.028827e+04 1.025940e+04 1.030999e+04
1.028321e+04 1.028828e+04 1.025598e+04 1.031552e+04
1.033084e+04 1.026978e+04 1.028627e+04 1.031435e+04
1.031520e+04 1.026931e+04 1.029527e+04 1.028924e+04
1.037609e+04 1.026932e+04 1.028936e+04 1.035605e+04
1.034570e+04 1.026933e+04 1.028283e+04 1.033221e+04
1.026560e+04 1.027659e+04 1.029307e+04 1.024912e+04
1.041212e+04 1.028461e+04 1.031482e+04 1.038191e+04
1.034692e+04 1.028462e+04 1.031508e+04 1.031646e+04
1.028117e+04 1.026975e+04 1.029763e+04 1.025330e+04
1.035279e+04 1.026939e+04 1.029718e+04 1.032500e+04
1.021117e+04 1.028317e+04 1.026301e+04 1.023132e+04
1.025248e+04 1.028840e+04 1.023938e+04 1.030150e+04
1.025850e+04 1.028414e+04 1.024581e+04 1.029683e+04
1.029378e+04 1.026943e+04 1.029452e+04 1.026869e+04
1.024414e+04 1.028322e+04 1.027572e+04 1.025164e+04
1.020454e+04 1.028845e+04 1.025930e+04 1.023369e+04
1.027129e+04 1.028419e+04 1.026230e+04 1.029318e+04
1.032227e+04 1.026949e+04 1.028686e+04 1.030490e+04
1.025116e+04 1.027853e+04 1.028238e+04 1.024730e+04
1.015763e+04 1.028852e+04 1.025925e+04 1.018690e+04
1.024204e+04 1.028853e+04 1.025581e+04 1.027477e+04
1.019273e+04 1.027004e+04 1.028608e+04 1.017669e+04
1.023936e+04 1.026958e+04 1.029506e+04 1.021388e+04
1.041654e+04 1.026960e+04 1.028913e+04 1.039702e+04
1.037340e+04 1.028814e+04 1.025639e+04 1.040516e+04
1.028163e+04 1.028864e+04 1.025569e+04 1.031458e+04
1.029000e+04 1.027964e+04 1.027968e+04 1.028996e+04
1.033598e+04 1.027872e+04 1.028218e+04 1.033252e+04
1.032437e+04 1.028872e+04 1.026805e+04 1.034504e+04
1.028088e+04 1.028874e+04 1.025589e+04 1.031373e+04
1.028540e+04 1.027026e+04 1.028342e+04 1.027224e+04
1.022424e+04 1.026981e+04 1.028918e+04 1.020488e+04
1.029746e+04 1.026984e+04 1.028884e+04 1.027847e+04
1.022555e+04 1.026988e+04 1.028226e+04 1.021317e+04
1.033601e+04 1.027335e+04 1.028706e+04 1.032230e+04
1.027230e+04 1.028521e+04 1.031417e+04 1.024335e+04
1.037240e+04 1.028525e+04 1.031439e+04 1.034327e+04
1.026767e+04 1.027424e+04 1.030137e+04 1.024053e+04
1.024940e+04 1.028859e+04 1.027023e+04 1.026776e+04
1.038518e+04 1.028911e+04 1.026256e+04 1.041173e+04
1.017789e+04 1.028013e+04 1.025211e+04 1.020592e+04
1.019118e+04 1.027021e+04 1.026706e+04 1.019433e+04
1.027143e+04 1.027025e+04 1.028677e+04 1.025491e+04
1.028001e+04 1.027030e+04 1.028209e+04 1.026822e+04
1.026807e+04 1.027035e+04 1.028172e+04 1.025669e+04
1.025459e+04 1.028416e+04 1.026729e+04 1.027147e+04
1.030501e+04 1.028943e+04 1.026547e+04 1.032897e+04
1.015049e+04 1.028522e+04 1.027185e+04 1.016386e+04
1.034870e+04 1.027057e+04 1.029394e+04 1.032533e+04
