1.114883e+04 1.109383e+04 1.103911e+04 1.120355e+04
1.105757e+04 1.109369e+04 1.106188e+04 1.108937e+04
1.100147e+04 1.109354e+04 1.104933e+04 1.104568e+04
1.108435e+04 1.109338e+04 1.103626e+04 1.114146e+04
1.112303e+04 1.109321e+04 1.108463e+04 1.113160e+04
1.114473e+04 1.114221e+04 1.115511e+04 1.113183e+04
1.136124e+04 1.118652e+04 1.118826e+04 1.135950e+04
1.111304e+04 1.118397e+04 1.120054e+04 1.109647e+04
1.104325e+04 1.109244e+04 1.111899e+04 1.101670e+04
1.115420e+04 1.109226e+04 1.111807e+04 1.112840e+04
1.108251e+04 1.109204e+04 1.110581e+04 1.106874e+04
1.109996e+04 1.109177e+04 1.111505e+04 1.107668e+04
1.110660e+04 1.109149e+04 1.111288e+04 1.108520e+04
1.104974e+04 1.109120e+04 1.111271e+04 1.102823e+04
1.097975e+04 1.109091e+04 1.111177e+04 1.095889e+04
1.106308e+04 1.109062e+04 1.111097e+04 1.104274e+04
1.114506e+04 1.109033e+04 1.111029e+04 1.112510e+04
1.109019e+04 1.109005e+04 1.110363e+04 1.107661e+04
1.098096e+04 1.108976e+04 1.110922e+04 1.096151e+04
1.110499e+04 1.108949e+04 1.110890e+04 1.108557e+04
1.116096e+04 1.108923e+04 1.118871e+04 1.106147e+04
1.133310e+04 1.108898e+04 1.122318e+04 1.119890e+04
1.119771e+04 1.108874e+04 1.119216e+04 1.109429e+04
1.115725e+04 1.108853e+04 1.113426e+04 1.111151e+04
1.113916e+04 1.109770e+04 1.109878e+04 1.113807e+04
1.120957e+04 1.119122e+04 1.111753e+04 1.128326e+04
1.112326e+04 1.122855e+04 1.111389e+04 1.123792e+04
1.105546e+04 1.117218e+04 1.105508e+04 1.117257e+04
1.112096e+04 1.108773e+04 1.100448e+04 1.120421e+04
1.100700e+04 1.108763e+04 1.103074e+04 1.106389e+04
1.094676e+04 1.108754e+04 1.102161e+04 1.101269e+04
1.112863e+04 1.108748e+04 1.101156e+04 1.120455e+04
1.109864e+04 1.108743e+04 1.106422e+04 1.112184e+04
1.114750e+04 1.113659e+04 1.113744e+04 1.114665e+04
1.118034e+04 1.118108e+04 1.117199e+04 1.118943e+04
1.123182e+04 1.117872e+04 1.118641e+04 1.122413e+04
1.126952e+04 1.108733e+04 1.110519e+04 1.125166e+04
1.115336e+04 1.108730e+04 1.110557e+04 1.113509e+04
1.115266e+04 1.108727e+04 1.109558e+04 1.114435e+04
1.109403e+04 1.108727e+04 1.110624e+04 1.107506e+04
1.108968e+04 1.108727e+04 1.110553e+04 1.107142e+04
1.107694e+04 1.108727e+04 1.110867e+04 1.105553e+04
1.111351e+04 1.108727e+04 1.110869e+04 1.109210e+04
1.108803e+04 1.108728e+04 1.110459e+04 1.107071e+04
1.110030e+04 1.108726e+04 1.110459e+04 1.108298e+04
1.114099e+04 1.108723e+04 1.109944e+04 1.112878e+04
1.111068e+04 1.108719e+04 1.110600e+04 1.109187e+04
1.110047e+04 1.108717e+04 1.110584e+04 1.108181e+04
1.114113e+04 1.108715e+04 1.118525e+04 1.104303e+04
1.123301e+04 1.108713e+04 1.122162e+04 1.109853e+04
1.120452e+04 1.108711e+04 1.119253e+04 1.109910e+04
1.094569e+04 1.108710e+04 1.113477e+04 1.089803e+04
1.112722e+04 1.109414e+04 1.109730e+04 1.112406e+04
1.110503e+04 1.118784e+04 1.111663e+04 1.117624e+04
1.104216e+04 1.122765e+04 1.111394e+04 1.115586e+04
1.102480e+04 1.117376e+04 1.105715e+04 1.114141e+04
1.106233e+04 1.108707e+04 1.100429e+04 1.114511e+04
1.102233e+04 1.108707e+04 1.103039e+04 1.107901e+04
1.110517e+04 1.108708e+04 1.102133e+04 1.117092e+04
1.109469e+04 1.108709e+04 1.101157e+04 1.117021e+04
1.098776e+04 1.108710e+04 1.106588e+04 1.100898e+04
1.112377e+04 1.113632e+04 1.113916e+04 1.112092e+04
1.110837e+04 1.118085e+04 1.117169e+04 1.111753e+04
1.110145e+04 1.117853e+04 1.118616e+04 1.109382e+04
1.108041e+04 1.108719e+04 1.110298e+04 1.106462e+04
1.103471e+04 1.108722e+04 1.110298e+04 1.101896e+04
1.106011e+04 1.108725e+04 1.109327e+04 1.105409e+04
1.108689e+04 1.108728e+04 1.110468e+04 1.106949e+04
1.118384e+04 1.108730e+04 1.110627e+04 1.116486e+04
1.112770e+04 1.108732e+04 1.110691e+04 1.110811e+04
1.111597e+04 1.108735e+04 1.110693e+04 1.109639e+04
1.103928e+04 1.108739e+04 1.110697e+04 1.101970e+04
1.107386e+04 1.108743e+04 1.110743e+04 1.105385e+04
1.115192e+04 1.108745e+04 1.109776e+04 1.114160e+04
1.116016e+04 1.108745e+04 1.110755e+04 1.114005e+04
1.119436e+04 1.108745e+04 1.110698e+04 1.117484e+04
1.118030e+04 1.108746e+04 1.118249e+04 1.108527e+04
1.130719e+04 1.108748e+04 1.122219e+04 1.117248e+04
1.125474e+04 1.108750e+04 1.119658e+04 1.114566e+04
1.103413e+04 1.108755e+04 1.113877e+04 1.098291e+04
1.108265e+04 1.108995e+04 1.109707e+04 1.107553e+04
1.117828e+04 1.118374e+04 1.111741e+04 1.124462e+04
1.114017e+04 1.122834e+04 1.111655e+04 1.125196e+04
1.101446e+04 1.117926e+04 1.106380e+04 1.112993e+04
1.085495e+04 1.108806e+04 1.100645e+04 1.093656e+04
1.080238e+04 1.108826e+04 1.103276e+04 1.085787e+04
1.095105e+04 1.108850e+04 1.102390e+04 1.101565e+04
1.107863e+04 1.108879e+04 1.101413e+04 1.115329e+04
1.102237e+04 1.108914e+04 1.106864e+04 1.104287e+04
1.109765e+04 1.113875e+04 1.114235e+04 1.109405e+04
1.120750e+04 1.118374e+04 1.117597e+04 1.121527e+04
1.116202e+04 1.118194e+04 1.119060e+04 1.115337e+04
1.101496e+04 1.109121e+04 1.110978e+04 1.099638e+04
1.103300e+04 1.109192e+04 1.110989e+04 1.101502e+04
1.115939e+04 1.109271e+04 1.109956e+04 1.115253e+04
1.112596e+04 1.109359e+04 1.110927e+04 1.111027e+04
1.124234e+04 1.109456e+04 1.110831e+04 1.122859e+04
1.114318e+04 1.109563e+04 1.111075e+04 1.112807e+04
1.124080e+04 1.109679e+04 1.111068e+04 1.122691e+04
1.104174e+04 1.109796e+04 1.110939e+04 1.103030e+04
1.114382e+04 1.109916e+04 1.110922e+04 1.113376e+04
1.108211e+04 1.110051e+04 1.110346e+04 1.107917e+04
1.106816e+04 1.110209e+04 1.111039e+04 1.105986e+04
1.118318e+04 1.110378e+04 1.110642e+04 1.118054e+04
