0.00170161  -0.000805072  0.000693119  0.10118  -0.170458  0.0776454  
0.00130298  -0.00115431  0.000890584  0.0922448  -0.170468  0.102655  
0.00130209  -0.000772927  0.000943248  0.0798609  -0.17045  0.113372  
0.00163468  -0.000738121  0.000879055  0.0820518  -0.167981  0.0334344  
0.00163468  -0.000674659  0.000791775  0.0820217  -0.170414  0.0791465  
0.00152947  -0.0006562  0.000908986  0.0942414  -0.170448  0.088494  
0.00102881  -0.000760835  0.000835818  0.082067  -0.158252  0.0262027  
0.00117451  -0.0006118  0.00089037  0.0737665  -0.15225  0.0707872  
0.00104935  -0.00063853  0.000734098  0.0820244  -0.152252  0.0826791  
0.000761219  -0.000531658  0.00101182  0.0972292  -0.15953  0.0707442  
0.000551917  -0.000743126  0.000709902  0.082085  -0.142634  0.0812343  
0.000485301  -0.000919277  0.000678945  0.0658921  -0.152264  0.084732  
0.000624179  -0.000531461  0.00109428  0.0864615  -0.149285  0.0914624  
0.000429538  -0.0009928  0.000894561  0.0994842  -0.135669  0.0633534  
0.000213256  -0.000430487  0.000909285  0.0875168  -0.142181  0.0747042  
0.000213256  -0.000202024  0.00100722  0.0889066  -0.143347  0.0517558  
0.000939202  -0.000375132  0.000770604  0.0848528  -0.152269  0.0612235  
0.000378579  -0.000404084  0.000896258  0.104012  -0.144827  0.055959  
0.000566934  -5.26584e-05  0.00109377  0.0956296  -0.152328  0.0123633  
0.000653633  4.42115e-05  0.00100053  0.0909419  -0.152293  0.0414319  
6.12076e-05  -0.00029867  0.000903607  0.0906133  -0.14164  0.0413126  
0.000509643  -0.000583995  0.000872692  0.078279  -0.148389  0.0440308  
0.000322625  -0.00104938  0.000773971  0.101885  -0.121906  0.0429408  
0.0001301  -0.00104163  0.000586719  0.101124  -0.138954  0.0646936  
6.51003e-05  -0.00121148  0.000587688  0.103692  -0.145903  0.068137  
-0.000392788  -0.000379854  0.000775413  0.0838593  -0.152332  0.114057  
-8.41971e-05  -0.000476184  0.000907001  0.112899  -0.137821  0.0822682  
-0.00050471  -0.000772297  0.000955694  0.112918  -0.129741  0.0425482  
-0.000287803  -0.00063128  0.000704372  0.105117  -0.108452  0.0757832  
-5.99331e-05  -0.00036704  0.00108785  0.1129  -0.111026  0.0822297  
-3.16016e-05  -0.000630481  0.000871593  0.112933  -0.12678  0.0821918  
-0.000736207  -0.000539895  0.000796746  0.106603  -0.11101  0.0643524  
-0.00067564  -0.000461549  0.000665998  0.0811541  -0.110977  0.0508063  
-0.000216026  -0.000714004  0.000665998  0.0811562  -0.110965  0.0474827  
-0.00069266  -0.000552905  0.000665998  0.0811344  -0.110983  0.0632783  
-0.000243508  -0.000566268  0.000665998  0.081188  -0.102927  0.045186  
-0.000322186  -0.000794673  0.000665998  0.0811617  -0.103621  0.0505511  
-0.000618473  -0.00102956  0.000665998  0.0811492  -0.0985277  0.0905835  
-0.000647668  -0.000793818  0.000665998  0.100044  -0.110971  0.0445817  
-0.000583287  -0.000760435  0.000665998  0.0945718  -0.101603  0.0689152  
-0.000715326  -0.000569861  0.000665998  0.0811251  -0.0828209  0.0785236  
-0.000682386  -0.000948739  0.000665998  0.0811653  -0.094752  0.0579551  
-0.000932409  -0.000658379  0.000665998  0.0811626  -0.0884998  0.0518452  
-0.000818037  -0.0007403  0.000665998  0.0698306  -0.0912281  0.0612138  
-0.000633769  -0.000853694  0.000721447  0.0811469  -0.0959527  0.0622772  
-0.000752209  -0.000613093  0.000665998  0.0811554  -0.0888657  0.0469325  
-0.00054706  -0.000614951  0.000665998  0.102674  -0.0918215  0.0071652  
-0.000695284  -0.000392078  0.000665998  0.101518  -0.0866058  0.0644751  
-0.000660685  -0.000648903  0.000600279  0.108698  -0.0775624  0.052362  
-0.000239984  -0.000859089  0.000665998  0.112615  -0.0912943  0.0139644  
-9.06898e-05  -0.000241716  0.000665998  0.111637  -0.0507925  0.0484818  
0.000118205  -0.000241364  0.000665998  0.103257  -0.0649313  0.000141897  
6.46617e-05  -0.000506842  0.000665998  0.11209  -0.0649485  0.0304594  
-0.000158042  -0.000371719  0.000665998  0.110253  -0.0907647  0.0304228  
5.80422e-05  -0.000554389  0.000665998  0.12263  -0.109851  0.0139107  
-0.000500387  -0.000477974  0.00128738  0.134262  -0.0768122  0.035495  
-0.000577543  -0.000300131  0.00103551  0.110307  -0.0847139  0.0316909  
-0.000747833  -0.000421934  0.000665998  0.11032  -0.0588678  0.0316641  
-0.000331381  -0.000576465  0.000665998  0.110325  -0.0950929  0.0316687  
-0.000263144  -0.000421934  0.000926941  0.110295  -0.095157  0.0105214  
-0.000577543  -0.000421934  0.000854437  0.101799  -0.0629351  0.0398902  
0.00025754  -0.000421934  0.000636853  0.0765647  -0.095145  0.0216263  
-0.000356469  -0.000421934  0.000138535  0.0527631  -0.0619238  0.0468303  
-0.000577543  -0.000421934  0.000138535  0.0680602  -0.0706083  -0.00525545  
-0.000766798  -0.000355244  0.000138535  0.0527633  -0.0648497  0.0498241  
-0.000463644  -0.000421934  0.000138535  0.0670347  -0.0951028  0.0301064  
-0.00101165  -0.000421934  0.000138535  0.0556092  -0.0671927  0.0543001  
5.69583e-05  -0.00061913  0.000138535  0.0653962  -0.0831601  0.0393383  
-0.000162114  -0.000421934  0.000138535  0.0527631  -0.0395315  0.0224912  
-0.000198464  -0.000421934  0.000138535  0.0302288  -0.0484322  0.0225037  
-0.000408617  -0.000867759  -0.000284285  0.0302394  -0.0344201  0.0464892  
-0.000574241  -0.000421934  -0.000284285  0.0193675  -0.0283452  0.0585457  
-0.000176178  -0.000729486  -0.000284285  0.0302321  -0.0483846  0.0297816  
-0.000428492  -0.000421934  -0.000284285  0.0302347  -0.0601521  0.0635322  
-0.000427468  -5.31353e-05  -0.000284285  0.0165721  -0.0483851  0.0337044  
0.000155353  -0.000421934  -0.000284285  0.0302347  -0.0483935  0.0102671  
-0.000260505  -0.000421934  -0.000284285  0.0302347  -0.045072  0.0403194  
-0.000253255  -9.05653e-05  -0.000141226  0.0302386  -0.0483941  0.0105439  
-0.000333098  -0.000143704  -0.000185712  0.0302509  -0.0392562  -0.00950367  
-0.000320648  -0.000201259  -0.000284285  0.0158485  -0.0291269  0.00351428  
-0.000291858  -0.000421934  -0.000284285  0.0302347  -0.0206709  0.00055084  
-0.000189363  0.000111544  -0.000284285  0.0359556  -0.0288476  -0.0274504  
-0.000445066  7.56967e-05  -1.95299e-05  0.0243124  -0.0223976  0.00424757  
-0.000239777  -0.000671934  -0.000284285  0.000529477  -0.048409  -0.0172265  
-0.000335896  0.000462886  -0.000284285  0.0005435  -0.0483796  0.0375529  
-5.78687e-05  0.000217343  0.000293942  0.0239139  -0.0653959  -0.00456157  
-0.000496811  7.62971e-05  0.000295468  0.0320216  -0.0367044  0.0383061  
-0.000268833  -0.000421935  8.63097e-06  0.0118112  -0.048443  0.00164433  
-0.000288556  8.06478e-05  0.000174683  0.0108611  -0.00510235  -0.00483123  
-4.61325e-05  8.19798e-05  0.000174683  0.0241362  -0.0161564  0.0135193  
-8.15135e-05  -0.000304854  0.000174683  0.0367565  -0.0161908  -0.0215443  
-0.000446989  -0.000421935  -0.000235256  0.00792162  -0.00514177  -0.00461296  
2.54544e-05  -0.000421935  0.000174683  0.000475573  -0.016228  -0.0448062  
-0.00042519  -0.000155283  0.000174683  0.00763901  -0.00844829  0.0169472  
0.000289542  -0.000869053  -0.000189308  0.000486642  -0.038928  -0.0239639  
-0.00042519  -0.000421934  -0.0002166  -0.00505378  -0.01161  -0.0239806  
-5.12329e-05  -0.000207287  -0.000229427  -0.00854822  -0.0334695  -0.0551584  
0.0001981  -0.000421934  -0.000247419  -0.00177039  -0.0162656  -0.0407941  
-0.000299607  -0.000592224  -0.00043989  0.0220485  -0.0368225  -0.00406869  
0.000468044  -0.000421934  -0.000247419  0.000499131  -0.031364  -0.0541145  
-0.000229244  0.000116298  -0.000247419  0.000489791  -0.036832  0.0357474  
0.000221927  -3.95814e-05  -0.000247419  0.010267  -0.0509308  -0.0128748  
-0.000255905  -0.000310929  -0.000247419  0.00186716  -0.0255736  0.00365926  
9.60762e-05  -0.000421934  -0.000310539  0.0101666  -0.0114126  -0.0688914  
0.000385518  0.000104797  -0.000247419  0.00431956  0.0113314  -0.0345767  
0.000322884  -0.000421934  -0.000247419  0.00416766  0.0170653  -0.0345819  
0.000435806  -0.000421934  -0.000247419  0.00819447  0.00784278  -0.0553266  
-0.00012346  -0.000421934  -0.000247419  -0.00400843  0.0170876  0.0140048  
0.000349602  9.26741e-05  -0.000193774  0.00418964  -0.0129384  -0.0318815  
-6.12384e-05  0.000216856  8.53806e-05  0.0130656  0.00367284  0.00385899  
0.000161506  -0.000421934  0.00022049  0.00415803  -0.0315167  -0.00693611  
0.000202301  -0.000421934  -0.000247419  0.00416766  0.0211378  -0.0494269  
-0.000165182  -2.08923e-05  -7.61168e-05  0.00416766  -0.00575904  -0.000575019  
0.00039782  -0.000421934  -7.63117e-05  -0.00854897  -0.0122536  -0.0164868  
-0.00042519  -0.000421934  -6.12877e-05  -0.0213961  0.0140677  -0.025371  
0.00035235  -0.000143306  0.000188767  -0.0154303  -0.00581383  -0.0417982  
-0.000263615  -0.000116567  0.000193207  -0.00973161  0.00811813  0.0151634  
-0.00042519  -0.000421934  0.000193206  -0.00151609  0.0118709  -0.014226  
-0.000246387  -0.000671934  0.000193206  0.0188336  0.0181723  -0.0561878  
-0.00015666  -0.000421934  0.000193206  0.0141764  0.0495261  -0.0184336  
0.000335466  -0.00020697  0.000193206  0.0154826  0.000193755  0.0110667  
-0.000638585  -0.000421934  0.000193206  0.00619218  0.0182171  0.00205093  
-0.000266694  -0.000161337  0.000193206  0.00619679  0.00019915  0.00207424  
9.80136e-06  -0.000421934  0.000378234  0.00620382  0.0456405  -0.00284204  
-0.000235338  -6.6783e-05  0.000484909  0.00619797  0.0404827  0.0096114  
3.94709e-05  0.000183043  0.00079466  0.0407469  0.0239314  -0.0098425  
-0.000731841  -8.59885e-05  0.000812401  0.0461901  0.0412334  -0.0163549  
-0.00033058  1.82346e-05  0.000911856  0.0332113  0.0239284  0.0149838  
-0.00039376  0.000160603  0.000842485  0.0251419  0.0377344  0.0220311  
-0.000346194  -2.61221e-05  0.000861506  0.0237376  0.0504379  0.0131539  
-0.000474363  0.000316185  0.000782699  0.0366195  0.0239287  -0.0291938  
-0.000777454  0.000138209  0.000844094  0.0236716  0.0640064  -0.0271254  
-0.000476864  0.000323571  0.000655594  0.0470003  0.0317102  0.00270903  
-0.00117362  0.000378009  0.000876666  0.0361554  0.0766669  0.00273357  
-0.00117362  2.99802e-05  0.00104595  0.0490207  0.0792428  -0.0247792  
-0.000489808  0.000118389  0.00149174  0.0627623  0.115343  -0.0453931  
-0.000667107  0.000323571  0.00149174  0.062775  0.0941916  -0.016195  
-0.000646472  0.000323571  0.00149174  0.062775  0.115374  -0.0161998  
-0.00117362  0.000101458  0.00149174  0.0627647  0.115385  -0.0586843  
-0.000930451  0.000476265  0.00149174  0.0736587  0.0803345  -0.0606404  
0.00287581  0.000243247  0.00196657  0.13977  0.0992527  -0.0406303  
0.00357859  0.00169973  0.000873005  0.0755505  0.0188886  0.0678733  
0.00300213  0.00130925  0.000393888  0.0288765  0.0315474  0.0282136  
0.00224986  0.00149176  0.000689399  0.0288882  0.0188707  0.00534125  
0.0024133  0.00140825  0.000690481  0.0492677  0.0394587  0.0179217  
0.00227891  0.00128066  0.000876087  0.0265287  0.0358062  0.0219016  
0.00155897  0.000954833  0.000774061  -0.00184082  0.0349293  0.021453  
0.00170227  0.00124182  0.000524532  -0.0195518  0.0712648  0.0432034  
0.00132926  0.00124301  0.000393888  -0.0116361  0.0617135  0.0241968  
0.00132926  0.000806131  0.00057573  0.00611781  0.0674074  -0.00179125  
0.00132926  0.000806131  0.000393887  0.00246669  0.0497257  -0.0147158  
0.00132926  0.00103144  0.000393888  0.00308597  0.0393904  -0.0022207  
0.00132926  0.001006  0.0004741  0.0109803  0.0671334  0.0200261  
0.00132926  0.00115201  0.000393887  0.0105895  0.0761084  0.02003  
0.00161314  0.00113149  0.000393887  0.000689606  0.0946193  -0.00568839  
0.00189088  0.000806131  0.000393887  -0.0138911  0.0775477  -0.0376096  
0.00138521  0.000436636  0.000393887  -0.0195445  0.0913166  -0.0157983  
0.00132926  0.000341857  0.000836343  -0.0195092  0.10835  -0.00604351  
0.00170902  0.000955321  0.000792528  -0.0195151  0.0912955  -0.0158488  
0.00155793  0.000341857  0.000374402  -0.0432852  0.0989141  -0.0103632  
0.0017172  0.000341857  0.000374402  -0.0616814  0.0912718  -0.0247316  
0.00170768  0.000341857  0.000277695  -0.0616815  0.0759134  -0.0227318  
0.00132926  0.000806024  0.000374401  -0.0847963  0.0972363  -0.0158346  
0.00119263  0.000914735  0.000374401  -0.0848372  0.107956  0.0325446  
0.00151106  0.000690682  0.000513722  -0.0847963  0.0912939  -0.0216147  
0.00163902  0.000341857  0.000374401  -0.0765792  0.113771  0.0166062  
0.00175641  0.000341857  0.000374401  -0.0571496  0.075113  -0.0223209  
0.00162276  0.000341857  0.000374401  -0.0701838  0.0851194  -0.0223162  
0.00146124  0.000911474  -6.84149e-05  -0.103041  0.0912342  0.00433357  
0.00205376  0.000623086  0.000258716  -0.0775216  0.0912715  -0.0224137  
0.00165649  0.000341857  9.00673e-05  -0.106819  0.104317  -0.022337  
0.00161423  0.000341857  6.26441e-05  -0.100536  0.0912154  -0.059385  
0.00138902  0.000685875  -0.000207029  -0.100586  0.116622  -0.0138948  
0.00167228  0.000834616  -0.000214029  -0.0970798  0.108112  -0.0145122  
0.0019028  0.000341857  7.73315e-06  -0.100541  0.091209  -0.0441813  
0.00132926  0.000341857  0.000193941  -0.11013  0.105621  -0.0277004  
0.00132926  0.000726744  9.51257e-05  -0.100518  0.109831  -0.0466454  
0.00193867  0.000341857  0.000193941  -0.100526  0.104733  -0.0446488  
0.00132926  0.000341857  0.000193941  -0.11765  0.0912515  -0.022301  
0.00132926  0.000341857  0.000193941  -0.11765  0.0912515  -0.0672283  
0.00132926  0.00111295  -0.000249554  -0.114147  0.135344  0.00663476  
0.00139547  0.000341858  -0.000249554  -0.0967418  0.112967  -0.0158895  
0.00140453  0.00083071  -0.000106858  -0.114159  0.125653  0.000598951  
0.00163518  0.00103358  -2.83584e-05  -0.124179  0.0978532  0.000525589  
0.00173403  0.00105179  -0.000300148  -0.124251  0.120095  0.000503538  
0.00139274  0.000341858  -2.83584e-05  -0.124205  0.111861  0.025576  
0.00138335  0.000341858  -0.00025463  -0.124234  0.112776  -0.0422379  
0.00143497  0.00122297  -0.000149622  -0.144431  0.143693  0.00645796  
0.00187963  0.000341858  -0.000401515  -0.112782  0.0917821  -0.00537266  
0.00153448  0.000837441  -0.000254807  -0.143834  0.15324  -0.0053553  
0.00109921  0.00081304  -0.000469501  -0.152378  0.148825  0.0346144  
0.00144506  0.000858716  -0.000202157  -0.130495  0.142498  0.00964463  
0.00133083  0.00091658  -0.000371609  -0.124711  0.150278  -0.0167161  
0.00160116  0.00113041  -0.000130954  -0.124678  0.115745  0.00146313  
0.00163275  0.00130546  -0.000206278  -0.129689  0.13226  0.0193893  
0.00175425  0.00112604  -0.0001121  -0.133151  0.134302  0.0389869  
0.00175425  0.000926785  -6.57185e-05  -0.122598  0.126929  -0.00410152  
0.00175425  0.000723103  -0.000123417  -0.124721  0.157958  -0.0425237  
0.00175425  0.00114109  -0.000123417  -0.124742  0.147687  -0.0335895  
0.00189655  0.000896949  -0.000123417  -0.112812  0.134296  -0.0730942  
0.00140034  0.000814176  -0.000123417  -0.128785  0.134327  -0.0424868  
0.00197802  0.000608793  -0.000123417  -0.143921  0.134288  -0.0694484  
0.00241901  0.000341858  -0.000123417  -0.124738  0.134284  -0.0425391  
0.0016271  0.000506966  -0.000123417  -0.124732  0.156043  -0.0374796  
0.00229826  0.000574524  -0.000123417  -0.124724  0.142218  -0.0603867  
0.00185331  0.000341858  -0.000373206  -0.134986  0.160674  -0.0198459  
0.00191931  0.000341858  -0.000123417  -0.143528  0.134251  -0.0130084  
0.0023202  0.000935808  -0.000123417  -0.10753  0.134241  -0.0346929  
0.00190571  0.000442881  -0.000123417  -0.0769675  0.134252  -0.0309061  
0.00224986  0.000341858  -0.000123417  -0.0873041  0.132181  -0.0607456  
0.00192189  0.00105553  -0.000123417  -0.100475  0.166748  -0.018056  
0.00262058  0.000341858  -0.000123417  -0.116965  0.134224  -0.0442859  
0.00228544  0.000341859  -0.000123417  -0.124379  0.134264  -0.0703449  
0.00271019  0.00103488  -0.000123417  -0.124343  0.120232  -0.0567014  
0.00306965  0.00103108  -0.000322425  -0.124355  0.134186  -0.0864048  
0.00185891  0.0010004  -0.000123417  -0.140757  0.151601  -0.086291  
0.00255911  0.000730954  -0.000297519  -0.140785  0.145947  -0.120204  
0.00294725  0.000928157  -0.000580597  -0.157276  0.191846  -0.106366  
0.00276149  0.000696984  -0.000580597  -0.157295  0.149628  -0.0863598  
0.00233568  0.00112765  -0.000668365  -0.157247  0.154339  -0.0954358  
0.00232379  0.00133322  -0.00034756  -0.141083  0.154394  -0.0863823  
0.0025311  0.0013201  -0.00041691  -0.138159  0.15829  -0.0864023  
0.00190665  0.000859967  -0.000173974  -0.138148  0.17182  -0.0691538  
0.00257216  0.000859967  -0.000309857  -0.151774  0.154348  -0.124376  
0.00231669  0.00148051  -0.000459962  -0.169079  0.182967  -0.0811418  
