Cluster Index	Voxels	Z-MAX	Z-MAX X (vox)	Z-MAX Y (vox)	Z-MAX Z (vox)	Z-COG X (vox)	Z-COG Y (vox)	Z-COG Z (vox)	COPE-MAX	COPE-MAX X (vox)	COPE-MAX Y (vox)	COPE-MAX Z (vox)	COPE-MEAN
145	385	5.13	42	43	14	38.2	43	16.6	889	44	41	11	416
144	314	6.12	22	10	13	22.9	15.9	13.5	949	22	18	8	343
143	182	5	23	44	13	26.3	43.8	12.6	1.35e+03	25	49	11	436
142	140	5.96	47	16	9	45.4	18.1	8.32	1.63e+03	44	17	7	484
141	96	4.93	43	13	15	41.6	14.5	17.9	668	39	13	19	349
140	58	4.77	20	39	18	20.3	38.9	19.3	804	17	44	19	373
139	47	4.42	41	15	12	39.5	16	12.1	482	42	19	12	327
138	43	4.94	24	47	15	22.7	46.6	16.9	590	19	47	18	335
137	34	5.07	44	33	22	43	32.8	22.2	411	44	33	22	279
136	31	5.01	47	35	19	47.8	34.9	19.3	590	46	35	19	319
135	23	4.5	27	57	15	25.8	55.1	15	669	26	54	15	503
134	20	5.42	49	24	20	48.1	23.2	19.9	455	49	23	20	302
133	19	4.1	36	34	23	36	36.7	22.3	383	35	37	23	244
132	19	4.2	18	25	12	18.1	26.3	12.3	347	16	29	12	242
131	18	4.59	34	48	9	32.6	43.6	9	900	33	44	9	507
130	17	4.32	30	9	3	33.6	8.76	2.89	424	33	9	3	301
129	16	4.44	45	52	11	44.2	51.3	11	1.1e+03	46	51	11	765
128	15	4.04	33	57	11	31	54.8	11	749	30	54	11	536
127	15	4.59	22	52	16	21.6	51.5	15.9	895	21	52	15	545
126	14	3.84	27	45	9	25.6	44	9	895	24	45	9	575
125	13	4.23	48	23	13	48.1	22.3	13.9	375	48	21	15	305
124	10	4.75	17	25	20	17.4	24.9	20.3	336	17	25	20	244
123	9	4.19	39	14	0	38.1	13.8	0	1.08e+03	39	14	0	685
122	9	4.39	48	28	25	47.6	27.4	25	586	47	28	25	430
121	9	3.76	30	51	13	30	51	13.1	521	31	52	13	457
120	9	4.42	51	28	23	50.9	27.6	23	535	51	27	23	357
119	9	4.76	46	10	13	45.7	10.6	12.8	727	46	9	13	399
118	8	3.88	49	23	17	47.9	22.9	17	368	48	23	17	285
117	8	3.64	49	44	11	49.4	41.9	11	726	49	43	11	561
116	8	3.83	16	22	15	18.2	22.4	15	304	17	22	15	252
115	8	3.54	44	11	21	43.4	12.1	21	1.21e+03	43	12	21	688
114	7	3.65	26	13	0	26	13.7	0	681	25	14	0	479
113	6	3.51	24	27	20	24.7	28.1	20.3	178	25	30	21	164
112	6	3.79	53	24	21	53.2	25	20.8	572	53	25	21	389
111	6	3.94	48	25	5	47.4	24.8	5	687	48	25	5	468
110	6	4.8	15	44	13	15	44.5	13	766	16	44	13	426
109	5	3.54	18	33	8	18.6	32.8	7.61	376	19	33	8	275
108	5	3.91	23	44	7	21.3	45	7	600	23	44	7	455
107	5	3.58	18	38	23	18.4	37.8	22.8	297	18	39	22	272
106	5	3.58	24	39	22	22.4	39.6	22.2	364	21	41	23	258
105	5	3.58	28	56	17	28.6	55.2	17	1.18e+03	28	56	17	723
104	5	3.53	51	42	17	50	42	17.2	449	50	42	17	350
103	5	3.95	46	15	23	46	15	23	491	46	15	23	400
102	5	3.41	37	12	17	36.8	11.8	17	480	36	12	17	438
101	5	3.48	32	36	19	31.6	35.8	19.2	284	33	37	19	237
100	5	4.28	50	27	8	50.2	26.6	8	355	50	27	8	264
99	5	3.89	37	57	13	37.8	56.4	13	616	37	56	13	446
98	5	3.83	49	15	21	49.4	16.2	21	926	49	16	21	620
97	5	3.84	36	10	22	35.8	10.8	22.6	761	35	12	23	391
96	4	3.74	25	28	13	25	29.4	13	204	25	28	13	175
95	4	3.44	50	21	23	50	20.7	22.7	637	50	22	23	483
94	4	3.8	36	55	11	35.5	54.5	11	624	35	55	11	535
93	4	3.4	34	33	9	33.3	33.2	9.24	1.37e+03	33	33	9	1.01e+03
92	4	3.39	43	45	9	42.5	44.5	9	742	43	45	9	576
91	4	3.75	50	23	8	50.5	22.5	8	442	50	23	8	337
90	4	3.92	39	20	15	38.5	19.5	15	244	39	20	15	203
89	4	4.13	11	21	18	12.2	21	18	305	13	21	18	239
88	3	4.02	28	17	0	28.3	16.7	0	377	28	17	0	307
87	3	3.43	24	8	4	24.7	8	4.33	294	25	8	5	269
86	3	3.86	13	22	16	12.7	21.7	16	400	12	22	16	317
85	3	3.28	47	22	25	46.7	22.3	25	821	46	22	25	594
84	3	3.79	43	27	21	42.7	27.3	21	247	43	27	21	207
83	3	3.56	33	57	13	32.7	56.7	13	747	33	57	13	640
82	3	3.53	38	8	11	37	7.35	10.4	448	36	7	10	373
81	3	3.55	31	35	10	31.6	35.3	10.3	758	32	35	10	743
80	3	3.96	21	25	8	20.7	25.3	8	299	21	25	8	256
79	3	3.49	48	14	11	48.7	14.3	11	320	49	14	11	308
78	3	3.51	51	14	11	51.3	15	11	195	51	15	11	167
77	3	4.1	32	12	18	32.3	12.3	18	357	32	12	18	330
76	3	3.49	54	25	11	53.7	25.6	11	258	53	26	11	225
75	3	3.72	42	43	7	43	43.3	7	580	43	43	7	540
74	3	3.42	38	34	21	37.3	33.7	21	167	37	34	21	158
73	2	3.13	31	15	25	31	15.5	25	961	31	15	25	872
72	2	3.52	45	40	16	44.5	40	16	178	45	40	16	170
71	2	3.71	49	27	21	48.5	27	21	228	49	27	21	207
70	2	3.32	32	44	17	31.5	44.5	17.5	369	31	45	18	348
69	2	3.82	23	26	25	23.5	26	25	347	23	26	25	343
68	2	3.37	40	25	9	40	24.5	9	454	40	24	9	411
67	2	3.2	30	30	10	30	29.5	9.5	226	30	30	10	208
66	2	3.48	36	12	9	36	11.5	9	345	36	12	9	329
65	2	3.18	17	40	5	17.5	40	5	292	18	40	5	271
64	2	3.53	18	37	5	18	36.5	5	365	18	37	5	351
63	2	3.42	16	51	13	16	50.5	13	295	16	51	13	279
62	2	3.23	40	5	15	40	5.49	15	660	40	6	15	453
61	2	3.39	43	15	4	42.5	15	4	414	43	15	4	388
60	2	3.5	36	7	5	36.5	7	5	411	37	7	5	389
59	2	3.82	36	31	25	36	30.5	25	266	36	30	25	250
58	1	3.59	28	52	20	28	52	20	299	28	52	20	299
57	1	3.36	31	14	1	31	14	1	276	31	14	1	276
56	1	3.16	25	56	20	25	56	20	172	25	56	20	172
55	1	3.13	25	22	9	25	22	9	204	25	22	9	204
54	1	3.16	35	14	21	35	14	21	315	35	14	21	315
53	1	3.35	41	17	9	41	17	9	315	41	17	9	315
52	1	3.19	16	20	21	16	20	21	245	16	20	21	245
51	1	3.71	12	24	21	12	24	21	184	12	24	21	184
50	1	3.35	42	41	8	42	41	8	431	42	41	8	431
49	1	3.2	46	46	7	46	46	7	240	46	46	7	240
48	1	3.22	16	39	7	16	39	7	364	16	39	7	364
47	1	3.18	28	34	21	28	34	21	148	28	34	21	148
46	1	3.27	14	26	7	14	26	7	214	14	26	7	214
45	1	3.19	25	17	6	25	17	6	313	25	17	6	313
44	1	3.1	41	25	25	41	25	25	272	41	25	25	272
43	1	3.52	15	39	5	15	39	5	194	15	39	5	194
42	1	3.3	45	23	23	45	23	23	314	45	23	23	314
41	1	3.14	46	25	23	46	25	23	278	46	25	23	278
40	1	3.14	20	35	5	20	35	5	198	20	35	5	198
39	1	3.17	46	20	25	46	20	25	494	46	20	25	494
38	1	3.17	26	28	24	26	28	24	167	26	28	24	167
37	1	3.19	21	44	24	21	44	24	212	21	44	24	212
36	1	3.17	24	34	5	24	34	5	254	24	34	5	254
35	1	3.22	20	18	25	20	18	25	312	20	18	25	312
34	1	3.2	29	19	25	29	19	25	243	29	19	25	243
33	1	3.13	21	34	7	21	34	7	455	21	34	7	455
32	1	3.18	15	17	15	15	17	15	298	15	17	15	298
31	1	3.13	41	10	15	41	10	15	290	41	10	15	290
30	1	3.14	54	23	15	54	23	15	407	54	23	15	407
29	1	3.78	11	29	15	11	29	15	244	11	29	15	244
28	1	3.53	33	39	15	33	39	15	986	33	39	15	986
27	1	3.32	39	9	15	39	9	15	291	39	9	15	291
26	1	3.18	47	52	14	47	52	14	357	47	52	14	357
25	1	3.18	41	56	15	41	56	15	167	41	56	15	167
24	1	3.36	12	37	14	12	37	14	198	12	37	14	198
23	1	3.1	10	27	16	10	27	16	138	10	27	16	138
22	1	3.14	38	36	16	38	36	16	242	38	36	16	242
21	1	3.24	26	50	16	26	50	16	268	26	50	16	268
20	1	3.18	36	6	17	36	6	17	346	36	6	17	346
19	1	3.25	28	9	17	28	9	17	400	28	9	17	400
18	1	3.39	11	39	13	11	39	13	185	11	39	13	185
17	1	3.68	27	45	25	27	45	25	275	27	45	25	275
16	1	3.15	51	30	17	51	30	17	256	51	30	17	256
15	1	3.54	40	27	13	40	27	13	183	40	27	13	183
14	1	3.1	13	41	12	13	41	12	210	13	41	12	210
13	1	3.25	20	36	12	20	36	12	523	20	36	12	523
12	1	3.13	15	36	12	15	36	12	211	15	36	12	211
11	1	3.29	30	57	11	30	57	11	197	30	57	11	197
10	1	3.22	17	44	11	17	44	11	586	17	44	11	586
9	1	3.46	32	40	11	32	40	11	463	32	40	11	463
8	1	3.1	41	50	18	41	50	18	332	41	50	18	332
7	1	3.19	38	20	19	38	20	19	200	38	20	19	200
6	1	3.24	24	40	11	24	40	11	252	24	40	11	252
5	1	3.16	29	32	19	29	32	19	183	29	32	19	183
4	1	3.57	34	50	9	34	50	9	369	34	50	9	369
3	1	3.52	23	52	19	23	52	19	339	23	52	19	339
2	1	3.26	21	42	9	21	42	9	331	21	42	9	331
1	1	3.17	33	37	13	33	37	13	518	33	37	13	518
