Cluster Index	Voxels	P	-log10(P)	Z-MAX	Z-MAX X (mm)	Z-MAX Y (mm)	Z-MAX Z (mm)	Z-COG X (mm)	Z-COG Y (mm)	Z-COG Z (mm)	COPE-MAX	COPE-MAX X (mm)	COPE-MAX Y (mm)	COPE-MAX Z (mm)	COPE-MEAN
145	385	1.49e-07	6.83	5.13	-30.9	25.3	1.77	-17.8	27.2	15.8	889	-38	16.4	-13.4	416
144	314	4.66e-10	9.33	6.12	35.1	-85.5	13.5	32.5	-65.7	12.9	949	35.1	-63.6	-18.6	343
143	180	2.85e-07	6.55	5	33.3	25.9	-5.81	22	25	-7.34	1.35e+03	26.6	40.8	-19.5	438
142	140	1.3e-09	8.89	5.95	-49.4	-66.9	-9.94	-44	-60.8	-15	1.63e+03	-39.4	-65.6	-21.8	484
141	96	3.97e-07	6.4	4.94	-35.6	-72	24.5	-30.7	-64.8	39.6	668	-21.7	-69	46.2	349
140	58	9e-07	6.05	4.77	43.6	13.4	24.3	42.8	14.2	31.7	804	54	30.4	26.7	373
139	47	4.93e-06	5.31	4.42	-29	-68.2	6.67	-23.9	-65.1	6.51	482	-32.2	-55	4.47	327
138	45	3.93e-07	6.41	4.94	30.2	37.5	3.57	34.5	37.6	14.6	590	47.3	39.5	19.7	333
137	34	2.02e-07	6.69	5.07	-37.5	-0.535	51.7	-34	-0.996	52.9	411	-37.5	-0.535	51.7	279
136	31	2.7e-07	6.57	5.01	-47.8	3.77	34.3	-50.5	3.61	35.8	591	-44.4	3.68	34.2	319
135	23	4.18e-06	5.38	4.46	20.5	70.5	-1.91	24.4	64.2	-0.914	668	23.7	60.6	-0.273	501
134	20	3.01e-08	7.52	5.42	-55	-31.2	46.2	-52	-34	46.1	455	-55	-34.5	46.8	302
133	19	2.04e-05	4.69	4.1	-10.3	2.82	56	-10.4	11.2	50.7	383	-6.82	12.5	54.2	244
132	19	1.33e-05	4.87	4.2	49.2	-37.7	-0.863	48.9	-33.2	0.341	347	56.2	-24.7	-3.31	242
131	16	4.51e-06	5.35	4.44	-40.9	52.5	-19.6	-38.4	50	-19.3	1.1e+03	-44.3	49.3	-19	764
130	15	2.65e-05	4.58	4.04	-0.121	67.7	-23.4	6.44	60.3	-22.3	747	9.89	57.6	-22	535
129	15	2.2e-06	5.66	4.59	37.2	54.5	6.06	38.4	52.9	5.65	895	40.5	53.6	0.473	545
128	14	6.04e-05	4.22	3.84	19.5	26.2	-28.1	24.3	22.9	-27.6	895	29.6	25.9	-28.3	576
127	13	1.19e-05	4.92	4.23	-52.2	-40.5	8.16	-52.4	-41.9	13.7	375	-52.1	-45.3	20.3	305
126	13	2.17e-06	5.66	4.59	-4.06	36.7	-29.2	-1.93	26.5	-27.5	900	-0.857	23.5	-27	539
125	10	1.03e-06	5.99	4.75	53.3	-31	43.1	52.1	-31.2	44.7	336	53.3	-31	43.1	244
124	9	8.39e-05	4.08	3.76	9.91	49.5	-9.25	10	49.5	-8.68	521	6.58	52.8	-9.74	457
123	9	1.44e-05	4.84	4.18	-23.2	-81.8	-59	-20.1	-82.6	-58.9	1.08e+03	-23.2	-81.8	-59	685
122	9	9.62e-07	6.02	4.76	-46	-83.2	15.4	-45	-81.5	14	727	-46	-86.5	16	399
121	9	5.7e-06	5.24	4.39	-51	-14	71.4	-49.6	-16	71.7	586	-47.6	-14.1	71.3	430
120	9	8.61e-06	5.07	4.3	7.26	-96.5	-40.3	3.39	-96.4	-40.2	383	-2.89	-96.2	-40.1	296
119	9	5.01e-06	5.3	4.42	-61.3	-15.4	60.6	-61.1	-16.7	60.8	535	-61.4	-18.7	61.2	357
118	8	0.000201	3.7	3.54	-38.6	-73.4	58.7	-36.3	-69.8	58	1.21e+03	-35.1	-70.2	58.1	688
117	8	5.31e-05	4.28	3.88	-55.2	-37	30.3	-51.5	-37.6	30.2	368	-51.9	-37.1	30.2	285
116	8	0.000144	3.84	3.63	-54.8	26.7	-14.8	-56.1	19.8	-13.5	726	-54.8	23.4	-14.2	561
115	8	6.29e-05	4.2	3.83	56.1	-45.1	17.2	48.7	-43.7	17.2	304	52.7	-45	17.3	252
114	7	0.00013	3.89	3.65	20.7	-86.3	-59.4	20.8	-83.9	-59.8	681	24.1	-83.1	-60.1	479
113	6	0.000225	3.65	3.51	29.7	-23.8	42.5	27.5	-19.7	43.7	178	26.5	-13	46.4	164
112	6	7.42e-05	4.13	3.79	-68.4	-30	52	-68.9	-26.8	50.6	571	-68.4	-26.7	51.5	389
111	6	4.02e-05	4.4	3.94	-52.7	-40.7	-37	-50.5	-41.3	-37	687	-52.7	-40.7	-37	467
110	6	7.51e-07	6.12	4.81	60.3	25.1	-6.44	60.3	26.7	-6.72	765	56.9	25.2	-6.36	425
109	5	4.6e-05	4.34	3.91	32.8	20.8	-38.8	38.6	23.8	-39.5	600	32.8	20.8	-38.8	454
108	5	9.55e-06	5.02	4.28	-59.2	-31.4	-21.5	-59.8	-32.6	-21.3	354	-59.2	-31.4	-21.5	263
107	5	0.000333	3.48	3.4	-4.73	-12.5	-20.7	-2.64	-10.3	-18.9	1.37e+03	-1.34	-12.6	-20.8	925
106	5	0.000206	3.69	3.53	-61.2	25.4	19.6	-57.8	25.5	20.5	450	-57.8	25.3	19.5	351
105	5	5e-05	4.3	3.89	-13.5	69.8	-12.1	-16.1	67.9	-11.7	617	-13.5	66.5	-11.6	446
104	5	0.000171	3.77	3.58	17.2	69	9.75	15.2	66.5	10.2	1.18e+03	17.2	69	9.75	724
103	5	6.41e-05	4.19	3.83	-55.3	-59.8	56.8	-56.6	-56	56.2	926	-55.2	-56.6	56.3	620
102	5	3.94e-05	4.4	3.95	-45	-58.4	67.6	-45.1	-58.4	67.6	491	-45	-58.4	67.6	400
101	5	0.000269	3.57	3.46	-23.2	-98.9	-39	-18.5	-98.1	-41.6	328	-19.9	-96.6	-45.2	300
100	5	0.000171	3.77	3.58	50.7	14.2	52.3	49.3	13.4	51.3	297	50.7	16.6	46.2	272
99	5	0.000255	3.59	3.48	2.96	5.61	32.5	4.24	5.14	33.6	284	-0.374	8.98	32	237
98	5	0.000204	3.69	3.53	49.3	-14.8	-27.4	47.2	-15.8	-29.5	375	45.9	-14.7	-27.4	274
97	5	6.04e-05	4.22	3.84	-11.5	-76.6	64.2	-10.7	-73.6	67	761	-7.93	-69.3	68.5	391
96	5	0.000174	3.76	3.58	30.4	17.2	46.7	35.8	19.2	47.3	364	40.7	24.3	50.8	258
95	5	0.000329	3.48	3.41	-15.2	-74.2	35.6	-14.5	-74.8	35.7	480	-11.8	-74.3	35.5	438
94	4	0.000291	3.54	3.44	-58.2	-38.4	64.5	-58.3	-39.5	63.3	637	-58.2	-35.1	63.9	483
93	4	0.000358	3.45	3.38	-34.6	27.7	-26.8	-33	26	-26.6	741	-34.6	27.7	-26.8	575
92	4	0.000207	3.68	3.53	49.2	-4.26	-46.2	46.8	-7.37	-45.6	365	49.2	-4.26	-46.2	302
91	4	7.2e-05	4.14	3.8	-10.4	61.5	-22.1	-8.74	59.8	-21.8	624	-6.97	61.4	-22.1	535
90	4	4.46e-05	4.35	3.92	-21.7	-49.5	20.2	-20.1	-51.1	20.4	244	-21.7	-49.5	20.2	203
89	4	1.84e-05	4.73	4.13	73.2	-46.4	33.9	69.3	-46.4	34	306	66.5	-46.2	34.1	239
88	4	9.14e-05	4.04	3.74	-59.3	-44.5	-19.2	-61	-46.1	-18.9	442	-59.3	-44.5	-19.2	337
87	4	9.31e-05	4.03	3.74	25.8	-26.3	3.48	25.9	-21.6	2.66	204	25.8	-26.3	3.48	175
86	4	1.67e-05	4.78	4.15	9.11	10.1	-25	8.29	10.1	-25	533	9.11	10.1	-25	456
85	3	0.000182	3.74	3.57	0.0375	69.4	-12.4	1.14	68.3	-12.3	748	0.0375	69.4	-12.4	640
84	3	0.000526	3.28	3.28	-47.9	-33.7	74.7	-46.8	-32.7	74.5	821	-44.5	-33.8	74.6	594
83	3	2.93e-05	4.53	4.02	14.1	-73	-61.6	13	-73.9	-61.4	377	14.1	-73	-61.6	308
82	3	0.000206	3.69	3.53	-19.2	-92.2	4.92	-16	-95	1.65	448	-12.6	-96.6	-0.168	374
81	3	0.000242	3.62	3.49	-72.5	-35	-3.51	-71.4	-33	-3.91	258	-69.1	-31.9	-4.16	225
80	3	0.000231	3.64	3.5	-62.9	-71.4	2.53	-63.9	-68.2	2	195	-62.8	-68.1	1.96	166
79	3	0.000243	3.61	3.49	-52.7	-71.6	2.29	-55	-70.5	2.15	320	-56.1	-71.5	2.37	308
78	3	0.000303	3.52	3.43	27.6	-99.5	-34.7	25.4	-99.1	-32.8	293	24.3	-98.5	-29.1	269
77	3	0.000192	3.72	3.55	5.58	-5.35	-16.6	3.44	-3.97	-14.9	758	2.2	-5.25	-16.5	743
76	3	0.000309	3.51	3.42	-17.3	1.32	45.1	-15.1	0.203	45.3	167	-13.9	1.23	45	158
75	3	2.09e-05	4.68	4.1	1.82	-73.8	40.7	0.842	-72.7	40.5	357	1.82	-73.8	40.7	330
74	3	0.000103	3.99	3.71	-31.5	19.4	-36.8	-34.8	20.5	-36.9	581	-34.9	19.5	-36.7	540
73	3	7.55e-05	4.12	3.79	-34.5	-21.1	49.5	-33.4	-20.1	49.3	247	-34.5	-21.1	49.5	207
72	3	3.68e-05	4.43	3.96	38.8	-40.7	-22.6	39.8	-39.7	-22.9	299	38.8	-40.7	-22.6	256
71	3	5.57e-05	4.25	3.86	66.3	-44.6	22.5	67.3	-45.7	22.6	401	69.7	-44.7	22.4	318
70	2	0.000859	3.07	3.14	5.89	-58.2	77.4	5.91	-56.6	77.2	960	5.89	-58.2	77.4	872
69	2	0.000751	3.12	3.17	52.7	5.46	-48	51.1	5.51	-48	292	49.4	5.56	-48	271
68	2	0.000353	3.45	3.39	-36.3	-74.7	-37.2	-34.7	-74.8	-37.2	414	-36.3	-74.7	-37.2	388
67	2	0.000235	3.63	3.5	-13	-101	-27.7	-14.6	-101	-27.7	411	-16.3	-101	-27.6	389
66	2	0.000934	3.03	3.11	66.9	14.3	-10.4	66.9	15.9	-10.7	210	66.9	14.3	-10.4	206
65	2	0.00021	3.68	3.53	-41	17.4	14.7	-39.4	17.4	14.7	178	-41	17.4	14.7	170
64	2	0.000449	3.35	3.32	3.16	30.1	16.9	4.86	32.1	19.3	369	6.66	34.1	21.8	348
63	2	0.000338	3.47	3.4	57.2	48.1	-10.4	57.2	46.6	-10.1	295	57.2	48.1	-10.4	279
62	2	0.000247	3.61	3.48	-12.4	-81	-8.53	-12.4	-82.7	-8.24	346	-12.4	-81	-8.53	329
61	2	6.62e-05	4.18	3.82	-10.3	-5.32	68.7	-10.3	-6.86	69	266	-10.4	-8.59	69.3	250
60	2	0.000104	3.98	3.71	-54.7	-20.5	50	-53.1	-20.6	50	228	-54.7	-20.5	50	207
59	2	0.000622	3.21	3.23	-25.8	-98.5	28.8	-25.8	-96.9	28.5	660	-25.7	-95.2	28.2	453
58	2	0.000699	3.16	3.2	8.74	-21.8	-13.8	8.68	-23.9	-16.2	226	8.74	-21.8	-13.8	208
57	2	0.00038	3.42	3.37	-25.4	-38.1	-15.6	-25.4	-39.6	-15.4	454	-25.4	-41.3	-15.1	412
56	2	6.54e-05	4.18	3.82	33.4	-22.9	70.5	31.9	-22.9	70.6	347	33.4	-22.9	70.5	343
55	1	0.00018	3.74	3.57	-3.97	43.2	-30.4	-3.97	43.2	-30.4	369	-3.97	43.2	-30.4	369
54	1	0.000867	3.06	3.13	39.1	-12.1	-33.3	39.1	-12.1	-33.3	454	39.1	-12.1	-33.3	454
53	1	0.000636	3.2	3.22	56.2	3.78	-36.5	56.2	3.78	-36.5	364	56.2	3.78	-36.5	364
52	1	0.000475	3.32	3.31	62.4	-39	-29.3	62.4	-39	-29.3	216	62.4	-39	-29.3	216
51	1	0.000385	3.41	3.36	3.94	-81.7	-54.1	3.94	-81.7	-54.1	276	3.94	-81.7	-54.1	276
50	1	0.000707	3.15	3.19	24.8	-68.2	-28.8	24.8	-68.2	-28.8	314	24.8	-68.2	-28.8	314
49	1	0.000688	3.16	3.2	-44.9	29.6	-38.2	-44.9	29.6	-38.2	240	-44.9	29.6	-38.2	240
48	1	0.000229	3.64	3.5	59.5	2	-47.6	59.5	2	-47.6	194	59.5	2	-47.6	194
47	1	0.000417	3.38	3.34	-31.5	13.7	-30.1	-31.5	13.7	-30.1	430	-31.5	13.7	-30.1	430
46	1	0.000406	3.39	3.35	-29.1	-64.2	-11	-29.1	-64.2	-11	315	-29.1	-64.2	-11	315
45	1	0.000609	3.22	3.23	28.8	-13.5	-44.1	28.8	-13.5	-44.1	260	28.8	-13.5	-44.1	260
44	1	0.000884	3.05	3.13	25.2	-49.3	-15.1	25.2	-49.3	-15.1	204	25.2	-49.3	-15.1	204
43	1	0.000566	3.25	3.26	39.6	15.8	-26.8	39.6	15.8	-26.8	331	39.6	15.8	-26.8	331
42	1	0.000825	3.08	3.15	-61.7	-13.9	26.4	-61.7	-13.9	26.4	256	-61.7	-13.9	26.4	256
41	1	0.000975	3.01	3.1	-26.9	51.5	19.7	-26.9	51.5	19.7	332	-26.9	51.5	19.7	332
40	1	0.000714	3.15	3.19	-18	-46.2	42.1	-18	-46.2	42.1	200	-18	-46.2	42.1	200
39	1	0.000781	3.11	3.16	12.9	-7.78	34.5	12.9	-7.78	34.5	183	12.9	-7.78	34.5	183
38	1	0.000215	3.67	3.52	34.1	57.1	22.6	34.1	57.1	22.6	338	34.1	57.1	22.6	338
37	1	0.000167	3.78	3.59	17.3	58.5	28.5	17.3	58.5	28.5	299	17.3	58.5	28.5	299
36	1	0.000779	3.11	3.16	27.6	71.3	26	27.6	71.3	26	172	27.6	71.3	26	172
35	1	0.000777	3.11	3.16	-8	-64.5	56.3	-8	-64.5	56.3	315	-8	-64.5	56.3	315
34	1	0.000704	3.15	3.19	56.5	-46.6	51.4	56.5	-46.6	51.4	245	56.5	-46.6	51.4	245
33	1	0.000716	3.15	3.19	-47.4	55.2	-2.97	-47.4	55.2	-2.97	357	-47.4	55.2	-2.97	357
32	1	0.000744	3.13	3.18	16.6	0.364	44.3	16.6	0.364	44.3	148	16.6	0.364	44.3	148
31	1	0.000481	3.32	3.3	-41.2	-32.3	63	-41.2	-32.3	63	314	-41.2	-32.3	63	314
30	1	0.000843	3.07	3.14	-44.5	-25.7	61.9	-44.5	-25.7	61.9	278	-44.5	-25.7	61.9	278
29	1	0.000771	3.11	3.17	23.3	-16.9	64.1	23.3	-16.9	64.1	167	23.3	-16.9	64.1	167
28	1	0.000718	3.14	3.19	40.9	35	54.6	40.9	35	54.6	212	40.9	35	54.6	212
27	1	0.000636	3.2	3.22	43.2	-49.4	74.8	43.2	-49.4	74.8	312	43.2	-49.4	74.8	312
26	1	0.000713	3.15	3.19	12.8	-45.3	75	12.8	-45.3	75	243	12.8	-45.3	75	243
25	1	0.000769	3.11	3.17	-44.6	-40.4	75.8	-44.6	-40.4	75.8	493	-44.6	-40.4	75.8	493
24	1	0.000957	3.02	3.1	-27.5	-24.5	72.5	-27.5	-24.5	72.5	272	-27.5	-24.5	72.5	272
23	1	0.000116	3.93	3.68	20.7	39.7	60	20.7	39.7	60	275	20.7	39.7	60	275
22	1	0.000103	3.99	3.71	70.2	-33.9	48.8	70.2	-33.9	48.8	184	70.2	-33.9	48.8	184
21	1	0.000597	3.22	3.24	29.6	11.2	-14.5	29.6	11.2	-14.5	252	29.6	11.2	-14.5	252
20	1	0.000266	3.58	3.46	2.51	12	-13.8	2.51	12	-13.8	463	2.51	12	-13.8	463
19	1	0.000643	3.19	3.22	53.4	23.6	-17.3	53.4	23.6	-17.3	586	53.4	23.6	-17.3	586
18	1	0.000533	3.27	3.27	10	67.4	-23.7	10	67.4	-23.7	197	10	67.4	-23.7	197
17	1	0.000897	3.05	3.12	59.9	-1.92	-7.38	59.9	-1.92	-7.38	211	59.9	-1.92	-7.38	211
16	1	0.00058	3.24	3.25	43	-1.44	-6.98	43	-1.44	-6.98	523	43	-1.44	-6.98	523
15	1	0.0002	3.7	3.54	-25	-28.2	5.24	-25	-28.2	5.24	183	-25	-28.2	5.24	183
14	1	0.000752	3.12	3.17	-0.85	3.92	-1.02	-0.85	3.92	-1.02	518	-0.85	3.92	-1.02	518
13	1	0.000422	3.37	3.34	70.2	2.75	2.82	70.2	2.75	2.82	197	70.2	2.75	2.82	197
12	1	0.000565	3.25	3.26	15.1	-84.9	36.6	15.1	-84.9	36.6	401	15.1	-84.9	36.6	401
11	1	0.000889	3.05	3.13	-28.9	-82	26	-28.9	-82	26	290	-28.9	-82	26	290
10	1	0.000722	3.14	3.19	59.3	-61.6	20	59.3	-61.6	20	299	59.3	-61.6	20	299
9	1	0.00085	3.07	3.14	-72.3	-38.2	19.6	-72.3	-38.2	19.6	406	-72.3	-38.2	19.6	406
8	1	8.1e-05	4.09	3.77	73.3	-22.7	12.8	73.3	-22.7	12.8	244	73.3	-22.7	12.8	244
7	1	0.000209	3.68	3.53	-0.602	12.2	8.85	-0.602	12.2	8.85	986	-0.602	12.2	8.85	986
6	1	0.000741	3.13	3.18	-26.9	68.6	-0.225	-26.9	68.6	-0.225	167	-26.9	68.6	-0.225	167
5	1	0.000956	3.02	3.1	76.7	-28.5	19.4	76.7	-28.5	19.4	138	76.7	-28.5	19.4	138
4	1	0.000834	3.08	3.14	-17.6	3.65	16.5	-17.6	3.65	16.5	242	-17.6	3.65	16.5	242
3	1	0.00061	3.21	3.23	23.6	48.3	7.52	23.6	48.3	7.52	268	23.6	48.3	7.52	268
2	1	0.000722	3.14	3.19	-12	-93.9	38.9	-12	-93.9	38.9	346	-12	-93.9	38.9	346
1	1	0.000457	3.34	3.32	-22.2	-85.5	26.5	-22.2	-85.5	26.5	291	-22.2	-85.5	26.5	291
