Cluster Index	Voxels	Z-MAX	Z-MAX X (mm)	Z-MAX Y (mm)	Z-MAX Z (mm)	Z-COG X (mm)	Z-COG Y (mm)	Z-COG Z (mm)	COPE-MAX	COPE-MAX X (mm)	COPE-MAX Y (mm)	COPE-MAX Z (mm)	COPE-MEAN
94	86	4.56	-30.9	25.3	1.77	-20	26.2	6.07	315	-7.61	4.11	-0.862	200
93	57	6.1	33.3	25.9	-5.81	27.1	20.5	-0.271	250	33.2	22.6	-5.24	157
92	55	4.86	6.75	15.4	53.3	6.64	23.1	45.1	367	3.48	33.5	38.9	188
91	36	7.47	47	16.6	23.7	46.8	18.3	27.1	420	50.6	23.9	28	233
90	33	6.76	38.4	-87.3	2.43	35.9	-82.2	-0.73	323	31.5	-91.2	-2.34	175
89	28	7.26	-54.5	1.53	40.5	-51.2	3.5	36	209	-44.4	3.68	34.2	147
88	23	6.52	-37.5	-0.535	51.7	-36.6	1.1	52.2	200	-37.5	-0.535	51.7	122
87	21	4.47	19.8	37.7	-18.8	20.7	37.5	-18.3	411	30	40.7	-19.6	250
86	17	4.95	-54.2	38.3	17.1	-47.2	40.1	22.8	355	-47.3	42.2	21.9	226
85	17	5.58	42.7	-60.2	48.5	41.8	-59.5	49.5	218	42.7	-63.5	49	137
84	16	6.03	-10.2	12.6	54.3	-9.39	12	50.8	222	-6.82	12.5	54.2	132
83	13	4.37	-52.6	-48	-18.8	-45.6	-47.7	-19	223	-52.6	-48	-18.8	166
82	13	5.04	-44.9	-34.8	46.5	-49.6	-35.2	45.5	147	-41.6	-39	41.5	109
81	12	3.91	-39.5	-74.6	-14.5	-38.4	-69	-21.1	533	-36.1	-68.9	-21.3	307
80	11	6.3	33.6	4	48.9	33.5	3.08	49.1	243	33.6	4	48.9	158
79	9	3.75	-31.5	-54	55.1	-29.4	-56.4	54.3	242	-28.2	-57.3	55.6	174
78	9	4.74	-26.6	-81.7	-58.9	-20.2	-82.5	-58.9	591	-26.6	-81.7	-58.9	368
77	8	4.77	-48.7	-45.4	20.2	-51.1	-46	18.4	160	-52.1	-45.3	20.3	133
76	8	4.39	56.1	-45.1	17.2	48.9	-43.7	17.2	128	52.7	-45	17.3	106
75	8	3.78	3.91	-98.8	-34.2	2.24	-96.4	-40	200	3.91	-98.8	-34.2	136
74	7	4.48	-49.3	-66	-4.43	-49.2	-66.9	-6.53	179	-49.3	-66	-4.43	151
73	7	3.9	43.9	38.8	14.3	46.2	38.9	15	217	43.9	38.8	14.3	150
72	7	7.49	56.6	-31.1	43	53.2	-30.7	43	222	56.6	-31.1	43	134
71	6	4.52	20.8	-79.7	-60.6	21.4	-84	-59.8	415	24.1	-83.1	-60.1	286
70	6	4.13	-10.1	30.6	39.8	-10.6	33.2	39.4	241	-6.67	33.8	39.2	200
69	5	3.94	33.9	60.3	-0.51	30.5	61.6	-0.647	264	27.1	60.5	-0.352	198
68	5	4	37.2	54.5	6.06	37.2	52.8	3.08	356	37.1	50.4	1.12	265
67	5	4.24	37.1	35.7	15	35.1	34.7	16.4	236	37.1	35.7	15	191
66	5	4.28	52.4	-46	-10.8	53.9	-45.4	-11	120	52.4	-46	-10.8	95.1
65	5	3.77	-23.2	-98.9	-39	-18.6	-98.1	-41.5	167	-19.9	-96.6	-45.2	144
64	5	4.41	18.9	-55.5	31.4	18.8	-59.9	32.1	169	18.9	-58.8	31.9	138
63	4	5.03	50.7	10.9	52.8	49.2	12.4	52.6	164	50.7	10.9	52.8	115
62	4	5.26	40.7	24.3	50.8	35.8	20	47.6	221	40.7	24.3	50.8	148
61	4	4.51	17.2	65.8	10.3	15.6	65.9	10.3	632	17.2	69	9.75	344
60	4	3.65	30.3	44	2.42	31	39.3	3.22	146	30.3	44	2.42	118
59	4	3.38	9.87	20.9	24	9.9	22	25.2	206	9.91	24.2	23.4	163
58	4	4.32	56.2	-24.7	-3.31	56.2	-25.5	-3.17	155	59.6	-24.8	-3.38	133
57	4	3.33	-57.7	22.9	25.6	-56.9	25.5	20.9	175	-57.8	25.3	19.5	143
56	4	4.03	2.96	5.61	32.5	3.69	5.09	33.8	129	2.96	5.61	32.5	103
55	4	3.27	40.1	43.7	-20.4	39.3	44.5	-20.5	283	43.5	43.6	-20.5	231
54	4	3.65	32.5	-60.7	43.2	31.7	-60.7	43.2	136	29.1	-60.6	43.3	111
53	3	3.48	-11.2	-12.2	2.07	-12.3	-11.1	1.92	69.4	-11.2	-12.2	2.07	65.8
52	3	3.37	-62.5	-41.9	-2.61	-59.2	-42	-2.69	131	-62.5	-41.9	-2.61	118
51	3	4.2	46.7	24.7	-11.6	47.8	27.4	-13.9	171	50.1	30.3	-18.4	143
50	3	3.91	-0.945	16.9	-25.9	-3.07	18	-26	244	-0.945	16.9	-25.9	198
49	3	3.55	35.3	-56.2	-14.2	35.3	-56.1	-14.2	132	35.3	-56.2	-14.2	121
48	3	4.01	-51.9	-40.4	30.8	-50.8	-39.4	30.6	126	-51.9	-40.4	30.8	109
47	3	4.45	-62.5	-31.3	-21.4	-61.4	-32.2	-21.3	140	-62.5	-31.3	-21.4	118
46	2	4.41	27.6	-99.5	-34.7	25.9	-99.4	-34.7	165	24.2	-99.4	-34.6	147
45	2	4.35	-32.5	-58.4	-17.6	-32.5	-56.8	-17.8	200	-32.5	-58.4	-17.6	193
44	2	4.73	14.1	-73	-61.6	12.6	-73	-61.5	196	14.1	-73	-61.6	166
43	2	3.5	-58.6	-56.5	56.4	-58.6	-54.9	56.1	250	-58.6	-53.2	55.8	208
42	2	3.51	-34.1	47.4	-7.65	-34.1	45.9	-7.38	168	-34.1	47.4	-7.65	168
41	2	3.28	-20.3	66.7	-11.4	-18.6	66.7	-11.4	243	-16.9	66.6	-11.5	183
40	2	5.38	66.5	-42.9	33.5	66.5	-44.3	33.7	182	66.5	-42.9	33.5	163
39	2	3.17	19.5	26.2	-28.1	21.1	24.5	-27.8	320	22.8	22.8	-27.6	254
38	1	3.09	-66.2	-64.7	1.47	-66.2	-64.7	1.47	54.1	-66.2	-64.7	1.47	54.1
37	1	3.1	52.7	5.46	-48	52.7	5.46	-48	96	52.7	5.46	-48	96
36	1	3.51	-62.8	-47.7	-18.6	-62.8	-47.7	-18.6	123	-62.8	-47.7	-18.6	123
35	1	3.8	-13	-101	-27.7	-13	-101	-27.7	192	-13	-101	-27.7	192
34	1	3.16	-36.3	-74.7	-37.2	-36.3	-74.7	-37.2	168	-36.3	-74.7	-37.2	168
33	1	3.43	3.94	-81.7	-54.1	3.94	-81.7	-54.1	113	3.94	-81.7	-54.1	113
32	1	3.29	24.9	-66.5	-17.8	24.9	-66.5	-17.8	180	24.9	-66.5	-17.8	180
31	1	4.53	2.33	-1.14	-11.5	2.33	-1.14	-11.5	408	2.33	-1.14	-11.5	408
30	1	3.55	56.2	3.78	-36.5	56.2	3.78	-36.5	153	56.2	3.78	-36.5	153
29	1	3.46	-3.97	43.2	-30.4	-3.97	43.2	-30.4	148	-3.97	43.2	-30.4	148
28	1	3.96	43.2	-49.4	74.8	43.2	-49.4	74.8	147	43.2	-49.4	74.8	147
27	1	3.45	5.89	-58.2	77.4	5.89	-58.2	77.4	437	5.89	-58.2	77.4	437
26	1	4.27	-58.4	-42.5	59.6	-58.4	-42.5	59.6	245	-58.4	-42.5	59.6	245
25	1	3.36	-17.3	1.32	45.1	-17.3	1.32	45.1	47.8	-17.3	1.32	45.1	47.8
24	1	4.52	70.2	-33.9	48.8	70.2	-33.9	48.8	88.4	70.2	-33.9	48.8	88.4
23	1	5.8	56.5	-46.6	51.4	56.5	-46.6	51.4	176	56.5	-46.6	51.4	176
22	1	3.42	-21.6	-67.3	57.2	-21.6	-67.3	57.2	161	-21.6	-67.3	57.2	161
21	1	3.97	34.1	57.1	22.6	34.1	57.1	22.6	155	34.1	57.1	22.6	155
20	1	3.4	23.7	41.1	25.7	23.7	41.1	25.7	134	23.7	41.1	25.7	134
19	1	3.34	12.9	-7.78	34.5	12.9	-7.78	34.5	67	12.9	-7.78	34.5	67
18	1	3.17	-21.7	-69	46.2	-21.7	-69	46.2	240	-21.7	-69	46.2	240
17	1	3.11	40.7	52.8	17.6	40.7	52.8	17.6	92.8	40.7	52.8	17.6	92.8
16	1	3.93	-26.9	51.5	19.7	-26.9	51.5	19.7	178	-26.9	51.5	19.7	178
15	1	3.22	10.2	61	0.0445	10.2	61	0.0445	176	10.2	61	0.0445	176
14	1	3.72	1.82	-73.8	40.7	1.82	-73.8	40.7	122	1.82	-73.8	40.7	122
13	1	4.2	-61.7	-13.9	26.4	-61.7	-13.9	26.4	130	-61.7	-13.9	26.4	130
12	1	3.9	-17.6	3.65	16.5	-17.6	3.65	16.5	109	-17.6	3.65	16.5	109
11	1	4.18	16.2	2.7	15.7	16.2	2.7	15.7	121	16.2	2.7	15.7	121
10	1	3.41	76.7	-28.5	19.4	76.7	-28.5	19.4	53.6	76.7	-28.5	19.4	53.6
9	1	3.25	66.3	-47.9	23	66.3	-47.9	23	91.8	66.3	-47.9	23	91.8
8	1	3.46	-26.9	68.6	-0.225	-26.9	68.6	-0.225	67.1	-26.9	68.6	-0.225	67.1
7	1	3.21	-37.3	52.5	2.87	-37.3	52.5	2.87	178	-37.3	52.5	2.87	178
6	1	4.03	-0.602	12.2	8.85	-0.602	12.2	8.85	417	-0.602	12.2	8.85	417
5	1	3.82	-32.2	-72.1	24.4	-32.2	-72.1	24.4	86.6	-32.2	-72.1	24.4	86.6
4	1	3.35	13.3	52.7	-9.9	13.3	52.7	-9.9	206	13.3	52.7	-9.9	206
3	1	3.63	-42.6	-74.4	8.13	-42.6	-74.4	8.13	94.8	-42.6	-74.4	8.13	94.8
2	1	3.15	9.89	57.6	-22	9.89	57.6	-22	256	9.89	57.6	-22	256
1	1	3.24	73.2	-46.4	33.9	73.2	-46.4	33.9	44.7	73.2	-46.4	33.9	44.7
