Cluster Index	Z	P	-log10(P)	x	y	z	
145	5.13	1.49e-07	6.83	42	43	14
145	4.8	7.88e-07	6.1	44	41	11
145	4.59	2.24e-06	5.65	36	38	13
145	4.53	2.94e-06	5.53	30	43	21
145	4.5	3.46e-06	5.46	29	37	22
145	4.49	3.55e-06	5.45	40	47	18
144	6.12	4.66e-10	9.33	22	10	13
144	5.61	9.92e-09	8	18	19	10
144	5.61	1.01e-08	8	22	15	15
144	5.37	4.03e-08	7.39	21	13	16
144	5.29	6e-08	7.22	21	20	8
144	5.25	7.8e-08	7.11	21	14	9
143	5	2.85e-07	6.55	23	44	13
143	4.95	3.68e-07	6.43	29	38	13
143	4.73	1.1e-06	5.96	26	49	11
143	4.55	2.73e-06	5.56	27	40	15
143	4.47	3.93e-06	5.41	30	46	11
143	4.29	8.78e-06	5.06	37	49	11
142	5.95	1.3e-09	8.89	47	16	9
142	5.48	2.17e-08	7.66	45	16	10
142	5.23	8.59e-08	7.07	44	16	7
142	5.16	1.23e-07	6.91	42	13	8
142	4.9	4.86e-07	6.31	51	17	9
142	4.52	3.05e-06	5.52	46	22	8
141	4.94	3.97e-07	6.4	43	13	15
141	4.55	2.74e-06	5.56	43	15	16
141	4.44	4.42e-06	5.35	37	12	21
141	4.18	1.46e-05	4.84	42	17	21
141	4.12	1.9e-05	4.72	45	19	21
141	4.09	2.2e-05	4.66	38	16	17
140	4.77	9e-07	6.05	20	39	18
140	3.97	3.63e-05	4.44	23	37	19
140	3.88	5.26e-05	4.28	23	35	21
140	3.64	0.000134	3.87	16	44	19
140	3.6	0.00016	3.8	23	34	24
139	4.42	4.93e-06	5.31	41	15	12
139	4.1	2.07e-05	4.68	38	11	13
139	3.86	5.65e-05	4.25	38	17	11
139	3.85	5.95e-05	4.23	39	17	13
139	3.79	7.6e-05	4.12	40	20	11
139	3.69	0.000112	3.95	43	19	12
138	4.94	3.93e-07	6.41	24	47	15
138	4.04	2.62e-05	4.58	19	47	17
138	3.89	4.91e-05	4.31	25	46	18
138	3.59	0.000168	3.78	23	45	18
137	5.07	2.02e-07	6.69	44	33	22
137	4.32	7.93e-06	5.1	43	35	22
136	5.01	2.7e-07	6.57	47	35	19
136	4.1	2.04e-05	4.69	51	35	21
136	3.42	0.000308	3.51	50	31	21
135	4.46	4.18e-06	5.38	27	57	15
135	4.21	1.3e-05	4.89	26	55	15
135	3.98	3.52e-05	4.45	23	56	15
135	3.55	0.000191	3.72	30	54	15
134	5.42	3.01e-08	7.52	49	24	20
133	4.1	2.04e-05	4.69	36	34	23
133	4.03	2.78e-05	4.56	35	37	23
133	3.51	0.000227	3.64	36	40	21
133	3.38	0.000367	3.44	39	39	21
132	4.2	1.33e-05	4.87	18	25	12
132	3.94	4.14e-05	4.38	16	29	12
131	4.44	4.51e-06	5.35	45	52	11
131	3.94	4.01e-05	4.4	42	52	11
130	4.04	2.65e-05	4.58	33	57	11
130	4	3.21e-05	4.49	31	54	11
129	4.59	2.2e-06	5.66	22	52	16
129	3.47	0.000264	3.58	21	51	18
128	3.84	6.04e-05	4.22	27	45	9
128	3.73	9.47e-05	4.02	24	45	9
128	3.47	0.00026	3.59	24	42	9
127	4.23	1.19e-05	4.92	48	23	13
127	4.12	1.89e-05	4.72	47	21	15
126	4.59	2.17e-06	5.66	34	48	9
126	3.92	4.44e-05	4.35	34	42	9
126	3.46	0.000268	3.57	33	46	9
125	4.75	1.03e-06	5.99	17	25	20
125	3.53	0.000212	3.67	17	23	21
124	3.76	8.39e-05	4.08	30	51	13
123	4.18	1.44e-05	4.84	39	14	0
123	4.15	1.65e-05	4.78	37	14	0
122	4.76	9.62e-07	6.02	46	10	13
122	3.57	0.000179	3.75	45	13	12
121	4.39	5.7e-06	5.24	48	28	25
120	4.3	8.61e-06	5.07	30	9	3
119	4.42	5.01e-06	5.3	51	28	23
118	3.54	0.000201	3.7	44	11	21
118	3.52	0.000214	3.67	43	13	21
117	3.88	5.31e-05	4.28	49	23	17
116	3.63	0.000144	3.84	49	44	11
116	3.55	0.000189	3.72	50	40	11
115	3.83	6.29e-05	4.2	16	22	15
115	3.66	0.000125	3.9	19	22	15
114	3.65	0.00013	3.89	26	13	0
113	3.51	0.000225	3.65	24	27	20
112	3.79	7.42e-05	4.13	53	24	21
111	3.94	4.02e-05	4.4	48	25	5
110	4.81	7.51e-07	6.12	15	44	13
109	3.91	4.6e-05	4.34	23	44	7
108	4.28	9.55e-06	5.02	50	27	8
107	3.4	0.000333	3.48	34	33	9
106	3.53	0.000206	3.69	51	42	17
105	3.89	5e-05	4.3	37	57	13
104	3.58	0.000171	3.77	28	56	17
103	3.83	6.41e-05	4.19	49	15	21
102	3.95	3.94e-05	4.4	46	15	23
101	3.46	0.000269	3.57	39	8	3
101	3.41	0.00032	3.5	37	9	2
100	3.58	0.000171	3.77	18	38	23
99	3.48	0.000255	3.59	32	36	19
98	3.53	0.000204	3.69	18	33	8
97	3.84	6.04e-05	4.22	36	10	22
96	3.58	0.000174	3.76	24	39	22
96	3.51	0.000222	3.65	21	41	23
95	3.41	0.000329	3.48	37	12	17
95	3.36	0.000395	3.4	35	12	17
94	3.44	0.000291	3.54	50	21	23
93	3.38	0.000358	3.45	43	45	9
92	3.53	0.000207	3.68	18	37	5
92	3.15	0.000817	3.09	20	35	5
91	3.8	7.2e-05	4.14	36	55	11
90	3.92	4.46e-05	4.35	39	20	15
89	4.13	1.84e-05	4.73	11	21	18
89	3.26	0.000564	3.25	13	22	18
88	3.74	9.14e-05	4.04	50	23	8
87	3.74	9.31e-05	4.03	25	28	13
86	4.15	1.67e-05	4.78	30	40	9
85	3.57	0.000182	3.74	33	57	13
84	3.28	0.000526	3.28	47	22	25
83	4.02	2.93e-05	4.53	28	17	0
82	3.53	0.000206	3.69	38	8	11
81	3.49	0.000242	3.62	54	25	11
80	3.5	0.000231	3.64	51	14	11
79	3.49	0.000243	3.61	48	14	11
78	3.43	0.000303	3.52	24	8	4
77	3.55	0.000192	3.72	31	35	10
76	3.42	0.000309	3.51	38	34	21
75	4.1	2.09e-05	4.68	32	12	18
74	3.71	0.000103	3.99	42	43	7
73	3.79	7.55e-05	4.12	43	27	21
72	3.96	3.68e-05	4.43	21	25	8
71	3.86	5.57e-05	4.25	13	22	16
70	3.14	0.000859	3.07	31	15	25
69	3.17	0.000751	3.12	17	40	5
68	3.39	0.000353	3.45	43	15	4
67	3.5	0.000235	3.63	36	7	5
66	3.11	0.000934	3.03	13	41	12
65	3.53	0.00021	3.68	45	40	16
64	3.32	0.000449	3.35	32	44	17
63	3.4	0.000338	3.47	16	51	13
62	3.48	0.000247	3.61	36	12	9
61	3.82	6.62e-05	4.18	36	31	25
60	3.71	0.000104	3.98	49	27	21
59	3.23	0.000622	3.21	40	5	15
58	3.2	0.000699	3.16	30	30	10
57	3.37	0.00038	3.42	40	25	9
56	3.82	6.54e-05	4.18	23	26	25
55	3.57	0.00018	3.74	34	50	9
54	3.13	0.000867	3.06	21	34	7
53	3.22	0.000636	3.2	16	39	7
52	3.31	0.000475	3.32	14	26	7
51	3.36	0.000385	3.41	31	14	1
50	3.19	0.000707	3.15	25	17	6
49	3.2	0.000688	3.16	46	46	7
48	3.5	0.000229	3.64	15	39	5
47	3.34	0.000417	3.38	42	41	8
46	3.35	0.000406	3.39	41	17	9
45	3.23	0.000609	3.22	24	34	5
44	3.13	0.000884	3.05	25	22	9
43	3.26	0.000566	3.25	21	42	9
42	3.15	0.000825	3.08	51	30	17
41	3.1	0.000975	3.01	41	50	18
40	3.19	0.000714	3.15	38	20	19
39	3.16	0.000781	3.11	29	32	19
38	3.52	0.000215	3.67	23	52	19
37	3.59	0.000167	3.78	28	52	20
36	3.16	0.000779	3.11	25	56	20
35	3.16	0.000777	3.11	35	14	21
34	3.19	0.000704	3.15	16	20	21
33	3.19	0.000716	3.15	47	52	14
32	3.18	0.000744	3.13	28	34	21
31	3.3	0.000481	3.32	45	23	23
30	3.14	0.000843	3.07	46	25	23
29	3.17	0.000771	3.11	26	28	24
28	3.19	0.000718	3.14	21	44	24
27	3.22	0.000636	3.2	20	18	25
26	3.19	0.000713	3.15	29	19	25
25	3.17	0.000769	3.11	46	20	25
24	3.1	0.000957	3.02	41	25	25
23	3.68	0.000116	3.93	27	45	25
22	3.71	0.000103	3.99	12	24	21
21	3.24	0.000597	3.22	24	40	11
20	3.46	0.000266	3.58	32	40	11
19	3.22	0.000643	3.19	17	44	11
18	3.27	0.000533	3.27	30	57	11
17	3.12	0.000897	3.05	15	36	12
16	3.25	0.00058	3.24	20	36	12
15	3.54	0.0002	3.7	40	27	13
14	3.17	0.000752	3.12	33	37	13
13	3.34	0.000422	3.37	12	37	14
12	3.26	0.000565	3.25	28	9	17
11	3.13	0.000889	3.05	41	10	15
10	3.19	0.000722	3.14	15	17	15
9	3.14	0.00085	3.07	54	23	15
8	3.77	8.1e-05	4.09	11	29	15
7	3.53	0.000209	3.68	33	39	15
6	3.18	0.000741	3.13	41	56	15
5	3.1	0.000956	3.02	10	27	16
4	3.14	0.000834	3.08	38	36	16
3	3.23	0.00061	3.21	26	50	16
2	3.19	0.000722	3.14	36	6	17
1	3.32	0.000457	3.34	39	9	15
