0.5 8.095230e+03 8.094467e+03 8.096242e+03 8.097005e+03
1.5 8.051185e+03 8.082429e+03 8.089316e+03 8.058072e+03
2.5 8.053875e+03 8.066877e+03 8.072843e+03 8.059841e+03
3.5 8.048055e+03 8.058000e+03 8.060710e+03 8.050765e+03
4.5 8.050466e+03 8.052477e+03 8.052494e+03 8.050483e+03
5.5 8.075606e+03 8.050241e+03 8.048685e+03 8.074049e+03
6.5 8.074691e+03 8.049841e+03 8.047514e+03 8.072363e+03
7.5 8.035532e+03 8.048750e+03 8.046082e+03 8.032864e+03
8.5 8.053752e+03 8.049737e+03 8.046925e+03 8.050940e+03
9.5 8.079429e+03 8.048589e+03 8.045712e+03 8.076553e+03
10.5 8.054962e+03 8.049627e+03 8.046706e+03 8.052041e+03
11.5 8.038203e+03 8.048901e+03 8.045963e+03 8.035265e+03
0.2 8.053875e+03 8.066877e+03 8.072843e+03 8.059841e+03
1.2 8.048055e+03 8.058000e+03 8.060710e+03 8.050765e+03
2.2 8.050466e+03 8.052477e+03 8.052494e+03 8.050483e+03
3.2 8.075606e+03 8.050241e+03 8.048685e+03 8.074049e+03
4.2 8.074691e+03 8.049841e+03 8.047514e+03 8.072363e+03
5.2 8.035532e+03 8.048750e+03 8.046082e+03 8.032864e+03
6.2 8.053752e+03 8.049737e+03 8.046925e+03 8.050940e+03
7.2 8.079429e+03 8.048589e+03 8.045712e+03 8.076553e+03
8.2 8.054962e+03 8.049627e+03 8.046706e+03 8.052041e+03
9.2 8.038203e+03 8.048901e+03 8.045963e+03 8.035265e+03
10.2 8.038379e+03 8.049159e+03 8.046202e+03 8.035421e+03
11.2 7.999910e+03 8.049206e+03 8.046227e+03 7.996931e+03
0.9 8.075606e+03 8.050241e+03 8.048685e+03 8.074049e+03
1.9 8.074691e+03 8.049841e+03 8.047514e+03 8.072363e+03
2.9 8.035532e+03 8.048750e+03 8.046082e+03 8.032864e+03
3.9 8.053752e+03 8.049737e+03 8.046925e+03 8.050940e+03
4.9 8.079429e+03 8.048589e+03 8.045712e+03 8.076553e+03
5.9 8.054962e+03 8.049627e+03 8.046706e+03 8.052041e+03
6.9 8.038203e+03 8.048901e+03 8.045963e+03 8.035265e+03
7.9 8.038379e+03 8.049159e+03 8.046202e+03 8.035421e+03
8.9 7.999910e+03 8.049206e+03 8.046227e+03 7.996931e+03
9.9 8.013285e+03 8.048468e+03 8.045465e+03 8.010282e+03
10.9 8.041101e+03 8.049189e+03 8.046161e+03 8.038073e+03
11.9 8.075175e+03 8.047898e+03 8.044845e+03 8.072122e+03
0.6 8.035532e+03 8.048750e+03 8.046082e+03 8.032864e+03
1.6 8.053752e+03 8.049737e+03 8.046925e+03 8.050940e+03
2.6 8.079429e+03 8.048589e+03 8.045712e+03 8.076553e+03
3.6 8.054962e+03 8.049627e+03 8.046706e+03 8.052041e+03
4.6 8.038203e+03 8.048901e+03 8.045963e+03 8.035265e+03
5.6 8.038379e+03 8.049159e+03 8.046202e+03 8.035421e+03
6.6 7.999910e+03 8.049206e+03 8.046227e+03 7.996931e+03
7.6 8.013285e+03 8.048468e+03 8.045465e+03 8.010282e+03
8.6 8.041101e+03 8.049189e+03 8.046161e+03 8.038073e+03
9.6 8.075175e+03 8.047898e+03 8.044845e+03 8.072122e+03
10.6 8.047690e+03 8.048842e+03 8.045764e+03 8.044612e+03
11.6 8.022831e+03 8.047758e+03 8.044656e+03 8.019729e+03
0.3 8.079429e+03 8.048589e+03 8.045712e+03 8.076553e+03
1.3 8.054962e+03 8.049627e+03 8.046706e+03 8.052041e+03
2.3 8.038203e+03 8.048901e+03 8.045963e+03 8.035265e+03
3.3 8.038379e+03 8.049159e+03 8.046202e+03 8.035421e+03
4.3 7.999910e+03 8.049206e+03 8.046227e+03 7.996931e+03
5.3 8.013285e+03 8.048468e+03 8.045465e+03 8.010282e+03
6.3 8.041101e+03 8.049189e+03 8.046161e+03 8.038073e+03
7.3 8.075175e+03 8.047898e+03 8.044845e+03 8.072122e+03
8.3 8.047690e+03 8.048842e+03 8.045764e+03 8.044612e+03
9.3 8.022831e+03 8.047758e+03 8.044656e+03 8.019729e+03
10.3 8.023439e+03 8.049354e+03 8.048314e+03 8.022400e+03
11.3 8.076440e+03 8.055495e+03 8.062714e+03 8.083658e+03
1.0 8.038379e+03 8.049159e+03 8.046202e+03 8.035421e+03
2.0 7.999910e+03 8.049206e+03 8.046227e+03 7.996931e+03
3.0 8.013285e+03 8.048468e+03 8.045465e+03 8.010282e+03
4.0 8.041101e+03 8.049189e+03 8.046161e+03 8.038073e+03
5.0 8.075175e+03 8.047898e+03 8.044845e+03 8.072122e+03
6.0 8.047690e+03 8.048842e+03 8.045764e+03 8.044612e+03
7.0 8.022831e+03 8.047758e+03 8.044656e+03 8.019729e+03
8.0 8.023439e+03 8.049354e+03 8.048314e+03 8.022400e+03
9.0 8.076440e+03 8.055495e+03 8.062714e+03 8.083658e+03
10.0 8.120785e+03 8.066166e+03 8.077870e+03 8.132489e+03
11.0 8.118762e+03 8.079360e+03 8.088090e+03 8.127492e+03
12.0 8.086838e+03 8.089646e+03 8.093562e+03 8.090754e+03
0.7 8.013285e+03 8.048468e+03 8.045465e+03 8.010282e+03
1.7 8.041101e+03 8.049189e+03 8.046161e+03 8.038073e+03
2.7 8.075175e+03 8.047898e+03 8.044845e+03 8.072122e+03
3.7 8.047690e+03 8.048842e+03 8.045764e+03 8.044612e+03
4.7 8.022831e+03 8.047758e+03 8.044656e+03 8.019729e+03
5.7 8.023439e+03 8.049354e+03 8.048314e+03 8.022400e+03
6.7 8.076440e+03 8.055495e+03 8.062714e+03 8.083658e+03
7.7 8.120785e+03 8.066166e+03 8.077870e+03 8.132489e+03
8.7 8.118762e+03 8.079360e+03 8.088090e+03 8.127492e+03
9.7 8.086838e+03 8.089646e+03 8.093562e+03 8.090754e+03
10.7 8.052445e+03 8.095706e+03 8.096072e+03 8.052811e+03
11.7 8.033753e+03 8.098716e+03 8.097104e+03 8.032141e+03
0.4 8.075175e+03 8.047898e+03 8.044845e+03 8.072122e+03
1.4 8.047690e+03 8.048842e+03 8.045764e+03 8.044612e+03
2.4 8.022831e+03 8.047758e+03 8.044656e+03 8.019729e+03
3.4 8.023439e+03 8.049354e+03 8.048314e+03 8.022400e+03
4.4 8.076440e+03 8.055495e+03 8.062714e+03 8.083658e+03
5.4 8.120785e+03 8.066166e+03 8.077870e+03 8.132489e+03
6.4 8.118762e+03 8.079360e+03 8.088090e+03 8.127492e+03
7.4 8.086838e+03 8.089646e+03 8.093562e+03 8.090754e+03
8.4 8.052445e+03 8.095706e+03 8.096072e+03 8.052811e+03
9.4 8.033753e+03 8.098716e+03 8.097104e+03 8.032141e+03
10.4 8.040003e+03 8.100025e+03 8.097468e+03 8.037446e+03
11.4 8.041864e+03 8.100354e+03 8.097573e+03 8.039083e+03
0.5 8.046127e+03 8.095565e+03 8.097357e+03 8.047920e+03
1.5 8.027612e+03 8.082498e+03 8.089269e+03 8.034384e+03
2.5 8.020138e+03 8.066256e+03 8.072027e+03 8.025909e+03
3.5 8.022492e+03 8.057008e+03 8.059472e+03 8.024955e+03
4.5 8.016717e+03 8.051090e+03 8.050815e+03 8.016442e+03
5.5 8.018895e+03 8.048813e+03 8.046936e+03 8.017018e+03
6.5 8.053016e+03 8.048383e+03 8.045719e+03 8.050352e+03
7.5 8.064054e+03 8.047048e+03 8.044039e+03 8.061045e+03
8.5 8.057551e+03 8.047770e+03 8.044621e+03 8.054402e+03
9.5 8.053655e+03 8.046433e+03 8.043231e+03 8.050453e+03
10.5 8.053419e+03 8.047098e+03 8.043866e+03 8.050186e+03
11.5 8.037677e+03 8.046213e+03 8.042980e+03 8.034444e+03
0.2 8.020138e+03 8.066256e+03 8.072027e+03 8.025909e+03
1.2 8.022492e+03 8.057008e+03 8.059472e+03 8.024955e+03
2.2 8.016717e+03 8.051090e+03 8.050815e+03 8.016442e+03
3.2 8.018895e+03 8.048813e+03 8.046936e+03 8.017018e+03
4.2 8.053016e+03 8.048383e+03 8.045719e+03 8.050352e+03
5.2 8.064054e+03 8.047048e+03 8.044039e+03 8.061045e+03
6.2 8.057551e+03 8.047770e+03 8.044621e+03 8.054402e+03
7.2 8.053655e+03 8.046433e+03 8.043231e+03 8.050453e+03
8.2 8.053419e+03 8.047098e+03 8.043866e+03 8.050186e+03
9.2 8.037677e+03 8.046213e+03 8.042980e+03 8.034444e+03
10.2 8.018964e+03 8.047095e+03 8.043859e+03 8.015728e+03
11.2 8.013085e+03 8.047803e+03 8.044563e+03 8.009846e+03
0.9 8.018895e+03 8.048813e+03 8.046936e+03 8.017018e+03
1.9 8.053016e+03 8.048383e+03 8.045719e+03 8.050352e+03
2.9 8.064054e+03 8.047048e+03 8.044039e+03 8.061045e+03
3.9 8.057551e+03 8.047770e+03 8.044621e+03 8.054402e+03
4.9 8.053655e+03 8.046433e+03 8.043231e+03 8.050453e+03
5.9 8.053419e+03 8.047098e+03 8.043866e+03 8.050186e+03
6.9 8.037677e+03 8.046213e+03 8.042980e+03 8.034444e+03
7.9 8.018964e+03 8.047095e+03 8.043859e+03 8.015728e+03
8.9 8.013085e+03 8.047803e+03 8.044563e+03 8.009846e+03
9.9 8.018633e+03 8.047060e+03 8.043817e+03 8.015390e+03
10.9 8.001622e+03 8.047728e+03 8.044481e+03 7.998376e+03
11.9 8.008015e+03 8.046381e+03 8.043132e+03 8.004765e+03
0.6 8.064054e+03 8.047048e+03 8.044039e+03 8.061045e+03
1.6 8.057551e+03 8.047770e+03 8.044621e+03 8.054402e+03
2.6 8.053655e+03 8.046433e+03 8.043231e+03 8.050453e+03
3.6 8.053419e+03 8.047098e+03 8.043866e+03 8.050186e+03
4.6 8.037677e+03 8.046213e+03 8.042980e+03 8.034444e+03
5.6 8.018964e+03 8.047095e+03 8.043859e+03 8.015728e+03
6.6 8.013085e+03 8.047803e+03 8.044563e+03 8.009846e+03
7.6 8.018633e+03 8.047060e+03 8.043817e+03 8.015390e+03
8.6 8.001622e+03 8.047728e+03 8.044481e+03 7.998376e+03
9.6 8.008015e+03 8.046381e+03 8.043132e+03 8.004765e+03
10.6 8.020925e+03 8.047362e+03 8.044109e+03 8.017672e+03
11.6 8.009834e+03 8.046429e+03 8.043174e+03 8.006579e+03
0.3 8.053655e+03 8.046433e+03 8.043231e+03 8.050453e+03
1.3 8.053419e+03 8.047098e+03 8.043866e+03 8.050186e+03
2.3 8.037677e+03 8.046213e+03 8.042980e+03 8.034444e+03
3.3 8.018964e+03 8.047095e+03 8.043859e+03 8.015728e+03
4.3 8.013085e+03 8.047803e+03 8.044563e+03 8.009846e+03
5.3 8.018633e+03 8.047060e+03 8.043817e+03 8.015390e+03
6.3 8.001622e+03 8.047728e+03 8.044481e+03 7.998376e+03
7.3 8.008015e+03 8.046381e+03 8.043132e+03 8.004765e+03
8.3 8.020925e+03 8.047362e+03 8.044109e+03 8.017672e+03
9.3 8.009834e+03 8.046429e+03 8.043174e+03 8.006579e+03
10.3 7.991383e+03 8.047987e+03 8.046679e+03 7.990074e+03
11.3 7.991148e+03 8.054175e+03 8.061062e+03 7.998035e+03
0.9 8.018964e+03 8.047095e+03 8.043859e+03 8.015728e+03
1.9 8.013085e+03 8.047803e+03 8.044563e+03 8.009846e+03
2.9 8.018633e+03 8.047060e+03 8.043817e+03 8.015390e+03
3.9 8.001622e+03 8.047728e+03 8.044481e+03 7.998376e+03
4.9 8.008015e+03 8.046381e+03 8.043132e+03 8.004765e+03
5.9 8.020925e+03 8.047362e+03 8.044109e+03 8.017672e+03
6.9 8.009834e+03 8.046429e+03 8.043174e+03 8.006579e+03
7.9 7.991383e+03 8.047987e+03 8.046679e+03 7.990074e+03
8.9 7.991148e+03 8.054175e+03 8.061062e+03 7.998035e+03
9.9 8.030082e+03 8.064832e+03 8.076437e+03 8.041686e+03
10.9 8.058809e+03 8.078153e+03 8.086917e+03 8.067574e+03
11.9 8.225056e+03 8.088647e+03 8.092602e+03 8.229011e+03
0.7 8.018633e+03 8.047060e+03 8.043817e+03 8.015390e+03
1.7 8.001622e+03 8.047728e+03 8.044481e+03 7.998376e+03
2.7 8.008015e+03 8.046381e+03 8.043132e+03 8.004765e+03
3.7 8.020925e+03 8.047362e+03 8.044109e+03 8.017672e+03
4.7 8.009834e+03 8.046429e+03 8.043174e+03 8.006579e+03
5.7 7.991383e+03 8.047987e+03 8.046679e+03 7.990074e+03
6.7 7.991148e+03 8.054175e+03 8.061062e+03 7.998035e+03
7.7 8.030082e+03 8.064832e+03 8.076437e+03 8.041686e+03
8.7 8.058809e+03 8.078153e+03 8.086917e+03 8.067574e+03
9.7 8.225056e+03 8.088647e+03 8.092602e+03 8.229011e+03
10.7 8.169360e+03 8.094897e+03 8.095270e+03 8.169733e+03
11.7 8.130783e+03 8.098050e+03 8.096420e+03 8.129153e+03
0.3 8.008015e+03 8.046381e+03 8.043132e+03 8.004765e+03
1.3 8.020925e+03 8.047362e+03 8.044109e+03 8.017672e+03
2.3 8.009834e+03 8.046429e+03 8.043174e+03 8.006579e+03
3.3 7.991383e+03 8.047987e+03 8.046679e+03 7.990074e+03
4.3 7.991148e+03 8.054175e+03 8.061062e+03 7.998035e+03
5.3 8.030082e+03 8.064832e+03 8.076437e+03 8.041686e+03
6.3 8.058809e+03 8.078153e+03 8.086917e+03 8.067574e+03
7.3 8.225056e+03 8.088647e+03 8.092602e+03 8.229011e+03
8.3 8.169360e+03 8.094897e+03 8.095270e+03 8.169733e+03
9.3 8.130783e+03 8.098050e+03 8.096420e+03 8.129153e+03
10.3 8.102889e+03 8.099465e+03 8.096879e+03 8.100303e+03
11.3 8.094481e+03 8.099874e+03 8.097063e+03 8.091669e+03
0.5 8.099349e+03 8.095104e+03 8.096868e+03 8.101113e+03
1.5 8.112872e+03 8.081773e+03 8.088518e+03 8.119618e+03
2.5 8.117517e+03 8.065532e+03 8.071280e+03 8.123265e+03
3.5 8.085895e+03 8.056765e+03 8.059210e+03 8.088341e+03
4.5 8.056293e+03 8.051117e+03 8.050831e+03 8.056007e+03
5.5 8.047570e+03 8.049146e+03 8.047263e+03 8.045686e+03
6.5 8.051264e+03 8.049226e+03 8.046562e+03 8.048600e+03
7.5 8.062832e+03 8.047704e+03 8.044699e+03 8.059828e+03
8.5 8.057505e+03 8.048518e+03 8.045378e+03 8.054365e+03
9.5 8.079762e+03 8.047066e+03 8.043877e+03 8.076573e+03
10.5 8.089790e+03 8.047692e+03 8.044480e+03 8.086578e+03
11.5 8.097188e+03 8.047024e+03 8.043820e+03 8.093985e+03
0.2 8.117517e+03 8.065532e+03 8.071280e+03 8.123265e+03
1.2 8.085895e+03 8.056765e+03 8.059210e+03 8.088341e+03
2.2 8.056293e+03 8.051117e+03 8.050831e+03 8.056007e+03
3.2 8.047570e+03 8.049146e+03 8.047263e+03 8.045686e+03
4.2 8.051264e+03 8.049226e+03 8.046562e+03 8.048600e+03
5.2 8.062832e+03 8.047704e+03 8.044699e+03 8.059828e+03
6.2 8.057505e+03 8.048518e+03 8.045378e+03 8.054365e+03
7.2 8.079762e+03 8.047066e+03 8.043877e+03 8.076573e+03
8.2 8.089790e+03 8.047692e+03 8.044480e+03 8.086578e+03
9.2 8.097188e+03 8.047024e+03 8.043820e+03 8.093985e+03
10.2 8.096313e+03 8.047031e+03 8.043835e+03 8.093117e+03
11.2 8.063456e+03 8.047372e+03 8.044182e+03 8.060266e+03
0.8 8.047570e+03 8.049146e+03 8.047263e+03 8.045686e+03
1.8 8.051264e+03 8.049226e+03 8.046562e+03 8.048600e+03
2.8 8.062832e+03 8.047704e+03 8.044699e+03 8.059828e+03
3.8 8.057505e+03 8.048518e+03 8.045378e+03 8.054365e+03
4.8 8.079762e+03 8.047066e+03 8.043877e+03 8.076573e+03
5.8 8.089790e+03 8.047692e+03 8.044480e+03 8.086578e+03
6.8 8.097188e+03 8.047024e+03 8.043820e+03 8.093985e+03
7.8 8.096313e+03 8.047031e+03 8.043835e+03 8.093117e+03
8.8 8.063456e+03 8.047372e+03 8.044182e+03 8.060266e+03
9.8 8.066769e+03 8.046591e+03 8.043407e+03 8.063585e+03
10.8 8.083444e+03 8.047601e+03 8.044424e+03 8.080266e+03
11.8 8.092158e+03 8.046479e+03 8.043309e+03 8.088987e+03
0.5 8.062832e+03 8.047704e+03 8.044699e+03 8.059828e+03
1.5 8.057505e+03 8.048518e+03 8.045378e+03 8.054365e+03
2.5 8.079762e+03 8.047066e+03 8.043877e+03 8.076573e+03
3.5 8.089790e+03 8.047692e+03 8.044480e+03 8.086578e+03
4.5 8.097188e+03 8.047024e+03 8.043820e+03 8.093985e+03
5.5 8.096313e+03 8.047031e+03 8.043835e+03 8.093117e+03
6.5 8.063456e+03 8.047372e+03 8.044182e+03 8.060266e+03
7.5 8.066769e+03 8.046591e+03 8.043407e+03 8.063585e+03
8.5 8.083444e+03 8.047601e+03 8.044424e+03 8.080266e+03
9.5 8.092158e+03 8.046479e+03 8.043309e+03 8.088987e+03
10.5 8.104991e+03 8.047573e+03 8.044413e+03 8.101830e+03
11.5 8.094925e+03 8.046862e+03 8.043715e+03 8.091777e+03
0.2 8.079762e+03 8.047066e+03 8.043877e+03 8.076573e+03
1.2 8.089790e+03 8.047692e+03 8.044480e+03 8.086578e+03
2.2 8.097188e+03 8.047024e+03 8.043820e+03 8.093985e+03
3.2 8.096313e+03 8.047031e+03 8.043835e+03 8.093117e+03
4.2 8.063456e+03 8.047372e+03 8.044182e+03 8.060266e+03
5.2 8.066769e+03 8.046591e+03 8.043407e+03 8.063585e+03
6.2 8.083444e+03 8.047601e+03 8.044424e+03 8.080266e+03
7.2 8.092158e+03 8.046479e+03 8.043309e+03 8.088987e+03
8.2 8.104991e+03 8.047573e+03 8.044413e+03 8.101830e+03
9.2 8.094925e+03 8.046862e+03 8.043715e+03 8.091777e+03
10.2 8.066614e+03 8.048198e+03 8.046756e+03 8.065172e+03
11.2 8.044830e+03 8.054319e+03 8.060906e+03 8.051416e+03
0.9 8.096313e+03 8.047031e+03 8.043835e+03 8.093117e+03
1.9 8.063456e+03 8.047372e+03 8.044182e+03 8.060266e+03
2.9 8.066769e+03 8.046591e+03 8.043407e+03 8.063585e+03
3.9 8.083444e+03 8.047601e+03 8.044424e+03 8.080266e+03
4.9 8.092158e+03 8.046479e+03 8.043309e+03 8.088987e+03
5.9 8.104991e+03 8.047573e+03 8.044413e+03 8.101830e+03
6.9 8.094925e+03 8.046862e+03 8.043715e+03 8.091777e+03
7.9 8.066614e+03 8.048198e+03 8.046756e+03 8.065172e+03
8.9 8.044830e+03 8.054319e+03 8.060906e+03 8.051416e+03
9.9 8.105068e+03 8.064804e+03 8.076559e+03 8.116823e+03
10.9 8.160592e+03 8.078258e+03 8.087453e+03 8.169787e+03
11.9 8.146491e+03 8.089092e+03 8.093500e+03 8.150898e+03
0.6 8.066769e+03 8.046591e+03 8.043407e+03 8.063585e+03
1.6 8.083444e+03 8.047601e+03 8.044424e+03 8.080266e+03
2.6 8.092158e+03 8.046479e+03 8.043309e+03 8.088987e+03
3.6 8.104991e+03 8.047573e+03 8.044413e+03 8.101830e+03
4.6 8.094925e+03 8.046862e+03 8.043715e+03 8.091777e+03
5.6 8.066614e+03 8.048198e+03 8.046756e+03 8.065172e+03
6.6 8.044830e+03 8.054319e+03 8.060906e+03 8.051416e+03
7.6 8.105068e+03 8.064804e+03 8.076559e+03 8.116823e+03
8.6 8.160592e+03 8.078258e+03 8.087453e+03 8.169787e+03
9.6 8.146491e+03 8.089092e+03 8.093500e+03 8.150898e+03
10.6 8.092776e+03 8.095689e+03 8.096467e+03 8.093555e+03
11.6 8.101569e+03 8.099140e+03 8.097892e+03 8.100320e+03
0.3 8.092158e+03 8.046479e+03 8.043309e+03 8.088987e+03
1.3 8.104991e+03 8.047573e+03 8.044413e+03 8.101830e+03
2.3 8.094925e+03 8.046862e+03 8.043715e+03 8.091777e+03
3.3 8.066614e+03 8.048198e+03 8.046756e+03 8.065172e+03
4.3 8.044830e+03 8.054319e+03 8.060906e+03 8.051416e+03
5.3 8.105068e+03 8.064804e+03 8.076559e+03 8.116823e+03
6.3 8.160592e+03 8.078258e+03 8.087453e+03 8.169787e+03
7.3 8.146491e+03 8.089092e+03 8.093500e+03 8.150898e+03
8.3 8.092776e+03 8.095689e+03 8.096467e+03 8.093555e+03
9.3 8.101569e+03 8.099140e+03 8.097892e+03 8.100320e+03
10.3 8.081202e+03 8.100826e+03 8.098633e+03 8.079008e+03
11.3 8.065081e+03 8.101503e+03 8.099121e+03 8.062699e+03
0.5 8.041588e+03 8.097024e+03 8.099273e+03 8.043837e+03
1.5 8.016424e+03 8.084018e+03 8.091318e+03 8.023725e+03
2.5 8.003868e+03 8.068146e+03 8.074528e+03 8.010250e+03
3.5 8.007667e+03 8.059526e+03 8.062697e+03 8.010838e+03
4.5 8.018122e+03 8.054170e+03 8.054710e+03 8.018662e+03
5.5 8.044006e+03 8.052627e+03 8.051681e+03 8.043061e+03
6.5 8.043370e+03 8.052788e+03 8.051183e+03 8.041766e+03
7.5 8.054516e+03 8.052275e+03 8.050463e+03 8.052704e+03
8.5 8.022954e+03 8.054044e+03 8.052241e+03 8.021152e+03
9.5 8.028693e+03 8.053548e+03 8.051850e+03 8.026995e+03
10.5 8.062197e+03 8.055259e+03 8.053698e+03 8.060637e+03
11.5 8.085991e+03 8.055350e+03 8.053964e+03 8.084605e+03
0.2 8.003868e+03 8.068146e+03 8.074528e+03 8.010250e+03
1.2 8.007667e+03 8.059526e+03 8.062697e+03 8.010838e+03
2.2 8.018122e+03 8.054170e+03 8.054710e+03 8.018662e+03
3.2 8.044006e+03 8.052627e+03 8.051681e+03 8.043061e+03
4.2 8.043370e+03 8.052788e+03 8.051183e+03 8.041766e+03
5.2 8.054516e+03 8.052275e+03 8.050463e+03 8.052704e+03
6.2 8.022954e+03 8.054044e+03 8.052241e+03 8.021152e+03
7.2 8.028693e+03 8.053548e+03 8.051850e+03 8.026995e+03
8.2 8.062197e+03 8.055259e+03 8.053698e+03 8.060637e+03
9.2 8.085991e+03 8.055350e+03 8.053964e+03 8.084605e+03
10.2 8.106144e+03 8.056768e+03 8.055567e+03 8.104943e+03
11.2 8.087861e+03 8.058171e+03 8.057168e+03 8.086858e+03
0.9 8.044006e+03 8.052627e+03 8.051681e+03 8.043061e+03
1.9 8.043370e+03 8.052788e+03 8.051183e+03 8.041766e+03
2.9 8.054516e+03 8.052275e+03 8.050463e+03 8.052704e+03
3.9 8.022954e+03 8.054044e+03 8.052241e+03 8.021152e+03
4.9 8.028693e+03 8.053548e+03 8.051850e+03 8.026995e+03
5.9 8.062197e+03 8.055259e+03 8.053698e+03 8.060637e+03
6.9 8.085991e+03 8.055350e+03 8.053964e+03 8.084605e+03
7.9 8.106144e+03 8.056768e+03 8.055567e+03 8.104943e+03
8.9 8.087861e+03 8.058171e+03 8.057168e+03 8.086858e+03
9.9 8.088255e+03 8.058489e+03 8.057698e+03 8.087464e+03
10.9 8.077102e+03 8.060380e+03 8.059813e+03 8.076535e+03
11.9 8.058633e+03 8.060321e+03 8.059989e+03 8.058301e+03
0.6 8.054516e+03 8.052275e+03 8.050463e+03 8.052704e+03
1.6 8.022954e+03 8.054044e+03 8.052241e+03 8.021152e+03
2.6 8.028693e+03 8.053548e+03 8.051850e+03 8.026995e+03
3.6 8.062197e+03 8.055259e+03 8.053698e+03 8.060637e+03
4.6 8.085991e+03 8.055350e+03 8.053964e+03 8.084605e+03
5.6 8.106144e+03 8.056768e+03 8.055567e+03 8.104943e+03
6.6 8.087861e+03 8.058171e+03 8.057168e+03 8.086858e+03
7.6 8.088255e+03 8.058489e+03 8.057698e+03 8.087464e+03
8.6 8.077102e+03 8.060380e+03 8.059813e+03 8.076535e+03
9.6 8.058633e+03 8.060321e+03 8.059989e+03 8.058301e+03
10.6 8.075865e+03 8.063163e+03 8.063075e+03 8.075777e+03
0.3 8.028693e+03 8.053548e+03 8.051850e+03 8.026995e+03
1.3 8.062197e+03 8.055259e+03 8.053698e+03 8.060637e+03
2.3 8.085991e+03 8.055350e+03 8.053964e+03 8.084605e+03
3.3 8.106144e+03 8.056768e+03 8.055567e+03 8.104943e+03
4.3 8.087861e+03 8.058171e+03 8.057168e+03 8.086858e+03
5.3 8.088255e+03 8.058489e+03 8.057698e+03 8.087464e+03
6.3 8.077102e+03 8.060380e+03 8.059813e+03 8.076535e+03
7.3 8.058633e+03 8.060321e+03 8.059989e+03 8.058301e+03
8.3 8.075865e+03 8.063163e+03 8.063075e+03 8.075777e+03
1.0 8.106144e+03 8.056768e+03 8.055567e+03 8.104943e+03
2.0 8.087861e+03 8.058171e+03 8.057168e+03 8.086858e+03
3.0 8.088255e+03 8.058489e+03 8.057698e+03 8.087464e+03
4.0 8.077102e+03 8.060380e+03 8.059813e+03 8.076535e+03
5.0 8.058633e+03 8.060321e+03 8.059989e+03 8.058301e+03
6.0 8.075865e+03 8.063163e+03 8.063075e+03 8.075777e+03
0.6 8.088255e+03 8.058489e+03 8.057698e+03 8.087464e+03
1.6 8.077102e+03 8.060380e+03 8.059813e+03 8.076535e+03
2.6 8.058633e+03 8.060321e+03 8.059989e+03 8.058301e+03
3.6 8.075865e+03 8.063163e+03 8.063075e+03 8.075777e+03
0.3 8.058633e+03 8.060321e+03 8.059989e+03 8.058301e+03
1.3 8.075865e+03 8.063163e+03 8.063075e+03 8.075777e+03
