0.5 8.183656e+03 8.094969e+03 8.062334e+03 8.151021e+03
1.5 8.091597e+03 8.090942e+03 8.057544e+03 8.058199e+03
2.5 8.047802e+03 8.078957e+03 8.052458e+03 8.021304e+03
3.5 8.050502e+03 8.063467e+03 8.053374e+03 8.040409e+03
4.5 8.044617e+03 8.054623e+03 8.056614e+03 8.046609e+03
5.5 8.046988e+03 8.049120e+03 8.059294e+03 8.057162e+03
6.5 8.072103e+03 8.046891e+03 8.060859e+03 8.086071e+03
7.5 8.071236e+03 8.046492e+03 8.061626e+03 8.086370e+03
8.5 8.032113e+03 8.045405e+03 8.061965e+03 8.048673e+03
9.5 8.050385e+03 8.046388e+03 8.062109e+03 8.066106e+03
10.5 8.076097e+03 8.045244e+03 8.062173e+03 8.093026e+03
0.1 8.019561e+03 8.044416e+03 8.062397e+03 8.037542e+03
1.1 8.020004e+03 8.046008e+03 8.060345e+03 8.034341e+03
2.1 8.073449e+03 8.052132e+03 8.052128e+03 8.073445e+03
3.1 8.117266e+03 8.062765e+03 8.047666e+03 8.102167e+03
4.1 8.115131e+03 8.075903e+03 8.050624e+03 8.089853e+03
5.1 8.083752e+03 8.086142e+03 8.055414e+03 8.053024e+03
6.1 8.049017e+03 8.092175e+03 8.058946e+03 8.015789e+03
7.1 8.030516e+03 8.095170e+03 8.060914e+03 7.996261e+03
8.1 8.036777e+03 8.096473e+03 8.061855e+03 8.002159e+03
9.1 8.038561e+03 8.096801e+03 8.062077e+03 8.003838e+03
10.1 8.042834e+03 8.092035e+03 8.057527e+03 8.008326e+03
0.5 8.038561e+03 8.096801e+03 8.062077e+03 8.003838e+03
1.5 8.042834e+03 8.092035e+03 8.057527e+03 8.008326e+03
2.5 8.024296e+03 8.079025e+03 8.052573e+03 7.997844e+03
3.5 8.016735e+03 8.062849e+03 8.053568e+03 8.007455e+03
4.5 8.019095e+03 8.053635e+03 8.056859e+03 8.022319e+03
5.5 8.013551e+03 8.047738e+03 8.059583e+03 8.025397e+03
6.5 8.015594e+03 8.045469e+03 8.061179e+03 8.031304e+03
7.5 8.049744e+03 8.045039e+03 8.061961e+03 8.066666e+03
8.5 8.060810e+03 8.043710e+03 8.062304e+03 8.079405e+03
9.5 8.054255e+03 8.044428e+03 8.062443e+03 8.072271e+03
10.5 8.050169e+03 8.043097e+03 8.062497e+03 8.069569e+03
0.1 8.006728e+03 8.043093e+03 8.062550e+03 8.026185e+03
1.1 7.988099e+03 8.044647e+03 8.060613e+03 8.004065e+03
2.1 7.988002e+03 8.050817e+03 8.052458e+03 7.989642e+03
3.1 8.026953e+03 8.061436e+03 8.047764e+03 8.013281e+03
4.1 8.055156e+03 8.074700e+03 8.050590e+03 8.031045e+03
5.1 8.221209e+03 8.085147e+03 8.055375e+03 8.191437e+03
6.1 8.165584e+03 8.091368e+03 8.058939e+03 8.133154e+03
7.1 8.127136e+03 8.094507e+03 8.060932e+03 8.093562e+03
8.1 8.099310e+03 8.095915e+03 8.061883e+03 8.065278e+03
9.1 8.090915e+03 8.096323e+03 8.062108e+03 8.056701e+03
10.1 8.095727e+03 8.091576e+03 8.057556e+03 8.061707e+03
0.5 8.090915e+03 8.096323e+03 8.062108e+03 8.056701e+03
1.5 8.095727e+03 8.091576e+03 8.057556e+03 8.061707e+03
2.5 8.109278e+03 8.078303e+03 8.052598e+03 8.083573e+03
3.5 8.114030e+03 8.062127e+03 8.053591e+03 8.105494e+03
4.5 8.082364e+03 8.053392e+03 8.056877e+03 8.085849e+03
5.5 8.052853e+03 8.047765e+03 8.059595e+03 8.064683e+03
6.5 8.043994e+03 8.045800e+03 8.061184e+03 8.059378e+03
7.5 8.047810e+03 8.045879e+03 8.061961e+03 8.063892e+03
8.5 8.059410e+03 8.044362e+03 8.062300e+03 8.077347e+03
9.5 8.054107e+03 8.045173e+03 8.062435e+03 8.071368e+03
10.5 8.076316e+03 8.043727e+03 8.062483e+03 8.095073e+03
0.0 8.091473e+03 8.043524e+03 8.062442e+03 8.110391e+03
1.0 8.063766e+03 8.044856e+03 8.060745e+03 8.079655e+03
2.0 8.041588e+03 8.050960e+03 8.052757e+03 8.043385e+03
3.0 8.101837e+03 8.061408e+03 8.047614e+03 8.088043e+03
4.0 8.156443e+03 8.074805e+03 8.050162e+03 8.131800e+03
5.0 8.142887e+03 8.085591e+03 8.054925e+03 8.112221e+03
6.0 8.089094e+03 8.092157e+03 8.058536e+03 8.055473e+03
7.0 8.097852e+03 8.095593e+03 8.060553e+03 8.062811e+03
8.0 8.077582e+03 8.097272e+03 8.061493e+03 8.041804e+03
9.0 8.061469e+03 8.097946e+03 8.061681e+03 8.025204e+03
10.0 8.038275e+03 8.093488e+03 8.057072e+03 8.001859e+03
0.5 8.061469e+03 8.097946e+03 8.061681e+03 8.025204e+03
1.5 8.038275e+03 8.093488e+03 8.057072e+03 8.001859e+03
2.5 8.012935e+03 8.080540e+03 8.052046e+03 7.984442e+03
3.5 8.000587e+03 8.064731e+03 8.052960e+03 7.988815e+03
4.5 8.004396e+03 8.056143e+03 8.056155e+03 8.004408e+03
5.5 8.014956e+03 8.050806e+03 8.058773e+03 8.022923e+03
6.5 8.040734e+03 8.049267e+03 8.060251e+03 8.051718e+03
7.5 8.040035e+03 8.049427e+03 8.060907e+03 8.051515e+03
8.5 8.051042e+03 8.048916e+03 8.061113e+03 8.063238e+03
9.5 8.019424e+03 8.050678e+03 8.061104e+03 8.029850e+03
10.5 8.025279e+03 8.050184e+03 8.060999e+03 8.036094e+03
