1.020112e+04 1.001846e+04
1.003842e+04 1.005195e+04
1.012112e+04 1.011528e+04
1.009342e+04 1.016743e+04
1.015836e+04 1.018643e+04
1.014756e+04 1.019563e+04
1.027347e+04 1.019745e+04
1.013249e+04 1.019584e+04
1.013841e+04 1.019842e+04
1.019678e+04 1.019431e+04
1.027932e+04 1.019817e+04
1.023019e+04 1.019427e+04
1.019717e+04 1.019681e+04
1.016106e+04 1.019581e+04
1.014323e+04 1.019555e+04
1.014779e+04 1.019811e+04
1.018790e+04 1.019542e+04
1.021300e+04 1.019995e+04
1.011114e+04 1.019647e+04
1.008311e+04 1.020027e+04
1.018154e+04 1.020267e+04
1.021272e+04 1.021320e+04
1.026300e+04 1.019260e+04
1.016123e+04 1.013355e+04
1.014247e+04 1.007768e+04
1.014896e+04 1.004195e+04
1.008372e+04 1.002336e+04
1.006101e+04 1.001494e+04
1.015741e+04 1.001288e+04
1.014246e+04 1.004808e+04
1.012043e+04 1.011458e+04
1.010871e+04 1.016889e+04
1.019737e+04 1.018902e+04
1.021059e+04 1.019946e+04
1.015689e+04 1.020130e+04
1.021417e+04 1.019975e+04
1.033962e+04 1.020318e+04
1.030065e+04 1.020004e+04
1.023318e+04 1.020462e+04
1.016999e+04 1.020212e+04
1.021326e+04 1.020529e+04
1.026164e+04 1.020211e+04
1.021904e+04 1.019956e+04
1.010406e+04 1.020221e+04
1.011573e+04 1.019980e+04
1.020648e+04 1.020462e+04
1.009793e+04 1.020109e+04
1.028814e+04 1.020443e+04
1.012744e+04 1.020651e+04
1.028487e+04 1.021662e+04
1.022843e+04 1.019699e+04
1.008543e+04 1.013802e+04
1.007935e+04 1.008142e+04
1.005483e+04 1.004488e+04
9.969396e+03 1.002568e+04
9.974842e+03 1.001684e+04
9.907241e+03 1.001448e+04
1.000792e+04 1.004962e+04
1.013972e+04 1.011708e+04
1.018166e+04 1.017140e+04
1.014276e+04 1.018983e+04
1.016047e+04 1.019932e+04
1.013898e+04 1.020009e+04
1.019667e+04 1.019672e+04
1.021217e+04 1.020084e+04
1.019910e+04 1.019739e+04
1.016917e+04 1.020240e+04
1.017870e+04 1.020007e+04
1.021655e+04 1.020250e+04
1.020518e+04 1.020250e+04
1.021652e+04 1.020130e+04
1.020558e+04 1.020412e+04
1.019695e+04 1.020053e+04
1.029990e+04 1.020458e+04
1.025688e+04 1.020070e+04
1.026698e+04 1.020330e+04
1.029710e+04 1.020523e+04
1.026382e+04 1.021492e+04
1.030178e+04 1.019768e+04
1.003160e+04 1.013933e+04
9.949844e+03 1.008160e+04
1.002282e+04 1.004364e+04
9.998050e+03 1.002327e+04
9.946290e+03 1.001350e+04
9.932944e+03 1.001033e+04
9.937979e+03 1.004465e+04
1.007859e+04 1.011121e+04
1.014453e+04 1.016452e+04
1.011397e+04 1.018278e+04
1.024570e+04 1.019162e+04
1.020449e+04 1.019130e+04
1.022201e+04 1.018813e+04
1.018231e+04 1.018915e+04
1.010776e+04 1.018284e+04
1.015758e+04 1.018503e+04
1.024758e+04 1.017944e+04
1.023155e+04 1.017979e+04
1.013951e+04 1.017544e+04
1.020543e+04 1.017119e+04
1.023642e+04 1.017088e+04
1.018946e+04 1.016498e+04
1.014148e+04 1.016612e+04
1.009102e+04 1.015689e+04
1.022899e+04 1.015560e+04
