8.183656e+03 8.094969e+03
8.091597e+03 8.090942e+03
8.047802e+03 8.078957e+03
8.050502e+03 8.063467e+03
8.044617e+03 8.054623e+03
8.046988e+03 8.049120e+03
8.072103e+03 8.046891e+03
8.071236e+03 8.046492e+03
8.032113e+03 8.045405e+03
8.050385e+03 8.046388e+03
8.076097e+03 8.045244e+03
8.051680e+03 8.046279e+03
8.034829e+03 8.045555e+03
8.034982e+03 8.045812e+03
7.996625e+03 8.045859e+03
8.009891e+03 8.045124e+03
8.037731e+03 8.045842e+03
8.072003e+03 8.044556e+03
8.044324e+03 8.045496e+03
8.019561e+03 8.044416e+03
8.020004e+03 8.046008e+03
8.073449e+03 8.052132e+03
8.117266e+03 8.062765e+03
8.115131e+03 8.075903e+03
8.083752e+03 8.086142e+03
8.049017e+03 8.092175e+03
8.030516e+03 8.095170e+03
8.036777e+03 8.096473e+03
8.038561e+03 8.096801e+03
8.042834e+03 8.092035e+03
8.024296e+03 8.079025e+03
8.016735e+03 8.062849e+03
8.019095e+03 8.053635e+03
8.013551e+03 8.047738e+03
8.015594e+03 8.045469e+03
8.049744e+03 8.045039e+03
8.060810e+03 8.043710e+03
8.054255e+03 8.044428e+03
8.050169e+03 8.043097e+03
8.050061e+03 8.043759e+03
8.034263e+03 8.042878e+03
8.015600e+03 8.043756e+03
8.009835e+03 8.044461e+03
8.015472e+03 8.043721e+03
7.998334e+03 8.044386e+03
8.004787e+03 8.043045e+03
8.017823e+03 8.044022e+03
8.006728e+03 8.043093e+03
7.988099e+03 8.044647e+03
7.988002e+03 8.050817e+03
8.026953e+03 8.061436e+03
8.055156e+03 8.074700e+03
8.221209e+03 8.085147e+03
8.165584e+03 8.091368e+03
8.127136e+03 8.094507e+03
8.099310e+03 8.095915e+03
8.090915e+03 8.096323e+03
8.095727e+03 8.091576e+03
8.109278e+03 8.078303e+03
8.114030e+03 8.062127e+03
8.082364e+03 8.053392e+03
8.052853e+03 8.047765e+03
8.043994e+03 8.045800e+03
8.047810e+03 8.045879e+03
8.059410e+03 8.044362e+03
8.054107e+03 8.045173e+03
8.076316e+03 8.043727e+03
8.086305e+03 8.044350e+03
8.093707e+03 8.043685e+03
8.092889e+03 8.043692e+03
8.060094e+03 8.044032e+03
8.063165e+03 8.043254e+03
8.080140e+03 8.044261e+03
8.088593e+03 8.043143e+03
8.101550e+03 8.044232e+03
8.091473e+03 8.043524e+03
8.063766e+03 8.044856e+03
8.041588e+03 8.050960e+03
8.101837e+03 8.061408e+03
8.156443e+03 8.074805e+03
8.142887e+03 8.085591e+03
8.089094e+03 8.092157e+03
8.097852e+03 8.095593e+03
8.077582e+03 8.097272e+03
8.061469e+03 8.097946e+03
8.038275e+03 8.093488e+03
8.012935e+03 8.080540e+03
8.000587e+03 8.064731e+03
8.004396e+03 8.056143e+03
8.014956e+03 8.050806e+03
8.040734e+03 8.049267e+03
8.040035e+03 8.049427e+03
8.051042e+03 8.048916e+03
8.019424e+03 8.050678e+03
8.025279e+03 8.050184e+03
8.058823e+03 8.051888e+03
8.082636e+03 8.051980e+03
8.102834e+03 8.053392e+03
8.084476e+03 8.054789e+03
8.084957e+03 8.055106e+03
8.073738e+03 8.056990e+03
8.055224e+03 8.056932e+03
8.072344e+03 8.059762e+03
8.083717e+03 8.060388e+03
