   4.9000000e+01   1.0000000e+00   1.0000000e+00
   6.7000000e+01   1.0000000e+00   1.0000000e+00
   7.9000000e+01   1.0000000e+00   1.0000000e+00
   8.5000000e+01   1.0000000e+00   1.0000000e+00
   9.1000000e+01   1.0000000e+00   1.0000000e+00
   9.7000000e+01   1.0000000e+00   1.0000000e+00
   1.2100000e+02   1.0000000e+00   1.0000000e+00
   1.5100000e+02   1.0000000e+00   1.0000000e+00
   1.5700000e+02   1.0000000e+00   1.0000000e+00
   1.6300000e+02   1.0000000e+00   1.0000000e+00
   1.6900000e+02   1.0000000e+00   1.0000000e+00
   2.0500000e+02   1.0000000e+00   1.0000000e+00
   2.5900000e+02   1.0000000e+00   1.0000000e+00
   2.7100000e+02   1.0000000e+00   1.0000000e+00
   2.7700000e+02   1.0000000e+00   1.0000000e+00
   3.1300000e+02   1.0000000e+00   1.0000000e+00
   3.4900000e+02   1.0000000e+00   1.0000000e+00
   3.5500000e+02   1.0000000e+00   1.0000000e+00
   3.6100000e+02   1.0000000e+00   1.0000000e+00
   3.6700000e+02   1.0000000e+00   1.0000000e+00
   4.0900000e+02   1.0000000e+00   1.0000000e+00
   4.2100000e+02   1.0000000e+00   1.0000000e+00
   4.2700000e+02   1.0000000e+00   1.0000000e+00
   4.3300000e+02   1.0000000e+00   1.0000000e+00
