   1.3000000e+01   1.0000000e+00   1.0000000e+00
   2.5000000e+01   1.0000000e+00   1.0000000e+00
   3.7000000e+01   1.0000000e+00   1.0000000e+00
   6.1000000e+01   1.0000000e+00   1.0000000e+00
   1.0300000e+02   1.0000000e+00   1.0000000e+00
   1.0900000e+02   1.0000000e+00   1.0000000e+00
   1.7500000e+02   1.0000000e+00   1.0000000e+00
   1.8700000e+02   1.0000000e+00   1.0000000e+00
   1.9300000e+02   1.0000000e+00   1.0000000e+00
   1.9900000e+02   1.0000000e+00   1.0000000e+00
   2.1100000e+02   1.0000000e+00   1.0000000e+00
   2.1700000e+02   1.0000000e+00   1.0000000e+00
   2.2900000e+02   1.0000000e+00   1.0000000e+00
   2.3500000e+02   1.0000000e+00   1.0000000e+00
   2.8300000e+02   1.0000000e+00   1.0000000e+00
   2.8900000e+02   1.0000000e+00   1.0000000e+00
   3.0100000e+02   1.0000000e+00   1.0000000e+00
   3.0700000e+02   1.0000000e+00   1.0000000e+00
   3.2500000e+02   1.0000000e+00   1.0000000e+00
   3.3100000e+02   1.0000000e+00   1.0000000e+00
   3.4300000e+02   1.0000000e+00   1.0000000e+00
   3.8500000e+02   1.0000000e+00   1.0000000e+00
   3.9100000e+02   1.0000000e+00   1.0000000e+00
   4.0300000e+02   1.0000000e+00   1.0000000e+00
