-0.00173274  0.000407437  -0.00133105  -0.0724317  0.0317605  0.173965  
-0.00203919  0.000261907  -0.00133907  -0.0587512  0.0262646  0.136814  
-0.00242192  0.000364935  -0.00118713  -0.0482037  -0.000522389  0.136809  
-0.00180314  0.000256027  -0.000942544  -0.0340768  0.0271169  0.0863195  
-0.00206061  0.000524946  -0.000887093  -0.0421408  0.0394144  0.0353388  
-0.00206061  0.000287528  -0.00091376  -0.0471044  0.0333481  0.0803177  
-0.000551135  0.000256038  -0.000560695  -0.0436823  0.0741268  -0.0598594  
-0.00162979  0.000396876  -0.000716347  -0.0472368  0.0263517  0.0303464  
-0.00195858  0.000362129  -0.0008269  -0.0404483  0.0263515  0.0482996  
-0.00162979  0.000234759  -0.000769158  -0.0463566  0.0226125  0.0536859  
-0.00162979  0.000443284  -0.000810738  -0.0465295  0.0318843  0.0554335  
-0.00162979  0.000504201  -0.000748372  -0.0419035  0.0263431  0.0303222  
-0.00162979  0.000321469  -0.000832029  -0.0306103  0.0263392  0.0804342  
-0.00130589  -1.21581e-22  -0.000560695  -0.0403353  0.0263585  0.0804565  
-0.00102672  0.000402987  -0.000560695  -0.0407071  0.0263236  -0.0203223  
-0.000548425  0.000338926  -0.000560695  -0.0261733  0.0167743  0.0475255  
-0.00103359  -0.00025  -0.000560695  -0.0261671  0.0481672  0.0606612  
-0.00166158  0.000366294  -0.00089114  -0.0392666  0.0264772  0.0475045  
-0.00189614  0.000279138  -0.000816537  -0.0261408  -0.00735274  0.0474772  
-0.00186405  0.000501522  -0.000560695  -0.0261472  -0.00732355  0.0310207  
-0.00177032  0.000513648  -0.000560695  -0.0129879  -0.00733856  0.0400471  
-0.00173234  0.000360365  -0.000560695  -0.0220552  -0.0320988  0.0304942  
-0.000341823  0.000716742  -0.000560695  -0.026054  0.0139782  -0.0455341  
-0.00106996  0.000779448  -0.000560695  -0.0205185  0.0175205  -0.00243675  
-0.00126226  0.000505007  -0.000560695  -0.0144408  -0.0113101  0.0080584  
-0.00126226  0.000755668  -0.000560695  -0.0261447  0.0204463  0.0216357  
-0.00126226  0.000516108  -0.000560695  -0.0261526  0.00439745  0.0224837  
-0.00126226  0.000741167  -0.000560695  -0.0261625  0.00439745  0.0286382  
-0.00126226  0.000484998  -0.000560695  -0.0261575  0.0118569  0.0321259  
-0.000341962  0.000864916  -0.000560695  -0.0349015  0.0508543  -0.0735355  
-0.000341962  0.000974111  -0.000560695  -0.043122  0.0160731  -0.00676331  
-0.000341962  0.000602423  -0.000830495  -0.0431154  -0.00540851  0.0276807  
-0.000651763  0.000599308  -0.000660962  -0.0370937  -0.00537802  0.00410873  
-0.00123272  0.000764855  -0.000619633  -0.0351095  -0.0122972  0.0200062  
-0.00117296  0.000716073  -0.00072211  -0.0431129  -0.0324871  0.0448751  
-0.00124269  0.000670637  -0.000668879  -0.0348143  -0.0361628  0.0372687  
-0.000459503  0.000806333  -0.000448123  -0.0217876  -0.00569055  -0.042751  
-0.000907365  0.000878328  -0.000560695  -0.0270936  -0.00766979  0.0233247  
-0.00093355  0.000334508  -0.000560695  -0.0302398  -0.0193913  0.0583925  
-0.00150982  0.000354464  -0.000560695  -0.0290621  -0.00791099  0.0615456  
-0.0021644  0.000561918  -0.000560695  -0.0279567  -0.0361898  0.0726433  
-0.00166914  0.000504139  -0.000467727  -0.0188584  -0.0216209  0.0481856  
-0.00172074  0.000672369  -0.000560695  -0.0147201  -0.0290852  0.00116347  
-0.00166914  0.000685816  -0.000335683  -0.0272242  -0.010736  0.0111587  
-0.00166914  0.000641825  -0.000234152  -0.0208173  -0.0222454  0.000551374  
-0.00166914  0.000673814  -0.00029407  -0.0220225  -0.0632832  0.0111759  
-0.00161873  0.000408764  -0.000560695  -0.0215774  -0.0602313  0.0431134  
-0.00132485  0.000316109  0.00017414  -0.0131145  -0.0337871  0.0534652  
-0.00065361  0.000748281  0.00017414  -0.0145506  -0.00457246  -0.0216877  
-0.00110876  0.000522309  -6.26865e-05  -0.0189966  -0.0290464  0.0144166  
-0.00131059  -0  -0.00015474  -0.0168434  -0.0430599  0.066911  
-0.00122807  1.69437e-23  -7.8139e-05  -0.0151854  -0.0457772  0.0566871  
0.000161563  0.000615598  0.000225412  -0.00624749  -0.0131997  -0.0334766  
-4.35988e-05  -0  0.000225412  -0.00147242  -0.00151099  -0.000801535  
-0.000507504  -0  -0.000288374  0.0107457  -0.00744488  -0.0229711  
0.000483181  0.000388165  -0.000288374  -0.00103042  0.0432591  -0.10949  
0.000410094  0.000477329  0.00022373  -0.0106451  0.0413939  -0.0834433  
0.000538825  0.000681294  -0.000288374  -0.0106803  0.0218824  -0.103649  
0.00152119  0.000961727  -0.000288374  -0.0105724  0.0466816  -0.12066  
0.000539567  0.00110155  -0.000229029  -0.0106594  0.0513452  -0.0947502  
-3.33635e-05  0.000790017  -0.000288374  -0.0215036  0.0215787  -0.0566912  
-0.000380644  0.000656205  -8.99471e-05  -0.0107155  0.0196955  -0.0332543  
5.83706e-06  0.000601652  -0.000288375  -0.0106694  0.0469187  -0.0519856  
-0.000116396  0.000868046  0.000180187  -0.0106568  0.0372899  -0.0797323  
-0.000274877  0.000756577  2.5726e-05  -0.0132732  -0.000636624  -0.102115  
0.000486468  0.000814111  0.000146226  -0.0170667  0.00549989  -0.141617  
-0.00037077  0.000911047  0.00034922  -0.0106731  -0.000622817  -0.114644  
0.000486468  0.000942876  0.000209416  -0.0105912  0.0208021  -0.133021  
0.000291829  0.00151479  0.000284732  0.00395197  -0.000722208  -0.152228  
-1.25502e-06  0.00124072  0.000436121  0.00534294  -0.0277469  -0.136939  
0.000205734  0.00160288  0.000436121  -0.00139973  0.0118975  -0.157839  
-0.000240886  0.00151479  0.000436121  0.00142096  0.033388  -0.139445  
-9.1184e-05  0.00151479  0.000627251  -0.0104858  0.0333705  -0.161787  
-8.48059e-05  0.00171616  0.000839138  0.00575144  0.039644  -0.168015  
-5.28568e-05  0.00151479  0.000839138  0.00423508  0.0292001  -0.213909  
-0.00122667  0.00157019  0.00060894  -0.0104423  -0.00404229  -0.196346  
-0.000128297  0.00190188  0.000544507  -0.0127029  0.0158749  -0.210333  
-5.99871e-05  0.0018528  0.000908645  -0.0103463  0.00975835  -0.188591  
-3.72897e-05  0.00197769  0.00102406  -0.0103031  0.0322587  -0.186661  
0.000173209  0.0016823  0.000806475  0.000916573  0.0410126  -0.192947  
-0.00020391  0.00200624  0.000569211  -0.0102915  0.00978368  -0.232343  
-0.000949752  0.00192855  0.000835528  -0.00342284  -0.0239356  -0.226255  
0.000123943  0.00182094  0.000780183  -0.0103548  0.00271941  -0.217985  
0.00136318  0.00210617  0.000621689  -0.0101989  0.0618321  -0.324179  
0.00110559  0.0022555  0.000677626  -0.0214716  0.0253579  -0.290444  
0.00135682  0.00196337  0.000510633  -0.0203699  0.0343502  -0.247678  
0.000669213  0.00207597  0.000912977  -0.0267975  0.0255051  -0.235247  
0.000704284  0.00202947  0.000716848  -0.0102944  0.0332787  -0.222751  
0.000381169  0.00202648  0.000758405  -0.0169392  0.0115379  -0.240957  
0.000178079  0.00196993  0.00084463  -0.0103032  0.00210762  -0.246889  
0.00028976  0.00151479  0.000917149  -0.0104426  0.0020697  -0.242573  
0.000510809  0.00193772  0.000994863  -0.010312  0.00200846  -0.223554  
0.000491617  0.00174264  0.000955548  -0.0103641  0.00201349  -0.236614  
0.000497166  0.00188917  0.00107821  -0.0043003  0.0219393  -0.2256  
0.000658458  0.00182631  0.00102167  -0.00566527  0.00195596  -0.235482  
0.00113034  0.00193359  0.000852553  -0.00398774  0.0162902  -0.263158  
0.00113034  0.00221377  0.000989674  0.00357789  -0.0079834  -0.32508  
0.00157935  0.0020422  0.00129813  0.0085229  0.00165491  -0.338435  
0.00157935  0.00204498  0.000989674  0.00725539  0.00418947  -0.3248  
0.000422133  0.00189299  0.00117393  0.00855497  -0.0140714  -0.25833  
0.000288092  0.00202682  0.00137591  -0.000379444  -0.0216433  -0.256618  
0.000685013  0.00198991  0.00135125  0.0135154  0.000463391  -0.316931  
0.000143299  0.00202587  0.000989674  0.0124093  -0.0419536  -0.316008  
0.000446431  0.00202548  0.00125725  0.00473956  -0.0420453  -0.29917  
5.49658e-05  0.0019778  0.00149696  0.0123719  -0.0584287  -0.299224  
0.000511518  0.00194005  0.00136015  0.00320585  -0.0261331  -0.292349  
