-0.00383082  -0.000140893  -0.00507857  -0.120139  -0.0307219  0.319702     +1.4675182e-05  +1.9850837e-08  +2.5791873e-05  +1.4433379e-02  +9.4383514e-04  +1.0220937e-01    +0.0000000e+00  +0.0000000e+00  +0.0000000e+00  +0.0000000e+00  +0.0000000e+00  +0.0000000e+00    +0.0000000e+00  +0.0000000e+00  +0.0000000e+00  +0.0000000e+00  +0.0000000e+00  +0.0000000e+00
-0.00396557  -0.000205831  -0.00475032  -0.121639  -0.0582278  0.363293     +1.5725745e-05  +4.2366401e-08  +2.2565540e-05  +1.4796046e-02  +3.3904767e-03  +1.3198180e-01    -1.3475000e-04  -6.4938000e-05  +3.2825000e-04  -1.5000000e-03  -2.7505900e-02  +4.3591000e-02    +1.8157562e-08  +4.2169438e-09  +1.0774806e-07  +2.2500000e-06  +7.5657453e-04  +1.9001753e-03
-0.0045975  -0.000598811  -0.00487909  -0.116881  -0.0785038  0.358231     +2.1137006e-05  +3.5857461e-07  +2.3805519e-05  +1.3661168e-02  +6.1628466e-03  +1.2832945e-01    -6.3193000e-04  -3.9298000e-04  -1.2877000e-04  +4.7580000e-03  -2.0276000e-02  -5.0620000e-03    +3.9933552e-07  +1.5443328e-07  +1.6581713e-08  +2.2638564e-05  +4.1111618e-04  +2.5623844e-05
-0.00424937  -0.000584964  -0.00492861  -0.123641  -0.068212  0.348962     +1.8057145e-05  +3.4218288e-07  +2.4291197e-05  +1.5287097e-02  +4.6528769e-03  +1.2177448e-01    +3.4813000e-04  +1.3847000e-05  -4.9520000e-05  -6.7600000e-03  +1.0291800e-02  -9.2690000e-03    +1.2119450e-07  +1.9173941e-10  +2.4522304e-09  +4.5697600e-05  +1.0592115e-04  +8.5914361e-05
-0.00455396  -0.00033375  -0.00520995  -0.143023  -0.0785016  0.328208     +2.0738552e-05  +1.1138906e-07  +2.7143579e-05  +2.0455579e-02  +6.1625012e-03  +1.0772049e-01    -3.0459000e-04  +2.5121400e-04  -2.8134000e-04  -1.9382000e-02  -1.0289600e-02  -2.0754000e-02    +9.2775068e-08  +6.3108474e-08  +7.9152196e-08  +3.7566192e-04  +1.0587587e-04  +4.3072852e-04
-0.00465313  -0.000358046  -0.00536218  -0.134185  -0.0827111  0.328395     +2.1651619e-05  +1.2819694e-07  +2.8752974e-05  +1.8005614e-02  +6.8411261e-03  +1.0784328e-01    -9.9170000e-05  -2.4296000e-05  -1.5223000e-04  +8.8380000e-03  -4.2095000e-03  +1.8700000e-04    +9.8346889e-09  +5.9029562e-10  +2.3173973e-08  +7.8110244e-05  +1.7719890e-05  +3.4969000e-08
-0.00465313  -0.00031486  -0.00540469  -0.1297  -0.0955131  0.324364     +2.1651619e-05  +9.9136820e-08  +2.9210674e-05  +1.6822090e-02  +9.1227523e-03  +1.0521200e-01    +0.0000000e+00  +4.3186000e-05  -4.2510000e-05  +4.4850000e-03  -1.2802000e-02  -4.0310000e-03    +0.0000000e+00  +1.8650306e-09  +1.8071001e-09  +2.0115225e-05  +1.6389120e-04  +1.6248961e-05
-0.00465313  -0.000642937  -0.00551972  -0.122113  -0.0923067  0.319692     +2.1651619e-05  +4.1336799e-07  +3.0467309e-05  +1.4911585e-02  +8.5205269e-03  +1.0220297e-01    +0.0000000e+00  -3.2807700e-04  -1.1503000e-04  +7.5870000e-03  +3.2064000e-03  -4.6720000e-03    +0.0000000e+00  +1.0763452e-07  +1.3231901e-08  +5.7562569e-05  +1.0281001e-05  +2.1827584e-05
-0.00467819  -0.000483478  -0.00550476  -0.135384  -0.0955312  0.306845     +2.1885462e-05  +2.3375098e-07  +3.0302383e-05  +1.8328827e-02  +9.1262102e-03  +9.4153854e-02    -2.5060000e-05  +1.5945900e-04  +1.4960000e-05  -1.3271000e-02  -3.2245000e-03  -1.2847000e-02    +6.2800360e-10  +2.5427173e-08  +2.2380160e-10  +1.7611944e-04  +1.0397400e-05  +1.6504541e-04
-0.00551115  -0.000537285  -0.00546469  -0.142968  -0.079213  0.282071     +3.0372774e-05  +2.8867517e-07  +2.9862837e-05  +2.0439849e-02  +6.2746994e-03  +7.9564049e-02    -8.3296000e-04  -5.3807000e-05  +4.0070000e-05  -7.5840000e-03  +1.6318200e-02  -2.4774000e-02    +6.9382236e-07  +2.8951932e-09  +1.6056049e-09  +5.7517056e-05  +2.6628365e-04  +6.1375108e-04
-0.00771144  -0.00125962  -0.00403961  -0.0896762  -0.155343  0.223258     +5.9466307e-05  +1.5866425e-06  +1.6318449e-05  +8.0418208e-03  +2.4131448e-02  +4.9844135e-02    -2.2002900e-03  -7.2233500e-04  +1.4250800e-03  +5.3291800e-02  -7.6130000e-02  -5.8813000e-02    +4.8412761e-06  +5.2176785e-07  +2.0308530e-06  +2.8400159e-03  +5.7957769e-03  +3.4589690e-03
-0.00958152  -0.000936233  -0.00440839  -0.0795692  -0.211809  0.182497     +9.1805526e-05  +8.7653223e-07  +1.9433902e-05  +6.3312576e-03  +4.4863052e-02  +3.3305155e-02    -1.8700800e-03  +3.2338700e-04  -3.6878000e-04  +1.0107000e-02  -5.6466000e-02  -4.0761000e-02    +3.4971992e-06  +1.0457915e-07  +1.3599869e-07  +1.0215145e-04  +3.1884092e-03  +1.6614591e-03
-0.0112483  -0.00122997  -0.00403961  -0.0478993  -0.241703  0.205661     +1.2652425e-04  +1.5128262e-06  +1.6318449e-05  +2.2943429e-03  +5.8420340e-02  +4.2296447e-02    -1.6667800e-03  -2.9373700e-04  +3.6878000e-04  +3.1669900e-02  -2.9894000e-02  +2.3164000e-02    +2.7781556e-06  +8.6281425e-08  +1.3599869e-07  +1.0029826e-03  +8.9365124e-04  +5.3657090e-04
-0.010719  -0.00125598  -0.00367044  -0.0457938  -0.241699  0.178795     +1.1489696e-04  +1.5774858e-06  +1.3472130e-05  +2.0970721e-03  +5.8418407e-02  +3.1967652e-02    +5.2930000e-04  -2.6010000e-05  +3.6917000e-04  +2.1055000e-03  +4.0000000e-06  -2.6866000e-02    +2.8015849e-07  +6.7652010e-10  +1.3628649e-07  +4.4331302e-06  +1.6000000e-11  +7.2178196e-04
-0.0119866  -0.00110473  -0.00306368  -0.0474277  -0.241621  0.0843025     +1.4367858e-04  +1.2204284e-06  +9.3861351e-06  +2.2493867e-03  +5.8380708e-02  +7.1069115e-03    -1.2676000e-03  +1.5125000e-04  +6.0676000e-04  -1.6339000e-03  +7.8000000e-05  -9.4492500e-02    +1.6068098e-06  +2.2876563e-08  +3.6815770e-07  +2.6696292e-06  +6.0840000e-09  +8.9288326e-03
-0.0116645  -0.00097009  -0.00354901  -0.0353171  -0.238791  0.141534     +1.3606056e-04  +9.4107461e-07  +1.2595472e-05  +1.2472976e-03  +5.7021142e-02  +2.0031873e-02    +3.2210000e-04  +1.3464000e-04  -4.8533000e-04  +1.2110600e-02  +2.8300000e-03  +5.7231500e-02    +1.0374841e-07  +1.8127930e-08  +2.3554521e-07  +1.4666663e-04  +8.0089000e-06  +3.2754446e-03
-0.011659  -0.00124251  -0.00336283  -0.0271448  -0.235055  0.117845     +1.3593228e-04  +1.5438311e-06  +1.1308626e-05  +7.3684017e-04  +5.5250853e-02  +1.3887444e-02    +5.5000000e-06  -2.7242000e-04  +1.8618000e-04  +8.1723000e-03  +3.7360000e-03  -2.3689000e-02    +3.0250000e-11  +7.4212656e-08  +3.4662992e-08  +6.6786487e-05  +1.3957696e-05  +5.6116872e-04
-0.0114179  -0.00123061  -0.00347704  -0.0286263  -0.202993  0.0959837     +1.3036844e-04  +1.5144010e-06  +1.2089807e-05  +8.1946505e-04  +4.1206158e-02  +9.2128707e-03    +2.4110000e-04  +1.1900000e-05  -1.1421000e-04  -1.4815000e-03  +3.2062000e-02  -2.1861300e-02    +5.8129210e-08  +1.4161000e-10  +1.3043924e-08  +2.1948423e-06  +1.0279718e-03  +4.7791644e-04
-0.0117462  -0.00108654  -0.00343826  -0.0294499  -0.222177  0.127927     +1.3797321e-04  +1.1805692e-06  +1.1821632e-05  +8.6729661e-04  +4.9362619e-02  +1.6365317e-02    -3.2830000e-04  +1.4407000e-04  +3.8780000e-05  -8.2360000e-04  -1.9184000e-02  +3.1943300e-02    +1.0778089e-07  +2.0756165e-08  +1.5038884e-09  +6.7831696e-07  +3.6802586e-04  +1.0203744e-03
-0.0121524  -0.0012007  -0.00311292  -0.0254754  -0.222472  0.121307     +1.4768083e-04  +1.4416805e-06  +9.6902709e-06  +6.4899601e-04  +4.9493791e-02  +1.4715388e-02    -4.0620000e-04  -1.1416000e-04  +3.2534000e-04  +3.9745000e-03  -2.9500000e-04  -6.6200000e-03    +1.6499844e-07  +1.3032506e-08  +1.0584612e-07  +1.5796650e-05  +8.7025000e-08  +4.3824400e-05
-0.0121517  -0.00157484  -0.00459922  -0.0483934  -0.331418  0.0462807     +1.4766381e-04  +2.4801210e-06  +2.1152825e-05  +2.3419212e-03  +1.0983789e-01  +2.1419032e-03    +7.0000000e-07  -3.7414000e-04  -1.4863000e-03  -2.2918000e-02  -1.0894600e-01  -7.5026300e-02    +4.9000000e-13  +1.3998074e-07  +2.2090877e-06  +5.2523472e-04  +1.1869231e-02  +5.6289457e-03
-0.0205944  -0.00193197  -0.00397824  -0.245632  -0.48305  0.1649     +4.2412931e-04  +3.7325081e-06  +1.5826393e-05  +6.0335079e-02  +2.3333730e-01  +2.7192010e-02    -8.4427000e-03  -3.5713000e-04  +6.2098000e-04  -1.9723860e-01  -1.5163200e-01  +1.1861930e-01    +7.1279183e-05  +1.2754184e-07  +3.8561616e-07  +3.8903065e-02  +2.2992263e-02  +1.4070538e-02
-0.0168063  -0.00168849  -0.00280317  -0.0814328  -0.309557  0.225485     +2.8245172e-04  +2.8509985e-06  +7.8577620e-06  +6.6313009e-03  +9.5825536e-02  +5.0843485e-02    +3.7881000e-03  +2.4348000e-04  +1.1750700e-03  +1.6419920e-01  +1.7349300e-01  +6.0585000e-02    +1.4349702e-05  +5.9282510e-08  +1.3807895e-06  +2.6961377e-02  +3.0099821e-02  +3.6705422e-03
-0.0218685  -0.00183114  -0.00182883  -0.0523804  -0.343599  0.228169     +4.7823129e-04  +3.3530737e-06  +3.3446192e-06  +2.7437063e-03  +1.1806027e-01  +5.2061093e-02    -5.0622000e-03  -1.4265000e-04  +9.7434000e-04  +2.9052400e-02  -3.4042000e-02  +2.6840000e-03    +2.5625869e-05  +2.0349023e-08  +9.4933844e-07  +8.4404195e-04  +1.1588578e-03  +7.2038560e-06
-0.0146122  -0.000410009  -0.00378986  -0.16039  -0.288857  0.186557     +2.1351639e-04  +1.6810738e-07  +1.4363039e-05  +2.5724952e-02  +8.3438366e-02  +3.4803514e-02    +7.2563000e-03  +1.4211310e-03  -1.9610300e-03  -1.0800960e-01  +5.4742000e-02  -4.1612000e-02    +5.2653890e-05  +2.0196133e-06  +3.8456387e-06  +1.1666074e-02  +2.9966866e-03  +1.7315585e-03
-0.0163253  -0.000976665  -0.00379418  -0.150134  -0.299642  0.213039     +2.6651542e-04  +9.5387452e-07  +1.4395802e-05  +2.2540218e-02  +8.9785328e-02  +4.5385616e-02    -1.7131000e-03  -5.6665600e-04  -4.3200000e-06  +1.0256000e-02  -1.0785000e-02  +2.6482000e-02    +2.9347116e-06  +3.2109902e-07  +1.8662400e-11  +1.0518554e-04  +1.1631623e-04  +7.0129632e-04
-0.0150566  -0.00119593  -0.00384538  -0.129119  -0.272007  0.187867     +2.2670120e-04  +1.4302486e-06  +1.4786947e-05  +1.6671716e-02  +7.3987808e-02  +3.5294010e-02    +1.2687000e-03  -2.1926500e-04  -5.1200000e-05  +2.1015000e-02  +2.7635000e-02  -2.5172000e-02    +1.6095997e-06  +4.8077140e-08  +2.6214400e-09  +4.4163022e-04  +7.6369323e-04  +6.3362958e-04
-0.0163001  -0.00104933  -0.00379818  -0.139881  -0.285327  0.213832     +2.6569326e-04  +1.1010934e-06  +1.4426171e-05  +1.9566694e-02  +8.1411497e-02  +4.5724124e-02    -1.2435000e-03  +1.4660000e-04  +4.7200000e-05  -1.0762000e-02  -1.3320000e-02  +2.5965000e-02    +1.5462923e-06  +2.1491560e-08  +2.2278400e-09  +1.1582064e-04  +1.7742240e-04  +6.7418122e-04
-0.0161562  -0.00102632  -0.00395519  -0.140547  -0.324233  0.194805     +2.6102280e-04  +1.0533327e-06  +1.5643528e-05  +1.9753459e-02  +1.0512704e-01  +3.7948988e-02    +1.4390000e-04  +2.3010000e-05  -1.5701000e-04  -6.6600000e-04  -3.8906000e-02  -1.9027000e-02    +2.0707210e-08  +5.2946010e-10  +2.4652140e-08  +4.4355600e-07  +1.5136768e-03  +3.6202673e-04
-0.015773  -0.00100918  -0.00395519  -0.139126  -0.301366  0.195186     +2.4878753e-04  +1.0184443e-06  +1.5643528e-05  +1.9356044e-02  +9.0821466e-02  +3.8097575e-02    +3.8320000e-04  +1.7140000e-05  +0.0000000e+00  +1.4210000e-03  +2.2867000e-02  +3.8100000e-04    +1.4684224e-07  +2.9377960e-10  +0.0000000e+00  +2.0192410e-06  +5.2289969e-04  +1.4516100e-07
-0.0161284  -0.00107583  -0.00435693  -0.150601  -0.327014  0.205909     +2.6012529e-04  +1.1574102e-06  +1.8982839e-05  +2.2680661e-02  +1.0693816e-01  +4.2398516e-02    -3.5540000e-04  -6.6650000e-05  -4.0174000e-04  -1.1475000e-02  -2.5648000e-02  +1.0723000e-02    +1.2630916e-07  +4.4422225e-09  +1.6139503e-07  +1.3167563e-04  +6.5781990e-04  +1.1498273e-04
-0.0157172  -0.000833027  -0.00446446  -0.160337  -0.336336  0.206062     +2.4703038e-04  +6.9393398e-07  +1.9931403e-05  +2.5707954e-02  +1.1312190e-01  +4.2461548e-02    +4.1120000e-04  +2.4280300e-04  -1.0753000e-04  -9.7360000e-03  -9.3220000e-03  +1.5300000e-04    +1.6908544e-07  +5.8953297e-08  +1.1562701e-08  +9.4789696e-05  +8.6899684e-05  +2.3409000e-08
-0.0158658  -0.00106924  -0.00453268  -0.164099  -0.342862  0.225961     +2.5172361e-04  +1.1432742e-06  +2.0545188e-05  +2.6928482e-02  +1.1755435e-01  +5.1058374e-02    -1.4860000e-04  -2.3621300e-04  -6.8220000e-05  -3.7620000e-03  -6.5260000e-03  +1.9899000e-02    +2.2081960e-08  +5.5796581e-08  +4.6539684e-09  +1.4152644e-05  +4.2588676e-05  +3.9597020e-04
-0.0156568  -0.00104756  -0.004911  -0.179698  -0.348815  0.220301     +2.4513539e-04  +1.0973820e-06  +2.4117921e-05  +3.2291371e-02  +1.2167190e-01  +4.8532531e-02    +2.0900000e-04  +2.1680000e-05  -3.7832000e-04  -1.5599000e-02  -5.9530000e-03  -5.6600000e-03    +4.3681000e-08  +4.7002240e-10  +1.4312602e-07  +2.4332880e-04  +3.5438209e-05  +3.2035600e-05
-0.0158182  -0.000960308  -0.004911  -0.177991  -0.356492  0.215074     +2.5021545e-04  +9.2219145e-07  +2.4117921e-05  +3.1680796e-02  +1.2708655e-01  +4.6256825e-02    -1.6140000e-04  +8.7252000e-05  +0.0000000e+00  +1.7070000e-03  -7.6770000e-03  -5.2270000e-03    +2.6049960e-08  +7.6129115e-09  +0.0000000e+00  +2.9138490e-06  +5.8936329e-05  +2.7321529e-05
-0.0177918  -0.00110081  -0.004911  -0.170517  -0.344256  0.24674     +3.1654815e-04  +1.2117827e-06  +2.4117921e-05  +2.9076047e-02  +1.1851219e-01  +6.0880628e-02    -1.9736000e-03  -1.4050200e-04  +0.0000000e+00  +7.4740000e-03  +1.2236000e-02  +3.1666000e-02    +3.8950970e-06  +1.9740812e-08  +0.0000000e+00  +5.5860676e-05  +1.4971970e-04  +1.0027356e-03
-0.0164316  -0.00125589  -0.00483396  -0.165273  -0.343739  0.210522     +2.6999748e-04  +1.5772597e-06  +2.3367169e-05  +2.7315165e-02  +1.1815650e-01  +4.4319512e-02    +1.3602000e-03  -1.5508000e-04  +7.7040000e-05  +5.2440000e-03  +5.1700000e-04  -3.6218000e-02    +1.8501440e-06  +2.4049806e-08  +5.9351616e-09  +2.7499536e-05  +2.6728900e-07  +1.3117435e-03
-0.0158822  -0.00102777  -0.00481919  -0.154246  -0.343865  0.19107     +2.5224428e-04  +1.0563112e-06  +2.3224592e-05  +2.3791829e-02  +1.1824314e-01  +3.6507745e-02    +5.4940000e-04  +2.2812000e-04  +1.4770000e-05  +1.1027000e-02  -1.2600000e-04  -1.9452000e-02    +3.0184036e-07  +5.2038734e-08  +2.1815290e-10  +1.2159473e-04  +1.5876000e-08  +3.7838030e-04
-0.0149989  -0.00102777  -0.00449686  -0.156805  -0.310088  0.218147     +2.2496700e-04  +1.0563112e-06  +2.0221750e-05  +2.4587808e-02  +9.6154568e-02  +4.7588114e-02    +8.8330000e-04  +0.0000000e+00  +3.2233000e-04  -2.5590000e-03  +3.3777000e-02  +2.7077000e-02    +7.8021889e-07  +0.0000000e+00  +1.0389663e-07  +6.5484810e-06  +1.1408857e-03  +7.3316393e-04
-0.0148192  -0.00110844  -0.00465435  -0.151989  -0.303979  0.199585     +2.1960869e-04  +1.2286392e-06  +2.1662974e-05  +2.3100656e-02  +9.2403232e-02  +3.9834172e-02    +1.7970000e-04  -8.0670000e-05  -1.5749000e-04  +4.8160000e-03  +6.1090000e-03  -1.8562000e-02    +3.2292090e-08  +6.5076489e-09  +2.4803100e-08  +2.3193856e-05  +3.7319881e-05  +3.4454784e-04
-0.0153612  -0.00101471  -0.00487332  -0.145424  -0.29862  0.210553     +2.3596647e-04  +1.0296364e-06  +2.3749248e-05  +2.1148140e-02  +8.9173904e-02  +4.4332566e-02    -5.4200000e-04  +9.3730000e-05  -2.1897000e-04  +6.5650000e-03  +5.3590000e-03  +1.0968000e-02    +2.9376400e-07  +8.7853129e-09  +4.7947861e-08  +4.3099225e-05  +2.8718881e-05  +1.2029702e-04
-0.0151166  -0.000946904  -0.00487332  -0.167331  -0.328061  0.21812     +2.2851160e-04  +8.9662719e-07  +2.3749248e-05  +2.7999664e-02  +1.0762402e-01  +4.7576334e-02    +2.4460000e-04  +6.7806000e-05  +0.0000000e+00  -2.1907000e-02  -2.9441000e-02  +7.5670000e-03    +5.9829160e-08  +4.5976536e-09  +0.0000000e+00  +4.7991665e-04  +8.6677248e-04  +5.7259489e-05
-0.0151166  -0.00089493  -0.00480379  -0.166864  -0.323251  0.198153     +2.2851160e-04  +8.0089970e-07  +2.3076398e-05  +2.7843594e-02  +1.0449121e-01  +3.9264611e-02    +0.0000000e+00  +5.1974000e-05  +6.9530000e-05  +4.6700000e-04  +4.8100000e-03  -1.9967000e-02    +0.0000000e+00  +2.7012967e-09  +4.8344209e-09  +2.1808900e-07  +2.3136100e-05  +3.9868109e-04
-0.0146941  -0.000730291  -0.00487332  -0.168079  -0.300422  0.220256     +2.1591657e-04  +5.3332494e-07  +2.3749248e-05  +2.8250550e-02  +9.0253378e-02  +4.8512706e-02    +4.2250000e-04  +1.6463900e-04  -6.9530000e-05  -1.2150000e-03  +2.2829000e-02  +2.2103000e-02    +1.7850625e-07  +2.7106000e-08  +4.8344209e-09  +1.4762250e-06  +5.2116324e-04  +4.8854261e-04
-0.0151166  -0.00113522  -0.00487332  -0.155217  -0.301742  0.17989     +2.2851160e-04  +1.2887244e-06  +2.3749248e-05  +2.4092317e-02  +9.1048235e-02  +3.2360412e-02    -4.2250000e-04  -4.0492900e-04  +0.0000000e+00  +1.2862000e-02  -1.3200000e-03  -4.0366000e-02    +1.7850625e-07  +1.6396750e-07  +0.0000000e+00  +1.6543104e-04  +1.7424000e-06  +1.6294140e-03
-0.0148181  -0.00113536  -0.00456451  -0.154262  -0.29582  0.202039     +2.1957609e-04  +1.2890423e-06  +2.0834752e-05  +2.3796765e-02  +8.7509472e-02  +4.0819758e-02    +2.9850000e-04  -1.4000000e-07  +3.0881000e-04  +9.5500000e-04  +5.9220000e-03  +2.2149000e-02    +8.9102250e-08  +1.9600000e-14  +9.5363616e-08  +9.1202500e-07  +3.5070084e-05  +4.9057820e-04
-0.014635  -0.00116109  -0.00454818  -0.156087  -0.304023  0.198391     +2.1418323e-04  +1.3481300e-06  +2.0685941e-05  +2.4363152e-02  +9.2429985e-02  +3.9358989e-02    +1.8310000e-04  -2.5730000e-05  +1.6330000e-05  -1.8250000e-03  -8.2030000e-03  -3.6480000e-03    +3.3525610e-08  +6.6203290e-10  +2.6666890e-10  +3.3306250e-06  +6.7289209e-05  +1.3307904e-05
-0.0144846  -0.00133651  -0.00456423  -0.145989  -0.291297  0.198471     +2.0980364e-04  +1.7862590e-06  +2.0832195e-05  +2.1312788e-02  +8.4853942e-02  +3.9390738e-02    +1.5040000e-04  -1.7542000e-04  -1.6050000e-05  +1.0098000e-02  +1.2726000e-02  +8.0000000e-05    +2.2620160e-08  +3.0772176e-08  +2.5760250e-10  +1.0196960e-04  +1.6195108e-04  +6.4000000e-09
-0.0146949  -0.00125891  -0.00413567  -0.165247  -0.280678  0.223083     +2.1594009e-04  +1.5848544e-06  +1.7103766e-05  +2.7306571e-02  +7.8780140e-02  +4.9766025e-02    -2.1030000e-04  +7.7600000e-05  +4.2856000e-04  -1.9258000e-02  +1.0619000e-02  +2.4612000e-02    +4.4226090e-08  +6.0217600e-09  +1.8366367e-07  +3.7087056e-04  +1.1276316e-04  +6.0575054e-04
-0.0147479  -0.00116503  -0.00482871  -0.1562  -0.305315  0.178884     +2.1750055e-04  +1.3572949e-06  +2.3316440e-05  +2.4398440e-02  +9.3217249e-02  +3.1999485e-02    -5.3000000e-05  +9.3880000e-05  -6.9304000e-04  +9.0470000e-03  -2.4637000e-02  -4.4199000e-02    +2.8090000e-09  +8.8134544e-09  +4.8030444e-07  +8.1848209e-05  +6.0698177e-04  +1.9535516e-03
-0.0142687  -0.00121029  -0.00441674  -0.158203  -0.239353  0.143784     +2.0359580e-04  +1.4648019e-06  +1.9507592e-05  +2.5028189e-02  +5.7289859e-02  +2.0673839e-02    +4.7920000e-04  -4.5260000e-05  +4.1197000e-04  -2.0030000e-03  +6.5962000e-02  -3.5100000e-02    +2.2963264e-07  +2.0484676e-09  +1.6971928e-07  +4.0120090e-06  +4.3509854e-03  +1.2320100e-03
-0.00680209  -0.00138087  0.000127137  0.0190033  -0.0718462  -0.0143619     +4.6268428e-05  +1.9068020e-06  +1.6163817e-08  +3.6112541e-04  +5.1618765e-03  +2.0626417e-04    +7.4666100e-03  -1.7058000e-04  +4.5438770e-03  +1.7720630e-01  +1.6750680e-01  -1.5814590e-01    +5.5750265e-05  +2.9097536e-08  +2.0646818e-05  +3.1402073e-02  +2.8058528e-02  +2.5010126e-02
5.00213e-05  -6.39547e-05  1.4219e-06  -0.00074847  0.00550424  0.00868987     +2.5021305e-09  +4.0902037e-09  +2.0217996e-12  +5.6020734e-07  +3.0296658e-05  +7.5513841e-05    +6.8521113e-03  +1.3169153e-03  -1.2571510e-04  -1.9751770e-02  +7.7350440e-02  +2.3051770e-02    +4.6951429e-05  +1.7342659e-06  +1.5804286e-08  +3.9013242e-04  +5.9830906e-03  +5.3138410e-04
0.00232103  9.78044e-05  -0.00144622  -0.0428352  0.0340174  0.133251     +5.3871803e-06  +9.5657007e-09  +2.0915523e-06  +1.8348544e-03  +1.1571835e-03  +1.7755829e-02    +2.2710087e-03  +1.6175910e-04  -1.4476419e-03  -4.2086730e-02  +2.8513160e-02  +1.2456113e-01    +5.1574805e-06  +2.6166006e-08  +2.0956671e-06  +1.7712928e-03  +8.1300029e-04  +1.5515475e-02
0.001729  0.000616304  -0.00251335  -0.0812262  0.025453  0.282205     +2.9894410e-06  +3.7983062e-07  +6.3169282e-06  +6.5976956e-03  +6.4785521e-04  +7.9639662e-02    -5.9203000e-04  +5.1849960e-04  -1.0671300e-03  -3.8391000e-02  -8.5644000e-03  +1.4895400e-01    +3.5049952e-07  +2.6884184e-07  +1.1387664e-06  +1.4738689e-03  +7.3348947e-05  +2.2187294e-02
0.00219367  -6.11134e-06  -0.00226336  -0.0787133  0.0429191  0.290287     +4.8121881e-06  +3.7348477e-11  +5.1227985e-06  +6.1957836e-03  +1.8420491e-03  +8.4266542e-02    +4.6467000e-04  -6.2241534e-04  +2.4999000e-04  +2.5129000e-03  +1.7466100e-02  +8.0820000e-03    +2.1591821e-07  +3.8740086e-07  +6.2495000e-08  +6.3146664e-06  +3.0506465e-04  +6.5318724e-05
0.000879407  -4.03814e-05  -0.00249702  -0.0896244  -0.00333423  0.31444     +7.7335667e-07  +1.6306575e-09  +6.2351089e-06  +8.0325331e-03  +1.1117090e-05  +9.8872514e-02    -1.3142630e-03  -3.4270060e-05  -2.3366000e-04  -1.0911100e-02  -4.6253330e-02  +2.4153000e-02    +1.7272872e-06  +1.1744370e-09  +5.4596996e-08  +1.1905210e-04  +2.1393705e-03  +5.8336741e-04
0.000875454  -0.000173254  -0.00256503  -0.0931766  0.00238889  0.276183     +7.6641971e-07  +3.0016949e-08  +6.5793789e-06  +8.6818788e-03  +5.7067954e-06  +7.6277049e-02    -3.9530000e-06  -1.3287260e-04  -6.8010000e-05  -3.5522000e-03  +5.7231200e-03  -3.8257000e-02    +1.5626209e-11  +1.7655128e-08  +4.6253601e-09  +1.2618125e-05  +3.2754103e-05  +1.4635980e-03
0.000315177  -0.000275236  -0.00309207  -0.106277  -0.0321562  0.233981     +9.9336541e-08  +7.5754856e-08  +9.5608969e-06  +1.1294801e-02  +1.0340212e-03  +5.4747108e-02    -5.6027700e-04  -1.0198200e-04  -5.2704000e-04  -1.3100400e-02  -3.4545090e-02  -4.2202000e-02    +3.1391032e-07  +1.0400328e-08  +2.7777116e-07  +1.7162048e-04  +1.1933632e-03  +1.7810088e-03
0.000346327  -0.000349891  -0.00316476  -0.106076  -0.0324841  0.230245     +1.1994239e-07  +1.2242371e-07  +1.0015706e-05  +1.1252118e-02  +1.0552168e-03  +5.3012760e-02    +3.1150000e-05  -7.4655000e-05  -7.2690000e-05  +2.0100000e-04  -3.2790000e-04  -3.7360000e-03    +9.7032250e-10  +5.5733690e-09  +5.2838361e-09  +4.0401000e-08  +1.0751841e-07  +1.3957696e-05
0.000423538  -0.000199194  -0.00332059  -0.123635  -0.0526986  0.250054     +1.7938444e-07  +3.9678250e-08  +1.1026318e-05  +1.5285613e-02  +2.7771424e-03  +6.2527003e-02    +7.7211000e-05  +1.5069700e-04  -1.5583000e-04  -1.7559000e-02  -2.0214500e-02  +1.9809000e-02    +5.9615385e-09  +2.2709586e-08  +2.4282989e-08  +3.0831848e-04  +4.0862601e-04  +3.9239648e-04
0.000259147  -0.000405984  -0.00320951  -0.122584  -0.0676257  0.245881     +6.7157168e-08  +1.6482301e-07  +1.0300954e-05  +1.5026837e-02  +4.5732353e-03  +6.0457466e-02    -1.6439100e-04  -2.0679000e-04  +1.1108000e-04  +1.0510000e-03  -1.4927100e-02  -4.1730000e-03    +2.7024401e-08  +4.2762104e-08  +1.2338766e-08  +1.1046010e-06  +2.2281831e-04  +1.7413929e-05
-8.2789e-05  -0.000256454  -0.00373545  -0.138492  -0.0823976  0.209416     +6.8540185e-09  +6.5768654e-08  +1.3953587e-05  +1.9180034e-02  +6.7893645e-03  +4.3855061e-02    -3.4193600e-04  +1.4953000e-04  -5.2594000e-04  -1.5908000e-02  -1.4771900e-02  -3.6465000e-02    +1.1692023e-07  +2.2359221e-08  +2.7661288e-07  +2.5306446e-04  +2.1820903e-04  +1.3296962e-03
-0.000309624  -0.000487175  -0.00393073  -0.148609  -0.110632  0.216879     +9.5867021e-08  +2.3733948e-07  +1.5450638e-05  +2.2084635e-02  +1.2239439e-02  +4.7036501e-02    -2.2683500e-04  -2.3072100e-04  -1.9528000e-04  -1.0117000e-02  -2.8234400e-02  +7.4630000e-03    +5.1454117e-08  +5.3232180e-08  +3.8134278e-08  +1.0235369e-04  +7.9718134e-04  +5.5696369e-05
-0.00058704  -8.55888e-05  -0.00373545  -0.147846  -0.0999167  0.208844     +3.4461596e-07  +7.3254427e-09  +1.3953587e-05  +2.1858440e-02  +9.9833469e-03  +4.3615816e-02    -2.7741600e-04  +4.0158620e-04  +1.9528000e-04  +7.6300000e-04  +1.0715300e-02  -8.0350000e-03    +7.6959637e-08  +1.6127148e-07  +3.8134278e-08  +5.8216900e-07  +1.1481765e-04  +6.4561225e-05
-0.000635915  -8.55888e-05  -0.00393725  -0.150821  -0.0999635  0.202648     +4.0438789e-07  +7.3254427e-09  +1.5501938e-05  +2.2746974e-02  +9.9927013e-03  +4.1066212e-02    -4.8875000e-05  +0.0000000e+00  -2.0180000e-04  -2.9750000e-03  -4.6800000e-05  -6.1960000e-03    +2.3887656e-09  +0.0000000e+00  +4.0723240e-08  +8.8506250e-06  +2.1902400e-09  +3.8390416e-05
-0.000696664  -8.55888e-05  -0.00402715  -0.148615  -0.116805  0.196868     +4.8534073e-07  +7.3254427e-09  +1.6217937e-05  +2.2086418e-02  +1.3643408e-02  +3.8757009e-02    -6.0749000e-05  +0.0000000e+00  -8.9900000e-05  +2.2060000e-03  -1.6841500e-02  -5.7800000e-03    +3.6904410e-09  +0.0000000e+00  +8.0820100e-09  +4.8664360e-06  +2.8363612e-04  +3.3408400e-05
-0.000696664  -8.55888e-05  -0.00414399  -0.144607  -0.0869951  0.210428     +4.8534073e-07  +7.3254427e-09  +1.7172653e-05  +2.0911184e-02  +7.5681474e-03  +4.4279943e-02    +0.0000000e+00  +0.0000000e+00  -1.1684000e-04  +4.0080000e-03  +2.9809900e-02  +1.3560000e-02    +0.0000000e+00  +0.0000000e+00  +1.3651586e-08  +1.6064064e-05  +8.8863014e-04  +1.8387360e-04
-0.000825355  -0.000248226  -0.00414399  -0.150197  -0.10002  0.185269     +6.8121088e-07  +6.1616147e-08  +1.7172653e-05  +2.2559139e-02  +1.0004000e-02  +3.4324602e-02    -1.2869100e-04  -1.6263720e-04  +0.0000000e+00  -5.5900000e-03  -1.3024900e-02  -2.5159000e-02    +1.6561373e-08  +2.6450859e-08  +0.0000000e+00  +3.1248100e-05  +1.6964802e-04  +6.3297528e-04
-0.00111183  -8.55888e-05  -0.00414399  -0.151619  -0.0873851  0.19743     +1.2361659e-06  +7.3254427e-09  +1.7172653e-05  +2.2988321e-02  +7.6361557e-03  +3.8978605e-02    -2.8647500e-04  +1.6263720e-04  +0.0000000e+00  -1.4220000e-03  +1.2634900e-02  +1.2161000e-02    +8.2067926e-08  +2.6450859e-08  +0.0000000e+00  +2.0220840e-06  +1.5964070e-04  +1.4788992e-04
-0.00138264  -0.000664973  -0.0048112  -0.174948  -0.146032  0.198823     +1.9116934e-06  +4.4218909e-07  +2.3147645e-05  +3.0606803e-02  +2.1325345e-02  +3.9530585e-02    -2.7081000e-04  -5.7938420e-04  -6.6721000e-04  -2.3329000e-02  -5.8646900e-02  +1.3930000e-03    +7.3338056e-08  +3.3568605e-07  +4.4516918e-07  +5.4424224e-04  +3.4394589e-03  +1.9404490e-06
-0.00123833  -0.000622946  -0.00523124  -0.167367  -0.140621  0.185024     +1.5334612e-06  +3.8806172e-07  +2.7365872e-05  +2.8011713e-02  +1.9774266e-02  +3.4233881e-02    +1.4431000e-04  +4.2027000e-05  -4.2004000e-04  +7.5810000e-03  +5.4110000e-03  -1.3799000e-02    +2.0825376e-08  +1.7662687e-09  +1.7643360e-07  +5.7471561e-05  +2.9278921e-05  +1.9041240e-04
-0.00156562  -0.00106762  -0.00424787  -0.137512  -0.120778  0.214614     +2.4511660e-06  +1.1398125e-06  +1.8044400e-05  +1.8909550e-02  +1.4587325e-02  +4.6059169e-02    -3.2729000e-04  -4.4467400e-04  +9.8337000e-04  +2.9855000e-02  +1.9843000e-02  +2.9590000e-02    +1.0711874e-07  +1.9773497e-07  +9.6701656e-07  +8.9132102e-04  +3.9374465e-04  +8.7556810e-04
-0.00145136  -0.00100193  -0.00412812  -0.128848  -0.126205  0.164028     +2.1064458e-06  +1.0038637e-06  +1.7041375e-05  +1.6601807e-02  +1.5927702e-02  +2.6905185e-02    +1.1426000e-04  +6.5690000e-05  +1.1975000e-04  +8.6640000e-03  -5.4270000e-03  -5.0586000e-02    +1.3055348e-08  +4.3151761e-09  +1.4340063e-08  +7.5064896e-05  +2.9452329e-05  +2.5589434e-03
-0.00125051  -0.00100612  -0.00398421  -0.126479  -0.0975327  0.166293     +1.5637753e-06  +1.0122775e-06  +1.5873929e-05  +1.5996937e-02  +9.5126276e-03  +2.7653362e-02    +2.0085000e-04  -4.1900000e-06  +1.4391000e-04  +2.3690000e-03  +2.8672300e-02  +2.2650000e-03    +4.0340723e-08  +1.7556100e-11  +2.0710088e-08  +5.6121610e-06  +8.2210079e-04  +5.1302250e-06
-0.00169229  -0.000912427  -0.00398421  -0.145725  -0.0777806  0.168815     +2.8638454e-06  +8.3252303e-07  +1.5873929e-05  +2.1235776e-02  +6.0498217e-03  +2.8498504e-02    -4.4178000e-04  +9.3693000e-05  +0.0000000e+00  -1.9246000e-02  +1.9752100e-02  +2.5220000e-03    +1.9516957e-07  +8.7783782e-09  +0.0000000e+00  +3.7040852e-04  +3.9014545e-04  +6.3604840e-06
-0.00564141  -0.0015995  -0.00317824  -0.116058  -0.189699  0.167021     +3.1825507e-05  +2.5584003e-06  +1.0101209e-05  +1.3469459e-02  +3.5985711e-02  +2.7896014e-02    -3.9491200e-03  -6.8707300e-04  +8.0597000e-04  +2.9667000e-02  -1.1191840e-01  -1.7940000e-03    +1.5595549e-05  +4.7206931e-07  +6.4958764e-07  +8.8013089e-04  +1.2525728e-02  +3.2184360e-06
-0.00588993  -0.00191912  -0.00276411  -0.112399  -0.181073  0.151389     +3.4691275e-05  +3.6830216e-06  +7.6403041e-06  +1.2633535e-02  +3.2787431e-02  +2.2918629e-02    -2.4852000e-04  -3.1962000e-04  +4.1413000e-04  +3.6590000e-03  +8.6260000e-03  -1.5632000e-02    +6.1762190e-08  +1.0215694e-07  +1.7150366e-07  +1.3388281e-05  +7.4407876e-05  +2.4435942e-04
-0.00425516  -0.00183709  -0.00276411  -0.101783  -0.108038  0.179014     +1.8106387e-05  +3.3748997e-06  +7.6403041e-06  +1.0359779e-02  +1.1672209e-02  +3.2046012e-02    +1.6347700e-03  +8.2030000e-05  +0.0000000e+00  +1.0616000e-02  +7.3035000e-02  +2.7625000e-02    +2.6724730e-06  +6.7289209e-09  +0.0000000e+00  +1.1269946e-04  +5.3341112e-03  +7.6314063e-04
0.00058686  -0.00107436  -0.00241657  -0.0958391  -0.0579004  0.164646     +3.4440466e-07  +1.1542494e-06  +5.8398106e-06  +9.1851331e-03  +3.3524563e-03  +2.7108305e-02    +4.8420200e-03  +7.6273000e-04  +3.4754000e-04  +5.9439000e-03  +5.0137600e-02  -1.4368000e-02    +2.3445158e-05  +5.8175705e-07  +1.2078405e-07  +3.5329947e-05  +2.5137789e-03  +2.0643942e-04
0.00244387  -0.000534329  -0.00260747  -0.0960039  0.0799739  0.15716     +5.9725006e-06  +2.8550748e-07  +6.7988998e-06  +9.2167488e-03  +6.3958247e-03  +2.4699266e-02    +1.8570100e-03  +5.4003100e-04  -1.9090000e-04  -1.6480000e-04  +1.3787430e-01  -7.4860000e-03    +3.4484861e-06  +2.9163348e-07  +3.6442810e-08  +2.7159040e-08  +1.9009323e-02  +5.6040196e-05
0.00325053  -0.000365947  -0.00258402  -0.120554  0.067991  0.183474     +1.0565945e-05  +1.3391721e-07  +6.6771594e-06  +1.4533267e-02  +4.6227761e-03  +3.3662709e-02    +8.0666000e-04  +1.6838200e-04  +2.3450000e-05  -2.4550100e-02  -1.1982900e-02  +2.6314000e-02    +6.5070036e-07  +2.8352498e-08  +5.4990250e-10  +6.0270741e-04  +1.4358989e-04  +6.9242660e-04
0.00219884  -0.000212081  -0.0030333  -0.147224  0.0183197  0.206974     +4.8348973e-06  +4.4978351e-08  +9.2009089e-06  +2.1674906e-02  +3.3561141e-04  +4.2838237e-02    -1.0516900e-03  +1.5386600e-04  -4.4928000e-04  -2.6670000e-02  -4.9671300e-02  +2.3500000e-02    +1.1060519e-06  +2.3674746e-08  +2.0185252e-07  +7.1128890e-04  +2.4672380e-03  +5.5225000e-04
0.00119645  -0.000424731  -0.00320735  -0.168814  0.0294895  0.201832     +1.4314926e-06  +1.8039642e-07  +1.0287094e-05  +2.8498167e-02  +8.6963061e-04  +4.0736156e-02    -1.0023900e-03  -2.1265000e-04  -1.7405000e-04  -2.1590000e-02  +1.1169800e-02  -5.1420000e-03    +1.0047857e-06  +4.5220023e-08  +3.0293402e-08  +4.6612810e-04  +1.2476443e-04  +2.6440164e-05
0.000894996  -0.000587896  -0.00344084  -0.168767  0.000789996  0.186784     +8.0101784e-07  +3.4562171e-07  +1.1839380e-05  +2.8482300e-02  +6.2409368e-07  +3.4888263e-02    -3.0145400e-04  -1.6316500e-04  -2.3349000e-04  +4.7000000e-05  -2.8699504e-02  -1.5048000e-02    +9.0874514e-08  +2.6622817e-08  +5.4517580e-08  +2.2090000e-09  +8.2366153e-04  +2.2644230e-04
0.000767998  -0.000614443  -0.00361429  -0.17157  0.00546026  0.176989     +5.8982093e-07  +3.7754020e-07  +1.3063092e-05  +2.9436265e-02  +2.9814439e-05  +3.1325106e-02    -1.2699800e-04  -2.6547000e-05  -1.7345000e-04  -2.8030000e-03  +4.6702640e-03  -9.7950000e-03    +1.6128492e-08  +7.0474321e-10  +3.0084902e-08  +7.8568090e-06  +2.1811366e-05  +9.5942025e-05
0.000688293  -0.000711763  -0.00344084  -0.160336  0.00139457  0.175387     +4.7374725e-07  +5.0660657e-07  +1.1839380e-05  +2.5707633e-02  +1.9448255e-06  +3.0760600e-02    -7.9705000e-05  -9.7320000e-05  +1.7345000e-04  +1.1234000e-02  -4.0656900e-03  -1.6020000e-03    +6.3528870e-09  +9.4711824e-09  +3.0084902e-08  +1.2620276e-04  +1.6529835e-05  +2.5664040e-06
0.000577089  -0.000875647  -0.00322291  -0.159544  0.000458599  0.174137     +3.3303171e-07  +7.6675767e-07  +1.0387149e-05  +2.5454288e-02  +2.1031304e-07  +3.0323695e-02    -1.1120400e-04  -1.6388400e-04  +2.1793000e-04  +7.9200000e-04  -9.3597100e-04  -1.2500000e-03    +1.2366330e-08  +2.6857965e-08  +4.7493485e-08  +6.2726400e-07  +8.7604171e-07  +1.5625000e-06
0.000239573  -0.000630067  -0.00258975  -0.149534  -0.0125916  0.130307     +5.7395222e-08  +3.9698442e-07  +6.7068051e-06  +2.2360417e-02  +1.5854839e-04  +1.6979914e-02    -3.3751600e-04  +2.4558000e-04  +6.3316000e-04  +1.0010000e-02  -1.3050199e-02  -4.3830000e-02    +1.1391705e-07  +6.0309536e-08  +4.0089159e-07  +1.0020010e-04  +1.7030769e-04  +1.9210689e-03
-0.000462685  -0.000753721  -0.00279588  -0.156692  -0.0202758  0.0941216     +2.1407741e-07  +5.6809535e-07  +7.8169450e-06  +2.4552383e-02  +4.1110807e-04  +8.8588756e-03    -7.0225800e-04  -1.2365400e-04  -2.0613000e-04  -7.1580000e-03  -7.6842000e-03  -3.6185400e-02    +4.9316630e-07  +1.5290312e-08  +4.2489577e-08  +5.1236964e-05  +5.9046930e-05  +1.3093832e-03
-0.000198009  -0.000814599  -0.00271756  -0.155878  -0.0398123  0.107837     +3.9207564e-08  +6.6357153e-07  +7.3851324e-06  +2.4297951e-02  +1.5850192e-03  +1.1628819e-02    +2.6467600e-04  -6.0878000e-05  +7.8320000e-05  +8.1400000e-04  -1.9536500e-02  +1.3715400e-02    +7.0053385e-08  +3.7061309e-09  +6.1340224e-09  +6.6259600e-07  +3.8167483e-04  +1.8811220e-04
-2.93797e-05  -0.00122461  -0.0029956  -0.164351  -0.0621362  0.0742824     +8.6316677e-10  +1.4996697e-06  +8.9736194e-06  +2.7011251e-02  +3.8609074e-03  +5.5178749e-03    +1.6862930e-04  -4.1001100e-04  -2.7804000e-04  -8.4730000e-03  -2.2323900e-02  -3.3554600e-02    +2.8435841e-08  +1.6810902e-07  +7.7306242e-08  +7.1791729e-05  +4.9835651e-04  +1.1259112e-03
5.18829e-05  -0.00126918  -0.00294106  -0.157219  -0.0604481  0.100928     +2.6918353e-09  +1.6108179e-06  +8.6498339e-06  +2.4717814e-02  +3.6539728e-03  +1.0186461e-02    +8.1262600e-05  -4.4570000e-05  +5.4540000e-05  +7.1320000e-03  +1.6881000e-03  +2.6645600e-02    +6.6036102e-09  +1.9864849e-09  +2.9746116e-09  +5.0865424e-05  +2.8496816e-06  +7.0998800e-04
-0.00018968  -0.00142752  -0.00291805  -0.153023  -0.0804202  0.0625508     +3.5978502e-08  +2.0378134e-06  +8.5150158e-06  +2.3416039e-02  +6.4674086e-03  +3.9126026e-03    -2.4156290e-04  -1.5834000e-04  +2.3010000e-05  +4.1960000e-03  -1.9972100e-02  -3.8377200e-02    +5.8352635e-08  +2.5071556e-08  +5.2946010e-10  +1.7606416e-05  +3.9888478e-04  +1.4728095e-03
-7.94241e-06  -0.00141573  -0.00308117  -0.147176  -0.0855693  0.0609579     +6.3081877e-11  +2.0042914e-06  +9.4936086e-06  +2.1660775e-02  +7.3221051e-03  +3.7158656e-03    +1.8173759e-04  +1.1790000e-05  -1.6312000e-04  +5.8470000e-03  -5.1491000e-03  -1.5929000e-03    +3.3028552e-08  +1.3900410e-10  +2.6608134e-08  +3.4187409e-05  +2.6513231e-05  +2.5373304e-06
-0.00030937  -0.00156792  -0.00258975  -0.145999  -0.0635523  0.0518671     +9.5709797e-08  +2.4583731e-06  +6.7068051e-06  +2.1315708e-02  +4.0388948e-03  +2.6901961e-03    -3.0142759e-04  -1.5219000e-04  +4.9142000e-04  +1.1770000e-03  +2.2017000e-02  -9.0908000e-03    +9.0858592e-08  +2.3161796e-08  +2.4149362e-07  +1.3853290e-06  +4.8474829e-04  +8.2642645e-05
-0.000845535  -0.00164724  -0.00287535  -0.137139  -0.0920922  0.0164403     +7.1492944e-07  +2.7133996e-06  +8.2676376e-06  +1.8807105e-02  +8.4809733e-03  +2.7028346e-04    -5.3616500e-04  -7.9320000e-05  -2.8560000e-04  +8.8600000e-03  -2.8539900e-02  -3.5426800e-02    +2.8747291e-07  +6.2916624e-09  +8.1567360e-08  +7.8499600e-05  +8.1452589e-04  +1.2550582e-03
-0.000794679  -0.00150068  -0.0030135  -0.13781  -0.0808145  0.0159497     +6.3151471e-07  +2.2520405e-06  +9.0811823e-06  +1.8991596e-02  +6.5309834e-03  +2.5439293e-04    +5.0856000e-05  +1.4656000e-04  -1.3815000e-04  -6.7100000e-04  +1.1277700e-02  -4.9060000e-04    +2.5863327e-09  +2.1479834e-08  +1.9085423e-08  +4.5024100e-07  +1.2718652e-04  +2.4068836e-07
-0.000694677  -0.0013558  -0.00303532  -0.142888  -0.0988182  0.00878052     +4.8257613e-07  +1.8381936e-06  +9.2131675e-06  +2.0416981e-02  +9.7650367e-03  +7.7097531e-05    +1.0000200e-04  +1.4488000e-04  -2.1820000e-05  -5.0780000e-03  -1.8003700e-02  -7.1691800e-03    +1.0000400e-08  +2.0990214e-08  +4.7611240e-10  +2.5786084e-05  +3.2413321e-04  +5.1397142e-05
-0.000944158  -0.00154928  -0.00303532  -0.136191  -0.101355  -0.012194     +8.9143433e-07  +2.4002685e-06  +9.2131675e-06  +1.8547988e-02  +1.0272836e-02  +1.4869364e-04    -2.4948100e-04  -1.9348000e-04  +0.0000000e+00  +6.6970000e-03  -2.5368000e-03  -2.0974520e-02    +6.2240769e-08  +3.7434510e-08  +0.0000000e+00  +4.4849809e-05  +6.4353542e-06  +4.3993049e-04
-0.000275761  -0.0017874  -0.00318292  -0.136171  -0.0808514  0.021624     +7.6044129e-08  +3.1947988e-06  +1.0130980e-05  +1.8542541e-02  +6.5369489e-03  +4.6759738e-04    +6.6839700e-04  -2.3812000e-04  -1.4760000e-04  +2.0000000e-05  +2.0503600e-02  +3.3818000e-02    +4.4675455e-07  +5.6701134e-08  +2.1785760e-08  +4.0000000e-10  +4.2039761e-04  +1.1436571e-03
-0.000877065  -0.00167437  -0.00303532  -0.149415  -0.101052  -0.00996574     +7.6924301e-07  +2.8035149e-06  +9.2131675e-06  +2.2324842e-02  +1.0211507e-02  +9.9315974e-05    -6.0130400e-04  +1.1303000e-04  +1.4760000e-04  -1.3244000e-02  -2.0200600e-02  -3.1589740e-02    +3.6156650e-07  +1.2775781e-08  +2.1785760e-08  +1.7540354e-04  +4.0806424e-04  +9.9791167e-04
-0.000877065  -0.00161327  -0.00360831  -0.164085  -0.101159  0.0170608     +7.6924301e-07  +2.6026401e-06  +1.3019901e-05  +2.6923887e-02  +1.0233143e-02  +2.9107090e-04    +0.0000000e+00  +6.1100000e-05  -5.7299000e-04  -1.4670000e-02  -1.0700000e-04  +2.7026540e-02    +0.0000000e+00  +3.7332100e-09  +3.2831754e-07  +2.1520890e-04  +1.1449000e-08  +7.3043386e-04
-0.00138015  -0.00188756  -0.00354254  -0.165946  -0.0972059  -0.0221077     +1.9048140e-06  +3.5628828e-06  +1.2549590e-05  +2.7538075e-02  +9.4489870e-03  +4.8875040e-04    -5.0308500e-04  -2.7429000e-04  +6.5770000e-05  -1.8610000e-03  +3.9531000e-03  -3.9168500e-02    +2.5309452e-07  +7.5235004e-08  +4.3256929e-09  +3.4633210e-06  +1.5627000e-05  +1.5341714e-03
