0.7 1.152917e+03 1.186444e+03 1.194265e+03 1.160738e+03
1.7 1.258066e+03 1.183301e+03 1.188565e+03 1.263329e+03
2.7 1.342214e+03 1.176811e+03 1.181247e+03 1.346649e+03
3.7 1.151528e+03 1.172415e+03 1.181485e+03 1.160598e+03
4.7 1.136299e+03 1.170474e+03 1.186024e+03 1.151849e+03
5.7 1.135439e+03 1.174688e+03 1.190251e+03 1.151001e+03
6.7 1.143832e+03 1.181041e+03 1.192875e+03 1.155666e+03
7.7 1.153767e+03 1.190814e+03 1.194217e+03 1.157170e+03
8.7 1.256532e+03 1.209054e+03 1.194828e+03 1.242305e+03
9.7 1.148377e+03 1.217736e+03 1.195083e+03 1.125724e+03
10.7 1.229826e+03 1.209468e+03 1.195184e+03 1.215542e+03
11.7 1.286542e+03 1.193688e+03 1.195221e+03 1.288075e+03
0.5 1.065087e+03 1.173018e+03 1.195038e+03 1.087107e+03
1.5 1.155847e+03 1.172293e+03 1.190835e+03 1.174390e+03
2.5 1.267588e+03 1.168711e+03 1.182640e+03 1.281516e+03
3.5 1.079314e+03 1.174946e+03 1.180789e+03 1.085156e+03
4.5 1.191327e+03 1.210833e+03 1.184691e+03 1.165185e+03
5.5 1.204823e+03 1.243155e+03 1.189106e+03 1.150774e+03
6.5 1.310720e+03 1.239475e+03 1.192016e+03 1.263261e+03
7.5 1.267326e+03 1.220347e+03 1.193516e+03 1.240495e+03
8.5 1.241583e+03 1.203290e+03 1.194166e+03 1.232460e+03
9.5 1.230558e+03 1.188119e+03 1.194394e+03 1.236832e+03
10.5 1.069530e+03 1.175943e+03 1.194434e+03 1.088022e+03
11.5 1.049428e+03 1.168474e+03 1.194407e+03 1.075361e+03
0.8 1.179014e+03 1.180324e+03 1.193660e+03 1.192349e+03
1.8 1.136942e+03 1.178740e+03 1.187616e+03 1.145818e+03
2.8 1.158526e+03 1.174533e+03 1.180520e+03 1.164513e+03
3.8 1.028765e+03 1.181737e+03 1.181102e+03 1.028130e+03
4.8 1.337047e+03 1.202855e+03 1.185699e+03 1.319891e+03
5.8 1.245292e+03 1.215110e+03 1.189857e+03 1.220040e+03
6.8 1.057683e+03 1.212009e+03 1.192416e+03 1.038091e+03
7.8 1.236246e+03 1.203602e+03 1.193731e+03 1.226375e+03
8.8 1.218130e+03 1.192212e+03 1.194348e+03 1.220266e+03
9.8 1.169223e+03 1.183849e+03 1.194634e+03 1.180008e+03
10.8 1.258964e+03 1.180035e+03 1.194784e+03 1.273713e+03
11.8 1.200906e+03 1.176799e+03 1.194883e+03 1.218991e+03
0.1 1.167868e+03 1.202160e+03 1.196363e+03 1.162070e+03
1.1 1.269468e+03 1.192036e+03 1.194728e+03 1.272160e+03
2.1 1.282498e+03 1.183873e+03 1.187258e+03 1.285883e+03
3.1 1.242368e+03 1.180088e+03 1.182273e+03 1.244554e+03
4.1 1.254653e+03 1.180187e+03 1.184796e+03 1.259263e+03
5.1 1.157409e+03 1.179223e+03 1.189652e+03 1.167838e+03
6.1 1.191621e+03 1.181846e+03 1.193437e+03 1.203212e+03
7.1 1.214571e+03 1.182938e+03 1.195654e+03 1.227287e+03
8.1 1.142673e+03 1.181829e+03 1.196797e+03 1.157640e+03
9.1 1.115295e+03 1.185004e+03 1.197372e+03 1.127664e+03
10.1 1.174547e+03 1.190262e+03 1.197686e+03 1.181971e+03
11.1 1.122234e+03 1.193376e+03 1.196770e+03 1.125628e+03
1.0 1.122234e+03 1.193376e+03 1.196770e+03 1.125628e+03
2.0 1.084682e+03 1.189001e+03 1.189989e+03 1.085670e+03
3.0 1.141514e+03 1.184109e+03 1.183877e+03 1.141282e+03
4.0 1.059105e+03 1.184538e+03 1.185517e+03 1.060085e+03
5.0 1.098563e+03 1.182723e+03 1.190305e+03 1.106144e+03
6.0 1.153793e+03 1.182666e+03 1.194294e+03 1.165422e+03
7.0 1.187605e+03 1.187434e+03 1.196683e+03 1.196854e+03
8.0 1.226039e+03 1.192044e+03 1.197123e+03 1.231118e+03
9.0 1.229020e+03 1.189385e+03 1.191317e+03 1.230952e+03
10.0 1.333578e+03 1.184574e+03 1.184734e+03 1.333738e+03
11.0 1.252026e+03 1.185328e+03 1.184644e+03 1.251341e+03
12.0 1.283607e+03 1.183443e+03 1.182406e+03 1.282569e+03
0.8 1.226039e+03 1.192044e+03 1.197123e+03 1.231118e+03
1.8 1.229020e+03 1.189385e+03 1.191317e+03 1.230952e+03
2.8 1.333578e+03 1.184574e+03 1.184734e+03 1.333738e+03
3.8 1.252026e+03 1.185328e+03 1.184644e+03 1.251341e+03
4.8 1.283607e+03 1.183443e+03 1.182406e+03 1.282569e+03
5.8 1.230688e+03 1.181436e+03 1.180271e+03 1.229523e+03
6.8 1.143927e+03 1.185493e+03 1.184288e+03 1.142722e+03
7.8 1.183134e+03 1.191892e+03 1.190236e+03 1.181479e+03
8.8 1.274179e+03 1.205704e+03 1.194715e+03 1.263189e+03
9.8 1.284658e+03 1.223660e+03 1.197276e+03 1.258274e+03
10.8 1.222010e+03 1.226766e+03 1.198544e+03 1.193788e+03
11.8 1.202818e+03 1.217443e+03 1.199127e+03 1.184502e+03
1.0 1.252026e+03 1.185328e+03 1.184644e+03 1.251341e+03
2.0 1.283607e+03 1.183443e+03 1.182406e+03 1.282569e+03
3.0 1.230688e+03 1.181436e+03 1.180271e+03 1.229523e+03
4.0 1.143927e+03 1.185493e+03 1.184288e+03 1.142722e+03
5.0 1.183134e+03 1.191892e+03 1.190236e+03 1.181479e+03
6.0 1.274179e+03 1.205704e+03 1.194715e+03 1.263189e+03
7.0 1.284658e+03 1.223660e+03 1.197276e+03 1.258274e+03
8.0 1.222010e+03 1.226766e+03 1.198544e+03 1.193788e+03
9.0 1.202818e+03 1.217443e+03 1.199127e+03 1.184502e+03
10.0 1.201614e+03 1.202803e+03 1.199380e+03 1.198192e+03
11.0 1.227254e+03 1.193005e+03 1.199505e+03 1.233754e+03
12.0 1.093910e+03 1.187325e+03 1.199579e+03 1.106163e+03
1.0 1.239832e+03 1.188187e+03 1.198590e+03 1.250235e+03
2.0 1.174420e+03 1.185959e+03 1.191661e+03 1.180122e+03
3.0 1.143438e+03 1.182467e+03 1.185312e+03 1.146282e+03
4.0 1.203199e+03 1.181211e+03 1.182672e+03 1.204660e+03
5.0 1.203790e+03 1.178253e+03 1.179189e+03 1.204726e+03
6.0 1.111597e+03 1.180436e+03 1.181258e+03 1.112419e+03
7.0 1.105847e+03 1.186566e+03 1.187467e+03 1.106748e+03
8.0 1.195326e+03 1.189107e+03 1.190162e+03 1.196380e+03
9.0 1.134517e+03 1.184208e+03 1.185463e+03 1.135772e+03
10.0 1.186587e+03 1.182454e+03 1.183706e+03 1.187839e+03
11.0 1.212118e+03 1.194344e+03 1.187750e+03 1.205523e+03
12.0 1.219254e+03 1.214836e+03 1.192664e+03 1.197082e+03
0.5 1.143438e+03 1.182467e+03 1.185312e+03 1.146282e+03
1.5 1.203199e+03 1.181211e+03 1.182672e+03 1.204660e+03
2.5 1.203790e+03 1.178253e+03 1.179189e+03 1.204726e+03
3.5 1.111597e+03 1.180436e+03 1.181258e+03 1.112419e+03
4.5 1.105847e+03 1.186566e+03 1.187467e+03 1.106748e+03
5.5 1.195326e+03 1.189107e+03 1.190162e+03 1.196380e+03
6.5 1.134517e+03 1.184208e+03 1.185463e+03 1.135772e+03
7.5 1.186587e+03 1.182454e+03 1.183706e+03 1.187839e+03
8.5 1.212118e+03 1.194344e+03 1.187750e+03 1.205523e+03
9.5 1.219254e+03 1.214836e+03 1.192664e+03 1.197082e+03
10.5 1.268654e+03 1.219321e+03 1.196014e+03 1.245346e+03
11.5 1.314410e+03 1.206587e+03 1.197786e+03 1.305609e+03
0.3 1.105847e+03 1.186566e+03 1.187467e+03 1.106748e+03
1.3 1.195326e+03 1.189107e+03 1.190162e+03 1.196380e+03
2.3 1.134517e+03 1.184208e+03 1.185463e+03 1.135772e+03
3.3 1.186587e+03 1.182454e+03 1.183706e+03 1.187839e+03
4.3 1.212118e+03 1.194344e+03 1.187750e+03 1.205523e+03
5.3 1.219254e+03 1.214836e+03 1.192664e+03 1.197082e+03
6.3 1.268654e+03 1.219321e+03 1.196014e+03 1.245346e+03
7.3 1.314410e+03 1.206587e+03 1.197786e+03 1.305609e+03
8.3 1.305178e+03 1.195188e+03 1.198550e+03 1.308541e+03
9.3 1.147080e+03 1.191853e+03 1.198801e+03 1.154028e+03
10.3 1.183992e+03 1.192295e+03 1.198819e+03 1.190517e+03
11.3 1.203331e+03 1.191212e+03 1.196715e+03 1.208835e+03
0.1 1.183992e+03 1.192295e+03 1.198819e+03 1.190517e+03
1.1 1.203331e+03 1.191212e+03 1.196715e+03 1.208835e+03
2.1 1.167303e+03 1.183892e+03 1.188800e+03 1.172212e+03
3.1 1.043569e+03 1.179147e+03 1.183910e+03 1.048332e+03
4.1 1.191522e+03 1.181460e+03 1.186369e+03 1.196431e+03
5.1 1.245615e+03 1.185551e+03 1.190724e+03 1.250788e+03
6.1 1.228643e+03 1.184112e+03 1.189597e+03 1.234128e+03
7.1 1.194443e+03 1.177473e+03 1.183337e+03 1.200307e+03
8.1 1.131282e+03 1.173655e+03 1.182709e+03 1.140337e+03
9.1 1.209709e+03 1.170360e+03 1.187007e+03 1.226356e+03
10.1 1.163017e+03 1.171659e+03 1.191386e+03 1.182744e+03
11.1 1.228655e+03 1.177087e+03 1.194135e+03 1.245703e+03
0.5 1.245615e+03 1.185551e+03 1.190724e+03 1.250788e+03
1.5 1.228643e+03 1.184112e+03 1.189597e+03 1.234128e+03
2.5 1.194443e+03 1.177473e+03 1.183337e+03 1.200307e+03
3.5 1.131282e+03 1.173655e+03 1.182709e+03 1.140337e+03
4.5 1.209709e+03 1.170360e+03 1.187007e+03 1.226356e+03
5.5 1.163017e+03 1.171659e+03 1.191386e+03 1.182744e+03
6.5 1.228655e+03 1.177087e+03 1.194135e+03 1.245703e+03
7.5 1.183341e+03 1.184265e+03 1.195453e+03 1.194529e+03
8.5 1.180185e+03 1.200671e+03 1.195916e+03 1.175431e+03
9.5 1.123372e+03 1.214006e+03 1.195973e+03 1.105340e+03
10.5 1.145600e+03 1.211281e+03 1.195852e+03 1.130171e+03
11.5 1.191564e+03 1.201778e+03 1.195668e+03 1.185454e+03
