0.6 2.005964e+03 1.969935e+03 1.992035e+03 2.028064e+03
1.6 2.014447e+03 1.982155e+03 1.997148e+03 2.029440e+03
2.6 2.059949e+03 2.000941e+03 2.005734e+03 2.064743e+03
3.6 1.993898e+03 2.009229e+03 2.006745e+03 1.991414e+03
4.6 1.967628e+03 2.012410e+03 2.006191e+03 1.961408e+03
5.6 1.960549e+03 2.017929e+03 2.010288e+03 1.952909e+03
6.6 1.939504e+03 2.017394e+03 2.009513e+03 1.931623e+03
7.6 1.969371e+03 2.011173e+03 2.003594e+03 1.961791e+03
8.6 2.018535e+03 2.005034e+03 1.997779e+03 2.011280e+03
9.6 1.984684e+03 2.002511e+03 1.994025e+03 1.976198e+03
10.6 1.919542e+03 2.002801e+03 1.992612e+03 1.909352e+03
11.6 1.995072e+03 2.007676e+03 1.998058e+03 1.985454e+03
0.5 1.993898e+03 2.009229e+03 2.006745e+03 1.991414e+03
1.5 1.967628e+03 2.012410e+03 2.006191e+03 1.961408e+03
2.5 1.960549e+03 2.017929e+03 2.010288e+03 1.952909e+03
3.4 1.939504e+03 2.017394e+03 2.009513e+03 1.931623e+03
4.4 1.969371e+03 2.011173e+03 2.003594e+03 1.961791e+03
5.4 2.018535e+03 2.005034e+03 1.997779e+03 2.011280e+03
6.4 1.984684e+03 2.002511e+03 1.994025e+03 1.976198e+03
7.4 1.919542e+03 2.002801e+03 1.992612e+03 1.909352e+03
8.4 1.995072e+03 2.007676e+03 1.998058e+03 1.985454e+03
9.4 2.038418e+03 2.013579e+03 2.005810e+03 2.030648e+03
10.4 2.065288e+03 2.011495e+03 2.005446e+03 2.059240e+03
11.4 2.038420e+03 2.005275e+03 2.000406e+03 2.033552e+03
0.7 1.919542e+03 2.002801e+03 1.992612e+03 1.909352e+03
1.7 1.995072e+03 2.007676e+03 1.998058e+03 1.985454e+03
2.7 2.038418e+03 2.013579e+03 2.005810e+03 2.030648e+03
3.7 2.065288e+03 2.011495e+03 2.005446e+03 2.059240e+03
4.7 2.038420e+03 2.005275e+03 2.000406e+03 2.033552e+03
5.7 2.019147e+03 2.008380e+03 1.995745e+03 2.006513e+03
6.7 1.993368e+03 2.031587e+03 1.992859e+03 1.954641e+03
7.7 2.054136e+03 2.042570e+03 1.991375e+03 2.002942e+03
8.7 2.026564e+03 2.026627e+03 1.990686e+03 1.990623e+03
9.7 1.989942e+03 1.998504e+03 1.990376e+03 1.981814e+03
10.7 2.062703e+03 1.979731e+03 1.990225e+03 2.073198e+03
11.7 1.989606e+03 1.967097e+03 1.990133e+03 2.012642e+03
0.8 1.972863e+03 1.982020e+03 1.990196e+03 1.981039e+03
1.8 2.051600e+03 1.992560e+03 1.996526e+03 2.055565e+03
2.8 1.988405e+03 2.003190e+03 2.005199e+03 1.990414e+03
3.8 2.027516e+03 2.010082e+03 2.011349e+03 2.028783e+03
4.8 1.931008e+03 2.013439e+03 2.014523e+03 1.932092e+03
5.8 1.977787e+03 2.008568e+03 2.009689e+03 1.978907e+03
6.8 1.965138e+03 2.002855e+03 2.004101e+03 1.966384e+03
7.8 1.988644e+03 2.005182e+03 2.006610e+03 1.990072e+03
8.8 1.983454e+03 2.007724e+03 2.008305e+03 1.984035e+03
9.8 2.021146e+03 2.019952e+03 2.003672e+03 2.004866e+03
10.8 1.967219e+03 2.039625e+03 1.997715e+03 1.925309e+03
11.8 1.980058e+03 2.036939e+03 1.993473e+03 1.936592e+03
0.8 1.988405e+03 2.003190e+03 2.005199e+03 1.990414e+03
1.8 2.027516e+03 2.010082e+03 2.011349e+03 2.028783e+03
2.8 1.931008e+03 2.013439e+03 2.014523e+03 1.932092e+03
3.8 1.977787e+03 2.008568e+03 2.009689e+03 1.978907e+03
4.8 1.965138e+03 2.002855e+03 2.004101e+03 1.966384e+03
5.8 1.988644e+03 2.005182e+03 2.006610e+03 1.990072e+03
6.8 1.983454e+03 2.007724e+03 2.008305e+03 1.984035e+03
7.8 2.021146e+03 2.019952e+03 2.003672e+03 2.004866e+03
8.8 1.967219e+03 2.039625e+03 1.997715e+03 1.925309e+03
9.8 1.980058e+03 2.036939e+03 1.993473e+03 1.936592e+03
10.8 2.072661e+03 2.012082e+03 1.991152e+03 2.051730e+03
11.8 2.098340e+03 1.980694e+03 1.990059e+03 2.107706e+03
0.2 1.977787e+03 2.008568e+03 2.009689e+03 1.978907e+03
1.2 1.965138e+03 2.002855e+03 2.004101e+03 1.966384e+03
2.2 1.988644e+03 2.005182e+03 2.006610e+03 1.990072e+03
3.2 1.983454e+03 2.007724e+03 2.008305e+03 1.984035e+03
4.2 2.021146e+03 2.019952e+03 2.003672e+03 2.004866e+03
5.2 1.967219e+03 2.039625e+03 1.997715e+03 1.925309e+03
6.2 1.980058e+03 2.036939e+03 1.993473e+03 1.936592e+03
7.2 2.072661e+03 2.012082e+03 1.991152e+03 2.051730e+03
8.2 2.098340e+03 1.980694e+03 1.990059e+03 2.107706e+03
9.2 2.029212e+03 1.967562e+03 1.989616e+03 2.051267e+03
10.2 1.976964e+03 1.970374e+03 1.989466e+03 1.996056e+03
11.2 2.092560e+03 1.976897e+03 1.989448e+03 2.105111e+03
0.3 2.092560e+03 1.976897e+03 1.989448e+03 2.105111e+03
1.3 2.067704e+03 1.984967e+03 1.992652e+03 2.075388e+03
2.3 2.054337e+03 1.996676e+03 2.001693e+03 2.059354e+03
3.3 2.044536e+03 2.001814e+03 2.005610e+03 2.048333e+03
4.3 1.992510e+03 2.000921e+03 2.002058e+03 1.993647e+03
5.3 2.028823e+03 2.016289e+03 1.997023e+03 2.009557e+03
6.3 2.007054e+03 2.036509e+03 1.993470e+03 1.964015e+03
7.3 2.044577e+03 2.032681e+03 1.991575e+03 2.003471e+03
8.3 2.056405e+03 2.010258e+03 1.990740e+03 2.036888e+03
9.3 1.967419e+03 1.984260e+03 1.990452e+03 1.973611e+03
10.3 1.978880e+03 1.965198e+03 1.990413e+03 2.004096e+03
11.3 1.926621e+03 1.951448e+03 1.990475e+03 1.965647e+03
0.1 1.926621e+03 1.951448e+03 1.990475e+03 1.965647e+03
1.1 1.951650e+03 1.955577e+03 1.992552e+03 1.988624e+03
2.1 1.948200e+03 1.975741e+03 2.001098e+03 1.973558e+03
3.1 2.036073e+03 1.992399e+03 2.007039e+03 2.050713e+03
4.1 2.100711e+03 2.001245e+03 2.009165e+03 2.108631e+03
5.1 1.814336e+03 2.008862e+03 2.013118e+03 1.818592e+03
6.1 1.936770e+03 2.019296e+03 2.011249e+03 1.928723e+03
7.1 2.011941e+03 2.040770e+03 2.004759e+03 1.975930e+03
8.1 1.988381e+03 2.045492e+03 1.998880e+03 1.941769e+03
9.1 1.998868e+03 2.030549e+03 1.995283e+03 1.963602e+03
10.1 1.959265e+03 2.007702e+03 1.993527e+03 1.945089e+03
11.1 1.938041e+03 1.984617e+03 1.992817e+03 1.946241e+03
0.5 2.036073e+03 1.992399e+03 2.007039e+03 2.050713e+03
1.5 2.100711e+03 2.001245e+03 2.009165e+03 2.108631e+03
2.5 1.814336e+03 2.008862e+03 2.013118e+03 1.818592e+03
3.5 1.936770e+03 2.019296e+03 2.011249e+03 1.928723e+03
4.5 2.011941e+03 2.040770e+03 2.004759e+03 1.975930e+03
5.5 1.988381e+03 2.045492e+03 1.998880e+03 1.941769e+03
6.5 1.998868e+03 2.030549e+03 1.995283e+03 1.963602e+03
7.5 1.959265e+03 2.007702e+03 1.993527e+03 1.945089e+03
8.5 1.938041e+03 1.984617e+03 1.992817e+03 1.946241e+03
9.5 1.966714e+03 1.975952e+03 1.992617e+03 1.983379e+03
10.5 1.925002e+03 1.972337e+03 1.992648e+03 1.945314e+03
11.5 2.005690e+03 1.966532e+03 1.992750e+03 2.031908e+03
1.0 1.927225e+03 1.977598e+03 1.995223e+03 1.944850e+03
2.0 2.111470e+03 1.995201e+03 2.002838e+03 2.119106e+03
3.0 2.124143e+03 2.009880e+03 2.009676e+03 2.123938e+03
4.0 2.128581e+03 2.013161e+03 2.007958e+03 2.123378e+03
5.0 2.163892e+03 2.012361e+03 2.002768e+03 2.154300e+03
6.0 2.158780e+03 2.010102e+03 1.998456e+03 2.147134e+03
7.0 2.035382e+03 2.000334e+03 1.995909e+03 2.030957e+03
8.0 1.974891e+03 1.985624e+03 1.994645e+03 1.983912e+03
9.0 1.984267e+03 1.980901e+03 1.994083e+03 1.997449e+03
10.0 1.993310e+03 1.977203e+03 1.993852e+03 2.009959e+03
11.0 1.971506e+03 1.972071e+03 1.993760e+03 1.993195e+03
12.0 1.998735e+03 1.976037e+03 1.993729e+03 2.016427e+03
0.1 2.007247e+03 2.001103e+03 1.993815e+03 1.999960e+03
1.1 1.932139e+03 2.003443e+03 1.996094e+03 1.924789e+03
2.1 1.969117e+03 2.010613e+03 2.004731e+03 1.963236e+03
3.1 2.003144e+03 2.014429e+03 2.010002e+03 1.998717e+03
4.1 1.959484e+03 2.010545e+03 2.007156e+03 1.956095e+03
5.1 1.995273e+03 2.004929e+03 2.002025e+03 1.992369e+03
6.1 2.098626e+03 2.002494e+03 1.998165e+03 2.094298e+03
7.1 2.027853e+03 2.002029e+03 1.996024e+03 2.021847e+03
8.1 2.074843e+03 2.000747e+03 1.995036e+03 2.069132e+03
9.1 2.043151e+03 2.000735e+03 1.994654e+03 2.037070e+03
10.1 2.019521e+03 2.000985e+03 1.994549e+03 2.013085e+03
11.1 1.952765e+03 1.999489e+03 1.994552e+03 1.947828e+03
0.4 2.038932e+03 1.993842e+03 1.993771e+03 2.038861e+03
1.4 1.882465e+03 1.997527e+03 1.997165e+03 1.882103e+03
2.4 1.989834e+03 2.005248e+03 2.006072e+03 1.990658e+03
3.4 2.030534e+03 2.007313e+03 2.009317e+03 2.032538e+03
4.4 1.998467e+03 2.002685e+03 2.005341e+03 2.001123e+03
5.4 1.932553e+03 2.000998e+03 2.000117e+03 1.931672e+03
6.4 2.048052e+03 2.020370e+03 1.996421e+03 2.024103e+03
7.4 2.005311e+03 2.039196e+03 1.994355e+03 1.960470e+03
8.4 2.062697e+03 2.033471e+03 1.993314e+03 2.022539e+03
9.4 1.981158e+03 2.017553e+03 1.992791e+03 1.956396e+03
10.4 1.955223e+03 1.997777e+03 1.992499e+03 1.949945e+03
11.4 1.953091e+03 1.978339e+03 1.992290e+03 1.967042e+03
0.2 1.919663e+03 1.953515e+03 1.991987e+03 1.958135e+03
1.2 2.026770e+03 1.960615e+03 1.994690e+03 2.060844e+03
2.2 2.066721e+03 1.982009e+03 2.003417e+03 2.088129e+03
3.2 2.056795e+03 2.002424e+03 2.007564e+03 2.061935e+03
4.2 2.150040e+03 2.030466e+03 2.003989e+03 2.123563e+03
5.2 2.064858e+03 2.045025e+03 1.998658e+03 2.018491e+03
6.2 2.098908e+03 2.025353e+03 1.994729e+03 2.068284e+03
7.2 2.070474e+03 2.000710e+03 1.992465e+03 2.062229e+03
8.2 2.086761e+03 1.991244e+03 1.991274e+03 2.086791e+03
9.2 2.008839e+03 1.991200e+03 1.990629e+03 2.008268e+03
10.2 1.971106e+03 1.988862e+03 1.990220e+03 1.972464e+03
11.2 2.063915e+03 1.978847e+03 1.989889e+03 2.074957e+03
0.4 1.934324e+03 1.967175e+03 1.988641e+03 1.955791e+03
1.4 1.933522e+03 1.982047e+03 1.991783e+03 1.943258e+03
2.4 1.909038e+03 2.000971e+03 2.000407e+03 1.908475e+03
3.4 1.929158e+03 2.010554e+03 2.003469e+03 1.922073e+03
4.4 2.030107e+03 2.014418e+03 2.003738e+03 2.019428e+03
5.4 2.035639e+03 2.019728e+03 2.007120e+03 2.023030e+03
0.5 1.929158e+03 2.010554e+03 2.003469e+03 1.922073e+03
1.5 2.030107e+03 2.014418e+03 2.003738e+03 2.019428e+03
2.5 2.035639e+03 2.019728e+03 2.007120e+03 2.023030e+03
