0.0 1.065150e+04 1.058729e+04 1.059907e+04 1.066328e+04
1.0 1.059252e+04 1.058325e+04 1.061678e+04 1.062605e+04
2.0 1.079382e+04 1.064183e+04 1.070232e+04 1.085431e+04
3.0 1.074277e+04 1.068819e+04 1.076600e+04 1.082058e+04
4.0 1.077170e+04 1.071714e+04 1.074173e+04 1.079629e+04
5.0 1.088207e+04 1.076412e+04 1.068751e+04 1.080546e+04
6.0 1.065794e+04 1.073092e+04 1.064467e+04 1.057170e+04
7.0 1.063216e+04 1.069773e+04 1.062007e+04 1.055450e+04
8.0 1.054681e+04 1.073549e+04 1.060816e+04 1.041948e+04
9.0 1.066411e+04 1.071972e+04 1.060301e+04 1.054740e+04
10.0 1.048669e+04 1.064335e+04 1.060098e+04 1.044432e+04
11.0 1.048693e+04 1.057402e+04 1.060017e+04 1.051307e+04
0.9 1.048402e+04 1.061741e+04 1.060836e+04 1.047497e+04
1.9 1.056738e+04 1.065345e+04 1.068794e+04 1.060187e+04
2.9 1.055772e+04 1.068160e+04 1.075938e+04 1.063551e+04
3.9 1.054719e+04 1.063562e+04 1.074130e+04 1.065288e+04
4.9 1.052683e+04 1.056663e+04 1.068687e+04 1.064707e+04
5.9 1.047441e+04 1.052166e+04 1.064159e+04 1.059434e+04
6.9 1.053398e+04 1.057119e+04 1.061472e+04 1.057752e+04
7.9 1.073531e+04 1.066489e+04 1.060124e+04 1.067166e+04
8.9 1.079524e+04 1.073510e+04 1.059504e+04 1.065518e+04
9.9 1.078785e+04 1.077211e+04 1.059225e+04 1.060800e+04
10.9 1.074746e+04 1.071119e+04 1.059086e+04 1.062713e+04
11.9 1.061672e+04 1.064147e+04 1.059006e+04 1.056532e+04
0.5 1.071553e+04 1.061136e+04 1.059006e+04 1.069423e+04
1.5 1.071914e+04 1.059926e+04 1.063796e+04 1.075785e+04
2.5 1.074178e+04 1.064839e+04 1.073192e+04 1.082531e+04
3.5 1.077109e+04 1.064365e+04 1.075264e+04 1.088009e+04
4.5 1.070507e+04 1.058572e+04 1.070700e+04 1.082635e+04
5.5 1.040971e+04 1.052902e+04 1.065543e+04 1.053612e+04
6.5 1.051453e+04 1.053231e+04 1.062123e+04 1.060345e+04
7.5 1.069331e+04 1.062545e+04 1.060332e+04 1.067118e+04
8.5 1.068332e+04 1.066517e+04 1.059525e+04 1.061340e+04
9.5 1.064977e+04 1.062189e+04 1.059206e+04 1.061994e+04
10.5 1.068007e+04 1.060198e+04 1.059104e+04 1.066914e+04
11.5 1.056219e+04 1.060885e+04 1.059084e+04 1.054418e+04
0.5 1.065082e+04 1.055137e+04 1.059434e+04 1.069380e+04
1.5 1.067320e+04 1.058931e+04 1.064687e+04 1.073075e+04
2.5 1.055913e+04 1.065923e+04 1.074068e+04 1.064058e+04
3.5 1.079898e+04 1.068094e+04 1.075744e+04 1.087547e+04
4.5 1.061496e+04 1.072763e+04 1.071103e+04 1.059836e+04
5.5 1.060714e+04 1.074405e+04 1.066078e+04 1.052387e+04
6.5 1.063076e+04 1.073408e+04 1.062818e+04 1.052486e+04
7.5 1.069660e+04 1.076467e+04 1.061154e+04 1.054347e+04
8.5 1.061657e+04 1.075612e+04 1.060440e+04 1.046485e+04
9.5 1.062945e+04 1.073135e+04 1.060191e+04 1.050001e+04
10.5 1.060780e+04 1.067917e+04 1.060146e+04 1.053010e+04
11.5 1.050953e+04 1.060903e+04 1.060171e+04 1.050220e+04
1.0 1.040082e+04 1.056290e+04 1.062018e+04 1.045810e+04
2.0 1.052857e+04 1.062551e+04 1.070026e+04 1.060331e+04
3.0 1.056391e+04 1.068675e+04 1.077226e+04 1.064942e+04
4.0 1.055769e+04 1.067887e+04 1.075479e+04 1.063361e+04
5.0 1.087586e+04 1.071705e+04 1.070102e+04 1.085983e+04
6.0 1.077974e+04 1.075605e+04 1.065645e+04 1.068014e+04
7.0 1.086086e+04 1.072323e+04 1.063034e+04 1.076798e+04
8.0 1.063431e+04 1.071168e+04 1.061765e+04 1.054029e+04
9.0 1.067261e+04 1.069737e+04 1.061229e+04 1.058753e+04
10.0 1.073407e+04 1.065841e+04 1.061039e+04 1.068605e+04
11.0 1.067457e+04 1.062915e+04 1.060991e+04 1.065532e+04
12.0 1.067466e+04 1.059648e+04 1.061001e+04 1.068819e+04
0.6 1.052301e+04 1.054543e+04 1.059865e+04 1.057623e+04
1.6 1.054261e+04 1.059475e+04 1.065287e+04 1.060073e+04
2.6 1.058404e+04 1.066658e+04 1.074317e+04 1.066063e+04
3.6 1.064084e+04 1.069485e+04 1.075309e+04 1.069908e+04
4.6 1.101689e+04 1.074445e+04 1.070312e+04 1.097556e+04
5.6 1.084558e+04 1.075175e+04 1.065131e+04 1.074514e+04
6.6 1.081053e+04 1.072679e+04 1.061741e+04 1.070116e+04
7.6 1.081153e+04 1.068888e+04 1.059919e+04 1.072184e+04
8.6 1.071311e+04 1.064387e+04 1.059019e+04 1.065942e+04
9.6 1.054381e+04 1.059870e+04 1.058571e+04 1.053081e+04
10.6 1.046457e+04 1.054901e+04 1.058322e+04 1.049878e+04
11.6 1.040204e+04 1.050922e+04 1.058148e+04 1.047430e+04
0.6 1.055464e+04 1.051813e+04 1.058179e+04 1.061830e+04
1.6 1.070960e+04 1.056072e+04 1.064030e+04 1.078918e+04
2.6 1.067388e+04 1.063098e+04 1.072945e+04 1.077234e+04
3.6 1.063227e+04 1.062381e+04 1.073546e+04 1.074392e+04
4.6 1.067506e+04 1.060874e+04 1.068503e+04 1.075135e+04
5.6 1.057259e+04 1.066540e+04 1.063472e+04 1.054190e+04
6.6 1.062052e+04 1.067293e+04 1.060260e+04 1.055018e+04
7.6 1.064667e+04 1.066205e+04 1.058591e+04 1.057052e+04
8.6 1.059814e+04 1.069921e+04 1.057821e+04 1.047714e+04
