0.5 8.984260e+03 8.936684e+03 8.916422e+03 8.963999e+03
1.5 8.960374e+03 9.008186e+03 8.929588e+03 8.881776e+03
2.5 8.954761e+03 9.028985e+03 8.960897e+03 8.886673e+03
3.5 8.949000e+03 9.014882e+03 8.983958e+03 8.918077e+03
4.5 8.928950e+03 8.999764e+03 8.999574e+03 8.928760e+03
5.5 8.948037e+03 8.989050e+03 9.006813e+03 8.965801e+03
6.5 8.934238e+03 8.982478e+03 9.009039e+03 8.960799e+03
7.5 8.887251e+03 8.981309e+03 9.011761e+03 8.917702e+03
8.5 8.909877e+03 8.978062e+03 9.010159e+03 8.941974e+03
9.5 9.012297e+03 8.979634e+03 9.012463e+03 9.045126e+03
10.5 8.975362e+03 8.977235e+03 9.010574e+03 9.008700e+03
11.5 9.038512e+03 8.978456e+03 9.011986e+03 9.072042e+03
0.2 8.954761e+03 9.028985e+03 8.960897e+03 8.886673e+03
1.2 8.949000e+03 9.014882e+03 8.983958e+03 8.918077e+03
2.2 8.928950e+03 8.999764e+03 8.999574e+03 8.928760e+03
3.2 8.948037e+03 8.989050e+03 9.006813e+03 8.965801e+03
4.2 8.934238e+03 8.982478e+03 9.009039e+03 8.960799e+03
5.2 8.887251e+03 8.981309e+03 9.011761e+03 8.917702e+03
6.2 8.909877e+03 8.978062e+03 9.010159e+03 8.941974e+03
7.2 9.012297e+03 8.979634e+03 9.012463e+03 9.045126e+03
8.2 8.975362e+03 8.977235e+03 9.010574e+03 9.008700e+03
9.2 9.038512e+03 8.978456e+03 9.011986e+03 9.072042e+03
10.2 9.017404e+03 8.977784e+03 9.011533e+03 9.051153e+03
11.2 9.003584e+03 8.977486e+03 9.011485e+03 9.037583e+03
0.9 8.948037e+03 8.989050e+03 9.006813e+03 8.965801e+03
1.9 8.934238e+03 8.982478e+03 9.009039e+03 8.960799e+03
2.9 8.887251e+03 8.981309e+03 9.011761e+03 8.917702e+03
3.9 8.909877e+03 8.978062e+03 9.010159e+03 8.941974e+03
4.9 9.012297e+03 8.979634e+03 9.012463e+03 9.045126e+03
5.9 8.975362e+03 8.977235e+03 9.010574e+03 9.008700e+03
6.9 9.038512e+03 8.978456e+03 9.011986e+03 9.072042e+03
7.9 9.017404e+03 8.977784e+03 9.011533e+03 9.051153e+03
8.9 9.003584e+03 8.977486e+03 9.011485e+03 9.037583e+03
9.9 8.985488e+03 8.978659e+03 9.012934e+03 9.019763e+03
10.9 9.022121e+03 8.977048e+03 9.011611e+03 9.056684e+03
11.9 9.016916e+03 8.979261e+03 9.014112e+03 9.051767e+03
0.6 8.887251e+03 8.981309e+03 9.011761e+03 8.917702e+03
1.6 8.909877e+03 8.978062e+03 9.010159e+03 8.941974e+03
2.6 9.012297e+03 8.979634e+03 9.012463e+03 9.045126e+03
3.6 8.975362e+03 8.977235e+03 9.010574e+03 9.008700e+03
4.6 9.038512e+03 8.978456e+03 9.011986e+03 9.072042e+03
5.6 9.017404e+03 8.977784e+03 9.011533e+03 9.051153e+03
6.6 9.003584e+03 8.977486e+03 9.011485e+03 9.037583e+03
7.6 8.985488e+03 8.978659e+03 9.012934e+03 9.019763e+03
8.6 9.022121e+03 8.977048e+03 9.011611e+03 9.056684e+03
9.6 9.016916e+03 8.979261e+03 9.014112e+03 9.051767e+03
10.6 8.993516e+03 8.977232e+03 9.012365e+03 9.028649e+03
11.6 8.951417e+03 8.979071e+03 9.014471e+03 8.986817e+03
0.3 9.012297e+03 8.979634e+03 9.012463e+03 9.045126e+03
1.3 8.975362e+03 8.977235e+03 9.010574e+03 9.008700e+03
2.3 9.038512e+03 8.978456e+03 9.011986e+03 9.072042e+03
3.3 9.017404e+03 8.977784e+03 9.011533e+03 9.051153e+03
4.3 9.003584e+03 8.977486e+03 9.011485e+03 9.037583e+03
5.3 8.985488e+03 8.978659e+03 9.012934e+03 9.019763e+03
6.3 9.022121e+03 8.977048e+03 9.011611e+03 9.056684e+03
7.3 9.016916e+03 8.979261e+03 9.014112e+03 9.051767e+03
8.3 8.993516e+03 8.977232e+03 9.012365e+03 9.028649e+03
9.3 8.951417e+03 8.979071e+03 9.014471e+03 8.986817e+03
10.3 8.982268e+03 8.995652e+03 9.007517e+03 8.994133e+03
11.3 9.124578e+03 9.062537e+03 8.980149e+03 9.042190e+03
1.0 9.017404e+03 8.977784e+03 9.011533e+03 9.051153e+03
2.0 9.003584e+03 8.977486e+03 9.011485e+03 9.037583e+03
3.0 8.985488e+03 8.978659e+03 9.012934e+03 9.019763e+03
4.0 9.022121e+03 8.977048e+03 9.011611e+03 9.056684e+03
5.0 9.016916e+03 8.979261e+03 9.014112e+03 9.051767e+03
6.0 8.993516e+03 8.977232e+03 9.012365e+03 9.028649e+03
7.0 8.951417e+03 8.979071e+03 9.014471e+03 8.986817e+03
8.0 8.982268e+03 8.995652e+03 9.007517e+03 8.994133e+03
9.0 9.124578e+03 9.062537e+03 8.980149e+03 9.042190e+03
10.0 9.139781e+03 9.084911e+03 8.951343e+03 9.006212e+03
11.0 9.189208e+03 9.031550e+03 8.931917e+03 9.089574e+03
12.0 9.032550e+03 8.966214e+03 8.921516e+03 8.987852e+03
0.7 8.985488e+03 8.978659e+03 9.012934e+03 9.019763e+03
1.7 9.022121e+03 8.977048e+03 9.011611e+03 9.056684e+03
2.7 9.016916e+03 8.979261e+03 9.014112e+03 9.051767e+03
3.7 8.993516e+03 8.977232e+03 9.012365e+03 9.028649e+03
4.7 8.951417e+03 8.979071e+03 9.014471e+03 8.986817e+03
5.7 8.982268e+03 8.995652e+03 9.007517e+03 8.994133e+03
6.7 9.124578e+03 9.062537e+03 8.980149e+03 9.042190e+03
7.7 9.139781e+03 9.084911e+03 8.951343e+03 9.006212e+03
8.7 9.189208e+03 9.031550e+03 8.931917e+03 9.089574e+03
9.7 9.032550e+03 8.966214e+03 8.921516e+03 8.987852e+03
10.7 9.010057e+03 8.920922e+03 8.916746e+03 9.005881e+03
11.7 8.984824e+03 8.896386e+03 8.914785e+03 9.003223e+03
0.4 9.016916e+03 8.979261e+03 9.014112e+03 9.051767e+03
1.4 8.993516e+03 8.977232e+03 9.012365e+03 9.028649e+03
2.4 8.951417e+03 8.979071e+03 9.014471e+03 8.986817e+03
3.4 8.982268e+03 8.995652e+03 9.007517e+03 8.994133e+03
4.4 9.124578e+03 9.062537e+03 8.980149e+03 9.042190e+03
5.4 9.139781e+03 9.084911e+03 8.951343e+03 9.006212e+03
6.4 9.189208e+03 9.031550e+03 8.931917e+03 9.089574e+03
7.4 9.032550e+03 8.966214e+03 8.921516e+03 8.987852e+03
8.4 9.010057e+03 8.920922e+03 8.916746e+03 9.005881e+03
9.4 8.984824e+03 8.896386e+03 8.914785e+03 9.003223e+03
10.4 8.975894e+03 8.884910e+03 8.914093e+03 9.005078e+03
11.4 8.993249e+03 8.882154e+03 8.913892e+03 9.024988e+03
0.5 8.994739e+03 8.934763e+03 8.914303e+03 8.974279e+03
1.5 9.009373e+03 9.006956e+03 8.929676e+03 8.932093e+03
2.5 9.009138e+03 9.028313e+03 8.962447e+03 8.943272e+03
3.5 9.011490e+03 9.014426e+03 8.986311e+03 8.983375e+03
4.5 8.998907e+03 8.999632e+03 9.002764e+03 9.002039e+03
5.5 8.986061e+03 8.988708e+03 9.010138e+03 9.007491e+03
6.5 9.029929e+03 8.982047e+03 9.012451e+03 9.060332e+03
7.5 9.064068e+03 8.981303e+03 9.015643e+03 9.098409e+03
8.5 9.038265e+03 8.978601e+03 9.014538e+03 9.074202e+03
9.5 9.047604e+03 8.980630e+03 9.017180e+03 9.084154e+03
10.5 9.048131e+03 8.979084e+03 9.015973e+03 9.085019e+03
11.5 9.029648e+03 8.980757e+03 9.017657e+03 9.066548e+03
0.2 9.009138e+03 9.028313e+03 8.962447e+03 8.943272e+03
1.2 9.011490e+03 9.014426e+03 8.986311e+03 8.983375e+03
2.2 8.998907e+03 8.999632e+03 9.002764e+03 9.002039e+03
3.2 8.986061e+03 8.988708e+03 9.010138e+03 9.007491e+03
4.2 9.029929e+03 8.982047e+03 9.012451e+03 9.060332e+03
5.2 9.064068e+03 8.981303e+03 9.015643e+03 9.098409e+03
6.2 9.038265e+03 8.978601e+03 9.014538e+03 9.074202e+03
7.2 9.047604e+03 8.980630e+03 9.017180e+03 9.084154e+03
8.2 9.048131e+03 8.979084e+03 9.015973e+03 9.085019e+03
9.2 9.029648e+03 8.980757e+03 9.017657e+03 9.066548e+03
10.2 9.036496e+03 8.979053e+03 9.015986e+03 9.073429e+03
11.2 9.036400e+03 8.977674e+03 9.014647e+03 9.073373e+03
0.9 8.986061e+03 8.988708e+03 9.010138e+03 9.007491e+03
1.9 9.029929e+03 8.982047e+03 9.012451e+03 9.060332e+03
2.9 9.064068e+03 8.981303e+03 9.015643e+03 9.098409e+03
3.9 9.038265e+03 8.978601e+03 9.014538e+03 9.074202e+03
4.9 9.047604e+03 8.980630e+03 9.017180e+03 9.084154e+03
5.9 9.048131e+03 8.979084e+03 9.015973e+03 9.085019e+03
6.9 9.029648e+03 8.980757e+03 9.017657e+03 9.066548e+03
7.9 9.036496e+03 8.979053e+03 9.015986e+03 9.073429e+03
8.9 9.036400e+03 8.977674e+03 9.014647e+03 9.073373e+03
9.9 9.045434e+03 8.979054e+03 9.016065e+03 9.082446e+03
10.9 9.040092e+03 8.977755e+03 9.014803e+03 9.077140e+03
11.9 9.046513e+03 8.980285e+03 9.017368e+03 9.083597e+03
0.6 9.064068e+03 8.981303e+03 9.015643e+03 9.098409e+03
1.6 9.038265e+03 8.978601e+03 9.014538e+03 9.074202e+03
2.6 9.047604e+03 8.980630e+03 9.017180e+03 9.084154e+03
3.6 9.048131e+03 8.979084e+03 9.015973e+03 9.085019e+03
4.6 9.029648e+03 8.980757e+03 9.017657e+03 9.066548e+03
5.6 9.036496e+03 8.979053e+03 9.015986e+03 9.073429e+03
6.6 9.036400e+03 8.977674e+03 9.014647e+03 9.073373e+03
7.6 9.045434e+03 8.979054e+03 9.016065e+03 9.082446e+03
8.6 9.040092e+03 8.977755e+03 9.014803e+03 9.077140e+03
9.6 9.046513e+03 8.980285e+03 9.017368e+03 9.083597e+03
10.6 9.073065e+03 8.978384e+03 9.015511e+03 9.110192e+03
11.6 9.051970e+03 8.980136e+03 9.017289e+03 9.089123e+03
0.3 9.047604e+03 8.980630e+03 9.017180e+03 9.084154e+03
1.3 9.048131e+03 8.979084e+03 9.015973e+03 9.085019e+03
2.3 9.029648e+03 8.980757e+03 9.017657e+03 9.066548e+03
3.3 9.036496e+03 8.979053e+03 9.015986e+03 9.073429e+03
4.3 9.036400e+03 8.977674e+03 9.014647e+03 9.073373e+03
5.3 9.045434e+03 8.979054e+03 9.016065e+03 9.082446e+03
6.3 9.040092e+03 8.977755e+03 9.014803e+03 9.077140e+03
7.3 9.046513e+03 8.980285e+03 9.017368e+03 9.083597e+03
8.3 9.073065e+03 8.978384e+03 9.015511e+03 9.110192e+03
9.3 9.051970e+03 8.980136e+03 9.017289e+03 9.089123e+03
10.3 9.069353e+03 8.995691e+03 9.010627e+03 9.084288e+03
11.3 9.103044e+03 9.061891e+03 8.983289e+03 9.024442e+03
0.9 9.036496e+03 8.979053e+03 9.015986e+03 9.073429e+03
1.9 9.036400e+03 8.977674e+03 9.014647e+03 9.073373e+03
2.9 9.045434e+03 8.979054e+03 9.016065e+03 9.082446e+03
3.9 9.040092e+03 8.977755e+03 9.014803e+03 9.077140e+03
4.9 9.046513e+03 8.980285e+03 9.017368e+03 9.083597e+03
5.9 9.073065e+03 8.978384e+03 9.015511e+03 9.110192e+03
6.9 9.051970e+03 8.980136e+03 9.017289e+03 9.089123e+03
7.9 9.069353e+03 8.995691e+03 9.010627e+03 9.084288e+03
8.9 9.103044e+03 9.061891e+03 8.983289e+03 9.024442e+03
9.9 9.161747e+03 9.086509e+03 8.954066e+03 9.029304e+03
10.9 9.114823e+03 9.034176e+03 8.934146e+03 9.014793e+03
11.9 8.947084e+03 8.968481e+03 8.923341e+03 8.901944e+03
0.7 9.045434e+03 8.979054e+03 9.016065e+03 9.082446e+03
1.7 9.040092e+03 8.977755e+03 9.014803e+03 9.077140e+03
2.7 9.046513e+03 8.980285e+03 9.017368e+03 9.083597e+03
3.7 9.073065e+03 8.978384e+03 9.015511e+03 9.110192e+03
4.7 9.051970e+03 8.980136e+03 9.017289e+03 9.089123e+03
5.7 9.069353e+03 8.995691e+03 9.010627e+03 9.084288e+03
6.7 9.103044e+03 9.061891e+03 8.983289e+03 9.024442e+03
7.7 9.161747e+03 9.086509e+03 8.954066e+03 9.029304e+03
8.7 9.114823e+03 9.034176e+03 8.934146e+03 9.014793e+03
9.7 8.947084e+03 8.968481e+03 8.923341e+03 8.901944e+03
10.7 8.815334e+03 8.922527e+03 8.918271e+03 8.811078e+03
11.7 8.763625e+03 8.897486e+03 8.916084e+03 8.782223e+03
0.3 9.046513e+03 8.980285e+03 9.017368e+03 9.083597e+03
1.3 9.073065e+03 8.978384e+03 9.015511e+03 9.110192e+03
2.3 9.051970e+03 8.980136e+03 9.017289e+03 9.089123e+03
3.3 9.069353e+03 8.995691e+03 9.010627e+03 9.084288e+03
4.3 9.103044e+03 9.061891e+03 8.983289e+03 9.024442e+03
5.3 9.161747e+03 9.086509e+03 8.954066e+03 9.029304e+03
6.3 9.114823e+03 9.034176e+03 8.934146e+03 9.014793e+03
7.3 8.947084e+03 8.968481e+03 8.923341e+03 8.901944e+03
8.3 8.815334e+03 8.922527e+03 8.918271e+03 8.811078e+03
9.3 8.763625e+03 8.897486e+03 8.916084e+03 8.782223e+03
10.3 8.743688e+03 8.885703e+03 8.915211e+03 8.773196e+03
11.3 8.791500e+03 8.882772e+03 8.914863e+03 8.823590e+03
0.5 8.810102e+03 8.935362e+03 8.915234e+03 8.789973e+03
1.5 8.887831e+03 9.008091e+03 8.931103e+03 8.810842e+03
2.5 8.897906e+03 9.029470e+03 8.963867e+03 8.832303e+03
3.5 8.889358e+03 9.014718e+03 8.986808e+03 8.861448e+03
4.5 8.851962e+03 8.999470e+03 9.002734e+03 8.855227e+03
5.5 8.875970e+03 8.988025e+03 9.009517e+03 8.897462e+03
6.5 8.890302e+03 8.980442e+03 9.010848e+03 8.920707e+03
7.5 8.905455e+03 8.980100e+03 9.014389e+03 8.939745e+03
8.5 8.914580e+03 8.977262e+03 9.013098e+03 8.950415e+03
9.5 8.938421e+03 8.979558e+03 9.015952e+03 8.974815e+03
10.5 8.949126e+03 8.978151e+03 9.014806e+03 8.985781e+03
11.5 8.962500e+03 8.979497e+03 9.016059e+03 8.999062e+03
0.2 8.897906e+03 9.029470e+03 8.963867e+03 8.832303e+03
1.2 8.889358e+03 9.014718e+03 8.986808e+03 8.861448e+03
2.2 8.851962e+03 8.999470e+03 9.002734e+03 8.855227e+03
3.2 8.875970e+03 8.988025e+03 9.009517e+03 8.897462e+03
4.2 8.890302e+03 8.980442e+03 9.010848e+03 8.920707e+03
5.2 8.905455e+03 8.980100e+03 9.014389e+03 8.939745e+03
6.2 8.914580e+03 8.977262e+03 9.013098e+03 8.950415e+03
7.2 8.938421e+03 8.979558e+03 9.015952e+03 8.974815e+03
8.2 8.949126e+03 8.978151e+03 9.014806e+03 8.985781e+03
9.2 8.962500e+03 8.979497e+03 9.016059e+03 8.999062e+03
10.2 8.976122e+03 8.979551e+03 9.016032e+03 9.012603e+03
11.2 8.961944e+03 8.978961e+03 9.015372e+03 8.998355e+03
0.8 8.875970e+03 8.988025e+03 9.009517e+03 8.897462e+03
1.8 8.890302e+03 8.980442e+03 9.010848e+03 8.920707e+03
2.8 8.905455e+03 8.980100e+03 9.014389e+03 8.939745e+03
3.8 8.914580e+03 8.977262e+03 9.013098e+03 8.950415e+03
4.8 8.938421e+03 8.979558e+03 9.015952e+03 8.974815e+03
5.8 8.949126e+03 8.978151e+03 9.014806e+03 8.985781e+03
6.8 8.962500e+03 8.979497e+03 9.016059e+03 8.999062e+03
7.8 8.976122e+03 8.979551e+03 9.016032e+03 9.012603e+03
8.8 8.961944e+03 8.978961e+03 9.015372e+03 8.998355e+03
9.8 8.980117e+03 8.980502e+03 9.016846e+03 9.016461e+03
10.8 9.005802e+03 8.978643e+03 9.014913e+03 9.042071e+03
11.8 9.007795e+03 8.980851e+03 9.017032e+03 9.043976e+03
0.5 8.905455e+03 8.980100e+03 9.014389e+03 8.939745e+03
1.5 8.914580e+03 8.977262e+03 9.013098e+03 8.950415e+03
2.5 8.938421e+03 8.979558e+03 9.015952e+03 8.974815e+03
3.5 8.949126e+03 8.978151e+03 9.014806e+03 8.985781e+03
4.5 8.962500e+03 8.979497e+03 9.016059e+03 8.999062e+03
5.5 8.976122e+03 8.979551e+03 9.016032e+03 9.012603e+03
6.5 8.961944e+03 8.978961e+03 9.015372e+03 8.998355e+03
7.5 8.980117e+03 8.980502e+03 9.016846e+03 9.016461e+03
8.5 9.005802e+03 8.978643e+03 9.014913e+03 9.042071e+03
9.5 9.007795e+03 8.980851e+03 9.017032e+03 9.043976e+03
10.5 9.020269e+03 8.978862e+03 9.014933e+03 9.056340e+03
11.5 8.992365e+03 8.980335e+03 9.016260e+03 9.028290e+03
0.2 8.938421e+03 8.979558e+03 9.015952e+03 8.974815e+03
1.2 8.949126e+03 8.978151e+03 9.014806e+03 8.985781e+03
2.2 8.962500e+03 8.979497e+03 9.016059e+03 8.999062e+03
3.2 8.976122e+03 8.979551e+03 9.016032e+03 9.012603e+03
4.2 8.961944e+03 8.978961e+03 9.015372e+03 8.998355e+03
5.2 8.980117e+03 8.980502e+03 9.016846e+03 9.016461e+03
6.2 9.005802e+03 8.978643e+03 9.014913e+03 9.042071e+03
7.2 9.007795e+03 8.980851e+03 9.017032e+03 9.043976e+03
8.2 9.020269e+03 8.978862e+03 9.014933e+03 9.056340e+03
9.2 8.992365e+03 8.980335e+03 9.016260e+03 9.028290e+03
10.2 9.034261e+03 8.994022e+03 9.010480e+03 9.050718e+03
11.2 9.140636e+03 9.058759e+03 8.983585e+03 9.065462e+03
0.9 8.976122e+03 8.979551e+03 9.016032e+03 9.012603e+03
1.9 8.961944e+03 8.978961e+03 9.015372e+03 8.998355e+03
2.9 8.980117e+03 8.980502e+03 9.016846e+03 9.016461e+03
3.9 9.005802e+03 8.978643e+03 9.014913e+03 9.042071e+03
4.9 9.007795e+03 8.980851e+03 9.017032e+03 9.043976e+03
5.9 9.020269e+03 8.978862e+03 9.014933e+03 9.056340e+03
6.9 8.992365e+03 8.980335e+03 9.016260e+03 9.028290e+03
7.9 9.034261e+03 8.994022e+03 9.010480e+03 9.050718e+03
8.9 9.140636e+03 9.058759e+03 8.983585e+03 9.065462e+03
9.9 9.185902e+03 9.087991e+03 8.953833e+03 9.051745e+03
10.9 9.159097e+03 9.038062e+03 8.933129e+03 9.054163e+03
11.9 8.884686e+03 8.971935e+03 8.921635e+03 8.834386e+03
0.6 8.980117e+03 8.980502e+03 9.016846e+03 9.016461e+03
1.6 9.005802e+03 8.978643e+03 9.014913e+03 9.042071e+03
2.6 9.007795e+03 8.980851e+03 9.017032e+03 9.043976e+03
3.6 9.020269e+03 8.978862e+03 9.014933e+03 9.056340e+03
4.6 8.992365e+03 8.980335e+03 9.016260e+03 9.028290e+03
5.6 9.034261e+03 8.994022e+03 9.010480e+03 9.050718e+03
6.6 9.140636e+03 9.058759e+03 8.983585e+03 9.065462e+03
7.6 9.185902e+03 9.087991e+03 8.953833e+03 9.051745e+03
8.6 9.159097e+03 9.038062e+03 8.933129e+03 9.054163e+03
9.6 8.884686e+03 8.971935e+03 8.921635e+03 8.834386e+03
10.6 8.841613e+03 8.924881e+03 8.915995e+03 8.832726e+03
11.6 8.904254e+03 8.899036e+03 8.913287e+03 8.918505e+03
0.3 9.007795e+03 8.980851e+03 9.017032e+03 9.043976e+03
1.3 9.020269e+03 8.978862e+03 9.014933e+03 9.056340e+03
2.3 8.992365e+03 8.980335e+03 9.016260e+03 9.028290e+03
3.3 9.034261e+03 8.994022e+03 9.010480e+03 9.050718e+03
4.3 9.140636e+03 9.058759e+03 8.983585e+03 9.065462e+03
5.3 9.185902e+03 9.087991e+03 8.953833e+03 9.051745e+03
6.3 9.159097e+03 9.038062e+03 8.933129e+03 9.054163e+03
7.3 8.884686e+03 8.971935e+03 8.921635e+03 8.834386e+03
8.3 8.841613e+03 8.924881e+03 8.915995e+03 8.832726e+03
9.3 8.904254e+03 8.899036e+03 8.913287e+03 8.918505e+03
10.3 8.874174e+03 8.886841e+03 8.911879e+03 8.899212e+03
11.3 8.881291e+03 8.883764e+03 8.910950e+03 8.908477e+03
0.5 8.880844e+03 8.936333e+03 8.910662e+03 8.855173e+03
1.5 8.895676e+03 9.009104e+03 8.925781e+03 8.812353e+03
2.5 8.890684e+03 9.030536e+03 8.957693e+03 8.817842e+03
3.5 8.910942e+03 9.016370e+03 8.980182e+03 8.874753e+03
4.5 8.924407e+03 9.001529e+03 8.995362e+03 8.918240e+03
5.5 8.946884e+03 8.990329e+03 9.001118e+03 8.957673e+03
6.5 8.963374e+03 8.983755e+03 9.002064e+03 8.981683e+03
7.5 8.966015e+03 8.982760e+03 9.003433e+03 8.986688e+03
8.5 8.947862e+03 8.979481e+03 9.000053e+03 8.968434e+03
9.5 8.931632e+03 8.981427e+03 9.000797e+03 8.951001e+03
10.5 8.970663e+03 8.979473e+03 8.997285e+03 8.988474e+03
11.5 9.008008e+03 8.980954e+03 8.996780e+03 9.023833e+03
0.2 8.890684e+03 9.030536e+03 8.957693e+03 8.817842e+03
1.2 8.910942e+03 9.016370e+03 8.980182e+03 8.874753e+03
2.2 8.924407e+03 9.001529e+03 8.995362e+03 8.918240e+03
3.2 8.946884e+03 8.990329e+03 9.001118e+03 8.957673e+03
4.2 8.963374e+03 8.983755e+03 9.002064e+03 8.981683e+03
5.2 8.966015e+03 8.982760e+03 9.003433e+03 8.986688e+03
6.2 8.947862e+03 8.979481e+03 9.000053e+03 8.968434e+03
7.2 8.931632e+03 8.981427e+03 9.000797e+03 8.951001e+03
8.2 8.970663e+03 8.979473e+03 8.997285e+03 8.988474e+03
9.2 9.008008e+03 8.980954e+03 8.996780e+03 9.023833e+03
10.2 9.016055e+03 8.980022e+03 8.993733e+03 9.029765e+03
11.2 9.024708e+03 8.979246e+03 8.990689e+03 9.036151e+03
0.9 8.946884e+03 8.990329e+03 9.001118e+03 8.957673e+03
1.9 8.963374e+03 8.983755e+03 9.002064e+03 8.981683e+03
2.9 8.966015e+03 8.982760e+03 9.003433e+03 8.986688e+03
3.9 8.947862e+03 8.979481e+03 9.000053e+03 8.968434e+03
4.9 8.931632e+03 8.981427e+03 9.000797e+03 8.951001e+03
5.9 8.970663e+03 8.979473e+03 8.997285e+03 8.988474e+03
6.9 9.008008e+03 8.980954e+03 8.996780e+03 9.023833e+03
7.9 9.016055e+03 8.980022e+03 8.993733e+03 9.029765e+03
8.9 9.024708e+03 8.979246e+03 8.990689e+03 9.036151e+03
9.9 9.017528e+03 8.980656e+03 8.989682e+03 9.026554e+03
10.9 8.996233e+03 8.979192e+03 8.985663e+03 9.002704e+03
11.9 8.987840e+03 8.981534e+03 8.985328e+03 8.991634e+03
0.6 8.966015e+03 8.982760e+03 9.003433e+03 8.986688e+03
1.6 8.947862e+03 8.979481e+03 9.000053e+03 8.968434e+03
2.6 8.931632e+03 8.981427e+03 9.000797e+03 8.951001e+03
3.6 8.970663e+03 8.979473e+03 8.997285e+03 8.988474e+03
4.6 9.008008e+03 8.980954e+03 8.996780e+03 9.023833e+03
5.6 9.016055e+03 8.980022e+03 8.993733e+03 9.029765e+03
6.6 9.024708e+03 8.979246e+03 8.990689e+03 9.036151e+03
7.6 9.017528e+03 8.980656e+03 8.989682e+03 9.026554e+03
8.6 8.996233e+03 8.979192e+03 8.985663e+03 9.002704e+03
9.6 8.987840e+03 8.981534e+03 8.985328e+03 8.991634e+03
10.6 8.987764e+03 8.978455e+03 8.979463e+03 8.988773e+03
0.3 8.931632e+03 8.981427e+03 9.000797e+03 8.951001e+03
1.3 8.970663e+03 8.979473e+03 8.997285e+03 8.988474e+03
2.3 9.008008e+03 8.980954e+03 8.996780e+03 9.023833e+03
3.3 9.016055e+03 8.980022e+03 8.993733e+03 9.029765e+03
4.3 9.024708e+03 8.979246e+03 8.990689e+03 9.036151e+03
5.3 9.017528e+03 8.980656e+03 8.989682e+03 9.026554e+03
6.3 8.996233e+03 8.979192e+03 8.985663e+03 9.002704e+03
7.3 8.987840e+03 8.981534e+03 8.985328e+03 8.991634e+03
8.3 8.987764e+03 8.978455e+03 8.979463e+03 8.988773e+03
1.0 9.016055e+03 8.980022e+03 8.993733e+03 9.029765e+03
2.0 9.024708e+03 8.979246e+03 8.990689e+03 9.036151e+03
3.0 9.017528e+03 8.980656e+03 8.989682e+03 9.026554e+03
4.0 8.996233e+03 8.979192e+03 8.985663e+03 9.002704e+03
5.0 8.987840e+03 8.981534e+03 8.985328e+03 8.991634e+03
6.0 8.987764e+03 8.978455e+03 8.979463e+03 8.988773e+03
0.6 9.017528e+03 8.980656e+03 8.989682e+03 9.026554e+03
1.6 8.996233e+03 8.979192e+03 8.985663e+03 9.002704e+03
2.6 8.987840e+03 8.981534e+03 8.985328e+03 8.991634e+03
3.6 8.987764e+03 8.978455e+03 8.979463e+03 8.988773e+03
0.3 8.987840e+03 8.981534e+03 8.985328e+03 8.991634e+03
1.3 8.987764e+03 8.978455e+03 8.979463e+03 8.988773e+03
