0.5 9.878430e+02 1.009472e+03 1.016894e+03 9.952648e+02
1.5 1.127496e+03 1.006483e+03 1.013776e+03 1.134789e+03
2.5 1.000317e+03 1.001304e+03 1.008410e+03 1.007423e+03
3.5 9.834107e+02 1.000336e+03 1.007205e+03 9.902803e+02
4.5 9.429914e+02 1.000502e+03 1.007092e+03 9.495811e+02
5.5 9.133041e+02 9.981741e+02 1.004450e+03 9.195796e+02
6.5 1.156192e+03 9.979782e+02 1.003912e+03 1.162125e+03
7.5 9.842770e+02 9.970875e+02 1.002648e+03 9.898379e+02
8.5 9.863402e+02 9.966182e+02 1.001770e+03 9.914920e+02
9.5 9.418101e+02 1.005523e+03 1.004609e+03 9.408959e+02
10.5 1.065150e+03 1.036845e+03 1.008429e+03 1.036735e+03
11.5 1.038994e+03 1.060095e+03 1.011172e+03 9.900713e+02
0.4 9.834107e+02 1.000336e+03 1.007205e+03 9.902803e+02
1.4 9.429914e+02 1.000502e+03 1.007092e+03 9.495811e+02
2.4 9.133041e+02 9.981741e+02 1.004450e+03 9.195796e+02
3.4 1.156192e+03 9.979782e+02 1.003912e+03 1.162125e+03
4.4 9.842770e+02 9.970875e+02 1.002648e+03 9.898379e+02
5.4 9.863402e+02 9.966182e+02 1.001770e+03 9.914920e+02
6.4 9.418101e+02 1.005523e+03 1.004609e+03 9.408959e+02
7.4 1.065150e+03 1.036845e+03 1.008429e+03 1.036735e+03
8.4 1.038994e+03 1.060095e+03 1.011172e+03 9.900713e+02
9.4 9.553806e+02 1.052907e+03 1.012622e+03 9.150957e+02
10.4 1.036769e+03 1.034480e+03 1.013224e+03 1.015514e+03
11.4 1.026720e+03 1.021190e+03 1.013397e+03 1.018928e+03
1.0 1.156192e+03 9.979782e+02 1.003912e+03 1.162125e+03
2.0 9.842770e+02 9.970875e+02 1.002648e+03 9.898379e+02
3.0 9.863402e+02 9.966182e+02 1.001770e+03 9.914920e+02
3.9 9.418101e+02 1.005523e+03 1.004609e+03 9.408959e+02
4.9 1.065150e+03 1.036845e+03 1.008429e+03 1.036735e+03
5.9 1.038994e+03 1.060095e+03 1.011172e+03 9.900713e+02
6.9 9.553806e+02 1.052907e+03 1.012622e+03 9.150957e+02
7.9 1.036769e+03 1.034480e+03 1.013224e+03 1.015514e+03
8.9 1.026720e+03 1.021190e+03 1.013397e+03 1.018928e+03
9.9 1.017878e+03 1.013860e+03 1.013371e+03 1.017390e+03
10.9 9.879480e+02 1.009240e+03 1.013270e+03 9.919777e+02
11.9 1.025013e+03 1.007995e+03 1.013149e+03 1.030167e+03
0.4 1.025054e+03 9.950718e+02 1.012053e+03 1.042035e+03
1.4 9.617183e+02 9.969290e+02 1.009971e+03 9.747607e+02
2.4 9.585544e+02 9.972809e+02 1.004744e+03 9.660171e+02
3.4 1.056986e+03 9.981182e+02 1.001629e+03 1.060497e+03
4.4 9.574709e+02 9.975651e+02 9.989604e+02 9.588662e+02
5.4 1.008114e+03 9.979036e+02 9.985688e+02 1.008780e+03
6.4 1.000378e+03 9.947847e+02 1.002034e+03 1.007626e+03
7.3 9.609750e+02 9.853190e+02 1.006038e+03 9.816942e+02
8.3 9.031393e+02 9.890995e+02 1.008785e+03 9.228245e+02
9.3 1.040228e+03 1.022293e+03 1.010250e+03 1.028185e+03
10.3 1.037282e+03 1.052929e+03 1.010909e+03 9.952621e+02
11.3 1.036870e+03 1.052361e+03 1.011163e+03 9.956724e+02
0.1 9.585544e+02 9.972809e+02 1.004744e+03 9.660171e+02
1.1 1.056986e+03 9.981182e+02 1.001629e+03 1.060497e+03
2.1 9.574709e+02 9.975651e+02 9.989604e+02 9.588662e+02
3.1 1.008114e+03 9.979036e+02 9.985688e+02 1.008780e+03
4.1 1.000378e+03 9.947847e+02 1.002034e+03 1.007626e+03
5.1 9.609750e+02 9.853190e+02 1.006038e+03 9.816942e+02
6.1 9.031393e+02 9.890995e+02 1.008785e+03 9.228245e+02
7.1 1.040228e+03 1.022293e+03 1.010250e+03 1.028185e+03
8.1 1.037282e+03 1.052929e+03 1.010909e+03 9.952621e+02
9.1 1.036870e+03 1.052361e+03 1.011163e+03 9.956724e+02
10.1 1.026120e+03 1.037776e+03 1.011229e+03 9.995729e+02
11.1 9.774489e+02 1.024456e+03 1.011220e+03 9.642132e+02
0.5 1.015213e+03 9.928944e+02 1.011407e+03 1.033726e+03
1.5 1.020197e+03 9.959312e+02 1.008672e+03 1.032938e+03
2.5 1.009711e+03 9.967036e+02 1.003692e+03 1.016699e+03
3.5 1.032679e+03 1.015544e+03 1.002923e+03 1.020058e+03
4.5 1.071113e+03 1.049414e+03 1.005608e+03 1.027308e+03
5.5 1.063026e+03 1.057795e+03 1.008508e+03 1.013739e+03
6.5 1.015017e+03 1.043166e+03 1.010450e+03 9.823021e+02
7.5 1.003338e+03 1.026972e+03 1.011525e+03 9.878921e+02
8.5 1.035624e+03 1.016777e+03 1.012085e+03 1.030933e+03
9.5 1.017966e+03 1.010821e+03 1.012393e+03 1.019538e+03
10.5 9.600327e+02 1.005554e+03 1.012590e+03 9.670684e+02
11.5 9.839854e+02 9.970626e+02 1.012747e+03 9.996695e+02
0.5 9.281587e+02 1.000239e+03 1.012922e+03 9.408418e+02
1.5 9.917692e+02 1.003866e+03 1.010419e+03 9.983224e+02
2.5 8.992330e+02 1.003116e+03 1.005405e+03 9.015218e+02
3.5 8.934297e+02 1.004329e+03 1.004242e+03 8.933431e+02
4.5 9.477894e+02 1.005100e+03 1.003815e+03 9.465046e+02
5.5 1.030959e+03 1.003631e+03 1.001742e+03 1.029070e+03
6.5 9.479756e+02 1.005326e+03 1.003109e+03 9.457585e+02
7.5 9.833364e+02 1.008228e+03 1.006854e+03 9.819623e+02
8.5 9.447930e+02 1.001584e+03 1.010161e+03 9.533703e+02
9.5 9.362833e+02 9.918878e+02 1.012221e+03 9.566170e+02
10.5 1.005393e+03 9.908732e+02 1.013306e+03 1.027825e+03
11.5 8.971809e+02 9.895215e+02 1.013841e+03 9.215001e+02
0.6 8.934297e+02 1.004329e+03 1.004242e+03 8.933431e+02
1.6 9.477894e+02 1.005100e+03 1.003815e+03 9.465046e+02
2.6 1.030959e+03 1.003631e+03 1.001742e+03 1.029070e+03
3.6 9.479756e+02 1.005326e+03 1.003109e+03 9.457585e+02
4.6 9.833364e+02 1.008228e+03 1.006854e+03 9.819623e+02
5.6 9.447930e+02 1.001584e+03 1.010161e+03 9.533703e+02
6.6 9.362833e+02 9.918878e+02 1.012221e+03 9.566170e+02
7.6 1.005393e+03 9.908732e+02 1.013306e+03 1.027825e+03
8.6 8.971809e+02 9.895215e+02 1.013841e+03 9.215001e+02
9.6 9.533857e+02 9.920052e+02 1.014099e+03 9.754792e+02
10.6 9.546057e+02 9.999010e+02 1.014234e+03 9.689383e+02
11.6 1.018241e+03 1.006821e+03 1.013614e+03 1.025033e+03
1.0 1.018241e+03 1.006821e+03 1.013614e+03 1.025033e+03
2.0 1.007812e+03 1.007377e+03 1.009299e+03 1.009734e+03
3.0 9.557773e+02 1.005912e+03 1.005305e+03 9.551703e+02
4.0 1.033600e+03 1.005208e+03 1.003467e+03 1.031859e+03
5.0 9.938192e+02 1.003540e+03 1.001354e+03 9.916331e+02
6.0 9.832662e+02 1.005245e+03 1.002943e+03 9.809639e+02
7.0 9.783652e+02 1.009275e+03 1.006969e+03 9.760588e+02
8.0 1.030924e+03 1.012244e+03 1.009975e+03 1.028655e+03
9.0 1.095019e+03 1.010300e+03 1.008082e+03 1.092801e+03
10.0 1.066307e+03 1.007014e+03 1.004825e+03 1.064118e+03
11.0 1.067133e+03 1.007700e+03 1.005522e+03 1.064955e+03
12.0 1.020586e+03 1.007131e+03 1.004947e+03 1.018403e+03
0.5 9.557773e+02 1.005912e+03 1.005305e+03 9.551703e+02
1.5 1.033600e+03 1.005208e+03 1.003467e+03 1.031859e+03
2.5 9.938192e+02 1.003540e+03 1.001354e+03 9.916331e+02
3.5 9.832662e+02 1.005245e+03 1.002943e+03 9.809639e+02
4.5 9.783652e+02 1.009275e+03 1.006969e+03 9.760588e+02
5.5 1.030924e+03 1.012244e+03 1.009975e+03 1.028655e+03
6.5 1.095019e+03 1.010300e+03 1.008082e+03 1.092801e+03
7.5 1.066307e+03 1.007014e+03 1.004825e+03 1.064118e+03
8.5 1.067133e+03 1.007700e+03 1.005522e+03 1.064955e+03
9.5 1.020586e+03 1.007131e+03 1.004947e+03 1.018403e+03
10.5 1.064831e+03 1.005076e+03 1.002865e+03 1.062620e+03
11.5 1.078726e+03 1.006756e+03 1.004490e+03 1.076460e+03
0.8 1.030924e+03 1.012244e+03 1.009975e+03 1.028655e+03
1.8 1.095019e+03 1.010300e+03 1.008082e+03 1.092801e+03
2.8 1.066307e+03 1.007014e+03 1.004825e+03 1.064118e+03
3.8 1.067133e+03 1.007700e+03 1.005522e+03 1.064955e+03
4.8 1.020586e+03 1.007131e+03 1.004947e+03 1.018403e+03
5.8 1.064831e+03 1.005076e+03 1.002865e+03 1.062620e+03
6.8 1.078726e+03 1.006756e+03 1.004490e+03 1.076460e+03
7.8 1.015330e+03 1.014489e+03 1.008032e+03 1.008873e+03
8.8 1.079383e+03 1.042847e+03 1.010945e+03 1.047481e+03
9.8 1.123591e+03 1.067459e+03 1.012648e+03 1.068780e+03
10.8 1.054511e+03 1.062579e+03 1.013462e+03 1.005395e+03
11.8 9.958241e+02 1.044069e+03 1.013786e+03 9.655409e+02
0.8 1.067133e+03 1.007700e+03 1.005522e+03 1.064955e+03
1.8 1.020586e+03 1.007131e+03 1.004947e+03 1.018403e+03
2.8 1.064831e+03 1.005076e+03 1.002865e+03 1.062620e+03
3.8 1.078726e+03 1.006756e+03 1.004490e+03 1.076460e+03
4.8 1.015330e+03 1.014489e+03 1.008032e+03 1.008873e+03
5.8 1.079383e+03 1.042847e+03 1.010945e+03 1.047481e+03
6.8 1.123591e+03 1.067459e+03 1.012648e+03 1.068780e+03
7.8 1.054511e+03 1.062579e+03 1.013462e+03 1.005395e+03
8.8 9.958241e+02 1.044069e+03 1.013786e+03 9.655409e+02
9.8 1.090008e+03 1.028446e+03 1.013867e+03 1.075429e+03
10.8 1.115344e+03 1.017871e+03 1.013850e+03 1.111323e+03
11.8 1.057696e+03 1.002760e+03 1.013795e+03 1.068731e+03
0.5 1.017142e+03 9.937328e+02 1.013610e+03 1.037019e+03
1.5 9.620800e+02 9.950521e+02 1.010699e+03 9.777265e+02
2.5 9.712741e+02 9.981072e+02 1.005539e+03 9.787063e+02
3.5 1.067916e+03 1.003285e+03 1.004267e+03 1.068897e+03
4.5 1.027228e+03 1.006041e+03 1.003124e+03 1.024311e+03
5.5 9.303120e+02 1.006212e+03 1.001181e+03 9.252806e+02
6.5 8.735758e+02 1.009247e+03 1.003043e+03 8.673718e+02
7.5 9.215093e+02 1.013700e+03 1.006754e+03 9.145629e+02
8.5 1.049972e+03 1.015420e+03 1.009760e+03 1.044312e+03
9.5 9.310408e+02 1.006185e+03 1.011514e+03 9.363690e+02
10.5 1.035727e+03 9.971572e+02 1.012360e+03 1.050929e+03
11.5 9.571377e+02 9.998948e+02 1.012717e+03 9.699595e+02
0.8 1.067916e+03 1.003285e+03 1.004267e+03 1.068897e+03
1.8 1.027228e+03 1.006041e+03 1.003124e+03 1.024311e+03
2.8 9.303120e+02 1.006212e+03 1.001181e+03 9.252806e+02
3.8 8.735758e+02 1.009247e+03 1.003043e+03 8.673718e+02
4.8 9.215093e+02 1.013700e+03 1.006754e+03 9.145629e+02
5.8 1.049972e+03 1.015420e+03 1.009760e+03 1.044312e+03
6.8 9.310408e+02 1.006185e+03 1.011514e+03 9.363690e+02
7.8 1.035727e+03 9.971572e+02 1.012360e+03 1.050929e+03
8.8 9.571377e+02 9.998948e+02 1.012717e+03 9.699595e+02
9.8 1.035810e+03 1.005948e+03 1.012836e+03 1.042698e+03
10.8 1.054490e+03 1.011466e+03 1.012861e+03 1.055884e+03
11.8 9.898112e+02 1.016421e+03 1.012857e+03 9.862471e+02
0.1 9.846500e+02 1.008612e+03 1.012817e+03 9.888551e+02
1.1 8.583116e+02 1.013351e+03 1.011542e+03 8.565032e+02
2.1 1.079092e+03 1.014094e+03 1.006639e+03 1.071637e+03
3.1 9.938855e+02 1.014317e+03 1.003256e+03 9.828239e+02
4.1 1.109798e+03 1.014054e+03 1.001069e+03 1.096812e+03
5.1 1.020099e+03 1.013384e+03 9.994742e+02 1.006190e+03
6.1 1.032584e+03 1.013979e+03 9.996248e+02 1.018229e+03
7.1 1.012966e+03 1.013160e+03 9.985754e+02 9.983814e+02
8.1 9.934573e+02 1.015081e+03 1.000355e+03 9.787317e+02
9.1 9.988304e+02 1.017520e+03 1.004579e+03 9.858901e+02
10.1 1.095218e+03 1.009800e+03 1.008306e+03 1.093724e+03
11.1 1.018215e+03 1.001603e+03 1.010605e+03 1.027216e+03
0.8 9.938855e+02 1.014317e+03 1.003256e+03 9.828239e+02
1.8 1.109798e+03 1.014054e+03 1.001069e+03 1.096812e+03
2.8 1.020099e+03 1.013384e+03 9.994742e+02 1.006190e+03
3.8 1.032584e+03 1.013979e+03 9.996248e+02 1.018229e+03
4.8 1.012966e+03 1.013160e+03 9.985754e+02 9.983814e+02
5.8 9.934573e+02 1.015081e+03 1.000355e+03 9.787317e+02
6.8 9.988304e+02 1.017520e+03 1.004579e+03 9.858901e+02
7.8 1.095218e+03 1.009800e+03 1.008306e+03 1.093724e+03
8.8 1.018215e+03 1.001603e+03 1.010605e+03 1.027216e+03
9.8 1.044863e+03 9.983947e+02 1.011762e+03 1.058230e+03
10.8 9.984700e+02 9.931177e+02 1.012259e+03 1.017612e+03
11.8 9.850146e+02 9.967075e+02 1.012445e+03 1.000752e+03
0.5 1.020099e+03 1.013384e+03 9.994742e+02 1.006190e+03
1.5 1.032584e+03 1.013979e+03 9.996248e+02 1.018229e+03
2.5 1.012966e+03 1.013160e+03 9.985754e+02 9.983814e+02
3.5 9.934573e+02 1.015081e+03 1.000355e+03 9.787317e+02
4.5 9.988304e+02 1.017520e+03 1.004579e+03 9.858901e+02
5.5 1.095218e+03 1.009800e+03 1.008306e+03 1.093724e+03
6.5 1.018215e+03 1.001603e+03 1.010605e+03 1.027216e+03
7.5 1.044863e+03 9.983947e+02 1.011762e+03 1.058230e+03
8.5 9.984700e+02 9.931177e+02 1.012259e+03 1.017612e+03
9.5 9.850146e+02 9.967075e+02 1.012445e+03 1.000752e+03
10.5 9.125779e+02 1.006997e+03 1.012483e+03 9.180635e+02
11.5 1.007996e+03 1.011404e+03 1.012470e+03 1.009062e+03
0.2 9.720107e+02 1.000474e+03 1.012264e+03 9.838008e+02
1.2 9.816851e+02 1.002129e+03 1.010582e+03 9.901385e+02
2.2 1.012385e+03 1.004471e+03 1.005459e+03 1.013373e+03
3.2 1.016123e+03 1.008354e+03 1.002948e+03 1.010718e+03
4.2 1.037732e+03 1.014018e+03 1.004845e+03 1.028559e+03
5.2 1.040889e+03 1.018635e+03 1.007743e+03 1.029997e+03
6.2 1.059606e+03 1.017925e+03 1.009839e+03 1.051520e+03
7.2 1.027889e+03 1.006136e+03 1.010984e+03 1.032737e+03
8.2 1.028066e+03 9.985067e+02 1.011515e+03 1.041074e+03
9.2 1.034151e+03 1.002640e+03 1.011733e+03 1.043244e+03
10.2 9.862936e+02 1.009709e+03 1.011813e+03 9.883977e+02
11.2 9.961165e+02 1.007621e+03 1.011845e+03 1.000340e+03
0.6 1.050406e+03 1.004789e+03 1.011949e+03 1.057566e+03
1.6 1.090191e+03 1.005612e+03 1.008963e+03 1.093542e+03
2.6 9.836571e+02 1.003397e+03 1.004011e+03 9.842716e+02
3.6 1.033930e+03 1.020941e+03 1.003449e+03 1.016438e+03
4.6 1.051116e+03 1.052418e+03 1.006158e+03 1.004856e+03
5.6 9.902498e+02 1.057486e+03 1.008968e+03 9.417315e+02
6.6 1.115134e+03 1.040928e+03 1.010801e+03 1.085007e+03
7.6 9.553919e+02 1.022260e+03 1.011778e+03 9.449098e+02
8.6 1.026435e+03 1.003843e+03 1.012252e+03 1.034843e+03
9.6 1.065071e+03 9.918414e+02 1.011507e+03 1.084737e+03
10.6 9.488278e+02 9.875217e+02 1.006954e+03 9.682599e+02
11.6 1.063328e+03 9.883972e+02 1.003552e+03 1.078483e+03
0.0 1.026435e+03 1.003843e+03 1.012252e+03 1.034843e+03
1.0 1.065071e+03 9.918414e+02 1.011507e+03 1.084737e+03
2.0 9.488278e+02 9.875217e+02 1.006954e+03 9.682599e+02
3.0 1.063328e+03 9.883972e+02 1.003552e+03 1.078483e+03
4.0 9.538110e+02 9.932359e+02 1.004921e+03 9.654963e+02
5.0 9.727884e+02 9.979204e+02 1.007893e+03 9.827610e+02
6.0 1.049083e+03 9.987883e+02 1.008242e+03 1.058538e+03
7.0 9.436254e+02 9.948626e+02 1.004438e+03 9.532013e+02
8.0 1.031759e+03 9.942985e+02 1.003160e+03 1.040621e+03
9.0 1.152916e+03 1.015027e+03 1.005620e+03 1.143509e+03
10.0 1.023849e+03 1.045932e+03 1.008606e+03 9.865235e+02
11.0 9.393729e+02 1.049557e+03 1.010636e+03 9.004527e+02
0.4 9.727884e+02 9.979204e+02 1.007893e+03 9.827610e+02
1.4 1.049083e+03 9.987883e+02 1.008242e+03 1.058538e+03
2.4 9.436254e+02 9.948626e+02 1.004438e+03 9.532013e+02
3.4 1.031759e+03 9.942985e+02 1.003160e+03 1.040621e+03
4.4 1.152916e+03 1.015027e+03 1.005620e+03 1.143509e+03
5.4 1.023849e+03 1.045932e+03 1.008606e+03 9.865235e+02
6.4 9.393729e+02 1.049557e+03 1.010636e+03 9.004527e+02
7.4 1.004406e+03 1.033446e+03 1.011691e+03 9.826505e+02
8.4 9.696278e+02 1.015319e+03 1.012123e+03 9.664320e+02
9.4 9.536485e+02 1.004092e+03 1.012240e+03 9.617970e+02
10.4 1.059848e+03 9.983274e+02 1.012205e+03 1.073726e+03
11.4 9.970823e+02 9.945279e+02 1.012101e+03 1.014656e+03
