0.6 1.074277e+04 1.068819e+04 1.056934e+04 1.062392e+04
1.6 1.077170e+04 1.071714e+04 1.063282e+04 1.068738e+04
2.6 1.088207e+04 1.076412e+04 1.073942e+04 1.085737e+04
3.6 1.065794e+04 1.073092e+04 1.075196e+04 1.067899e+04
4.6 1.063216e+04 1.069773e+04 1.074509e+04 1.067952e+04
5.6 1.054681e+04 1.073549e+04 1.079596e+04 1.060727e+04
6.6 1.066411e+04 1.071972e+04 1.078633e+04 1.073072e+04
7.6 1.048669e+04 1.064335e+04 1.071284e+04 1.055618e+04
8.6 1.048693e+04 1.057402e+04 1.064066e+04 1.055357e+04
9.6 1.052745e+04 1.057678e+04 1.059404e+04 1.054472e+04
10.6 1.055444e+04 1.062299e+04 1.057650e+04 1.050795e+04
11.6 1.078960e+04 1.068850e+04 1.064412e+04 1.074522e+04
0.5 1.065794e+04 1.073092e+04 1.075196e+04 1.067899e+04
1.5 1.063216e+04 1.069773e+04 1.074509e+04 1.067952e+04
2.5 1.054681e+04 1.073549e+04 1.079596e+04 1.060727e+04
3.4 1.066411e+04 1.071972e+04 1.078633e+04 1.073072e+04
4.4 1.048669e+04 1.064335e+04 1.071284e+04 1.055618e+04
5.4 1.048693e+04 1.057402e+04 1.064066e+04 1.055357e+04
6.4 1.052745e+04 1.057678e+04 1.059404e+04 1.054472e+04
7.4 1.055444e+04 1.062299e+04 1.057650e+04 1.050795e+04
8.4 1.078960e+04 1.068850e+04 1.064412e+04 1.074522e+04
9.4 1.080402e+04 1.074510e+04 1.074035e+04 1.079927e+04
10.4 1.074688e+04 1.070362e+04 1.073584e+04 1.077910e+04
11.4 1.061896e+04 1.061804e+04 1.067327e+04 1.067419e+04
0.7 1.055444e+04 1.062299e+04 1.057650e+04 1.050795e+04
1.7 1.078960e+04 1.068850e+04 1.064412e+04 1.074522e+04
2.7 1.080402e+04 1.074510e+04 1.074035e+04 1.079927e+04
3.7 1.074688e+04 1.070362e+04 1.073584e+04 1.077910e+04
4.7 1.061896e+04 1.061804e+04 1.067327e+04 1.067419e+04
5.7 1.053358e+04 1.056701e+04 1.061541e+04 1.058198e+04
6.7 1.061443e+04 1.058399e+04 1.057958e+04 1.061002e+04
7.7 1.080850e+04 1.059147e+04 1.056115e+04 1.077818e+04
8.7 1.052947e+04 1.057066e+04 1.055259e+04 1.051140e+04
9.7 1.059795e+04 1.056141e+04 1.054875e+04 1.058529e+04
10.7 1.039859e+04 1.055181e+04 1.054687e+04 1.039366e+04
11.7 1.053431e+04 1.055155e+04 1.054572e+04 1.052849e+04
0.8 1.047441e+04 1.052166e+04 1.054651e+04 1.049926e+04
1.8 1.053398e+04 1.057119e+04 1.062510e+04 1.058789e+04
2.8 1.073531e+04 1.066489e+04 1.073277e+04 1.080320e+04
3.8 1.079524e+04 1.073510e+04 1.080912e+04 1.086927e+04
4.8 1.078785e+04 1.077211e+04 1.084853e+04 1.086428e+04
5.8 1.074746e+04 1.071119e+04 1.078852e+04 1.082479e+04
6.8 1.061672e+04 1.064147e+04 1.071914e+04 1.069440e+04
7.8 1.057324e+04 1.067263e+04 1.075029e+04 1.065090e+04
8.8 1.057321e+04 1.069596e+04 1.077133e+04 1.064858e+04
9.8 1.063283e+04 1.067581e+04 1.071382e+04 1.067084e+04
10.8 1.055083e+04 1.065842e+04 1.063986e+04 1.053227e+04
11.8 1.071553e+04 1.061136e+04 1.058720e+04 1.069137e+04
0.8 1.073531e+04 1.066489e+04 1.073277e+04 1.080320e+04
1.8 1.079524e+04 1.073510e+04 1.080912e+04 1.086927e+04
2.8 1.078785e+04 1.077211e+04 1.084853e+04 1.086428e+04
3.8 1.074746e+04 1.071119e+04 1.078852e+04 1.082479e+04
4.8 1.061672e+04 1.064147e+04 1.071914e+04 1.069440e+04
5.8 1.057324e+04 1.067263e+04 1.075029e+04 1.065090e+04
6.8 1.057321e+04 1.069596e+04 1.077133e+04 1.064858e+04
7.8 1.063283e+04 1.067581e+04 1.071382e+04 1.067084e+04
8.8 1.055083e+04 1.065842e+04 1.063986e+04 1.053227e+04
9.8 1.071553e+04 1.061136e+04 1.058720e+04 1.069137e+04
10.8 1.071914e+04 1.059926e+04 1.055838e+04 1.067827e+04
11.8 1.074178e+04 1.064839e+04 1.054482e+04 1.063820e+04
0.2 1.074746e+04 1.071119e+04 1.078852e+04 1.082479e+04
1.2 1.061672e+04 1.064147e+04 1.071914e+04 1.069440e+04
2.2 1.057324e+04 1.067263e+04 1.075029e+04 1.065090e+04
3.2 1.057321e+04 1.069596e+04 1.077133e+04 1.064858e+04
4.2 1.063283e+04 1.067581e+04 1.071382e+04 1.067084e+04
5.2 1.055083e+04 1.065842e+04 1.063986e+04 1.053227e+04
6.2 1.071553e+04 1.061136e+04 1.058720e+04 1.069137e+04
7.2 1.071914e+04 1.059926e+04 1.055838e+04 1.067827e+04
8.2 1.074178e+04 1.064839e+04 1.054482e+04 1.063820e+04
9.2 1.077109e+04 1.064365e+04 1.053932e+04 1.066676e+04
10.2 1.070507e+04 1.058572e+04 1.053745e+04 1.065681e+04
11.2 1.040971e+04 1.052902e+04 1.053723e+04 1.041792e+04
0.3 1.040971e+04 1.052902e+04 1.053723e+04 1.041792e+04
1.3 1.051453e+04 1.053231e+04 1.057700e+04 1.055922e+04
2.3 1.069331e+04 1.062545e+04 1.068925e+04 1.075711e+04
3.3 1.068332e+04 1.066517e+04 1.073787e+04 1.075603e+04
4.3 1.064977e+04 1.062189e+04 1.069377e+04 1.072165e+04
5.3 1.068007e+04 1.060198e+04 1.063127e+04 1.070937e+04
6.3 1.056219e+04 1.060885e+04 1.058716e+04 1.054050e+04
7.3 1.063111e+04 1.058170e+04 1.056364e+04 1.061304e+04
8.3 1.063624e+04 1.055420e+04 1.055327e+04 1.063531e+04
9.3 1.065082e+04 1.055137e+04 1.054968e+04 1.064914e+04
10.3 1.067320e+04 1.058931e+04 1.054921e+04 1.063309e+04
11.3 1.055913e+04 1.065923e+04 1.054997e+04 1.044987e+04
0.1 1.055913e+04 1.065923e+04 1.054997e+04 1.044987e+04
1.1 1.079898e+04 1.068094e+04 1.057576e+04 1.069379e+04
2.1 1.061496e+04 1.072763e+04 1.068186e+04 1.056919e+04
3.1 1.060714e+04 1.074405e+04 1.075562e+04 1.061871e+04
4.1 1.063076e+04 1.073408e+04 1.078201e+04 1.067869e+04
5.1 1.069660e+04 1.076467e+04 1.083109e+04 1.076302e+04
6.1 1.061657e+04 1.075612e+04 1.080789e+04 1.066834e+04
7.1 1.062945e+04 1.073135e+04 1.072731e+04 1.062541e+04
8.1 1.060780e+04 1.067917e+04 1.065433e+04 1.058296e+04
9.1 1.050953e+04 1.060903e+04 1.060967e+04 1.051016e+04
10.1 1.057685e+04 1.056843e+04 1.058786e+04 1.059628e+04
11.1 1.043270e+04 1.056527e+04 1.057905e+04 1.044648e+04
0.5 1.060714e+04 1.074405e+04 1.075562e+04 1.061871e+04
1.5 1.063076e+04 1.073408e+04 1.078201e+04 1.067869e+04
2.5 1.069660e+04 1.076467e+04 1.083109e+04 1.076302e+04
3.5 1.061657e+04 1.075612e+04 1.080789e+04 1.066834e+04
4.5 1.062945e+04 1.073135e+04 1.072731e+04 1.062541e+04
5.5 1.060780e+04 1.067917e+04 1.065433e+04 1.058296e+04
6.5 1.050953e+04 1.060903e+04 1.060967e+04 1.051016e+04
7.5 1.057685e+04 1.056843e+04 1.058786e+04 1.059628e+04
8.5 1.043270e+04 1.056527e+04 1.057905e+04 1.044648e+04
9.5 1.047005e+04 1.055736e+04 1.057656e+04 1.048925e+04
10.5 1.045948e+04 1.055494e+04 1.057696e+04 1.048149e+04
11.5 1.055745e+04 1.056613e+04 1.057822e+04 1.056954e+04
1.0 1.055769e+04 1.067887e+04 1.060892e+04 1.048774e+04
2.0 1.087586e+04 1.071705e+04 1.070346e+04 1.086226e+04
3.0 1.077974e+04 1.075605e+04 1.078835e+04 1.081204e+04
4.0 1.086086e+04 1.072323e+04 1.076703e+04 1.090466e+04
5.0 1.063431e+04 1.071168e+04 1.070260e+04 1.062523e+04
6.0 1.067261e+04 1.069737e+04 1.064906e+04 1.062430e+04
7.0 1.073407e+04 1.065841e+04 1.061743e+04 1.069309e+04
8.0 1.067457e+04 1.062915e+04 1.060174e+04 1.064716e+04
9.0 1.067466e+04 1.059648e+04 1.059476e+04 1.067295e+04
10.0 1.067287e+04 1.058119e+04 1.059190e+04 1.068358e+04
11.0 1.062617e+04 1.058151e+04 1.059076e+04 1.063541e+04
12.0 1.061098e+04 1.056598e+04 1.059037e+04 1.063536e+04
0.1 1.087308e+04 1.063331e+04 1.059144e+04 1.083121e+04
1.1 1.080317e+04 1.064557e+04 1.061973e+04 1.077733e+04
2.1 1.076110e+04 1.071067e+04 1.072697e+04 1.077739e+04
3.1 1.086145e+04 1.074142e+04 1.079240e+04 1.091244e+04
4.1 1.069688e+04 1.068548e+04 1.075707e+04 1.076848e+04
5.1 1.066346e+04 1.061820e+04 1.069337e+04 1.073862e+04
6.1 1.076094e+04 1.062108e+04 1.064545e+04 1.078531e+04
7.1 1.067800e+04 1.065200e+04 1.061886e+04 1.064486e+04
8.1 1.067008e+04 1.064062e+04 1.060660e+04 1.063607e+04
9.1 1.072086e+04 1.065539e+04 1.060186e+04 1.066734e+04
10.1 1.053376e+04 1.067266e+04 1.060056e+04 1.046166e+04
11.1 1.050209e+04 1.063766e+04 1.060059e+04 1.046502e+04
0.4 1.063896e+04 1.062144e+04 1.059090e+04 1.060842e+04
1.4 1.075461e+04 1.066770e+04 1.063304e+04 1.071995e+04
2.4 1.087091e+04 1.073941e+04 1.074361e+04 1.087512e+04
3.4 1.083985e+04 1.074006e+04 1.078390e+04 1.088369e+04
4.4 1.067004e+04 1.066521e+04 1.073453e+04 1.073936e+04
5.4 1.052952e+04 1.059544e+04 1.066968e+04 1.060376e+04
6.4 1.054920e+04 1.059425e+04 1.062380e+04 1.057875e+04
7.4 1.046648e+04 1.061169e+04 1.059815e+04 1.045294e+04
8.4 1.050123e+04 1.058711e+04 1.058522e+04 1.049934e+04
9.4 1.058199e+04 1.054748e+04 1.057873e+04 1.061323e+04
10.4 1.061138e+04 1.053317e+04 1.057510e+04 1.065331e+04
11.4 1.052301e+04 1.054543e+04 1.057251e+04 1.055009e+04
0.2 1.058404e+04 1.066658e+04 1.056875e+04 1.048621e+04
1.2 1.064084e+04 1.069485e+04 1.060230e+04 1.054829e+04
2.2 1.101689e+04 1.074445e+04 1.071065e+04 1.098309e+04
3.2 1.084558e+04 1.075175e+04 1.076213e+04 1.085596e+04
4.2 1.081053e+04 1.072679e+04 1.071775e+04 1.080149e+04
5.2 1.081153e+04 1.068888e+04 1.065156e+04 1.077422e+04
6.2 1.071311e+04 1.064387e+04 1.060279e+04 1.067202e+04
7.2 1.054381e+04 1.059870e+04 1.057468e+04 1.051978e+04
8.2 1.046457e+04 1.054901e+04 1.055990e+04 1.047546e+04
9.2 1.040204e+04 1.050922e+04 1.055189e+04 1.044471e+04
10.2 1.051108e+04 1.049570e+04 1.054681e+04 1.056218e+04
11.2 1.055295e+04 1.051110e+04 1.054270e+04 1.058454e+04
0.4 1.063227e+04 1.062381e+04 1.052720e+04 1.053566e+04
1.4 1.067506e+04 1.060874e+04 1.056621e+04 1.063253e+04
2.4 1.057259e+04 1.066540e+04 1.067328e+04 1.058047e+04
3.4 1.062052e+04 1.067293e+04 1.071130e+04 1.065888e+04
4.4 1.064667e+04 1.066205e+04 1.071463e+04 1.069925e+04
5.4 1.059814e+04 1.069921e+04 1.075662e+04 1.065555e+04
0.5 1.062052e+04 1.067293e+04 1.071130e+04 1.065888e+04
1.5 1.064667e+04 1.066205e+04 1.071463e+04 1.069925e+04
2.5 1.059814e+04 1.069921e+04 1.075662e+04 1.065555e+04
