0.7 9.817752e+02 1.009602e+03 1.012270e+03 9.844427e+02
1.7 1.028016e+03 1.001033e+03 1.002833e+03 1.029815e+03
2.7 1.013970e+03 9.892800e+02 9.907175e+02 1.015408e+03
3.7 1.002445e+03 9.882441e+02 9.911123e+02 1.005313e+03
4.7 1.041667e+03 9.937110e+02 9.986264e+02 1.046583e+03
5.7 1.079152e+03 1.000763e+03 1.005623e+03 1.084011e+03
6.7 9.829691e+02 1.006364e+03 1.009969e+03 9.865738e+02
7.7 1.068471e+03 1.006706e+03 1.012190e+03 1.073956e+03
8.7 9.540148e+02 9.989495e+02 1.013201e+03 9.682663e+02
9.7 1.025054e+03 9.950718e+02 1.013624e+03 1.043606e+03
10.7 9.617183e+02 9.969290e+02 1.013791e+03 9.785805e+02
11.7 9.585544e+02 9.972809e+02 1.013852e+03 9.751253e+02
0.5 1.008114e+03 9.979036e+02 1.013549e+03 1.023760e+03
1.5 1.000378e+03 9.947847e+02 1.006592e+03 1.012185e+03
2.5 9.609750e+02 9.853190e+02 9.930232e+02 9.686792e+02
3.5 9.031393e+02 9.890995e+02 9.899588e+02 9.039987e+02
4.5 1.040228e+03 1.022293e+03 9.964186e+02 1.014354e+03
5.5 1.037282e+03 1.052929e+03 1.003729e+03 9.880820e+02
6.5 1.036870e+03 1.052361e+03 1.008546e+03 9.930551e+02
7.5 1.026120e+03 1.037776e+03 1.011029e+03 9.993724e+02
8.5 9.774489e+02 1.024456e+03 1.012105e+03 9.650984e+02
9.5 9.817692e+02 1.014716e+03 1.012483e+03 9.795354e+02
10.5 9.284940e+02 1.008274e+03 1.012549e+03 9.327694e+02
11.5 9.727134e+02 1.004687e+03 1.012504e+03 9.805306e+02
0.8 9.833364e+02 1.008228e+03 1.011267e+03 9.863756e+02
1.8 9.447930e+02 1.001584e+03 1.001262e+03 9.444717e+02
2.8 9.362833e+02 9.918878e+02 9.895149e+02 9.339103e+02
3.8 1.005393e+03 9.908732e+02 9.904769e+02 1.004996e+03
4.8 8.971809e+02 9.895215e+02 9.980881e+02 9.057475e+02
5.8 9.533857e+02 9.920052e+02 1.004972e+03 9.663525e+02
6.8 9.546057e+02 9.999010e+02 1.009209e+03 9.639137e+02
7.8 1.018241e+03 1.006821e+03 1.011385e+03 1.022804e+03
8.8 1.007812e+03 1.007377e+03 1.012406e+03 1.012842e+03
9.8 9.557773e+02 1.005912e+03 1.012880e+03 9.627454e+02
10.8 1.033600e+03 1.005208e+03 1.013129e+03 1.041521e+03
11.8 9.938192e+02 1.003540e+03 1.013293e+03 1.003572e+03
0.1 1.090008e+03 1.028446e+03 1.015742e+03 1.077304e+03
1.1 1.115344e+03 1.017871e+03 1.013035e+03 1.110508e+03
2.1 1.057696e+03 1.002760e+03 1.000669e+03 1.055605e+03
3.1 1.017142e+03 9.937328e+02 9.924171e+02 1.015827e+03
4.1 9.620800e+02 9.950521e+02 9.965935e+02 9.636215e+02
5.1 9.712741e+02 9.981072e+02 1.004632e+03 9.777993e+02
6.1 1.067916e+03 1.003285e+03 1.010898e+03 1.075529e+03
7.1 1.027228e+03 1.006041e+03 1.014568e+03 1.035756e+03
8.1 9.303120e+02 1.006212e+03 1.016461e+03 9.405609e+02
9.1 8.735758e+02 1.009247e+03 1.017413e+03 8.817417e+02
10.1 9.215093e+02 1.013700e+03 1.017933e+03 9.257424e+02
11.1 1.049972e+03 1.015420e+03 1.016417e+03 1.050969e+03
1.0 1.049972e+03 1.015420e+03 1.016417e+03 1.050969e+03
2.0 9.310408e+02 1.006185e+03 1.005191e+03 9.300461e+02
3.0 1.035727e+03 9.971572e+02 9.950720e+02 1.033641e+03
4.0 9.571377e+02 9.998948e+02 9.977876e+02 9.550305e+02
5.0 1.035810e+03 1.005948e+03 1.005713e+03 1.035575e+03
6.0 1.054490e+03 1.011466e+03 1.012318e+03 1.055342e+03
7.0 9.898112e+02 1.016421e+03 1.016272e+03 9.896626e+02
8.0 9.884517e+02 1.018725e+03 1.017001e+03 9.867272e+02
9.0 9.830140e+02 1.010353e+03 1.007390e+03 9.800503e+02
10.0 9.879246e+02 1.000244e+03 9.964902e+02 9.841708e+02
11.0 9.816063e+02 1.000583e+03 9.963409e+02 9.773646e+02
12.0 9.539365e+02 9.972047e+02 9.926357e+02 9.493675e+02
0.8 9.884517e+02 1.018725e+03 1.017001e+03 9.867272e+02
1.8 9.830140e+02 1.010353e+03 1.007390e+03 9.800503e+02
2.8 9.879246e+02 1.000244e+03 9.964902e+02 9.841708e+02
3.8 9.816063e+02 1.000583e+03 9.963409e+02 9.773646e+02
4.8 9.539365e+02 9.972047e+02 9.926357e+02 9.493675e+02
5.8 1.040240e+03 9.939182e+02 9.891019e+02 1.035424e+03
6.8 1.023890e+03 1.000776e+03 9.957521e+02 1.018866e+03
7.8 1.055231e+03 1.010536e+03 1.005600e+03 1.050295e+03
8.8 1.035450e+03 1.012463e+03 1.013014e+03 1.036001e+03
9.8 9.978519e+02 1.007533e+03 1.017254e+03 1.007573e+03
10.8 9.846500e+02 1.008612e+03 1.019353e+03 9.953913e+02
11.8 8.583116e+02 1.013351e+03 1.020319e+03 8.652802e+02
1.0 9.816063e+02 1.000583e+03 9.963409e+02 9.773646e+02
2.0 9.539365e+02 9.972047e+02 9.926357e+02 9.493675e+02
3.0 1.040240e+03 9.939182e+02 9.891019e+02 1.035424e+03
4.0 1.023890e+03 1.000776e+03 9.957521e+02 1.018866e+03
5.0 1.055231e+03 1.010536e+03 1.005600e+03 1.050295e+03
6.0 1.035450e+03 1.012463e+03 1.013014e+03 1.036001e+03
7.0 9.978519e+02 1.007533e+03 1.017254e+03 1.007573e+03
8.0 9.846500e+02 1.008612e+03 1.019353e+03 9.953913e+02
9.0 8.583116e+02 1.013351e+03 1.020319e+03 8.652802e+02
10.0 1.079092e+03 1.014094e+03 1.020738e+03 1.085736e+03
11.0 9.938855e+02 1.014317e+03 1.020945e+03 1.000513e+03
12.0 1.109798e+03 1.014054e+03 1.021066e+03 1.116809e+03
1.0 9.988304e+02 1.017520e+03 1.019429e+03 1.000740e+03
2.0 1.095218e+03 1.009800e+03 1.007958e+03 1.093376e+03
3.0 1.018215e+03 1.001603e+03 9.974481e+02 1.014060e+03
4.0 1.044863e+03 9.983947e+02 9.930767e+02 1.039545e+03
5.0 9.984700e+02 9.931177e+02 9.873103e+02 9.926626e+02
6.0 9.850146e+02 9.967075e+02 9.907354e+02 9.790425e+02
7.0 9.125779e+02 1.006997e+03 1.001016e+03 9.065965e+02
8.0 1.007996e+03 1.011404e+03 1.005476e+03 1.002068e+03
9.0 9.671106e+02 1.003531e+03 9.976971e+02 9.612770e+02
10.0 1.030177e+03 1.000364e+03 9.947889e+02 1.024602e+03
11.0 9.835115e+02 1.002043e+03 1.001483e+03 9.829511e+02
12.0 9.720107e+02 1.000474e+03 1.009619e+03 9.811560e+02
0.5 1.018215e+03 1.001603e+03 9.974481e+02 1.014060e+03
1.5 1.044863e+03 9.983947e+02 9.930767e+02 1.039545e+03
2.5 9.984700e+02 9.931177e+02 9.873103e+02 9.926626e+02
3.5 9.850146e+02 9.967075e+02 9.907354e+02 9.790425e+02
4.5 9.125779e+02 1.006997e+03 1.001016e+03 9.065965e+02
5.5 1.007996e+03 1.011404e+03 1.005476e+03 1.002068e+03
6.5 9.671106e+02 1.003531e+03 9.976971e+02 9.612770e+02
7.5 1.030177e+03 1.000364e+03 9.947889e+02 1.024602e+03
8.5 9.835115e+02 1.002043e+03 1.001483e+03 9.829511e+02
9.5 9.720107e+02 1.000474e+03 1.009619e+03 9.811560e+02
10.5 9.816851e+02 1.002129e+03 1.015165e+03 9.947207e+02
11.5 1.012385e+03 1.004471e+03 1.018098e+03 1.026012e+03
0.3 9.125779e+02 1.006997e+03 1.001016e+03 9.065965e+02
1.3 1.007996e+03 1.011404e+03 1.005476e+03 1.002068e+03
2.3 9.671106e+02 1.003531e+03 9.976971e+02 9.612770e+02
3.3 1.030177e+03 1.000364e+03 9.947889e+02 1.024602e+03
4.3 9.835115e+02 1.002043e+03 1.001483e+03 9.829511e+02
5.3 9.720107e+02 1.000474e+03 1.009619e+03 9.811560e+02
6.3 9.816851e+02 1.002129e+03 1.015165e+03 9.947207e+02
7.3 1.012385e+03 1.004471e+03 1.018098e+03 1.026012e+03
8.3 1.016123e+03 1.008354e+03 1.019364e+03 1.027133e+03
9.3 1.037732e+03 1.014018e+03 1.019778e+03 1.043492e+03
10.3 1.040889e+03 1.018635e+03 1.019809e+03 1.042063e+03
11.3 1.059606e+03 1.017925e+03 1.016326e+03 1.058007e+03
0.1 1.040889e+03 1.018635e+03 1.019809e+03 1.042063e+03
1.1 1.059606e+03 1.017925e+03 1.016326e+03 1.058007e+03
2.1 1.027889e+03 1.006136e+03 1.003223e+03 1.024976e+03
3.1 1.028066e+03 9.985067e+02 9.951258e+02 1.024685e+03
4.1 1.034151e+03 1.002640e+03 9.991980e+02 1.030709e+03
5.1 9.862936e+02 1.009709e+03 1.006407e+03 9.829917e+02
6.1 9.961165e+02 1.007621e+03 1.004542e+03 9.930377e+02
7.1 9.838230e+02 9.969888e+02 9.941782e+02 9.810124e+02
8.1 9.298582e+02 9.947442e+02 9.931383e+02 9.282523e+02
9.1 1.123342e+03 9.992066e+02 1.000254e+03 1.124389e+03
10.1 1.000270e+03 1.005270e+03 1.007503e+03 1.002503e+03
11.1 9.669675e+02 1.010510e+03 1.012054e+03 9.685115e+02
0.5 9.862936e+02 1.009709e+03 1.006407e+03 9.829917e+02
1.5 9.961165e+02 1.007621e+03 1.004542e+03 9.930377e+02
2.5 9.838230e+02 9.969888e+02 9.941782e+02 9.810124e+02
3.5 9.298582e+02 9.947442e+02 9.931383e+02 9.282523e+02
4.5 1.123342e+03 9.992066e+02 1.000254e+03 1.124389e+03
5.5 1.000270e+03 1.005270e+03 1.007503e+03 1.002503e+03
6.5 9.669675e+02 1.010510e+03 1.012054e+03 9.685115e+02
7.5 9.968028e+02 1.012378e+03 1.014237e+03 9.986612e+02
8.5 1.011112e+03 1.005601e+03 1.015003e+03 1.020514e+03
9.5 1.089368e+03 9.985439e+02 1.015098e+03 1.105922e+03
10.5 9.987924e+02 1.000016e+03 1.014897e+03 1.013674e+03
11.5 1.050406e+03 1.004789e+03 1.014593e+03 1.060209e+03
