0.5 1.064395e+04 1.056398e+04 1.058082e+04 1.066079e+04
1.5 1.060851e+04 1.057228e+04 1.059847e+04 1.063469e+04
2.5 1.054924e+04 1.059366e+04 1.062885e+04 1.058442e+04
3.5 1.057086e+04 1.059200e+04 1.063567e+04 1.061453e+04
4.5 1.054345e+04 1.058466e+04 1.063631e+04 1.059509e+04
5.5 1.046733e+04 1.059209e+04 1.065127e+04 1.052652e+04
6.5 1.053840e+04 1.058805e+04 1.065432e+04 1.060467e+04
7.5 1.063426e+04 1.058853e+04 1.066147e+04 1.070720e+04
8.5 1.065150e+04 1.058729e+04 1.066644e+04 1.073066e+04
9.5 1.059252e+04 1.058325e+04 1.065037e+04 1.065964e+04
10.5 1.079382e+04 1.064183e+04 1.062874e+04 1.078073e+04
11.5 1.074277e+04 1.068819e+04 1.061321e+04 1.066779e+04
0.4 1.057086e+04 1.059200e+04 1.063567e+04 1.061453e+04
1.4 1.054345e+04 1.058466e+04 1.063631e+04 1.059509e+04
2.4 1.046733e+04 1.059209e+04 1.065127e+04 1.052652e+04
3.4 1.053840e+04 1.058805e+04 1.065432e+04 1.060467e+04
4.4 1.063426e+04 1.058853e+04 1.066147e+04 1.070720e+04
5.4 1.065150e+04 1.058729e+04 1.066644e+04 1.073066e+04
6.4 1.059252e+04 1.058325e+04 1.065037e+04 1.065964e+04
7.4 1.079382e+04 1.064183e+04 1.062874e+04 1.078073e+04
8.4 1.074277e+04 1.068819e+04 1.061321e+04 1.066779e+04
9.4 1.077170e+04 1.071714e+04 1.060500e+04 1.065956e+04
10.4 1.088207e+04 1.076412e+04 1.060159e+04 1.071954e+04
11.4 1.065794e+04 1.073092e+04 1.060061e+04 1.052764e+04
1.0 1.053840e+04 1.058805e+04 1.065432e+04 1.060467e+04
2.0 1.063426e+04 1.058853e+04 1.066147e+04 1.070720e+04
3.0 1.065150e+04 1.058729e+04 1.066644e+04 1.073066e+04
3.9 1.059252e+04 1.058325e+04 1.065037e+04 1.065964e+04
4.9 1.079382e+04 1.064183e+04 1.062874e+04 1.078073e+04
5.9 1.074277e+04 1.068819e+04 1.061321e+04 1.066779e+04
6.9 1.077170e+04 1.071714e+04 1.060500e+04 1.065956e+04
7.9 1.088207e+04 1.076412e+04 1.060159e+04 1.071954e+04
8.9 1.065794e+04 1.073092e+04 1.060061e+04 1.052764e+04
9.9 1.063216e+04 1.069773e+04 1.060076e+04 1.053520e+04
10.9 1.054681e+04 1.073549e+04 1.060133e+04 1.041265e+04
11.9 1.066411e+04 1.071972e+04 1.060202e+04 1.054641e+04
0.4 1.080850e+04 1.059147e+04 1.060822e+04 1.082525e+04
1.4 1.052947e+04 1.057066e+04 1.062001e+04 1.057882e+04
2.4 1.059795e+04 1.056141e+04 1.064961e+04 1.068615e+04
3.4 1.039859e+04 1.055181e+04 1.066724e+04 1.051403e+04
4.4 1.053431e+04 1.055155e+04 1.068235e+04 1.066511e+04
5.4 1.063823e+04 1.054708e+04 1.068457e+04 1.077572e+04
6.4 1.055352e+04 1.055982e+04 1.066495e+04 1.065865e+04
7.3 1.057399e+04 1.060590e+04 1.064228e+04 1.061036e+04
8.3 1.048402e+04 1.061741e+04 1.062673e+04 1.049334e+04
9.3 1.056738e+04 1.065345e+04 1.061843e+04 1.053237e+04
10.3 1.055772e+04 1.068160e+04 1.061470e+04 1.049083e+04
11.3 1.054719e+04 1.063562e+04 1.061326e+04 1.052484e+04
0.1 1.059795e+04 1.056141e+04 1.064961e+04 1.068615e+04
1.1 1.039859e+04 1.055181e+04 1.066724e+04 1.051403e+04
2.1 1.053431e+04 1.055155e+04 1.068235e+04 1.066511e+04
3.1 1.063823e+04 1.054708e+04 1.068457e+04 1.077572e+04
4.1 1.055352e+04 1.055982e+04 1.066495e+04 1.065865e+04
5.1 1.057399e+04 1.060590e+04 1.064228e+04 1.061036e+04
6.1 1.048402e+04 1.061741e+04 1.062673e+04 1.049334e+04
7.1 1.056738e+04 1.065345e+04 1.061843e+04 1.053237e+04
8.1 1.055772e+04 1.068160e+04 1.061470e+04 1.049083e+04
9.1 1.054719e+04 1.063562e+04 1.061326e+04 1.052484e+04
10.1 1.052683e+04 1.056663e+04 1.061289e+04 1.057309e+04
11.1 1.047441e+04 1.052166e+04 1.061294e+04 1.056569e+04
0.5 1.063111e+04 1.058170e+04 1.061188e+04 1.066129e+04
1.5 1.063624e+04 1.055420e+04 1.062736e+04 1.070940e+04
2.5 1.065082e+04 1.055137e+04 1.065556e+04 1.075502e+04
3.5 1.067320e+04 1.058931e+04 1.065991e+04 1.074380e+04
4.5 1.055913e+04 1.065923e+04 1.064471e+04 1.054461e+04
5.5 1.079898e+04 1.068094e+04 1.062829e+04 1.074633e+04
6.5 1.061496e+04 1.072763e+04 1.061730e+04 1.050463e+04
7.5 1.060714e+04 1.074405e+04 1.061121e+04 1.047430e+04
8.5 1.063076e+04 1.073408e+04 1.060804e+04 1.050472e+04
9.5 1.069660e+04 1.076467e+04 1.060630e+04 1.053823e+04
10.5 1.061657e+04 1.075612e+04 1.060519e+04 1.046564e+04
11.5 1.062945e+04 1.073135e+04 1.060430e+04 1.050240e+04
0.5 1.050953e+04 1.060903e+04 1.060330e+04 1.050379e+04
1.5 1.057685e+04 1.056843e+04 1.061747e+04 1.062590e+04
2.5 1.043270e+04 1.056527e+04 1.064586e+04 1.051329e+04
3.5 1.047005e+04 1.055736e+04 1.065245e+04 1.056513e+04
4.5 1.045948e+04 1.055494e+04 1.065487e+04 1.055940e+04
5.5 1.055745e+04 1.056613e+04 1.066660e+04 1.065792e+04
6.5 1.067001e+04 1.055987e+04 1.065886e+04 1.076900e+04
7.5 1.067393e+04 1.054641e+04 1.063766e+04 1.076518e+04
8.5 1.066425e+04 1.058313e+04 1.061894e+04 1.070005e+04
9.5 1.082898e+04 1.063614e+04 1.060727e+04 1.080011e+04
10.5 1.073608e+04 1.064635e+04 1.060113e+04 1.069086e+04
11.5 1.053694e+04 1.066420e+04 1.059810e+04 1.047084e+04
0.6 1.047005e+04 1.055736e+04 1.065245e+04 1.056513e+04
1.6 1.045948e+04 1.055494e+04 1.065487e+04 1.055940e+04
2.6 1.055745e+04 1.056613e+04 1.066660e+04 1.065792e+04
3.6 1.067001e+04 1.055987e+04 1.065886e+04 1.076900e+04
4.6 1.067393e+04 1.054641e+04 1.063766e+04 1.076518e+04
5.6 1.066425e+04 1.058313e+04 1.061894e+04 1.070005e+04
6.6 1.082898e+04 1.063614e+04 1.060727e+04 1.080011e+04
7.6 1.073608e+04 1.064635e+04 1.060113e+04 1.069086e+04
8.6 1.053694e+04 1.066420e+04 1.059810e+04 1.047084e+04
9.6 1.054338e+04 1.065722e+04 1.059664e+04 1.048280e+04
10.6 1.051735e+04 1.061396e+04 1.059588e+04 1.049927e+04
11.6 1.053994e+04 1.057415e+04 1.059939e+04 1.056518e+04
1.0 1.053994e+04 1.057415e+04 1.059939e+04 1.056518e+04
2.0 1.050819e+04 1.057039e+04 1.062382e+04 1.056162e+04
3.0 1.049968e+04 1.057849e+04 1.064643e+04 1.056762e+04
4.0 1.057261e+04 1.058256e+04 1.065684e+04 1.064689e+04
5.0 1.057798e+04 1.059213e+04 1.066880e+04 1.065464e+04
6.0 1.048393e+04 1.058250e+04 1.065980e+04 1.056123e+04
7.0 1.038012e+04 1.055956e+04 1.063701e+04 1.045757e+04
8.0 1.052689e+04 1.054250e+04 1.061999e+04 1.060438e+04
9.0 1.065072e+04 1.055317e+04 1.063070e+04 1.072826e+04
10.0 1.076637e+04 1.057140e+04 1.064914e+04 1.084411e+04
11.0 1.062132e+04 1.056709e+04 1.064520e+04 1.069943e+04
12.0 1.063644e+04 1.056981e+04 1.064845e+04 1.071508e+04
0.5 1.049968e+04 1.057849e+04 1.064643e+04 1.056762e+04
1.5 1.057261e+04 1.058256e+04 1.065684e+04 1.064689e+04
2.5 1.057798e+04 1.059213e+04 1.066880e+04 1.065464e+04
3.5 1.048393e+04 1.058250e+04 1.065980e+04 1.056123e+04
4.5 1.038012e+04 1.055956e+04 1.063701e+04 1.045757e+04
5.5 1.052689e+04 1.054250e+04 1.061999e+04 1.060438e+04
6.5 1.065072e+04 1.055317e+04 1.063070e+04 1.072826e+04
7.5 1.076637e+04 1.057140e+04 1.064914e+04 1.084411e+04
8.5 1.062132e+04 1.056709e+04 1.064520e+04 1.069943e+04
9.5 1.063644e+04 1.056981e+04 1.064845e+04 1.071508e+04
10.5 1.055931e+04 1.058091e+04 1.066024e+04 1.063865e+04
11.5 1.046214e+04 1.057088e+04 1.065104e+04 1.054230e+04
0.8 1.052689e+04 1.054250e+04 1.061999e+04 1.060438e+04
1.8 1.065072e+04 1.055317e+04 1.063070e+04 1.072826e+04
2.8 1.076637e+04 1.057140e+04 1.064914e+04 1.084411e+04
3.8 1.062132e+04 1.056709e+04 1.064520e+04 1.069943e+04
4.8 1.063644e+04 1.056981e+04 1.064845e+04 1.071508e+04
5.8 1.055931e+04 1.058091e+04 1.066024e+04 1.063865e+04
6.8 1.046214e+04 1.057088e+04 1.065104e+04 1.054230e+04
7.8 1.040082e+04 1.056290e+04 1.063099e+04 1.046891e+04
8.8 1.052857e+04 1.062551e+04 1.061450e+04 1.051755e+04
9.8 1.056391e+04 1.068675e+04 1.060485e+04 1.048201e+04
10.8 1.055769e+04 1.067887e+04 1.060024e+04 1.047906e+04
11.8 1.087586e+04 1.071705e+04 1.059841e+04 1.075722e+04
0.8 1.062132e+04 1.056709e+04 1.064520e+04 1.069943e+04
1.8 1.063644e+04 1.056981e+04 1.064845e+04 1.071508e+04
2.8 1.055931e+04 1.058091e+04 1.066024e+04 1.063865e+04
3.8 1.046214e+04 1.057088e+04 1.065104e+04 1.054230e+04
4.8 1.040082e+04 1.056290e+04 1.063099e+04 1.046891e+04
5.8 1.052857e+04 1.062551e+04 1.061450e+04 1.051755e+04
6.8 1.056391e+04 1.068675e+04 1.060485e+04 1.048201e+04
7.8 1.055769e+04 1.067887e+04 1.060024e+04 1.047906e+04
8.8 1.087586e+04 1.071705e+04 1.059841e+04 1.075722e+04
9.8 1.077974e+04 1.075605e+04 1.059795e+04 1.062164e+04
10.8 1.086086e+04 1.072323e+04 1.059805e+04 1.073569e+04
11.8 1.063431e+04 1.071168e+04 1.059836e+04 1.052100e+04
0.5 1.067261e+04 1.069737e+04 1.059941e+04 1.057465e+04
1.5 1.073407e+04 1.065841e+04 1.061589e+04 1.069155e+04
2.5 1.067457e+04 1.062915e+04 1.064510e+04 1.069052e+04
3.5 1.067466e+04 1.059648e+04 1.065231e+04 1.073049e+04
4.5 1.067287e+04 1.058119e+04 1.065878e+04 1.075045e+04
5.5 1.062617e+04 1.058151e+04 1.066978e+04 1.071443e+04
6.5 1.061098e+04 1.056598e+04 1.065923e+04 1.070423e+04
7.5 1.053405e+04 1.054275e+04 1.063823e+04 1.062953e+04
8.5 1.051806e+04 1.053433e+04 1.062121e+04 1.060494e+04
9.5 1.061162e+04 1.058414e+04 1.061128e+04 1.063876e+04
10.5 1.087308e+04 1.063331e+04 1.060649e+04 1.084626e+04
11.5 1.080317e+04 1.064557e+04 1.060447e+04 1.076207e+04
0.8 1.067466e+04 1.059648e+04 1.065231e+04 1.073049e+04
1.8 1.067287e+04 1.058119e+04 1.065878e+04 1.075045e+04
2.8 1.062617e+04 1.058151e+04 1.066978e+04 1.071443e+04
3.8 1.061098e+04 1.056598e+04 1.065923e+04 1.070423e+04
4.8 1.053405e+04 1.054275e+04 1.063823e+04 1.062953e+04
5.8 1.051806e+04 1.053433e+04 1.062121e+04 1.060494e+04
6.8 1.061162e+04 1.058414e+04 1.061128e+04 1.063876e+04
7.8 1.087308e+04 1.063331e+04 1.060649e+04 1.084626e+04
8.8 1.080317e+04 1.064557e+04 1.060447e+04 1.076207e+04
9.8 1.076110e+04 1.071067e+04 1.060379e+04 1.065422e+04
10.8 1.086145e+04 1.074142e+04 1.060365e+04 1.072369e+04
11.8 1.069688e+04 1.068548e+04 1.060367e+04 1.061508e+04
0.1 1.071718e+04 1.061806e+04 1.060390e+04 1.070302e+04
1.1 1.065715e+04 1.059042e+04 1.061112e+04 1.067785e+04
2.1 1.066126e+04 1.058494e+04 1.063888e+04 1.071519e+04
3.1 1.060921e+04 1.058314e+04 1.065803e+04 1.068410e+04
4.1 1.052926e+04 1.058477e+04 1.067041e+04 1.061490e+04
5.1 1.052739e+04 1.058904e+04 1.067944e+04 1.061778e+04
6.1 1.048808e+04 1.058623e+04 1.067859e+04 1.058044e+04
7.1 1.043759e+04 1.059138e+04 1.068453e+04 1.053074e+04
8.1 1.058642e+04 1.058089e+04 1.067445e+04 1.067999e+04
9.1 1.053066e+04 1.056657e+04 1.065054e+04 1.061463e+04
10.1 1.066285e+04 1.060574e+04 1.062944e+04 1.068654e+04
11.1 1.062091e+04 1.064782e+04 1.061642e+04 1.058952e+04
0.8 1.060921e+04 1.058314e+04 1.065803e+04 1.068410e+04
1.8 1.052926e+04 1.058477e+04 1.067041e+04 1.061490e+04
2.8 1.052739e+04 1.058904e+04 1.067944e+04 1.061778e+04
3.8 1.048808e+04 1.058623e+04 1.067859e+04 1.058044e+04
4.8 1.043759e+04 1.059138e+04 1.068453e+04 1.053074e+04
5.8 1.058642e+04 1.058089e+04 1.067445e+04 1.067999e+04
6.8 1.053066e+04 1.056657e+04 1.065054e+04 1.061463e+04
7.8 1.066285e+04 1.060574e+04 1.062944e+04 1.068654e+04
8.8 1.062091e+04 1.064782e+04 1.061642e+04 1.058952e+04
9.8 1.066412e+04 1.066392e+04 1.060987e+04 1.061007e+04
10.8 1.064461e+04 1.069096e+04 1.060706e+04 1.056070e+04
11.8 1.070634e+04 1.067126e+04 1.060601e+04 1.064109e+04
0.5 1.052739e+04 1.058904e+04 1.067944e+04 1.061778e+04
1.5 1.048808e+04 1.058623e+04 1.067859e+04 1.058044e+04
2.5 1.043759e+04 1.059138e+04 1.068453e+04 1.053074e+04
3.5 1.058642e+04 1.058089e+04 1.067445e+04 1.067999e+04
4.5 1.053066e+04 1.056657e+04 1.065054e+04 1.061463e+04
5.5 1.066285e+04 1.060574e+04 1.062944e+04 1.068654e+04
6.5 1.062091e+04 1.064782e+04 1.061642e+04 1.058952e+04
7.5 1.066412e+04 1.066392e+04 1.060987e+04 1.061007e+04
8.5 1.064461e+04 1.069096e+04 1.060706e+04 1.056070e+04
9.5 1.070634e+04 1.067126e+04 1.060601e+04 1.064109e+04
10.5 1.055439e+04 1.061618e+04 1.060579e+04 1.054400e+04
11.5 1.053972e+04 1.059186e+04 1.060586e+04 1.055371e+04
0.2 1.061339e+04 1.065609e+04 1.060703e+04 1.056433e+04
1.2 1.066935e+04 1.064773e+04 1.061655e+04 1.063817e+04
2.2 1.084426e+04 1.063069e+04 1.064556e+04 1.085912e+04
3.2 1.078966e+04 1.060375e+04 1.065977e+04 1.084569e+04
4.2 1.061036e+04 1.056708e+04 1.064903e+04 1.069231e+04
5.2 1.056876e+04 1.053685e+04 1.063263e+04 1.066454e+04
6.2 1.056200e+04 1.053569e+04 1.062076e+04 1.064707e+04
7.2 1.046034e+04 1.059347e+04 1.061428e+04 1.048115e+04
8.2 1.056847e+04 1.062962e+04 1.061127e+04 1.055012e+04
9.2 1.056068e+04 1.060389e+04 1.061004e+04 1.056682e+04
10.2 1.067083e+04 1.056266e+04 1.060958e+04 1.071775e+04
11.2 1.071109e+04 1.056947e+04 1.060940e+04 1.075103e+04
0.6 1.058199e+04 1.054748e+04 1.060881e+04 1.064331e+04
1.6 1.061138e+04 1.053317e+04 1.062572e+04 1.070392e+04
2.6 1.052301e+04 1.054543e+04 1.065375e+04 1.063133e+04
3.6 1.054261e+04 1.059475e+04 1.065693e+04 1.060480e+04
4.6 1.058404e+04 1.066658e+04 1.064160e+04 1.055906e+04
5.6 1.064084e+04 1.069485e+04 1.062569e+04 1.057168e+04
6.6 1.101689e+04 1.074445e+04 1.061531e+04 1.088775e+04
7.6 1.084558e+04 1.075175e+04 1.060978e+04 1.070361e+04
8.6 1.081053e+04 1.072679e+04 1.060710e+04 1.069085e+04
9.6 1.081153e+04 1.068888e+04 1.061132e+04 1.073397e+04
10.6 1.071311e+04 1.064387e+04 1.063709e+04 1.070633e+04
11.6 1.054381e+04 1.059870e+04 1.065635e+04 1.060146e+04
0.0 1.081053e+04 1.072679e+04 1.060710e+04 1.069085e+04
1.0 1.081153e+04 1.068888e+04 1.061132e+04 1.073397e+04
2.0 1.071311e+04 1.064387e+04 1.063709e+04 1.070633e+04
3.0 1.054381e+04 1.059870e+04 1.065635e+04 1.060146e+04
4.0 1.046457e+04 1.054901e+04 1.064860e+04 1.056416e+04
5.0 1.040204e+04 1.050922e+04 1.063178e+04 1.052460e+04
6.0 1.051108e+04 1.049570e+04 1.062980e+04 1.064517e+04
7.0 1.055295e+04 1.051110e+04 1.065133e+04 1.069318e+04
8.0 1.055464e+04 1.051813e+04 1.065857e+04 1.069508e+04
9.0 1.070960e+04 1.056072e+04 1.064464e+04 1.079352e+04
10.0 1.067388e+04 1.063098e+04 1.062774e+04 1.067063e+04
11.0 1.063227e+04 1.062381e+04 1.061624e+04 1.062470e+04
0.4 1.040204e+04 1.050922e+04 1.063178e+04 1.052460e+04
1.4 1.051108e+04 1.049570e+04 1.062980e+04 1.064517e+04
2.4 1.055295e+04 1.051110e+04 1.065133e+04 1.069318e+04
3.4 1.055464e+04 1.051813e+04 1.065857e+04 1.069508e+04
4.4 1.070960e+04 1.056072e+04 1.064464e+04 1.079352e+04
5.4 1.067388e+04 1.063098e+04 1.062774e+04 1.067063e+04
6.4 1.063227e+04 1.062381e+04 1.061624e+04 1.062470e+04
7.4 1.067506e+04 1.060874e+04 1.061028e+04 1.067659e+04
8.4 1.057259e+04 1.066540e+04 1.060783e+04 1.051501e+04
9.4 1.062052e+04 1.067293e+04 1.060716e+04 1.055475e+04
10.4 1.064667e+04 1.066205e+04 1.060736e+04 1.059198e+04
11.4 1.059814e+04 1.069921e+04 1.060795e+04 1.050688e+04
