0.2 2.038420e+03 2.005275e+03 1.990635e+03 2.023780e+03
1.2 2.019147e+03 2.008380e+03 1.998963e+03 2.009730e+03
2.2 1.993368e+03 2.031587e+03 2.025381e+03 1.987163e+03
3.2 2.054136e+03 2.042570e+03 2.038094e+03 2.049661e+03
4.2 2.026564e+03 2.026627e+03 2.027681e+03 2.027617e+03
5.2 1.989942e+03 1.998504e+03 2.012028e+03 2.003466e+03
6.2 2.062703e+03 1.979731e+03 2.000611e+03 2.083584e+03
7.2 1.989606e+03 1.967097e+03 1.994224e+03 2.016733e+03
8.2 1.882616e+03 1.963126e+03 1.991101e+03 1.910592e+03
9.2 2.008953e+03 1.971091e+03 1.989660e+03 2.027523e+03
10.2 1.988080e+03 1.982297e+03 1.988980e+03 1.994763e+03
11.2 2.087358e+03 1.986718e+03 1.988588e+03 2.089228e+03
0.7 1.983454e+03 2.007724e+03 1.987038e+03 1.962768e+03
1.7 2.021146e+03 2.019952e+03 2.003862e+03 2.005056e+03
2.7 1.967219e+03 2.039625e+03 2.029450e+03 1.957043e+03
3.7 1.980058e+03 2.036939e+03 2.031187e+03 1.974306e+03
4.7 2.072661e+03 2.012082e+03 2.016724e+03 2.077302e+03
5.7 2.098340e+03 1.980694e+03 2.002275e+03 2.119922e+03
6.7 2.029212e+03 1.967562e+03 1.993021e+03 2.054671e+03
7.7 1.976964e+03 1.970374e+03 1.988168e+03 1.994757e+03
8.7 2.092560e+03 1.976897e+03 1.985872e+03 2.101535e+03
9.7 2.067704e+03 1.984967e+03 1.984823e+03 2.067559e+03
10.7 2.054337e+03 1.996676e+03 1.984315e+03 2.041976e+03
11.7 2.044536e+03 2.001814e+03 1.984012e+03 2.026735e+03
0.8 1.992510e+03 2.000921e+03 1.985961e+03 1.977550e+03
1.8 2.028823e+03 2.016289e+03 2.006009e+03 2.018543e+03
2.8 2.007054e+03 2.036509e+03 2.029552e+03 2.000097e+03
3.8 2.044577e+03 2.032681e+03 2.027718e+03 2.039614e+03
4.8 2.056405e+03 2.010258e+03 2.012618e+03 2.058765e+03
5.8 1.967419e+03 1.984260e+03 1.998984e+03 1.982143e+03
6.8 1.978880e+03 1.965198e+03 1.990651e+03 2.004333e+03
7.8 1.926621e+03 1.951448e+03 1.986451e+03 1.961624e+03
8.8 1.951650e+03 1.955577e+03 1.984576e+03 1.980649e+03
9.8 1.948200e+03 1.975741e+03 1.983817e+03 1.956276e+03
10.8 2.036073e+03 1.992399e+03 1.983532e+03 2.027206e+03
11.8 2.100711e+03 2.001245e+03 1.983444e+03 2.082910e+03
0.3 1.814336e+03 2.008862e+03 1.983588e+03 1.789062e+03
1.3 1.936770e+03 2.019296e+03 1.994237e+03 1.911711e+03
2.3 2.011941e+03 2.040770e+03 2.021431e+03 1.992602e+03
3.3 1.988381e+03 2.045492e+03 2.031668e+03 1.974557e+03
4.3 1.998868e+03 2.030549e+03 2.020276e+03 1.988594e+03
5.3 1.959265e+03 2.007702e+03 2.005165e+03 1.956727e+03
6.3 1.938041e+03 1.984617e+03 1.994656e+03 1.948080e+03
7.3 1.966714e+03 1.975952e+03 1.989054e+03 1.979817e+03
8.3 1.925002e+03 1.972337e+03 1.986544e+03 1.939210e+03
9.3 2.005690e+03 1.966532e+03 1.985609e+03 2.024766e+03
10.3 2.002404e+03 1.969521e+03 1.985387e+03 2.018270e+03
11.3 2.005442e+03 1.978551e+03 1.985438e+03 2.012329e+03
0.3 1.989220e+03 1.995738e+03 1.985949e+03 1.979431e+03
1.3 1.967211e+03 2.007016e+03 1.994799e+03 1.954995e+03
2.3 2.012964e+03 2.033882e+03 2.021742e+03 2.000824e+03
3.3 1.980762e+03 2.046535e+03 2.034981e+03 1.969208e+03
4.3 1.996518e+03 2.036268e+03 2.025098e+03 1.985349e+03
5.3 1.967487e+03 2.019381e+03 2.009979e+03 1.958085e+03
6.3 1.869928e+03 1.998307e+03 1.999093e+03 1.870715e+03
7.3 1.973730e+03 1.983104e+03 1.993232e+03 1.983859e+03
8.3 1.935668e+03 1.976235e+03 1.990635e+03 1.950068e+03
9.3 1.985768e+03 1.970420e+03 1.989720e+03 2.005068e+03
10.3 1.894440e+03 1.974013e+03 1.989567e+03 1.909994e+03
11.3 1.983299e+03 1.983581e+03 1.989704e+03 1.989422e+03
0.6 2.035913e+03 1.998242e+03 1.991014e+03 2.028685e+03
1.6 2.054646e+03 2.012669e+03 2.006769e+03 2.048747e+03
2.6 2.052567e+03 2.038035e+03 2.032870e+03 2.047403e+03
3.6 2.125132e+03 2.040758e+03 2.035930e+03 2.120304e+03
4.6 2.000693e+03 2.023541e+03 2.021828e+03 1.998980e+03
5.6 1.984877e+03 1.997424e+03 2.007201e+03 1.994654e+03
6.6 1.924486e+03 1.980028e+03 1.997710e+03 1.942167e+03
7.6 1.928871e+03 1.969929e+03 1.992704e+03 1.951647e+03
8.6 1.996782e+03 1.963857e+03 1.990334e+03 2.023259e+03
9.6 2.025182e+03 1.963157e+03 1.989256e+03 2.051281e+03
10.6 1.978307e+03 1.960221e+03 1.988746e+03 2.006832e+03
11.6 1.975705e+03 1.964101e+03 1.988445e+03 2.000048e+03
0.5 2.008839e+03 1.996485e+03 1.987693e+03 2.000046e+03
1.5 2.017879e+03 2.008798e+03 2.001357e+03 2.010438e+03
2.5 2.096913e+03 2.034014e+03 2.028204e+03 2.091103e+03
3.5 2.028539e+03 2.034907e+03 2.034043e+03 2.027675e+03
4.5 2.002756e+03 2.009194e+03 2.020828e+03 2.014389e+03
5.5 1.921956e+03 1.988174e+03 2.005894e+03 1.939676e+03
6.5 1.980420e+03 1.982569e+03 1.995922e+03 1.993773e+03
7.5 2.000054e+03 1.984031e+03 1.990605e+03 2.006628e+03
8.5 1.939768e+03 1.987076e+03 1.988092e+03 1.940784e+03
9.5 1.974641e+03 1.991068e+03 1.986968e+03 1.970541e+03
10.5 1.929617e+03 1.993320e+03 1.986456e+03 1.922753e+03
11.5 1.938657e+03 1.992820e+03 1.986162e+03 1.931999e+03
1.0 1.932553e+03 2.000998e+03 1.989097e+03 1.920652e+03
2.0 2.048052e+03 2.020370e+03 2.012004e+03 2.039685e+03
3.0 2.005311e+03 2.039196e+03 2.032594e+03 1.998709e+03
4.0 2.062697e+03 2.033471e+03 2.027540e+03 2.056765e+03
5.0 1.981158e+03 2.017553e+03 2.012083e+03 1.975688e+03
6.0 1.955223e+03 1.997777e+03 1.999266e+03 1.956712e+03
7.0 1.953091e+03 1.978339e+03 1.991746e+03 1.966498e+03
8.0 1.957722e+03 1.964094e+03 1.988083e+03 1.981711e+03
9.0 1.919663e+03 1.953515e+03 1.986529e+03 1.952676e+03
10.0 2.026770e+03 1.960615e+03 1.985973e+03 2.052128e+03
11.0 2.066721e+03 1.982009e+03 1.985837e+03 2.070549e+03
12.0 2.056795e+03 2.002424e+03 1.990990e+03 2.045361e+03
0.0 2.066721e+03 1.982009e+03 1.985837e+03 2.070549e+03
1.0 2.056795e+03 2.002424e+03 1.990990e+03 2.045361e+03
2.0 2.150040e+03 2.030466e+03 2.015702e+03 2.135276e+03
3.0 2.064858e+03 2.045025e+03 2.034187e+03 2.054020e+03
4.0 2.098908e+03 2.025353e+03 2.027496e+03 2.101050e+03
5.0 2.070474e+03 2.000710e+03 2.012248e+03 2.082012e+03
6.0 2.086761e+03 1.991244e+03 2.000300e+03 2.095817e+03
7.0 2.008839e+03 1.991200e+03 1.993615e+03 2.011254e+03
8.0 1.971106e+03 1.988862e+03 1.990611e+03 1.972855e+03
9.0 2.063915e+03 1.978847e+03 1.989591e+03 2.074659e+03
10.0 2.040172e+03 1.975074e+03 1.989509e+03 2.054607e+03
11.0 1.845766e+03 1.970973e+03 1.989827e+03 1.864619e+03
