0.5 9.384508e+03 9.251919e+03 9.347784e+03 9.480374e+03
1.5 9.354700e+03 9.303833e+03 9.401939e+03 9.452806e+03
2.5 9.336058e+03 9.381600e+03 9.459441e+03 9.413898e+03
3.5 9.340204e+03 9.419435e+03 9.449081e+03 9.369850e+03
4.5 9.354440e+03 9.418299e+03 9.412448e+03 9.348590e+03
5.5 9.345494e+03 9.412041e+03 9.382154e+03 9.315607e+03
6.5 9.375356e+03 9.405488e+03 9.364458e+03 9.334325e+03
7.5 9.353721e+03 9.400242e+03 9.355786e+03 9.309265e+03
8.5 9.306797e+03 9.400597e+03 9.351951e+03 9.258152e+03
9.5 9.338316e+03 9.396510e+03 9.350329e+03 9.292136e+03
10.5 9.434504e+03 9.399335e+03 9.349607e+03 9.384777e+03
0.1 9.356541e+03 9.399891e+03 9.347073e+03 9.303723e+03
1.1 9.405764e+03 9.412386e+03 9.370271e+03 9.363649e+03
2.1 9.532263e+03 9.463164e+03 9.463177e+03 9.532276e+03
3.1 9.520224e+03 9.469272e+03 9.513626e+03 9.564578e+03
4.1 9.527293e+03 9.405920e+03 9.480176e+03 9.601549e+03
5.1 9.409659e+03 9.335761e+03 9.426025e+03 9.499924e+03
6.1 9.382007e+03 9.288475e+03 9.386084e+03 9.479615e+03
7.1 9.354417e+03 9.263205e+03 9.363831e+03 9.455043e+03
8.1 9.357426e+03 9.251510e+03 9.353201e+03 9.459118e+03
9.1 9.379560e+03 9.248682e+03 9.350682e+03 9.481560e+03
10.1 9.372715e+03 9.300766e+03 9.402134e+03 9.474083e+03
0.5 9.379560e+03 9.248682e+03 9.350682e+03 9.481560e+03
1.5 9.372715e+03 9.300766e+03 9.402134e+03 9.474083e+03
2.5 9.383792e+03 9.380438e+03 9.458142e+03 9.461496e+03
3.5 9.407020e+03 9.419629e+03 9.446891e+03 9.434282e+03
4.5 9.414825e+03 9.419152e+03 9.409680e+03 9.405352e+03
5.5 9.409808e+03 9.413677e+03 9.378880e+03 9.375010e+03
6.5 9.406176e+03 9.406992e+03 9.360844e+03 9.360028e+03
7.5 9.466524e+03 9.401706e+03 9.351998e+03 9.416816e+03
8.5 9.494186e+03 9.402740e+03 9.348118e+03 9.439563e+03
9.5 9.465578e+03 9.399465e+03 9.346544e+03 9.412657e+03
10.5 9.464315e+03 9.402927e+03 9.345940e+03 9.407328e+03
0.1 9.453968e+03 9.402500e+03 9.345345e+03 9.396813e+03
1.1 9.472348e+03 9.414145e+03 9.367245e+03 9.425448e+03
2.1 9.512641e+03 9.464265e+03 9.459445e+03 9.507821e+03
3.1 9.561845e+03 9.472354e+03 9.512516e+03 9.602007e+03
4.1 9.451813e+03 9.409742e+03 9.480567e+03 9.522637e+03
5.1 9.321921e+03 9.339006e+03 9.426462e+03 9.409377e+03
6.1 9.166881e+03 9.290902e+03 9.386163e+03 9.262141e+03
7.1 9.127551e+03 9.265009e+03 9.363635e+03 9.226177e+03
8.1 9.110527e+03 9.252910e+03 9.352880e+03 9.210497e+03
9.1 9.177649e+03 9.249829e+03 9.350335e+03 9.278155e+03
10.1 9.189407e+03 9.301872e+03 9.401808e+03 9.289343e+03
0.5 9.177649e+03 9.249829e+03 9.350335e+03 9.278155e+03
1.5 9.189407e+03 9.301872e+03 9.401808e+03 9.289343e+03
2.5 9.285308e+03 9.382346e+03 9.457855e+03 9.360816e+03
3.5 9.308253e+03 9.421557e+03 9.446632e+03 9.333328e+03
4.5 9.295631e+03 9.419715e+03 9.409478e+03 9.285393e+03
5.5 9.267728e+03 9.413501e+03 9.378749e+03 9.232976e+03
6.5 9.293720e+03 9.405974e+03 9.360782e+03 9.248528e+03
7.5 9.311746e+03 9.399237e+03 9.351996e+03 9.264505e+03
8.5 9.332807e+03 9.400860e+03 9.348168e+03 9.280115e+03
9.5 9.337545e+03 9.397349e+03 9.346644e+03 9.286840e+03
10.5 9.365157e+03 9.401191e+03 9.346093e+03 9.310059e+03
0.0 9.413823e+03 9.402127e+03 9.346555e+03 9.358251e+03
1.0 9.488385e+03 9.412419e+03 9.365745e+03 9.441711e+03
2.0 9.562532e+03 9.461342e+03 9.456066e+03 9.557256e+03
3.0 9.598493e+03 9.473686e+03 9.514206e+03 9.639014e+03
4.0 9.493841e+03 9.413010e+03 9.485400e+03 9.566231e+03
5.0 9.233823e+03 9.341466e+03 9.431548e+03 9.323905e+03
6.0 9.207194e+03 9.291962e+03 9.390726e+03 9.305958e+03
7.0 9.268416e+03 9.264988e+03 9.367920e+03 9.371348e+03
8.0 9.237802e+03 9.252188e+03 9.357288e+03 9.342901e+03
9.0 9.242839e+03 9.248641e+03 9.355169e+03 9.349367e+03
10.0 9.237139e+03 9.300299e+03 9.407272e+03 9.344112e+03
0.5 9.242839e+03 9.248641e+03 9.355169e+03 9.349367e+03
1.5 9.237139e+03 9.300299e+03 9.407272e+03 9.344112e+03
2.5 9.269842e+03 9.380399e+03 9.464099e+03 9.353542e+03
3.5 9.286786e+03 9.419190e+03 9.453768e+03 9.321364e+03
4.5 9.319357e+03 9.417675e+03 9.417638e+03 9.319320e+03
5.5 9.338104e+03 9.411449e+03 9.388046e+03 9.314701e+03
6.5 9.364185e+03 9.403597e+03 9.371332e+03 9.331921e+03
7.5 9.386598e+03 9.397641e+03 9.363920e+03 9.352877e+03
8.5 9.384133e+03 9.397418e+03 9.361590e+03 9.348305e+03
9.5 9.350411e+03 9.392314e+03 9.361689e+03 9.319786e+03
10.5 9.336020e+03 9.394644e+03 9.362875e+03 9.304251e+03
