0.5 9.401958e+03 9.351183e+03 9.331200e+03 9.381975e+03
1.5 9.383170e+03 9.428977e+03 9.351462e+03 9.305655e+03
2.5 9.387344e+03 9.466795e+03 9.399645e+03 9.320194e+03
3.5 9.401677e+03 9.465631e+03 9.435134e+03 9.371179e+03
4.5 9.392795e+03 9.459352e+03 9.459165e+03 9.392608e+03
5.5 9.423208e+03 9.452786e+03 9.470305e+03 9.440727e+03
6.5 9.401217e+03 9.447535e+03 9.473730e+03 9.427412e+03
7.5 9.354260e+03 9.447887e+03 9.477919e+03 9.384292e+03
8.5 9.385890e+03 9.443800e+03 9.475454e+03 9.417544e+03
9.5 9.482443e+03 9.446623e+03 9.479000e+03 9.514820e+03
10.5 9.456249e+03 9.443213e+03 9.476093e+03 9.489129e+03
11.5 9.500729e+03 9.445198e+03 9.478267e+03 9.533798e+03
0.2 9.387344e+03 9.466795e+03 9.399645e+03 9.320194e+03
1.2 9.401677e+03 9.465631e+03 9.435134e+03 9.371179e+03
2.2 9.392795e+03 9.459352e+03 9.459165e+03 9.392608e+03
3.2 9.423208e+03 9.452786e+03 9.470305e+03 9.440727e+03
4.2 9.401217e+03 9.447535e+03 9.473730e+03 9.427412e+03
5.2 9.354260e+03 9.447887e+03 9.477919e+03 9.384292e+03
6.2 9.385890e+03 9.443800e+03 9.475454e+03 9.417544e+03
7.2 9.482443e+03 9.446623e+03 9.479000e+03 9.514820e+03
8.2 9.456249e+03 9.443213e+03 9.476093e+03 9.489129e+03
9.2 9.500729e+03 9.445198e+03 9.478267e+03 9.533798e+03
10.2 9.474187e+03 9.444285e+03 9.477569e+03 9.507470e+03
11.2 9.451876e+03 9.443964e+03 9.477495e+03 9.485408e+03
0.9 9.423208e+03 9.452786e+03 9.470305e+03 9.440727e+03
1.9 9.401217e+03 9.447535e+03 9.473730e+03 9.427412e+03
2.9 9.354260e+03 9.447887e+03 9.477919e+03 9.384292e+03
3.9 9.385890e+03 9.443800e+03 9.475454e+03 9.417544e+03
4.9 9.482443e+03 9.446623e+03 9.479000e+03 9.514820e+03
5.9 9.456249e+03 9.443213e+03 9.476093e+03 9.489129e+03
6.9 9.500729e+03 9.445198e+03 9.478267e+03 9.533798e+03
7.9 9.474187e+03 9.444285e+03 9.477569e+03 9.507470e+03
8.9 9.451876e+03 9.443964e+03 9.477495e+03 9.485408e+03
9.9 9.443279e+03 9.445921e+03 9.479724e+03 9.477082e+03
10.9 9.475675e+03 9.443602e+03 9.477689e+03 9.509762e+03
11.9 9.472131e+03 9.447167e+03 9.481538e+03 9.506503e+03
0.6 9.354260e+03 9.447887e+03 9.477919e+03 9.384292e+03
1.6 9.385890e+03 9.443800e+03 9.475454e+03 9.417544e+03
2.6 9.482443e+03 9.446623e+03 9.479000e+03 9.514820e+03
3.6 9.456249e+03 9.443213e+03 9.476093e+03 9.489129e+03
4.6 9.500729e+03 9.445198e+03 9.478267e+03 9.533798e+03
5.6 9.474187e+03 9.444285e+03 9.477569e+03 9.507470e+03
6.6 9.451876e+03 9.443964e+03 9.477495e+03 9.485408e+03
7.6 9.443279e+03 9.445921e+03 9.479724e+03 9.477082e+03
8.6 9.475675e+03 9.443602e+03 9.477689e+03 9.509762e+03
9.6 9.472131e+03 9.447167e+03 9.481538e+03 9.506503e+03
10.6 9.440741e+03 9.444200e+03 9.478850e+03 9.475390e+03
11.6 9.403774e+03 9.447178e+03 9.482090e+03 9.438687e+03
0.3 9.482443e+03 9.446623e+03 9.479000e+03 9.514820e+03
1.3 9.456249e+03 9.443213e+03 9.476093e+03 9.489129e+03
2.3 9.500729e+03 9.445198e+03 9.478267e+03 9.533798e+03
3.3 9.474187e+03 9.444285e+03 9.477569e+03 9.507470e+03
4.3 9.451876e+03 9.443964e+03 9.477495e+03 9.485408e+03
5.3 9.443279e+03 9.445921e+03 9.479724e+03 9.477082e+03
6.3 9.475675e+03 9.443602e+03 9.477689e+03 9.509762e+03
7.3 9.472131e+03 9.447167e+03 9.481538e+03 9.506503e+03
8.3 9.440741e+03 9.444200e+03 9.478850e+03 9.475390e+03
9.3 9.403774e+03 9.447178e+03 9.482090e+03 9.438687e+03
10.3 9.452814e+03 9.459687e+03 9.471389e+03 9.464516e+03
11.3 9.580012e+03 9.510525e+03 9.429272e+03 9.498759e+03
1.0 9.474187e+03 9.444285e+03 9.477569e+03 9.507470e+03
2.0 9.451876e+03 9.443964e+03 9.477495e+03 9.485408e+03
3.0 9.443279e+03 9.445921e+03 9.479724e+03 9.477082e+03
4.0 9.475675e+03 9.443602e+03 9.477689e+03 9.509762e+03
5.0 9.472131e+03 9.447167e+03 9.481538e+03 9.506503e+03
6.0 9.440741e+03 9.444200e+03 9.478850e+03 9.475390e+03
7.0 9.403774e+03 9.447178e+03 9.482090e+03 9.438687e+03
8.0 9.452814e+03 9.459687e+03 9.471389e+03 9.464516e+03
9.0 9.580012e+03 9.510525e+03 9.429272e+03 9.498759e+03
10.0 9.568063e+03 9.516670e+03 9.384941e+03 9.436334e+03
11.0 9.575359e+03 9.453307e+03 9.355046e+03 9.477098e+03
12.0 9.456851e+03 9.383122e+03 9.339041e+03 9.412769e+03
0.7 9.443279e+03 9.445921e+03 9.479724e+03 9.477082e+03
1.7 9.475675e+03 9.443602e+03 9.477689e+03 9.509762e+03
2.7 9.472131e+03 9.447167e+03 9.481538e+03 9.506503e+03
3.7 9.440741e+03 9.444200e+03 9.478850e+03 9.475390e+03
4.7 9.403774e+03 9.447178e+03 9.482090e+03 9.438687e+03
5.7 9.452814e+03 9.459687e+03 9.471389e+03 9.464516e+03
6.7 9.580012e+03 9.510525e+03 9.429272e+03 9.498759e+03
7.7 9.568063e+03 9.516670e+03 9.384941e+03 9.436334e+03
8.7 9.575359e+03 9.453307e+03 9.355046e+03 9.477098e+03
9.7 9.456851e+03 9.383122e+03 9.339041e+03 9.412769e+03
10.7 9.429105e+03 9.335817e+03 9.331699e+03 9.424986e+03
11.7 9.401282e+03 9.310536e+03 9.328681e+03 9.419428e+03
0.4 9.472131e+03 9.447167e+03 9.481538e+03 9.506503e+03
1.4 9.440741e+03 9.444200e+03 9.478850e+03 9.475390e+03
2.4 9.403774e+03 9.447178e+03 9.482090e+03 9.438687e+03
3.4 9.452814e+03 9.459687e+03 9.471389e+03 9.464516e+03
4.4 9.580012e+03 9.510525e+03 9.429272e+03 9.498759e+03
5.4 9.568063e+03 9.516670e+03 9.384941e+03 9.436334e+03
6.4 9.575359e+03 9.453307e+03 9.355046e+03 9.477098e+03
7.4 9.456851e+03 9.383122e+03 9.339041e+03 9.412769e+03
8.4 9.429105e+03 9.335817e+03 9.331699e+03 9.424986e+03
9.4 9.401282e+03 9.310536e+03 9.328681e+03 9.419428e+03
10.4 9.404256e+03 9.298835e+03 9.327616e+03 9.433038e+03
11.4 9.426257e+03 9.296006e+03 9.327308e+03 9.457558e+03
0.5 9.419448e+03 9.348117e+03 9.327939e+03 9.399270e+03
1.5 9.430545e+03 9.427813e+03 9.351598e+03 9.354330e+03
2.5 9.453946e+03 9.466988e+03 9.402029e+03 9.388987e+03
3.5 9.461901e+03 9.466482e+03 9.438755e+03 9.434173e+03
4.5 9.456548e+03 9.460985e+03 9.464074e+03 9.459637e+03
5.5 9.453112e+03 9.454287e+03 9.475422e+03 9.474247e+03
6.5 9.513764e+03 9.448996e+03 9.478981e+03 9.543749e+03
7.5 9.541694e+03 9.450027e+03 9.483894e+03 9.575562e+03
8.5 9.512771e+03 9.446751e+03 9.482193e+03 9.548213e+03
9.5 9.511545e+03 9.450212e+03 9.486259e+03 9.547592e+03
10.5 9.510119e+03 9.448021e+03 9.484402e+03 9.546500e+03
11.5 9.484311e+03 9.450601e+03 9.486993e+03 9.520702e+03
0.2 9.453946e+03 9.466988e+03 9.402029e+03 9.388987e+03
1.2 9.461901e+03 9.466482e+03 9.438755e+03 9.434173e+03
2.2 9.456548e+03 9.460985e+03 9.464074e+03 9.459637e+03
3.2 9.453112e+03 9.454287e+03 9.475422e+03 9.474247e+03
4.2 9.513764e+03 9.448996e+03 9.478981e+03 9.543749e+03
5.2 9.541694e+03 9.450027e+03 9.483894e+03 9.575562e+03
6.2 9.512771e+03 9.446751e+03 9.482193e+03 9.548213e+03
7.2 9.511545e+03 9.450212e+03 9.486259e+03 9.547592e+03
8.2 9.510119e+03 9.448021e+03 9.484402e+03 9.546500e+03
9.2 9.484311e+03 9.450601e+03 9.486993e+03 9.520702e+03
10.2 9.493867e+03 9.447998e+03 9.484422e+03 9.530291e+03
11.2 9.501801e+03 9.445897e+03 9.482361e+03 9.538265e+03
0.9 9.453112e+03 9.454287e+03 9.475422e+03 9.474247e+03
1.9 9.513764e+03 9.448996e+03 9.478981e+03 9.543749e+03
2.9 9.541694e+03 9.450027e+03 9.483894e+03 9.575562e+03
3.9 9.512771e+03 9.446751e+03 9.482193e+03 9.548213e+03
4.9 9.511545e+03 9.450212e+03 9.486259e+03 9.547592e+03
5.9 9.510119e+03 9.448021e+03 9.484402e+03 9.546500e+03
6.9 9.484311e+03 9.450601e+03 9.486993e+03 9.520702e+03
7.9 9.493867e+03 9.447998e+03 9.484422e+03 9.530291e+03
8.9 9.501801e+03 9.445897e+03 9.482361e+03 9.538265e+03
9.9 9.504188e+03 9.448042e+03 9.484544e+03 9.540690e+03
10.9 9.489865e+03 9.446063e+03 9.482601e+03 9.526403e+03
11.9 9.498689e+03 9.449976e+03 9.486549e+03 9.535262e+03
0.6 9.541694e+03 9.450027e+03 9.483894e+03 9.575562e+03
1.6 9.512771e+03 9.446751e+03 9.482193e+03 9.548213e+03
2.6 9.511545e+03 9.450212e+03 9.486259e+03 9.547592e+03
3.6 9.510119e+03 9.448021e+03 9.484402e+03 9.546500e+03
4.6 9.484311e+03 9.450601e+03 9.486993e+03 9.520702e+03
5.6 9.493867e+03 9.447998e+03 9.484422e+03 9.530291e+03
6.6 9.501801e+03 9.445897e+03 9.482361e+03 9.538265e+03
7.6 9.504188e+03 9.448042e+03 9.484544e+03 9.540690e+03
8.6 9.489865e+03 9.446063e+03 9.482601e+03 9.526403e+03
9.6 9.498689e+03 9.449976e+03 9.486549e+03 9.535262e+03
10.6 9.521372e+03 9.447075e+03 9.483691e+03 9.557987e+03
11.6 9.500734e+03 9.449785e+03 9.486426e+03 9.537375e+03
0.3 9.511545e+03 9.450212e+03 9.486259e+03 9.547592e+03
1.3 9.510119e+03 9.448021e+03 9.484402e+03 9.546500e+03
2.3 9.484311e+03 9.450601e+03 9.486993e+03 9.520702e+03
3.3 9.493867e+03 9.447998e+03 9.484422e+03 9.530291e+03
4.3 9.501801e+03 9.445897e+03 9.482361e+03 9.538265e+03
5.3 9.504188e+03 9.448042e+03 9.484544e+03 9.540690e+03
6.3 9.489865e+03 9.446063e+03 9.482601e+03 9.526403e+03
7.3 9.498689e+03 9.449976e+03 9.486549e+03 9.535262e+03
8.3 9.521372e+03 9.447075e+03 9.483691e+03 9.557987e+03
9.3 9.500734e+03 9.449785e+03 9.486426e+03 9.537375e+03
10.3 9.519136e+03 9.461444e+03 9.476174e+03 9.533866e+03
11.3 9.559481e+03 9.511622e+03 9.434103e+03 9.481961e+03
0.9 9.493867e+03 9.447998e+03 9.484422e+03 9.530291e+03
1.9 9.501801e+03 9.445897e+03 9.482361e+03 9.538265e+03
2.9 9.504188e+03 9.448042e+03 9.484544e+03 9.540690e+03
3.9 9.489865e+03 9.446063e+03 9.482601e+03 9.526403e+03
4.9 9.498689e+03 9.449976e+03 9.486549e+03 9.535262e+03
5.9 9.521372e+03 9.447075e+03 9.483691e+03 9.557987e+03
6.9 9.500734e+03 9.449785e+03 9.486426e+03 9.537375e+03
7.9 9.519136e+03 9.461444e+03 9.476174e+03 9.533866e+03
8.9 9.559481e+03 9.511622e+03 9.434103e+03 9.481961e+03
9.9 9.609513e+03 9.519750e+03 9.389132e+03 9.478894e+03
10.9 9.498683e+03 9.457129e+03 9.358476e+03 9.400031e+03
11.9 9.370365e+03 9.386367e+03 9.341848e+03 9.325847e+03
0.7 9.504188e+03 9.448042e+03 9.484544e+03 9.540690e+03
1.7 9.489865e+03 9.446063e+03 9.482601e+03 9.526403e+03
2.7 9.498689e+03 9.449976e+03 9.486549e+03 9.535262e+03
3.7 9.521372e+03 9.447075e+03 9.483691e+03 9.557987e+03
4.7 9.500734e+03 9.449785e+03 9.486426e+03 9.537375e+03
5.7 9.519136e+03 9.461444e+03 9.476174e+03 9.533866e+03
6.7 9.559481e+03 9.511622e+03 9.434103e+03 9.481961e+03
7.7 9.609513e+03 9.519750e+03 9.389132e+03 9.478894e+03
8.7 9.498683e+03 9.457129e+03 9.358476e+03 9.400031e+03
9.7 9.370365e+03 9.386367e+03 9.341848e+03 9.325847e+03
10.7 9.214637e+03 9.338243e+03 9.334046e+03 9.210439e+03
11.7 9.175700e+03 9.312339e+03 9.330681e+03 9.194042e+03
0.3 9.498689e+03 9.449976e+03 9.486549e+03 9.535262e+03
1.3 9.521372e+03 9.447075e+03 9.483691e+03 9.557987e+03
2.3 9.500734e+03 9.449785e+03 9.486426e+03 9.537375e+03
3.3 9.519136e+03 9.461444e+03 9.476174e+03 9.533866e+03
4.3 9.559481e+03 9.511622e+03 9.434103e+03 9.481961e+03
5.3 9.609513e+03 9.519750e+03 9.389132e+03 9.478894e+03
6.3 9.498683e+03 9.457129e+03 9.358476e+03 9.400031e+03
7.3 9.370365e+03 9.386367e+03 9.341848e+03 9.325847e+03
8.3 9.214637e+03 9.338243e+03 9.334046e+03 9.210439e+03
9.3 9.175700e+03 9.312339e+03 9.330681e+03 9.194042e+03
10.3 9.158355e+03 9.300235e+03 9.329337e+03 9.187457e+03
11.3 9.225552e+03 9.297153e+03 9.328802e+03 9.257200e+03
0.5 9.237279e+03 9.349223e+03 9.329372e+03 9.217427e+03
1.5 9.333140e+03 9.429722e+03 9.353793e+03 9.257212e+03
2.5 9.356202e+03 9.468915e+03 9.404215e+03 9.291502e+03
3.5 9.343276e+03 9.467045e+03 9.439520e+03 9.315751e+03
4.5 9.315139e+03 9.460809e+03 9.464028e+03 9.318358e+03
5.5 9.340857e+03 9.453270e+03 9.474466e+03 9.362053e+03
6.5 9.358815e+03 9.446528e+03 9.476514e+03 9.388801e+03
7.5 9.380422e+03 9.448147e+03 9.481964e+03 9.414239e+03
8.5 9.384911e+03 9.444635e+03 9.479978e+03 9.420253e+03
9.5 9.413103e+03 9.448476e+03 9.484370e+03 9.448997e+03
10.5 9.417091e+03 9.446455e+03 9.482605e+03 9.453241e+03
11.5 9.440176e+03 9.448476e+03 9.484535e+03 9.476234e+03
0.2 9.356202e+03 9.468915e+03 9.404215e+03 9.291502e+03
1.2 9.343276e+03 9.467045e+03 9.439520e+03 9.315751e+03
2.2 9.315139e+03 9.460809e+03 9.464028e+03 9.318358e+03
3.2 9.340857e+03 9.453270e+03 9.474466e+03 9.362053e+03
4.2 9.358815e+03 9.446528e+03 9.476514e+03 9.388801e+03
5.2 9.380422e+03 9.448147e+03 9.481964e+03 9.414239e+03
6.2 9.384911e+03 9.444635e+03 9.479978e+03 9.420253e+03
7.2 9.413103e+03 9.448476e+03 9.484370e+03 9.448997e+03
8.2 9.417091e+03 9.446455e+03 9.482605e+03 9.453241e+03
9.2 9.440176e+03 9.448476e+03 9.484535e+03 9.476234e+03
10.2 9.442427e+03 9.448514e+03 9.484493e+03 9.478405e+03
11.2 9.434796e+03 9.447567e+03 9.483476e+03 9.470706e+03
0.8 9.340857e+03 9.453270e+03 9.474466e+03 9.362053e+03
1.8 9.358815e+03 9.446528e+03 9.476514e+03 9.388801e+03
2.8 9.380422e+03 9.448147e+03 9.481964e+03 9.414239e+03
3.8 9.384911e+03 9.444635e+03 9.479978e+03 9.420253e+03
4.8 9.413103e+03 9.448476e+03 9.484370e+03 9.448997e+03
5.8 9.417091e+03 9.446455e+03 9.482605e+03 9.453241e+03
6.8 9.440176e+03 9.448476e+03 9.484535e+03 9.476234e+03
7.8 9.442427e+03 9.448514e+03 9.484493e+03 9.478405e+03
8.8 9.434796e+03 9.447567e+03 9.483476e+03 9.470706e+03
9.8 9.457750e+03 9.449901e+03 9.485744e+03 9.493593e+03
10.8 9.472652e+03 9.447000e+03 9.482770e+03 9.508422e+03
11.8 9.481885e+03 9.450348e+03 9.486031e+03 9.517568e+03
0.5 9.380422e+03 9.448147e+03 9.481964e+03 9.414239e+03
1.5 9.384911e+03 9.444635e+03 9.479978e+03 9.420253e+03
2.5 9.413103e+03 9.448476e+03 9.484370e+03 9.448997e+03
3.5 9.417091e+03 9.446455e+03 9.482605e+03 9.453241e+03
4.5 9.440176e+03 9.448476e+03 9.484535e+03 9.476234e+03
5.5 9.442427e+03 9.448514e+03 9.484493e+03 9.478405e+03
6.5 9.434796e+03 9.447567e+03 9.483476e+03 9.470706e+03
7.5 9.457750e+03 9.449901e+03 9.485744e+03 9.493593e+03
8.5 9.472652e+03 9.447000e+03 9.482770e+03 9.508422e+03
9.5 9.481885e+03 9.450348e+03 9.486031e+03 9.517568e+03
10.5 9.491656e+03 9.447227e+03 9.482802e+03 9.527231e+03
11.5 9.461344e+03 9.449413e+03 9.484843e+03 9.496775e+03
0.2 9.413103e+03 9.448476e+03 9.484370e+03 9.448997e+03
1.2 9.417091e+03 9.446455e+03 9.482605e+03 9.453241e+03
2.2 9.440176e+03 9.448476e+03 9.484535e+03 9.476234e+03
3.2 9.442427e+03 9.448514e+03 9.484493e+03 9.478405e+03
4.2 9.434796e+03 9.447567e+03 9.483476e+03 9.470706e+03
5.2 9.457750e+03 9.449901e+03 9.485744e+03 9.493593e+03
6.2 9.472652e+03 9.447000e+03 9.482770e+03 9.508422e+03
7.2 9.481885e+03 9.450348e+03 9.486031e+03 9.517568e+03
8.2 9.491656e+03 9.447227e+03 9.482802e+03 9.527231e+03
9.2 9.461344e+03 9.449413e+03 9.484843e+03 9.496775e+03
10.2 9.535595e+03 9.459717e+03 9.475948e+03 9.551825e+03
11.2 9.609843e+03 9.508698e+03 9.434560e+03 9.535704e+03
0.9 9.442427e+03 9.448514e+03 9.484493e+03 9.478405e+03
1.9 9.434796e+03 9.447567e+03 9.483476e+03 9.470706e+03
2.9 9.457750e+03 9.449901e+03 9.485744e+03 9.493593e+03
3.9 9.472652e+03 9.447000e+03 9.482770e+03 9.508422e+03
4.9 9.481885e+03 9.450348e+03 9.486031e+03 9.517568e+03
5.9 9.491656e+03 9.447227e+03 9.482802e+03 9.527231e+03
6.9 9.461344e+03 9.449413e+03 9.484843e+03 9.496775e+03
7.9 9.535595e+03 9.459717e+03 9.475948e+03 9.551825e+03
8.9 9.609843e+03 9.508698e+03 9.434560e+03 9.535704e+03
9.9 9.645715e+03 9.521083e+03 9.388773e+03 9.513405e+03
10.9 9.541910e+03 9.460400e+03 9.356911e+03 9.438422e+03
11.9 9.281043e+03 9.388831e+03 9.339223e+03 9.231436e+03
0.6 9.457750e+03 9.449901e+03 9.485744e+03 9.493593e+03
1.6 9.472652e+03 9.447000e+03 9.482770e+03 9.508422e+03
2.6 9.481885e+03 9.450348e+03 9.486031e+03 9.517568e+03
3.6 9.491656e+03 9.447227e+03 9.482802e+03 9.527231e+03
4.6 9.461344e+03 9.449413e+03 9.484843e+03 9.496775e+03
5.6 9.535595e+03 9.459717e+03 9.475948e+03 9.551825e+03
6.6 9.609843e+03 9.508698e+03 9.434560e+03 9.535704e+03
7.6 9.645715e+03 9.521083e+03 9.388773e+03 9.513405e+03
8.6 9.541910e+03 9.460400e+03 9.356911e+03 9.438422e+03
9.6 9.281043e+03 9.388831e+03 9.339223e+03 9.231436e+03
10.6 9.254740e+03 9.339307e+03 9.330543e+03 9.245976e+03
11.6 9.315852e+03 9.312322e+03 9.326377e+03 9.329907e+03
0.3 9.481885e+03 9.450348e+03 9.486031e+03 9.517568e+03
1.3 9.491656e+03 9.447227e+03 9.482802e+03 9.527231e+03
2.3 9.461344e+03 9.449413e+03 9.484843e+03 9.496775e+03
3.3 9.535595e+03 9.459717e+03 9.475948e+03 9.551825e+03
4.3 9.609843e+03 9.508698e+03 9.434560e+03 9.535704e+03
5.3 9.645715e+03 9.521083e+03 9.388773e+03 9.513405e+03
6.3 9.541910e+03 9.460400e+03 9.356911e+03 9.438422e+03
7.3 9.281043e+03 9.388831e+03 9.339223e+03 9.231436e+03
8.3 9.254740e+03 9.339307e+03 9.330543e+03 9.245976e+03
9.3 9.315852e+03 9.312322e+03 9.326377e+03 9.329907e+03
10.3 9.285237e+03 9.299516e+03 9.324209e+03 9.309930e+03
11.3 9.289969e+03 9.295968e+03 9.322780e+03 9.316781e+03
0.5 9.283935e+03 9.347654e+03 9.322336e+03 9.258617e+03
1.5 9.316432e+03 9.427779e+03 9.345603e+03 9.234256e+03
2.5 9.333935e+03 9.466553e+03 9.394714e+03 9.262096e+03
3.5 9.366291e+03 9.465012e+03 9.429321e+03 9.330601e+03
4.5 9.385417e+03 9.458765e+03 9.452683e+03 9.379335e+03
5.5 9.411245e+03 9.450901e+03 9.461542e+03 9.421886e+03
6.5 9.434131e+03 9.444941e+03 9.462997e+03 9.452188e+03
7.5 9.431915e+03 9.444716e+03 9.465104e+03 9.452304e+03
8.5 9.397434e+03 9.439614e+03 9.459903e+03 9.417723e+03
9.5 9.382969e+03 9.441944e+03 9.461046e+03 9.402072e+03
10.5 9.423440e+03 9.438076e+03 9.455642e+03 9.441006e+03
11.5 9.466583e+03 9.439257e+03 9.454865e+03 9.482190e+03
0.2 9.333935e+03 9.466553e+03 9.394714e+03 9.262096e+03
1.2 9.366291e+03 9.465012e+03 9.429321e+03 9.330601e+03
2.2 9.385417e+03 9.458765e+03 9.452683e+03 9.379335e+03
3.2 9.411245e+03 9.450901e+03 9.461542e+03 9.421886e+03
4.2 9.434131e+03 9.444941e+03 9.462997e+03 9.452188e+03
5.2 9.431915e+03 9.444716e+03 9.465104e+03 9.452304e+03
6.2 9.397434e+03 9.439614e+03 9.459903e+03 9.417723e+03
7.2 9.382969e+03 9.441944e+03 9.461046e+03 9.402072e+03
8.2 9.423440e+03 9.438076e+03 9.455642e+03 9.441006e+03
9.2 9.466583e+03 9.439257e+03 9.454865e+03 9.482190e+03
10.2 9.474887e+03 9.436654e+03 9.450176e+03 9.488409e+03
11.2 9.483746e+03 9.434206e+03 9.445492e+03 9.495031e+03
0.9 9.411245e+03 9.450901e+03 9.461542e+03 9.421886e+03
1.9 9.434131e+03 9.444941e+03 9.462997e+03 9.452188e+03
2.9 9.431915e+03 9.444716e+03 9.465104e+03 9.452304e+03
3.9 9.397434e+03 9.439614e+03 9.459903e+03 9.417723e+03
4.9 9.382969e+03 9.441944e+03 9.461046e+03 9.402072e+03
5.9 9.423440e+03 9.438076e+03 9.455642e+03 9.441006e+03
6.9 9.466583e+03 9.439257e+03 9.454865e+03 9.482190e+03
7.9 9.474887e+03 9.436654e+03 9.450176e+03 9.488409e+03
8.9 9.483746e+03 9.434206e+03 9.445492e+03 9.495031e+03
9.9 9.475308e+03 9.435040e+03 9.443942e+03 9.484209e+03
10.9 9.453669e+03 9.431375e+03 9.437757e+03 9.460051e+03
11.9 9.434712e+03 9.433500e+03 9.437241e+03 9.438453e+03
0.6 9.431915e+03 9.444716e+03 9.465104e+03 9.452304e+03
1.6 9.397434e+03 9.439614e+03 9.459903e+03 9.417723e+03
2.6 9.382969e+03 9.441944e+03 9.461046e+03 9.402072e+03
3.6 9.423440e+03 9.438076e+03 9.455642e+03 9.441006e+03
4.6 9.466583e+03 9.439257e+03 9.454865e+03 9.482190e+03
5.6 9.474887e+03 9.436654e+03 9.450176e+03 9.488409e+03
6.6 9.483746e+03 9.434206e+03 9.445492e+03 9.495031e+03
7.6 9.475308e+03 9.435040e+03 9.443942e+03 9.484209e+03
8.6 9.453669e+03 9.431375e+03 9.437757e+03 9.460051e+03
9.6 9.434712e+03 9.433500e+03 9.437241e+03 9.438453e+03
10.6 9.438164e+03 9.427222e+03 9.428216e+03 9.439158e+03
0.3 9.382969e+03 9.441944e+03 9.461046e+03 9.402072e+03
1.3 9.423440e+03 9.438076e+03 9.455642e+03 9.441006e+03
2.3 9.466583e+03 9.439257e+03 9.454865e+03 9.482190e+03
3.3 9.474887e+03 9.436654e+03 9.450176e+03 9.488409e+03
4.3 9.483746e+03 9.434206e+03 9.445492e+03 9.495031e+03
5.3 9.475308e+03 9.435040e+03 9.443942e+03 9.484209e+03
6.3 9.453669e+03 9.431375e+03 9.437757e+03 9.460051e+03
7.3 9.434712e+03 9.433500e+03 9.437241e+03 9.438453e+03
8.3 9.438164e+03 9.427222e+03 9.428216e+03 9.439158e+03
1.0 9.474887e+03 9.436654e+03 9.450176e+03 9.488409e+03
2.0 9.483746e+03 9.434206e+03 9.445492e+03 9.495031e+03
3.0 9.475308e+03 9.435040e+03 9.443942e+03 9.484209e+03
4.0 9.453669e+03 9.431375e+03 9.437757e+03 9.460051e+03
5.0 9.434712e+03 9.433500e+03 9.437241e+03 9.438453e+03
6.0 9.438164e+03 9.427222e+03 9.428216e+03 9.439158e+03
0.6 9.475308e+03 9.435040e+03 9.443942e+03 9.484209e+03
1.6 9.453669e+03 9.431375e+03 9.437757e+03 9.460051e+03
2.6 9.434712e+03 9.433500e+03 9.437241e+03 9.438453e+03
3.6 9.438164e+03 9.427222e+03 9.428216e+03 9.439158e+03
0.3 9.434712e+03 9.433500e+03 9.437241e+03 9.438453e+03
1.3 9.438164e+03 9.427222e+03 9.428216e+03 9.439158e+03
