0.5 9.861604e+03 9.789815e+03 9.769918e+03 9.841707e+03
1.5 9.854426e+03 9.861501e+03 9.784318e+03 9.777242e+03
2.5 9.867731e+03 9.885425e+03 9.818562e+03 9.800869e+03
3.5 9.889120e+03 9.874152e+03 9.843785e+03 9.858753e+03
4.5 9.784608e+03 9.861051e+03 9.860864e+03 9.784422e+03
5.5 9.819093e+03 9.851338e+03 9.868782e+03 9.836536e+03
6.5 9.801171e+03 9.845134e+03 9.871216e+03 9.827254e+03
7.5 9.714331e+03 9.844290e+03 9.874193e+03 9.744234e+03
8.5 9.810126e+03 9.840923e+03 9.872442e+03 9.841645e+03
9.5 9.836881e+03 9.842723e+03 9.874962e+03 9.869119e+03
10.5 9.817558e+03 9.840157e+03 9.872896e+03 9.850296e+03
11.5 9.890116e+03 9.841513e+03 9.874440e+03 9.923043e+03
0.2 9.867731e+03 9.885425e+03 9.818562e+03 9.800869e+03
1.2 9.889120e+03 9.874152e+03 9.843785e+03 9.858753e+03
2.2 9.784608e+03 9.861051e+03 9.860864e+03 9.784422e+03
3.2 9.819093e+03 9.851338e+03 9.868782e+03 9.836536e+03
4.2 9.801171e+03 9.845134e+03 9.871216e+03 9.827254e+03
5.2 9.714331e+03 9.844290e+03 9.874193e+03 9.744234e+03
6.2 9.810126e+03 9.840923e+03 9.872442e+03 9.841645e+03
7.2 9.836881e+03 9.842723e+03 9.874962e+03 9.869119e+03
8.2 9.817558e+03 9.840157e+03 9.872896e+03 9.850296e+03
9.2 9.890116e+03 9.841513e+03 9.874440e+03 9.923043e+03
10.2 9.868330e+03 9.840803e+03 9.873944e+03 9.901471e+03
11.2 9.851905e+03 9.840505e+03 9.873892e+03 9.885293e+03
0.9 9.819093e+03 9.851338e+03 9.868782e+03 9.836536e+03
1.9 9.801171e+03 9.845134e+03 9.871216e+03 9.827254e+03
2.9 9.714331e+03 9.844290e+03 9.874193e+03 9.744234e+03
3.9 9.810126e+03 9.840923e+03 9.872442e+03 9.841645e+03
4.9 9.836881e+03 9.842723e+03 9.874962e+03 9.869119e+03
5.9 9.817558e+03 9.840157e+03 9.872896e+03 9.850296e+03
6.9 9.890116e+03 9.841513e+03 9.874440e+03 9.923043e+03
7.9 9.868330e+03 9.840803e+03 9.873944e+03 9.901471e+03
8.9 9.851905e+03 9.840505e+03 9.873892e+03 9.885293e+03
9.9 9.795962e+03 9.841818e+03 9.875476e+03 9.829620e+03
10.9 9.861903e+03 9.840089e+03 9.874030e+03 9.895844e+03
11.9 9.893743e+03 9.842541e+03 9.876765e+03 9.927967e+03
0.6 9.714331e+03 9.844290e+03 9.874193e+03 9.744234e+03
1.6 9.810126e+03 9.840923e+03 9.872442e+03 9.841645e+03
2.6 9.836881e+03 9.842723e+03 9.874962e+03 9.869119e+03
3.6 9.817558e+03 9.840157e+03 9.872896e+03 9.850296e+03
4.6 9.890116e+03 9.841513e+03 9.874440e+03 9.923043e+03
5.6 9.868330e+03 9.840803e+03 9.873944e+03 9.901471e+03
6.6 9.851905e+03 9.840505e+03 9.873892e+03 9.885293e+03
7.6 9.795962e+03 9.841818e+03 9.875476e+03 9.829620e+03
8.6 9.861903e+03 9.840089e+03 9.874030e+03 9.895844e+03
9.6 9.893743e+03 9.842541e+03 9.876765e+03 9.927967e+03
10.6 9.866172e+03 9.840354e+03 9.874855e+03 9.900673e+03
11.6 9.755910e+03 9.842395e+03 9.877158e+03 9.790673e+03
0.3 9.836881e+03 9.842723e+03 9.874962e+03 9.869119e+03
1.3 9.817558e+03 9.840157e+03 9.872896e+03 9.850296e+03
2.3 9.890116e+03 9.841513e+03 9.874440e+03 9.923043e+03
3.3 9.868330e+03 9.840803e+03 9.873944e+03 9.901471e+03
4.3 9.851905e+03 9.840505e+03 9.873892e+03 9.885293e+03
5.3 9.795962e+03 9.841818e+03 9.875476e+03 9.829620e+03
6.3 9.861903e+03 9.840089e+03 9.874030e+03 9.895844e+03
7.3 9.893743e+03 9.842541e+03 9.876765e+03 9.927967e+03
8.3 9.866172e+03 9.840354e+03 9.874855e+03 9.900673e+03
9.3 9.755910e+03 9.842395e+03 9.877158e+03 9.790673e+03
10.3 9.823612e+03 9.857901e+03 9.869553e+03 9.835264e+03
11.3 9.960073e+03 9.920524e+03 9.839619e+03 9.879168e+03
1.0 9.868330e+03 9.840803e+03 9.873944e+03 9.901471e+03
2.0 9.851905e+03 9.840505e+03 9.873892e+03 9.885293e+03
3.0 9.795962e+03 9.841818e+03 9.875476e+03 9.829620e+03
4.0 9.861903e+03 9.840089e+03 9.874030e+03 9.895844e+03
5.0 9.893743e+03 9.842541e+03 9.876765e+03 9.927967e+03
6.0 9.866172e+03 9.840354e+03 9.874855e+03 9.900673e+03
7.0 9.755910e+03 9.842395e+03 9.877158e+03 9.790673e+03
8.0 9.823612e+03 9.857901e+03 9.869553e+03 9.835264e+03
9.0 9.960073e+03 9.920524e+03 9.839619e+03 9.879168e+03
10.0 9.989909e+03 9.939277e+03 9.808112e+03 9.858744e+03
11.0 1.007850e+04 9.884706e+03 9.786865e+03 9.980661e+03
12.0 9.900773e+03 9.819383e+03 9.775490e+03 9.856881e+03
0.7 9.795962e+03 9.841818e+03 9.875476e+03 9.829620e+03
1.7 9.861903e+03 9.840089e+03 9.874030e+03 9.895844e+03
2.7 9.893743e+03 9.842541e+03 9.876765e+03 9.927967e+03
3.7 9.866172e+03 9.840354e+03 9.874855e+03 9.900673e+03
4.7 9.755910e+03 9.842395e+03 9.877158e+03 9.790673e+03
5.7 9.823612e+03 9.857901e+03 9.869553e+03 9.835264e+03
6.7 9.960073e+03 9.920524e+03 9.839619e+03 9.879168e+03
7.7 9.989909e+03 9.939277e+03 9.808112e+03 9.858744e+03
8.7 1.007850e+04 9.884706e+03 9.786865e+03 9.980661e+03
9.7 9.900773e+03 9.819383e+03 9.775490e+03 9.856881e+03
10.7 9.804651e+03 9.774373e+03 9.770272e+03 9.800550e+03
11.7 9.841906e+03 9.750060e+03 9.768128e+03 9.859974e+03
0.4 9.893743e+03 9.842541e+03 9.876765e+03 9.927967e+03
1.4 9.866172e+03 9.840354e+03 9.874855e+03 9.900673e+03
2.4 9.755910e+03 9.842395e+03 9.877158e+03 9.790673e+03
3.4 9.823612e+03 9.857901e+03 9.869553e+03 9.835264e+03
4.4 9.960073e+03 9.920524e+03 9.839619e+03 9.879168e+03
5.4 9.989909e+03 9.939277e+03 9.808112e+03 9.858744e+03
6.4 1.007850e+04 9.884706e+03 9.786865e+03 9.980661e+03
7.4 9.900773e+03 9.819383e+03 9.775490e+03 9.856881e+03
8.4 9.804651e+03 9.774373e+03 9.770272e+03 9.800550e+03
9.4 9.841906e+03 9.750060e+03 9.768128e+03 9.859974e+03
10.4 9.783855e+03 9.738713e+03 9.767371e+03 9.812513e+03
11.4 9.860633e+03 9.735984e+03 9.767151e+03 9.891800e+03
0.5 9.822752e+03 9.787692e+03 9.767600e+03 9.802660e+03
1.5 9.868315e+03 9.860304e+03 9.784415e+03 9.792427e+03
2.5 9.885237e+03 9.884938e+03 9.820257e+03 9.820557e+03
3.5 9.878919e+03 9.873968e+03 9.846359e+03 9.851310e+03
4.5 9.872554e+03 9.861278e+03 9.864354e+03 9.875630e+03
5.5 9.884638e+03 9.851374e+03 9.872419e+03 9.905682e+03
6.5 9.863079e+03 9.845091e+03 9.874948e+03 9.892936e+03
7.5 9.832036e+03 9.844718e+03 9.878440e+03 9.865759e+03
8.5 9.863191e+03 9.841941e+03 9.877231e+03 9.898481e+03
9.5 9.849896e+03 9.844228e+03 9.880120e+03 9.885789e+03
10.5 9.900260e+03 9.842576e+03 9.878801e+03 9.936485e+03
11.5 9.867117e+03 9.844407e+03 9.880642e+03 9.903353e+03
0.2 9.885237e+03 9.884938e+03 9.820257e+03 9.820557e+03
1.2 9.878919e+03 9.873968e+03 9.846359e+03 9.851310e+03
2.2 9.872554e+03 9.861278e+03 9.864354e+03 9.875630e+03
3.2 9.884638e+03 9.851374e+03 9.872419e+03 9.905682e+03
4.2 9.863079e+03 9.845091e+03 9.874948e+03 9.892936e+03
5.2 9.832036e+03 9.844718e+03 9.878440e+03 9.865759e+03
6.2 9.863191e+03 9.841941e+03 9.877231e+03 9.898481e+03
7.2 9.849896e+03 9.844228e+03 9.880120e+03 9.885789e+03
8.2 9.900260e+03 9.842576e+03 9.878801e+03 9.936485e+03
9.2 9.867117e+03 9.844407e+03 9.880642e+03 9.903353e+03
10.2 9.866645e+03 9.842547e+03 9.878815e+03 9.902913e+03
11.2 9.884801e+03 9.841043e+03 9.877350e+03 9.921108e+03
0.9 9.884638e+03 9.851374e+03 9.872419e+03 9.905682e+03
1.9 9.863079e+03 9.845091e+03 9.874948e+03 9.892936e+03
2.9 9.832036e+03 9.844718e+03 9.878440e+03 9.865759e+03
3.9 9.863191e+03 9.841941e+03 9.877231e+03 9.898481e+03
4.9 9.849896e+03 9.844228e+03 9.880120e+03 9.885789e+03
5.9 9.900260e+03 9.842576e+03 9.878801e+03 9.936485e+03
6.9 9.867117e+03 9.844407e+03 9.880642e+03 9.903353e+03
7.9 9.866645e+03 9.842547e+03 9.878815e+03 9.902913e+03
8.9 9.884801e+03 9.841043e+03 9.877350e+03 9.921108e+03
9.9 9.909240e+03 9.842556e+03 9.878902e+03 9.945586e+03
10.9 9.891306e+03 9.841139e+03 9.877521e+03 9.927687e+03
11.9 9.918957e+03 9.843910e+03 9.880327e+03 9.955373e+03
0.6 9.832036e+03 9.844718e+03 9.878440e+03 9.865759e+03
1.6 9.863191e+03 9.841941e+03 9.877231e+03 9.898481e+03
2.6 9.849896e+03 9.844228e+03 9.880120e+03 9.885789e+03
3.6 9.900260e+03 9.842576e+03 9.878801e+03 9.936485e+03
4.6 9.867117e+03 9.844407e+03 9.880642e+03 9.903353e+03
5.6 9.866645e+03 9.842547e+03 9.878815e+03 9.902913e+03
6.6 9.884801e+03 9.841043e+03 9.877350e+03 9.921108e+03
7.6 9.909240e+03 9.842556e+03 9.878902e+03 9.945586e+03
8.6 9.891306e+03 9.841139e+03 9.877521e+03 9.927687e+03
9.6 9.918957e+03 9.843910e+03 9.880327e+03 9.955373e+03
10.6 9.882240e+03 9.841837e+03 9.878295e+03 9.918699e+03
11.6 9.898249e+03 9.843755e+03 9.880240e+03 9.934733e+03
0.3 9.849896e+03 9.844228e+03 9.880120e+03 9.885789e+03
1.3 9.900260e+03 9.842576e+03 9.878801e+03 9.936485e+03
2.3 9.867117e+03 9.844407e+03 9.880642e+03 9.903353e+03
3.3 9.866645e+03 9.842547e+03 9.878815e+03 9.902913e+03
4.3 9.884801e+03 9.841043e+03 9.877350e+03 9.921108e+03
5.3 9.909240e+03 9.842556e+03 9.878902e+03 9.945586e+03
6.3 9.891306e+03 9.841139e+03 9.877521e+03 9.927687e+03
7.3 9.918957e+03 9.843910e+03 9.880327e+03 9.955373e+03
8.3 9.882240e+03 9.841837e+03 9.878295e+03 9.918699e+03
9.3 9.898249e+03 9.843755e+03 9.880240e+03 9.934733e+03
10.3 9.953336e+03 9.858286e+03 9.872953e+03 9.968003e+03
11.3 9.991980e+03 9.920240e+03 9.843053e+03 9.914793e+03
0.9 9.866645e+03 9.842547e+03 9.878815e+03 9.902913e+03
1.9 9.884801e+03 9.841043e+03 9.877350e+03 9.921108e+03
2.9 9.909240e+03 9.842556e+03 9.878902e+03 9.945586e+03
3.9 9.891306e+03 9.841139e+03 9.877521e+03 9.927687e+03
4.9 9.918957e+03 9.843910e+03 9.880327e+03 9.955373e+03
5.9 9.882240e+03 9.841837e+03 9.878295e+03 9.918699e+03
6.9 9.898249e+03 9.843755e+03 9.880240e+03 9.934733e+03
7.9 9.953336e+03 9.858286e+03 9.872953e+03 9.968003e+03
8.9 9.991980e+03 9.920240e+03 9.843053e+03 9.914793e+03
9.9 9.943690e+03 9.941150e+03 9.811091e+03 9.813632e+03
10.9 9.812441e+03 9.887533e+03 9.789303e+03 9.714212e+03
11.9 9.859312e+03 9.821813e+03 9.777486e+03 9.814985e+03
0.7 9.909240e+03 9.842556e+03 9.878902e+03 9.945586e+03
1.7 9.891306e+03 9.841139e+03 9.877521e+03 9.927687e+03
2.7 9.918957e+03 9.843910e+03 9.880327e+03 9.955373e+03
3.7 9.882240e+03 9.841837e+03 9.878295e+03 9.918699e+03
4.7 9.898249e+03 9.843755e+03 9.880240e+03 9.934733e+03
5.7 9.953336e+03 9.858286e+03 9.872953e+03 9.968003e+03
6.7 9.991980e+03 9.920240e+03 9.843053e+03 9.914793e+03
7.7 9.943690e+03 9.941150e+03 9.811091e+03 9.813632e+03
8.7 9.812441e+03 9.887533e+03 9.789303e+03 9.714212e+03
9.7 9.859312e+03 9.821813e+03 9.777486e+03 9.814985e+03
10.7 9.726434e+03 9.776120e+03 9.771940e+03 9.722254e+03
11.7 9.703510e+03 9.751285e+03 9.769549e+03 9.721773e+03
0.3 9.918957e+03 9.843910e+03 9.880327e+03 9.955373e+03
1.3 9.882240e+03 9.841837e+03 9.878295e+03 9.918699e+03
2.3 9.898249e+03 9.843755e+03 9.880240e+03 9.934733e+03
3.3 9.953336e+03 9.858286e+03 9.872953e+03 9.968003e+03
4.3 9.991980e+03 9.920240e+03 9.843053e+03 9.914793e+03
5.3 9.943690e+03 9.941150e+03 9.811091e+03 9.813632e+03
6.3 9.812441e+03 9.887533e+03 9.789303e+03 9.714212e+03
7.3 9.859312e+03 9.821813e+03 9.777486e+03 9.814985e+03
8.3 9.726434e+03 9.776120e+03 9.771940e+03 9.722254e+03
9.3 9.703510e+03 9.751285e+03 9.769549e+03 9.721773e+03
10.3 9.644427e+03 9.739616e+03 9.768594e+03 9.673404e+03
11.3 9.623039e+03 9.736700e+03 9.768213e+03 9.654552e+03
0.5 9.721295e+03 9.788385e+03 9.768618e+03 9.701528e+03
1.5 9.747868e+03 9.861578e+03 9.785975e+03 9.672265e+03
2.5 9.803284e+03 9.886233e+03 9.821811e+03 9.738862e+03
3.5 9.800933e+03 9.874310e+03 9.846902e+03 9.773525e+03
4.5 9.775275e+03 9.861115e+03 9.864321e+03 9.778481e+03
5.5 9.739293e+03 9.850634e+03 9.871739e+03 9.760398e+03
6.5 9.846602e+03 9.843337e+03 9.873195e+03 9.876460e+03
7.5 9.811067e+03 9.843396e+03 9.877068e+03 9.844740e+03
8.5 9.772997e+03 9.840466e+03 9.875657e+03 9.808188e+03
9.5 9.800143e+03 9.843038e+03 9.878778e+03 9.835882e+03
10.5 9.883185e+03 9.841529e+03 9.877524e+03 9.919180e+03
11.5 9.897979e+03 9.842991e+03 9.878895e+03 9.933882e+03
0.2 9.803284e+03 9.886233e+03 9.821811e+03 9.738862e+03
1.2 9.800933e+03 9.874310e+03 9.846902e+03 9.773525e+03
2.2 9.775275e+03 9.861115e+03 9.864321e+03 9.778481e+03
3.2 9.739293e+03 9.850634e+03 9.871739e+03 9.760398e+03
4.2 9.846602e+03 9.843337e+03 9.873195e+03 9.876460e+03
5.2 9.811067e+03 9.843396e+03 9.877068e+03 9.844740e+03
6.2 9.772997e+03 9.840466e+03 9.875657e+03 9.808188e+03
7.2 9.800143e+03 9.843038e+03 9.878778e+03 9.835882e+03
8.2 9.883185e+03 9.841529e+03 9.877524e+03 9.919180e+03
9.2 9.897979e+03 9.842991e+03 9.878895e+03 9.933882e+03
10.2 9.788651e+03 9.843041e+03 9.878865e+03 9.824475e+03
11.2 9.831285e+03 9.842387e+03 9.878143e+03 9.867041e+03
0.8 9.739293e+03 9.850634e+03 9.871739e+03 9.760398e+03
1.8 9.846602e+03 9.843337e+03 9.873195e+03 9.876460e+03
2.8 9.811067e+03 9.843396e+03 9.877068e+03 9.844740e+03
3.8 9.772997e+03 9.840466e+03 9.875657e+03 9.808188e+03
4.8 9.800143e+03 9.843038e+03 9.878778e+03 9.835882e+03
5.8 9.883185e+03 9.841529e+03 9.877524e+03 9.919180e+03
6.8 9.897979e+03 9.842991e+03 9.878895e+03 9.933882e+03
7.8 9.788651e+03 9.843041e+03 9.878865e+03 9.824475e+03
8.8 9.831285e+03 9.842387e+03 9.878143e+03 9.867041e+03
9.8 9.788020e+03 9.844065e+03 9.879755e+03 9.823709e+03
10.8 9.930720e+03 9.842024e+03 9.877641e+03 9.966337e+03
11.8 9.900920e+03 9.844429e+03 9.879958e+03 9.936450e+03
0.5 9.811067e+03 9.843396e+03 9.877068e+03 9.844740e+03
1.5 9.772997e+03 9.840466e+03 9.875657e+03 9.808188e+03
2.5 9.800143e+03 9.843038e+03 9.878778e+03 9.835882e+03
3.5 9.883185e+03 9.841529e+03 9.877524e+03 9.919180e+03
4.5 9.897979e+03 9.842991e+03 9.878895e+03 9.933882e+03
5.5 9.788651e+03 9.843041e+03 9.878865e+03 9.824475e+03
6.5 9.831285e+03 9.842387e+03 9.878143e+03 9.867041e+03
7.5 9.788020e+03 9.844065e+03 9.879755e+03 9.823709e+03
8.5 9.930720e+03 9.842024e+03 9.877641e+03 9.966337e+03
9.5 9.900920e+03 9.844429e+03 9.879958e+03 9.936450e+03
10.5 9.897435e+03 9.842241e+03 9.877664e+03 9.932857e+03
11.5 9.859580e+03 9.843836e+03 9.879115e+03 9.894859e+03
0.2 9.800143e+03 9.843038e+03 9.878778e+03 9.835882e+03
1.2 9.883185e+03 9.841529e+03 9.877524e+03 9.919180e+03
2.2 9.897979e+03 9.842991e+03 9.878895e+03 9.933882e+03
3.2 9.788651e+03 9.843041e+03 9.878865e+03 9.824475e+03
4.2 9.831285e+03 9.842387e+03 9.878143e+03 9.867041e+03
5.2 9.788020e+03 9.844065e+03 9.879755e+03 9.823709e+03
6.2 9.930720e+03 9.842024e+03 9.877641e+03 9.966337e+03
7.2 9.900920e+03 9.844429e+03 9.879958e+03 9.936450e+03
8.2 9.897435e+03 9.842241e+03 9.877664e+03 9.932857e+03
9.2 9.859580e+03 9.843836e+03 9.879115e+03 9.894859e+03
10.2 9.873892e+03 9.856631e+03 9.872793e+03 9.890053e+03
11.2 9.887016e+03 9.917198e+03 9.843377e+03 9.813195e+03
0.9 9.788651e+03 9.843041e+03 9.878865e+03 9.824475e+03
1.9 9.831285e+03 9.842387e+03 9.878143e+03 9.867041e+03
2.9 9.788020e+03 9.844065e+03 9.879755e+03 9.823709e+03
3.9 9.930720e+03 9.842024e+03 9.877641e+03 9.966337e+03
4.9 9.900920e+03 9.844429e+03 9.879958e+03 9.936450e+03
5.9 9.897435e+03 9.842241e+03 9.877664e+03 9.932857e+03
6.9 9.859580e+03 9.843836e+03 9.879115e+03 9.894859e+03
7.9 9.873892e+03 9.856631e+03 9.872793e+03 9.890053e+03
8.9 9.887016e+03 9.917198e+03 9.843377e+03 9.813195e+03
9.9 9.937434e+03 9.942579e+03 9.810836e+03 9.805690e+03
10.9 9.941027e+03 9.891236e+03 9.788191e+03 9.837982e+03
11.9 9.756788e+03 9.825015e+03 9.775620e+03 9.707393e+03
0.6 9.788020e+03 9.844065e+03 9.879755e+03 9.823709e+03
1.6 9.930720e+03 9.842024e+03 9.877641e+03 9.966337e+03
2.6 9.900920e+03 9.844429e+03 9.879958e+03 9.936450e+03
3.6 9.897435e+03 9.842241e+03 9.877664e+03 9.932857e+03
4.6 9.859580e+03 9.843836e+03 9.879115e+03 9.894859e+03
5.6 9.873892e+03 9.856631e+03 9.872793e+03 9.890053e+03
6.6 9.887016e+03 9.917198e+03 9.843377e+03 9.813195e+03
7.6 9.937434e+03 9.942579e+03 9.810836e+03 9.805690e+03
8.6 9.941027e+03 9.891236e+03 9.788191e+03 9.837982e+03
9.6 9.756788e+03 9.825015e+03 9.775620e+03 9.707393e+03
10.6 9.637665e+03 9.778177e+03 9.769451e+03 9.628939e+03
11.6 9.766312e+03 9.752495e+03 9.766489e+03 9.780307e+03
0.3 9.900920e+03 9.844429e+03 9.879958e+03 9.936450e+03
1.3 9.897435e+03 9.842241e+03 9.877664e+03 9.932857e+03
2.3 9.859580e+03 9.843836e+03 9.879115e+03 9.894859e+03
3.3 9.873892e+03 9.856631e+03 9.872793e+03 9.890053e+03
4.3 9.887016e+03 9.917198e+03 9.843377e+03 9.813195e+03
5.3 9.937434e+03 9.942579e+03 9.810836e+03 9.805690e+03
6.3 9.941027e+03 9.891236e+03 9.788191e+03 9.837982e+03
7.3 9.756788e+03 9.825015e+03 9.775620e+03 9.707393e+03
8.3 9.637665e+03 9.778177e+03 9.769451e+03 9.628939e+03
9.3 9.766312e+03 9.752495e+03 9.766489e+03 9.780307e+03
10.3 9.668451e+03 9.740362e+03 9.764949e+03 9.693038e+03
11.3 9.740931e+03 9.737236e+03 9.763934e+03 9.767628e+03
0.5 9.775421e+03 9.788828e+03 9.763618e+03 9.750211e+03
1.5 9.829691e+03 9.861978e+03 9.780154e+03 9.747868e+03
2.5 9.889171e+03 9.886590e+03 9.815058e+03 9.817639e+03
3.5 9.811480e+03 9.875191e+03 9.839654e+03 9.775943e+03
4.5 9.824191e+03 9.862313e+03 9.856257e+03 9.818135e+03
5.5 9.800755e+03 9.851958e+03 9.862554e+03 9.811350e+03
6.5 9.837271e+03 9.845609e+03 9.863588e+03 9.855250e+03
7.5 9.828096e+03 9.844785e+03 9.865086e+03 9.848397e+03
8.5 9.853250e+03 9.841187e+03 9.861389e+03 9.873452e+03
9.5 9.772887e+03 9.843181e+03 9.862202e+03 9.791908e+03
10.5 9.873870e+03 9.840870e+03 9.858361e+03 9.891361e+03
11.5 9.818592e+03 9.842268e+03 9.857808e+03 9.834132e+03
0.2 9.889171e+03 9.886590e+03 9.815058e+03 9.817639e+03
1.2 9.811480e+03 9.875191e+03 9.839654e+03 9.775943e+03
2.2 9.824191e+03 9.862313e+03 9.856257e+03 9.818135e+03
3.2 9.800755e+03 9.851958e+03 9.862554e+03 9.811350e+03
4.2 9.837271e+03 9.845609e+03 9.863588e+03 9.855250e+03
5.2 9.828096e+03 9.844785e+03 9.865086e+03 9.848397e+03
6.2 9.853250e+03 9.841187e+03 9.861389e+03 9.873452e+03
7.2 9.772887e+03 9.843181e+03 9.862202e+03 9.791908e+03
8.2 9.873870e+03 9.840870e+03 9.858361e+03 9.891361e+03
9.2 9.818592e+03 9.842268e+03 9.857808e+03 9.834132e+03
10.2 9.918753e+03 9.841012e+03 9.854476e+03 9.932217e+03
11.2 9.870230e+03 9.839910e+03 9.851147e+03 9.881468e+03
0.9 9.800755e+03 9.851958e+03 9.862554e+03 9.811350e+03
1.9 9.837271e+03 9.845609e+03 9.863588e+03 9.855250e+03
2.9 9.828096e+03 9.844785e+03 9.865086e+03 9.848397e+03
3.9 9.853250e+03 9.841187e+03 9.861389e+03 9.873452e+03
4.9 9.772887e+03 9.843181e+03 9.862202e+03 9.791908e+03
5.9 9.873870e+03 9.840870e+03 9.858361e+03 9.891361e+03
6.9 9.818592e+03 9.842268e+03 9.857808e+03 9.834132e+03
7.9 9.918753e+03 9.841012e+03 9.854476e+03 9.932217e+03
8.9 9.870230e+03 9.839910e+03 9.851147e+03 9.881468e+03
9.9 9.862679e+03 9.841182e+03 9.850045e+03 9.871542e+03
10.9 9.817036e+03 9.839295e+03 9.845650e+03 9.823391e+03
11.9 9.781633e+03 9.841558e+03 9.845283e+03 9.785358e+03
0.6 9.828096e+03 9.844785e+03 9.865086e+03 9.848397e+03
1.6 9.853250e+03 9.841187e+03 9.861389e+03 9.873452e+03
2.6 9.772887e+03 9.843181e+03 9.862202e+03 9.791908e+03
3.6 9.873870e+03 9.840870e+03 9.858361e+03 9.891361e+03
4.6 9.818592e+03 9.842268e+03 9.857808e+03 9.834132e+03
5.6 9.918753e+03 9.841012e+03 9.854476e+03 9.932217e+03
6.6 9.870230e+03 9.839910e+03 9.851147e+03 9.881468e+03
7.6 9.862679e+03 9.841182e+03 9.850045e+03 9.871542e+03
8.6 9.817036e+03 9.839295e+03 9.845650e+03 9.823391e+03
9.6 9.781633e+03 9.841558e+03 9.845283e+03 9.785358e+03
10.6 9.878335e+03 9.837878e+03 9.838869e+03 9.879325e+03
0.3 9.772887e+03 9.843181e+03 9.862202e+03 9.791908e+03
1.3 9.873870e+03 9.840870e+03 9.858361e+03 9.891361e+03
2.3 9.818592e+03 9.842268e+03 9.857808e+03 9.834132e+03
3.3 9.918753e+03 9.841012e+03 9.854476e+03 9.932217e+03
4.3 9.870230e+03 9.839910e+03 9.851147e+03 9.881468e+03
5.3 9.862679e+03 9.841182e+03 9.850045e+03 9.871542e+03
6.3 9.817036e+03 9.839295e+03 9.845650e+03 9.823391e+03
7.3 9.781633e+03 9.841558e+03 9.845283e+03 9.785358e+03
8.3 9.878335e+03 9.837878e+03 9.838869e+03 9.879325e+03
1.0 9.918753e+03 9.841012e+03 9.854476e+03 9.932217e+03
2.0 9.870230e+03 9.839910e+03 9.851147e+03 9.881468e+03
3.0 9.862679e+03 9.841182e+03 9.850045e+03 9.871542e+03
4.0 9.817036e+03 9.839295e+03 9.845650e+03 9.823391e+03
5.0 9.781633e+03 9.841558e+03 9.845283e+03 9.785358e+03
6.0 9.878335e+03 9.837878e+03 9.838869e+03 9.879325e+03
0.6 9.862679e+03 9.841182e+03 9.850045e+03 9.871542e+03
1.6 9.817036e+03 9.839295e+03 9.845650e+03 9.823391e+03
2.6 9.781633e+03 9.841558e+03 9.845283e+03 9.785358e+03
3.6 9.878335e+03 9.837878e+03 9.838869e+03 9.879325e+03
0.3 9.781633e+03 9.841558e+03 9.845283e+03 9.785358e+03
1.3 9.878335e+03 9.837878e+03 9.838869e+03 9.879325e+03
