0.6 1.158350e+03 1.252766e+03 1.196003e+03 1.101587e+03
1.6 1.211384e+03 1.241297e+03 1.191924e+03 1.162011e+03
2.6 1.253545e+03 1.214590e+03 1.185074e+03 1.224029e+03
3.6 1.292740e+03 1.197693e+03 1.184268e+03 1.279315e+03
4.6 1.248844e+03 1.188701e+03 1.184710e+03 1.244853e+03
5.6 1.218812e+03 1.180718e+03 1.181442e+03 1.219536e+03
6.6 1.296265e+03 1.179159e+03 1.182060e+03 1.299166e+03
7.6 1.292238e+03 1.182867e+03 1.186782e+03 1.296153e+03
8.6 1.152917e+03 1.186444e+03 1.191420e+03 1.157893e+03
9.6 1.258066e+03 1.183301e+03 1.194415e+03 1.269180e+03
10.6 1.342214e+03 1.176811e+03 1.195542e+03 1.360944e+03
11.6 1.151528e+03 1.172415e+03 1.191197e+03 1.170311e+03
0.5 1.292740e+03 1.197693e+03 1.184268e+03 1.279315e+03
1.5 1.248844e+03 1.188701e+03 1.184710e+03 1.244853e+03
2.5 1.218812e+03 1.180718e+03 1.181442e+03 1.219536e+03
3.4 1.296265e+03 1.179159e+03 1.182060e+03 1.299166e+03
4.4 1.292238e+03 1.182867e+03 1.186782e+03 1.296153e+03
5.4 1.152917e+03 1.186444e+03 1.191420e+03 1.157893e+03
6.4 1.258066e+03 1.183301e+03 1.194415e+03 1.269180e+03
7.4 1.342214e+03 1.176811e+03 1.195542e+03 1.360944e+03
8.4 1.151528e+03 1.172415e+03 1.191197e+03 1.170311e+03
9.4 1.136299e+03 1.170474e+03 1.185014e+03 1.150839e+03
10.4 1.135439e+03 1.174688e+03 1.185304e+03 1.146055e+03
11.4 1.143832e+03 1.181041e+03 1.189325e+03 1.152116e+03
0.7 1.342214e+03 1.176811e+03 1.195542e+03 1.360944e+03
1.7 1.151528e+03 1.172415e+03 1.191197e+03 1.170311e+03
2.7 1.136299e+03 1.170474e+03 1.185014e+03 1.150839e+03
3.7 1.135439e+03 1.174688e+03 1.185304e+03 1.146055e+03
4.7 1.143832e+03 1.181041e+03 1.189325e+03 1.152116e+03
5.7 1.153767e+03 1.190814e+03 1.193042e+03 1.155995e+03
6.7 1.256532e+03 1.209054e+03 1.195345e+03 1.242822e+03
7.7 1.148377e+03 1.217736e+03 1.196528e+03 1.127169e+03
8.7 1.229826e+03 1.209468e+03 1.197078e+03 1.217436e+03
9.7 1.286542e+03 1.193688e+03 1.197326e+03 1.290179e+03
10.7 1.171539e+03 1.182935e+03 1.197446e+03 1.186050e+03
11.7 1.135344e+03 1.175634e+03 1.197520e+03 1.157230e+03
0.8 1.241583e+03 1.203290e+03 1.197469e+03 1.235763e+03
1.8 1.230558e+03 1.188119e+03 1.192420e+03 1.234858e+03
2.8 1.069530e+03 1.175943e+03 1.185501e+03 1.079089e+03
3.8 1.049428e+03 1.168474e+03 1.180595e+03 1.061549e+03
4.8 1.210923e+03 1.164638e+03 1.178064e+03 1.224348e+03
5.8 1.073985e+03 1.167713e+03 1.181920e+03 1.088191e+03
6.8 1.171482e+03 1.171621e+03 1.186377e+03 1.186238e+03
7.8 1.231535e+03 1.169231e+03 1.184376e+03 1.246680e+03
8.8 1.042385e+03 1.168136e+03 1.183024e+03 1.057273e+03
9.8 1.134800e+03 1.181518e+03 1.186719e+03 1.140001e+03
10.8 1.188254e+03 1.201133e+03 1.191471e+03 1.178592e+03
11.8 1.234566e+03 1.205920e+03 1.194855e+03 1.223502e+03
0.8 1.069530e+03 1.175943e+03 1.185501e+03 1.079089e+03
1.8 1.049428e+03 1.168474e+03 1.180595e+03 1.061549e+03
2.8 1.210923e+03 1.164638e+03 1.178064e+03 1.224348e+03
3.8 1.073985e+03 1.167713e+03 1.181920e+03 1.088191e+03
4.8 1.171482e+03 1.171621e+03 1.186377e+03 1.186238e+03
5.8 1.231535e+03 1.169231e+03 1.184376e+03 1.246680e+03
6.8 1.042385e+03 1.168136e+03 1.183024e+03 1.057273e+03
7.8 1.134800e+03 1.181518e+03 1.186719e+03 1.140001e+03
8.8 1.188254e+03 1.201133e+03 1.191471e+03 1.178592e+03
9.8 1.234566e+03 1.205920e+03 1.194855e+03 1.223502e+03
10.8 1.276613e+03 1.217401e+03 1.196706e+03 1.255919e+03
11.8 1.322076e+03 1.245403e+03 1.197578e+03 1.274252e+03
0.2 1.073985e+03 1.167713e+03 1.181920e+03 1.088191e+03
1.2 1.171482e+03 1.171621e+03 1.186377e+03 1.186238e+03
2.2 1.231535e+03 1.169231e+03 1.184376e+03 1.246680e+03
3.2 1.042385e+03 1.168136e+03 1.183024e+03 1.057273e+03
4.2 1.134800e+03 1.181518e+03 1.186719e+03 1.140001e+03
5.2 1.188254e+03 1.201133e+03 1.191471e+03 1.178592e+03
6.2 1.234566e+03 1.205920e+03 1.194855e+03 1.223502e+03
7.2 1.276613e+03 1.217401e+03 1.196706e+03 1.255919e+03
8.2 1.322076e+03 1.245403e+03 1.197578e+03 1.274252e+03
9.2 1.313784e+03 1.248164e+03 1.197932e+03 1.263551e+03
10.2 1.368368e+03 1.228104e+03 1.198051e+03 1.338315e+03
11.2 1.206347e+03 1.207213e+03 1.198066e+03 1.197200e+03
0.3 1.206347e+03 1.207213e+03 1.198066e+03 1.197200e+03
1.3 1.042509e+03 1.191092e+03 1.195510e+03 1.046927e+03
2.3 1.165089e+03 1.176830e+03 1.188298e+03 1.176557e+03
3.3 1.034059e+03 1.170525e+03 1.185174e+03 1.048708e+03
4.3 1.255165e+03 1.173369e+03 1.188007e+03 1.269804e+03
5.3 1.177401e+03 1.188865e+03 1.192023e+03 1.180559e+03
6.3 1.112467e+03 1.205556e+03 1.194857e+03 1.101768e+03
7.3 1.103801e+03 1.206099e+03 1.196369e+03 1.094071e+03
8.3 1.205534e+03 1.194601e+03 1.197035e+03 1.207968e+03
9.3 1.171031e+03 1.181404e+03 1.197265e+03 1.186892e+03
10.3 1.263719e+03 1.195505e+03 1.197296e+03 1.265511e+03
11.3 1.338342e+03 1.232078e+03 1.197247e+03 1.303511e+03
0.1 1.338342e+03 1.232078e+03 1.197247e+03 1.303511e+03
1.1 1.366784e+03 1.239454e+03 1.195590e+03 1.322921e+03
2.1 1.315050e+03 1.217118e+03 1.188773e+03 1.286705e+03
3.1 1.129694e+03 1.194568e+03 1.184033e+03 1.119159e+03
4.1 1.063424e+03 1.181217e+03 1.182338e+03 1.064544e+03
5.1 1.365900e+03 1.172280e+03 1.179184e+03 1.372805e+03
6.1 1.090072e+03 1.177618e+03 1.180675e+03 1.093129e+03
7.1 1.134864e+03 1.198079e+03 1.185852e+03 1.122638e+03
8.1 1.156899e+03 1.208831e+03 1.190542e+03 1.138610e+03
9.1 1.191293e+03 1.205220e+03 1.193411e+03 1.179484e+03
10.1 1.155982e+03 1.194839e+03 1.194812e+03 1.155956e+03
11.1 1.200860e+03 1.183138e+03 1.195378e+03 1.213100e+03
0.5 1.129694e+03 1.194568e+03 1.184033e+03 1.119159e+03
1.5 1.063424e+03 1.181217e+03 1.182338e+03 1.064544e+03
2.5 1.365900e+03 1.172280e+03 1.179184e+03 1.372805e+03
3.5 1.090072e+03 1.177618e+03 1.180675e+03 1.093129e+03
4.5 1.134864e+03 1.198079e+03 1.185852e+03 1.122638e+03
5.5 1.156899e+03 1.208831e+03 1.190542e+03 1.138610e+03
6.5 1.191293e+03 1.205220e+03 1.193411e+03 1.179484e+03
7.5 1.155982e+03 1.194839e+03 1.194812e+03 1.155956e+03
8.5 1.200860e+03 1.183138e+03 1.195378e+03 1.213100e+03
9.5 1.163002e+03 1.178859e+03 1.195538e+03 1.179681e+03
10.5 1.106631e+03 1.177137e+03 1.195513e+03 1.125007e+03
11.5 1.111159e+03 1.174145e+03 1.195432e+03 1.132446e+03
1.0 1.211144e+03 1.250025e+03 1.193459e+03 1.154578e+03
2.0 1.172229e+03 1.224198e+03 1.187385e+03 1.135415e+03
3.0 1.167868e+03 1.202160e+03 1.181930e+03 1.147638e+03
4.0 1.269468e+03 1.192036e+03 1.183300e+03 1.260732e+03
5.0 1.282498e+03 1.183873e+03 1.187440e+03 1.286065e+03
6.0 1.242368e+03 1.180088e+03 1.190880e+03 1.253160e+03
7.0 1.254653e+03 1.180187e+03 1.192912e+03 1.267379e+03
8.0 1.157409e+03 1.179223e+03 1.193921e+03 1.172107e+03
9.0 1.191621e+03 1.181846e+03 1.194369e+03 1.204144e+03
10.0 1.214571e+03 1.182938e+03 1.194553e+03 1.226186e+03
11.0 1.142673e+03 1.181829e+03 1.194626e+03 1.155470e+03
12.0 1.115295e+03 1.185004e+03 1.194651e+03 1.124943e+03
0.1 1.141514e+03 1.184109e+03 1.194582e+03 1.151987e+03
1.1 1.059105e+03 1.184538e+03 1.192765e+03 1.067332e+03
2.1 1.098563e+03 1.182723e+03 1.185874e+03 1.101713e+03
3.1 1.153793e+03 1.182666e+03 1.181670e+03 1.152798e+03
4.1 1.187605e+03 1.187434e+03 1.183940e+03 1.184112e+03
5.1 1.226039e+03 1.192044e+03 1.188033e+03 1.222028e+03
6.1 1.229020e+03 1.189385e+03 1.191112e+03 1.230747e+03
7.1 1.333578e+03 1.184574e+03 1.192820e+03 1.341825e+03
8.1 1.252026e+03 1.185328e+03 1.193608e+03 1.260306e+03
9.1 1.283607e+03 1.183443e+03 1.193913e+03 1.294077e+03
10.1 1.230688e+03 1.181436e+03 1.193997e+03 1.243249e+03
11.1 1.143927e+03 1.185493e+03 1.193994e+03 1.152428e+03
0.4 1.194443e+03 1.177473e+03 1.194617e+03 1.211587e+03
1.4 1.131282e+03 1.173655e+03 1.191910e+03 1.149537e+03
2.4 1.209709e+03 1.170360e+03 1.184805e+03 1.224153e+03
3.4 1.163017e+03 1.171659e+03 1.182216e+03 1.173574e+03
4.4 1.228655e+03 1.177087e+03 1.185388e+03 1.236956e+03
5.4 1.183341e+03 1.184265e+03 1.189555e+03 1.188631e+03
6.4 1.180185e+03 1.200671e+03 1.192503e+03 1.172018e+03
7.4 1.123372e+03 1.214006e+03 1.194151e+03 1.103518e+03
8.4 1.145600e+03 1.211281e+03 1.194982e+03 1.129301e+03
9.4 1.191564e+03 1.201778e+03 1.195399e+03 1.185185e+03
10.4 1.221919e+03 1.189881e+03 1.195632e+03 1.227670e+03
11.4 1.195831e+03 1.179499e+03 1.195799e+03 1.212131e+03
0.2 1.242771e+03 1.233833e+03 1.196040e+03 1.204978e+03
1.2 1.169248e+03 1.238511e+03 1.193885e+03 1.124622e+03
2.2 1.075605e+03 1.214650e+03 1.186923e+03 1.047878e+03
3.2 1.150048e+03 1.195752e+03 1.183615e+03 1.137911e+03
4.2 1.346944e+03 1.200659e+03 1.186467e+03 1.332752e+03
5.2 1.229990e+03 1.207694e+03 1.190719e+03 1.213016e+03
6.2 1.172643e+03 1.197422e+03 1.193853e+03 1.169074e+03
7.2 1.203690e+03 1.184007e+03 1.195660e+03 1.215343e+03
8.2 1.254778e+03 1.178582e+03 1.196609e+03 1.272805e+03
9.2 1.112364e+03 1.178172e+03 1.197124e+03 1.131316e+03
10.2 1.165399e+03 1.176555e+03 1.197450e+03 1.186293e+03
11.2 1.200685e+03 1.170778e+03 1.197714e+03 1.227622e+03
0.4 1.202866e+03 1.239440e+03 1.198710e+03 1.162136e+03
1.4 1.130419e+03 1.219480e+03 1.196203e+03 1.107143e+03
2.4 1.156485e+03 1.194424e+03 1.189324e+03 1.151384e+03
3.4 1.222483e+03 1.180344e+03 1.186881e+03 1.229020e+03
4.4 1.233608e+03 1.174190e+03 1.186667e+03 1.246085e+03
5.4 1.191723e+03 1.168895e+03 1.183969e+03 1.206798e+03
0.5 1.222483e+03 1.180344e+03 1.186881e+03 1.229020e+03
1.5 1.233608e+03 1.174190e+03 1.186667e+03 1.246085e+03
2.5 1.191723e+03 1.168895e+03 1.183969e+03 1.206798e+03
