0.5 9.005961e+03 8.883199e+03 8.945479e+03 9.068241e+03
1.5 8.984260e+03 8.936684e+03 9.000419e+03 9.047996e+03
2.5 8.960374e+03 9.008186e+03 9.058755e+03 9.010944e+03
3.5 8.954761e+03 9.028985e+03 9.048245e+03 8.974021e+03
4.5 8.949000e+03 9.014882e+03 9.011081e+03 8.945199e+03
5.5 8.928950e+03 8.999764e+03 8.980347e+03 8.909533e+03
6.5 8.948037e+03 8.989050e+03 8.962394e+03 8.921382e+03
7.5 8.934238e+03 8.982478e+03 8.953597e+03 8.905357e+03
8.5 8.887251e+03 8.981309e+03 8.949706e+03 8.855648e+03
9.5 8.909877e+03 8.978062e+03 8.948061e+03 8.879876e+03
10.5 9.012297e+03 8.979634e+03 8.947328e+03 8.979991e+03
0.1 8.951417e+03 8.979071e+03 8.944757e+03 8.917103e+03
1.1 8.982268e+03 8.995652e+03 8.968292e+03 8.954908e+03
2.1 9.124578e+03 9.062537e+03 9.062546e+03 9.124586e+03
3.1 9.139781e+03 9.084911e+03 9.113726e+03 9.168595e+03
4.1 9.189208e+03 9.031550e+03 9.079791e+03 9.237449e+03
5.1 9.032550e+03 8.966214e+03 9.024855e+03 9.091191e+03
6.1 9.010057e+03 8.920922e+03 8.984334e+03 9.073469e+03
7.1 8.984824e+03 8.896386e+03 8.961758e+03 9.050196e+03
8.1 8.975894e+03 8.884910e+03 8.950974e+03 9.041959e+03
9.1 8.993249e+03 8.882154e+03 8.948419e+03 9.059514e+03
10.1 8.994739e+03 8.934763e+03 9.000617e+03 9.060594e+03
0.5 8.993249e+03 8.882154e+03 8.948419e+03 9.059514e+03
1.5 8.994739e+03 8.934763e+03 9.000617e+03 9.060594e+03
2.5 9.009373e+03 9.006956e+03 9.057437e+03 9.059854e+03
3.5 9.009138e+03 9.028313e+03 9.046023e+03 9.026848e+03
4.5 9.011490e+03 9.014426e+03 9.008272e+03 9.005336e+03
5.5 8.998907e+03 8.999632e+03 8.977025e+03 8.976300e+03
6.5 8.986061e+03 8.988708e+03 8.958727e+03 8.956080e+03
7.5 9.029929e+03 8.982047e+03 8.949754e+03 8.997635e+03
8.5 9.064068e+03 8.981303e+03 8.945817e+03 9.028582e+03
9.5 9.038265e+03 8.978601e+03 8.944221e+03 9.003885e+03
10.5 9.047604e+03 8.980630e+03 8.943607e+03 9.010582e+03
0.1 9.051970e+03 8.980136e+03 8.943004e+03 9.014839e+03
1.1 9.069353e+03 8.995691e+03 8.965222e+03 9.038884e+03
2.1 9.103044e+03 9.061891e+03 9.058759e+03 9.099912e+03
3.1 9.161747e+03 9.086509e+03 9.112600e+03 9.187838e+03
4.1 9.114823e+03 9.034176e+03 9.080187e+03 9.160834e+03
5.1 8.947084e+03 8.968481e+03 9.025298e+03 9.003901e+03
6.1 8.815334e+03 8.922527e+03 8.984414e+03 8.877221e+03
7.1 8.763625e+03 8.897486e+03 8.961559e+03 8.827699e+03
8.1 8.743688e+03 8.885703e+03 8.950649e+03 8.808634e+03
9.1 8.791500e+03 8.882772e+03 8.948067e+03 8.856794e+03
10.1 8.810102e+03 8.935362e+03 9.000286e+03 8.875026e+03
0.5 8.791500e+03 8.882772e+03 8.948067e+03 8.856794e+03
1.5 8.810102e+03 8.935362e+03 9.000286e+03 8.875026e+03
2.5 8.887831e+03 9.008091e+03 9.057146e+03 8.936885e+03
3.5 8.897906e+03 9.029470e+03 9.045761e+03 8.914196e+03
4.5 8.889358e+03 9.014718e+03 9.008067e+03 8.882707e+03
5.5 8.851962e+03 8.999470e+03 8.976893e+03 8.829385e+03
6.5 8.875970e+03 8.988025e+03 8.958665e+03 8.846611e+03
7.5 8.890302e+03 8.980442e+03 8.949752e+03 8.859612e+03
8.5 8.905455e+03 8.980100e+03 8.945868e+03 8.871224e+03
9.5 8.914580e+03 8.977262e+03 8.944322e+03 8.881639e+03
10.5 8.938421e+03 8.979558e+03 8.943763e+03 8.902626e+03
0.0 8.992365e+03 8.980335e+03 8.944232e+03 8.956262e+03
1.0 9.034261e+03 8.994022e+03 8.963700e+03 9.003939e+03
2.0 9.140636e+03 9.058759e+03 9.055331e+03 9.137208e+03
3.0 9.185902e+03 9.087991e+03 9.114315e+03 9.212227e+03
4.0 9.159097e+03 9.038062e+03 9.085091e+03 9.206126e+03
5.0 8.884686e+03 8.971935e+03 9.030458e+03 8.943208e+03
6.0 8.841613e+03 8.924881e+03 8.989044e+03 8.905775e+03
7.0 8.904254e+03 8.899036e+03 8.965907e+03 8.971124e+03
8.0 8.874174e+03 8.886841e+03 8.955120e+03 8.942453e+03
9.0 8.881291e+03 8.883764e+03 8.952971e+03 8.950498e+03
10.0 8.880844e+03 8.936333e+03 9.005829e+03 8.950340e+03
0.5 8.881291e+03 8.883764e+03 8.952971e+03 8.950498e+03
1.5 8.880844e+03 8.936333e+03 9.005829e+03 8.950340e+03
2.5 8.895676e+03 9.009104e+03 9.063481e+03 8.950053e+03
3.5 8.890684e+03 9.030536e+03 9.053000e+03 8.913148e+03
4.5 8.910942e+03 9.016370e+03 9.016346e+03 8.910918e+03
5.5 8.924407e+03 9.001529e+03 8.986324e+03 8.909202e+03
6.5 8.946884e+03 8.990329e+03 8.969368e+03 8.925923e+03
7.5 8.963374e+03 8.983755e+03 8.961849e+03 8.941467e+03
8.5 8.966015e+03 8.982760e+03 8.959485e+03 8.942739e+03
9.5 8.947862e+03 8.979481e+03 8.959585e+03 8.927966e+03
10.5 8.931632e+03 8.981427e+03 8.960788e+03 8.910992e+03
