0.6 1.038994e+03 1.060095e+03 1.010559e+03 9.894584e+02
1.6 9.553806e+02 1.052907e+03 1.009225e+03 9.116984e+02
2.6 1.036769e+03 1.034480e+03 1.006984e+03 1.009274e+03
3.6 1.026720e+03 1.021190e+03 1.006720e+03 1.012251e+03
4.6 1.017878e+03 1.013860e+03 1.006865e+03 1.010884e+03
5.6 9.879480e+02 1.009240e+03 1.005796e+03 9.845034e+02
6.6 1.025013e+03 1.007995e+03 1.005998e+03 1.023016e+03
7.6 9.701019e+02 1.009050e+03 1.007543e+03 9.685950e+02
8.6 9.817752e+02 1.009602e+03 1.009060e+03 9.812330e+02
9.6 1.028016e+03 1.001033e+03 1.010040e+03 1.037023e+03
10.6 1.013970e+03 9.892800e+02 1.010409e+03 1.035099e+03
11.6 1.002445e+03 9.882441e+02 1.008987e+03 1.023188e+03
0.5 1.026720e+03 1.021190e+03 1.006720e+03 1.012251e+03
1.5 1.017878e+03 1.013860e+03 1.006865e+03 1.010884e+03
2.5 9.879480e+02 1.009240e+03 1.005796e+03 9.845034e+02
3.4 1.025013e+03 1.007995e+03 1.005998e+03 1.023016e+03
4.4 9.701019e+02 1.009050e+03 1.007543e+03 9.685950e+02
5.4 9.817752e+02 1.009602e+03 1.009060e+03 9.812330e+02
6.4 1.028016e+03 1.001033e+03 1.010040e+03 1.037023e+03
7.4 1.013970e+03 9.892800e+02 1.010409e+03 1.035099e+03
8.4 1.002445e+03 9.882441e+02 1.008987e+03 1.023188e+03
9.4 1.041667e+03 9.937110e+02 1.006964e+03 1.054921e+03
10.4 1.079152e+03 1.000763e+03 1.007059e+03 1.085448e+03
11.4 9.829691e+02 1.006364e+03 1.008375e+03 9.849797e+02
0.7 1.013970e+03 9.892800e+02 1.010409e+03 1.035099e+03
1.7 1.002445e+03 9.882441e+02 1.008987e+03 1.023188e+03
2.7 1.041667e+03 9.937110e+02 1.006964e+03 1.054921e+03
3.7 1.079152e+03 1.000763e+03 1.007059e+03 1.085448e+03
4.7 9.829691e+02 1.006364e+03 1.008375e+03 9.849797e+02
5.7 1.068471e+03 1.006706e+03 1.009591e+03 1.071357e+03
6.7 9.540148e+02 9.989495e+02 1.010344e+03 9.654093e+02
7.7 1.025054e+03 9.950718e+02 1.010731e+03 1.040713e+03
8.7 9.617183e+02 9.969290e+02 1.010911e+03 9.757006e+02
9.7 9.585544e+02 9.972809e+02 1.010992e+03 9.722657e+02
10.7 1.056986e+03 9.981182e+02 1.011032e+03 1.069900e+03
11.7 9.574709e+02 9.975651e+02 1.011056e+03 9.709615e+02
0.8 9.774489e+02 1.024456e+03 1.011039e+03 9.640321e+02
1.8 9.817692e+02 1.014716e+03 1.009387e+03 9.764399e+02
2.8 9.284940e+02 1.008274e+03 1.007124e+03 9.273441e+02
3.8 9.727134e+02 1.004687e+03 1.005519e+03 9.735456e+02
4.8 9.145262e+02 1.002893e+03 1.004691e+03 9.163241e+02
5.8 9.513347e+02 1.003613e+03 1.005952e+03 9.536739e+02
6.8 9.501641e+02 1.004724e+03 1.007410e+03 9.528509e+02
7.8 9.941260e+02 1.003856e+03 1.006756e+03 9.970253e+02
8.8 9.246284e+02 1.002873e+03 1.006313e+03 9.280684e+02
9.8 9.491535e+02 9.978921e+02 1.007522e+03 9.587837e+02
10.8 9.249089e+02 9.901757e+02 1.009077e+03 9.438100e+02
11.8 1.115326e+03 9.909290e+02 1.010184e+03 1.134581e+03
0.8 9.284940e+02 1.008274e+03 1.007124e+03 9.273441e+02
1.8 9.727134e+02 1.004687e+03 1.005519e+03 9.735456e+02
2.8 9.145262e+02 1.002893e+03 1.004691e+03 9.163241e+02
3.8 9.513347e+02 1.003613e+03 1.005952e+03 9.536739e+02
4.8 9.501641e+02 1.004724e+03 1.007410e+03 9.528509e+02
5.8 9.941260e+02 1.003856e+03 1.006756e+03 9.970253e+02
6.8 9.246284e+02 1.002873e+03 1.006313e+03 9.280684e+02
7.8 9.491535e+02 9.978921e+02 1.007522e+03 9.587837e+02
8.8 9.249089e+02 9.901757e+02 1.009077e+03 9.438100e+02
9.8 1.115326e+03 9.909290e+02 1.010184e+03 1.134581e+03
10.8 1.097410e+03 1.011712e+03 1.010790e+03 1.096487e+03
11.8 1.140848e+03 1.046749e+03 1.011075e+03 1.105174e+03
0.2 9.513347e+02 1.003613e+03 1.005952e+03 9.536739e+02
1.2 9.501641e+02 1.004724e+03 1.007410e+03 9.528509e+02
2.2 9.941260e+02 1.003856e+03 1.006756e+03 9.970253e+02
3.2 9.246284e+02 1.002873e+03 1.006313e+03 9.280684e+02
4.2 9.491535e+02 9.978921e+02 1.007522e+03 9.587837e+02
5.2 9.249089e+02 9.901757e+02 1.009077e+03 9.438100e+02
6.2 1.115326e+03 9.909290e+02 1.010184e+03 1.134581e+03
7.2 1.097410e+03 1.011712e+03 1.010790e+03 1.096487e+03
8.2 1.140848e+03 1.046749e+03 1.011075e+03 1.105174e+03
9.2 1.145237e+03 1.056636e+03 1.011190e+03 1.099791e+03
10.2 1.109758e+03 1.043915e+03 1.011230e+03 1.077073e+03
11.2 1.095188e+03 1.028401e+03 1.011234e+03 1.078021e+03
0.3 1.095188e+03 1.028401e+03 1.011234e+03 1.078021e+03
1.3 1.004350e+03 1.017115e+03 1.010398e+03 9.976340e+02
2.3 1.082696e+03 1.009282e+03 1.008039e+03 1.081453e+03
3.3 1.166954e+03 1.005842e+03 1.007017e+03 1.168128e+03
4.3 1.009917e+03 1.005115e+03 1.007944e+03 1.012746e+03
5.3 1.040672e+03 9.990607e+02 1.009257e+03 1.050869e+03
6.3 9.915829e+02 9.916550e+02 1.010185e+03 1.010113e+03
7.3 1.015213e+03 9.928944e+02 1.010679e+03 1.032998e+03
8.3 1.020197e+03 9.959312e+02 1.010897e+03 1.035163e+03
9.3 1.009711e+03 9.967036e+02 1.010972e+03 1.023979e+03
10.3 1.032679e+03 1.015544e+03 1.010982e+03 1.028117e+03
11.3 1.071113e+03 1.049414e+03 1.010966e+03 1.032666e+03
0.1 1.071113e+03 1.049414e+03 1.010966e+03 1.032666e+03
1.1 1.063026e+03 1.057795e+03 1.010424e+03 1.015655e+03
2.1 1.015017e+03 1.043166e+03 1.008194e+03 9.800457e+02
3.1 1.003338e+03 1.026972e+03 1.006644e+03 9.830103e+02
4.1 1.035624e+03 1.016777e+03 1.006089e+03 1.024937e+03
5.1 1.017966e+03 1.010821e+03 1.005057e+03 1.012202e+03
6.1 9.600327e+02 1.005554e+03 1.005545e+03 9.600235e+02
7.1 9.839854e+02 9.970626e+02 1.007239e+03 9.941615e+02
8.1 1.002610e+03 9.950422e+02 1.008773e+03 1.016340e+03
9.1 9.281587e+02 1.000239e+03 1.009711e+03 9.376311e+02
10.1 9.917692e+02 1.003866e+03 1.010170e+03 9.980730e+02
11.1 8.992330e+02 1.003116e+03 1.010355e+03 9.064724e+02
0.5 1.003338e+03 1.026972e+03 1.006644e+03 9.830103e+02
1.5 1.035624e+03 1.016777e+03 1.006089e+03 1.024937e+03
2.5 1.017966e+03 1.010821e+03 1.005057e+03 1.012202e+03
3.5 9.600327e+02 1.005554e+03 1.005545e+03 9.600235e+02
4.5 9.839854e+02 9.970626e+02 1.007239e+03 9.941615e+02
5.5 1.002610e+03 9.950422e+02 1.008773e+03 1.016340e+03
6.5 9.281587e+02 1.000239e+03 1.009711e+03 9.376311e+02
7.5 9.917692e+02 1.003866e+03 1.010170e+03 9.980730e+02
8.5 8.992330e+02 1.003116e+03 1.010355e+03 9.064724e+02
9.5 8.934297e+02 1.004329e+03 1.010407e+03 8.995084e+02
10.5 9.477894e+02 1.005100e+03 1.010399e+03 9.530889e+02
11.5 1.030959e+03 1.003631e+03 1.010373e+03 1.037701e+03
1.0 1.054511e+03 1.062579e+03 1.009727e+03 1.001660e+03
2.0 9.958241e+02 1.044069e+03 1.007740e+03 9.594953e+02
3.0 1.090008e+03 1.028446e+03 1.005955e+03 1.067518e+03
4.0 1.115344e+03 1.017871e+03 1.006404e+03 1.103877e+03
5.0 1.057696e+03 1.002760e+03 1.007758e+03 1.062694e+03
6.0 1.017142e+03 9.937328e+02 1.008883e+03 1.032293e+03
7.0 9.620800e+02 9.950521e+02 1.009548e+03 9.765762e+02
8.0 9.712741e+02 9.981072e+02 1.009878e+03 9.830451e+02
9.0 1.067916e+03 1.003285e+03 1.010025e+03 1.074655e+03
10.0 1.027228e+03 1.006041e+03 1.010085e+03 1.031272e+03
11.0 9.303120e+02 1.006212e+03 1.010109e+03 9.342088e+02
12.0 8.735758e+02 1.009247e+03 1.010117e+03 8.744457e+02
0.1 1.035727e+03 9.971572e+02 1.010095e+03 1.048664e+03
1.1 9.571377e+02 9.998948e+02 1.009500e+03 9.667429e+02
2.1 1.035810e+03 1.005948e+03 1.007246e+03 1.037108e+03
3.1 1.054490e+03 1.011466e+03 1.005870e+03 1.048894e+03
4.1 9.898112e+02 1.016421e+03 1.006613e+03 9.800035e+02
5.1 9.884517e+02 1.018725e+03 1.007952e+03 9.776784e+02
6.1 9.830140e+02 1.010353e+03 1.008959e+03 9.816201e+02
7.1 9.879246e+02 1.000244e+03 1.009518e+03 9.971989e+02
8.1 9.816063e+02 1.000583e+03 1.009776e+03 9.907996e+02
9.1 9.539365e+02 9.972047e+02 1.009876e+03 9.666074e+02
10.1 1.040240e+03 9.939182e+02 1.009903e+03 1.056225e+03
11.1 1.023890e+03 1.000776e+03 1.009902e+03 1.033016e+03
0.4 9.838230e+02 9.969888e+02 1.010106e+03 9.969403e+02
1.4 9.298582e+02 9.947442e+02 1.009220e+03 9.443343e+02
2.4 1.123342e+03 9.992066e+02 1.006896e+03 1.131031e+03
3.4 1.000270e+03 1.005270e+03 1.006049e+03 1.001049e+03
4.4 9.669675e+02 1.010510e+03 1.007087e+03 9.635440e+02
5.4 9.968028e+02 1.012378e+03 1.008450e+03 9.928745e+02
6.4 1.011112e+03 1.005601e+03 1.009415e+03 1.014925e+03
7.4 1.089368e+03 9.985439e+02 1.009954e+03 1.100778e+03
8.4 9.987924e+02 1.000016e+03 1.010225e+03 1.009002e+03
9.4 1.050406e+03 1.004789e+03 1.010362e+03 1.055979e+03
10.4 1.090191e+03 1.005612e+03 1.010438e+03 1.095017e+03
11.4 9.836571e+02 1.003397e+03 1.010493e+03 9.907528e+02
0.2 1.051116e+03 1.052418e+03 1.010572e+03 1.009270e+03
1.2 9.902498e+02 1.057486e+03 1.009866e+03 9.426302e+02
2.2 1.115134e+03 1.040928e+03 1.007589e+03 1.081795e+03
3.2 9.553919e+02 1.022260e+03 1.006507e+03 9.396385e+02
4.2 1.026435e+03 1.003843e+03 1.007440e+03 1.030031e+03
5.2 1.065071e+03 9.918414e+02 1.008831e+03 1.082061e+03
6.2 9.488278e+02 9.875217e+02 1.009856e+03 9.711622e+02
7.2 1.063328e+03 9.883972e+02 1.010447e+03 1.085378e+03
8.2 9.538110e+02 9.932359e+02 1.010758e+03 9.713328e+02
9.2 9.727884e+02 9.979204e+02 1.010926e+03 9.857941e+02
10.2 1.049083e+03 9.987883e+02 1.011033e+03 1.061328e+03
11.2 9.436254e+02 9.948626e+02 1.011119e+03 9.598821e+02
0.4 9.393729e+02 1.049557e+03 1.011445e+03 9.012612e+02
1.4 1.004406e+03 1.033446e+03 1.010625e+03 9.815847e+02
2.4 9.696278e+02 1.015319e+03 1.008374e+03 9.626830e+02
3.4 9.536485e+02 1.004092e+03 1.007575e+03 9.571322e+02
4.4 1.059848e+03 9.983274e+02 1.007505e+03 1.069026e+03
5.4 9.970823e+02 9.945279e+02 1.006623e+03 1.009177e+03
0.5 9.536485e+02 1.004092e+03 1.007575e+03 9.571322e+02
1.5 1.059848e+03 9.983274e+02 1.007505e+03 1.069026e+03
2.5 9.970823e+02 9.945279e+02 1.006623e+03 1.009177e+03
