0.2 1.143832e+03 1.181041e+03 1.189185e+03 1.151976e+03
1.2 1.153767e+03 1.190814e+03 1.194077e+03 1.157030e+03
2.2 1.256532e+03 1.209054e+03 1.209593e+03 1.257071e+03
3.2 1.148377e+03 1.217736e+03 1.217060e+03 1.147700e+03
4.2 1.229826e+03 1.209468e+03 1.210944e+03 1.231302e+03
5.2 1.286542e+03 1.193688e+03 1.201750e+03 1.294604e+03
6.2 1.171539e+03 1.182935e+03 1.195045e+03 1.183649e+03
7.2 1.135344e+03 1.175634e+03 1.191293e+03 1.151004e+03
8.2 1.065087e+03 1.173018e+03 1.189459e+03 1.081527e+03
9.2 1.155847e+03 1.172293e+03 1.188613e+03 1.172167e+03
10.2 1.267588e+03 1.168711e+03 1.188213e+03 1.287090e+03
11.2 1.079314e+03 1.174946e+03 1.187983e+03 1.092350e+03
0.7 1.042385e+03 1.168136e+03 1.187073e+03 1.061322e+03
1.7 1.134800e+03 1.181518e+03 1.196954e+03 1.150236e+03
2.7 1.188254e+03 1.201133e+03 1.211983e+03 1.199104e+03
3.7 1.234566e+03 1.205920e+03 1.213004e+03 1.241650e+03
4.7 1.276613e+03 1.217401e+03 1.204509e+03 1.263721e+03
5.7 1.322076e+03 1.245403e+03 1.196022e+03 1.272696e+03
6.7 1.313784e+03 1.248164e+03 1.190587e+03 1.256206e+03
7.7 1.368368e+03 1.228104e+03 1.187736e+03 1.328000e+03
8.7 1.206347e+03 1.207213e+03 1.186388e+03 1.185522e+03
9.7 1.042509e+03 1.191092e+03 1.185771e+03 1.037188e+03
10.7 1.165089e+03 1.176830e+03 1.185473e+03 1.173732e+03
11.7 1.034059e+03 1.170525e+03 1.185295e+03 1.048829e+03
0.8 1.255165e+03 1.173369e+03 1.186440e+03 1.268237e+03
1.8 1.177401e+03 1.188865e+03 1.198215e+03 1.186751e+03
2.8 1.112467e+03 1.205556e+03 1.212043e+03 1.118954e+03
3.8 1.103801e+03 1.206099e+03 1.210966e+03 1.108668e+03
4.8 1.205534e+03 1.194601e+03 1.202097e+03 1.213030e+03
5.8 1.171031e+03 1.181404e+03 1.194089e+03 1.183716e+03
6.8 1.263719e+03 1.195505e+03 1.189194e+03 1.257409e+03
7.8 1.338342e+03 1.232078e+03 1.186728e+03 1.292992e+03
8.8 1.366784e+03 1.239454e+03 1.185627e+03 1.312957e+03
9.8 1.315050e+03 1.217118e+03 1.185180e+03 1.283113e+03
10.8 1.129694e+03 1.194568e+03 1.185013e+03 1.120139e+03
11.8 1.063424e+03 1.181217e+03 1.184962e+03 1.067168e+03
0.3 1.365900e+03 1.172280e+03 1.185046e+03 1.378667e+03
1.3 1.090072e+03 1.177618e+03 1.191301e+03 1.103755e+03
2.3 1.134864e+03 1.198079e+03 1.207273e+03 1.144059e+03
3.3 1.156899e+03 1.208831e+03 1.213286e+03 1.161354e+03
4.3 1.191293e+03 1.205220e+03 1.206595e+03 1.192668e+03
5.3 1.155982e+03 1.194839e+03 1.197719e+03 1.158863e+03
6.3 1.200860e+03 1.183138e+03 1.191547e+03 1.209269e+03
7.3 1.163002e+03 1.178859e+03 1.188257e+03 1.172400e+03
8.3 1.106631e+03 1.177137e+03 1.186783e+03 1.116277e+03
9.3 1.111159e+03 1.174145e+03 1.186233e+03 1.123248e+03
10.3 1.180072e+03 1.175955e+03 1.186103e+03 1.190219e+03
11.3 1.179014e+03 1.180324e+03 1.186133e+03 1.184822e+03
0.3 1.158526e+03 1.174533e+03 1.186433e+03 1.170426e+03
1.3 1.028765e+03 1.181737e+03 1.191631e+03 1.038659e+03
2.3 1.337047e+03 1.202855e+03 1.207456e+03 1.341648e+03
3.3 1.245292e+03 1.215110e+03 1.215232e+03 1.245415e+03
4.3 1.057683e+03 1.212009e+03 1.209427e+03 1.055101e+03
5.3 1.236246e+03 1.203602e+03 1.200547e+03 1.233191e+03
6.3 1.218130e+03 1.192212e+03 1.194153e+03 1.220071e+03
7.3 1.169223e+03 1.183849e+03 1.190711e+03 1.176084e+03
8.3 1.258964e+03 1.180035e+03 1.189186e+03 1.268115e+03
9.3 1.200906e+03 1.176799e+03 1.188648e+03 1.212755e+03
10.3 1.147864e+03 1.178746e+03 1.188558e+03 1.157676e+03
11.3 1.218845e+03 1.184002e+03 1.188638e+03 1.223482e+03
0.6 1.183134e+03 1.191892e+03 1.189408e+03 1.180650e+03
1.6 1.274179e+03 1.205704e+03 1.198662e+03 1.267136e+03
2.6 1.284658e+03 1.223660e+03 1.213992e+03 1.274990e+03
3.6 1.222010e+03 1.226766e+03 1.215789e+03 1.211034e+03
4.6 1.202818e+03 1.217443e+03 1.207507e+03 1.192881e+03
5.6 1.201614e+03 1.202803e+03 1.198915e+03 1.197727e+03
6.6 1.227254e+03 1.193005e+03 1.193341e+03 1.227590e+03
7.6 1.093910e+03 1.187325e+03 1.190401e+03 1.096985e+03
8.6 1.281263e+03 1.183914e+03 1.189008e+03 1.286357e+03
9.6 1.166523e+03 1.183498e+03 1.188375e+03 1.171401e+03
10.6 1.220017e+03 1.181858e+03 1.188076e+03 1.226235e+03
11.6 1.170178e+03 1.183977e+03 1.187899e+03 1.174100e+03
0.5 1.186587e+03 1.182454e+03 1.187457e+03 1.191590e+03
1.5 1.212118e+03 1.194344e+03 1.195483e+03 1.213256e+03
2.5 1.219254e+03 1.214836e+03 1.211251e+03 1.215670e+03
3.5 1.268654e+03 1.219321e+03 1.214681e+03 1.264013e+03
4.5 1.314410e+03 1.206587e+03 1.206919e+03 1.314742e+03
5.5 1.305178e+03 1.195188e+03 1.198147e+03 1.308138e+03
6.5 1.147080e+03 1.191853e+03 1.192291e+03 1.147518e+03
7.5 1.183992e+03 1.192295e+03 1.189167e+03 1.180865e+03
8.5 1.203331e+03 1.191212e+03 1.187692e+03 1.199811e+03
9.5 1.167303e+03 1.183892e+03 1.187031e+03 1.170443e+03
10.5 1.043569e+03 1.179147e+03 1.186731e+03 1.051153e+03
11.5 1.191522e+03 1.181460e+03 1.186558e+03 1.196620e+03
1.0 1.183341e+03 1.184265e+03 1.188282e+03 1.187358e+03
2.0 1.180185e+03 1.200671e+03 1.201736e+03 1.181251e+03
3.0 1.123372e+03 1.214006e+03 1.213830e+03 1.123196e+03
4.0 1.145600e+03 1.211281e+03 1.210861e+03 1.145180e+03
5.0 1.191564e+03 1.201778e+03 1.201783e+03 1.191568e+03
6.0 1.221919e+03 1.189881e+03 1.194255e+03 1.226293e+03
7.0 1.195831e+03 1.179499e+03 1.189838e+03 1.206170e+03
8.0 1.204431e+03 1.197102e+03 1.187686e+03 1.195016e+03
9.0 1.242771e+03 1.233833e+03 1.186774e+03 1.195712e+03
10.0 1.169248e+03 1.238511e+03 1.186447e+03 1.117184e+03
11.0 1.075605e+03 1.214650e+03 1.186367e+03 1.047322e+03
12.0 1.150048e+03 1.195752e+03 1.189394e+03 1.143690e+03
0.0 1.075605e+03 1.214650e+03 1.186367e+03 1.047322e+03
1.0 1.150048e+03 1.195752e+03 1.189394e+03 1.143690e+03
2.0 1.346944e+03 1.200659e+03 1.203908e+03 1.350193e+03
3.0 1.229990e+03 1.207694e+03 1.214766e+03 1.237062e+03
4.0 1.172643e+03 1.197422e+03 1.210835e+03 1.186056e+03
5.0 1.203690e+03 1.184007e+03 1.201880e+03 1.221563e+03
6.0 1.254778e+03 1.178582e+03 1.194862e+03 1.271058e+03
7.0 1.112364e+03 1.178172e+03 1.190936e+03 1.125128e+03
8.0 1.165399e+03 1.176555e+03 1.189171e+03 1.178015e+03
9.0 1.200685e+03 1.170778e+03 1.188572e+03 1.218479e+03
10.0 1.227827e+03 1.170184e+03 1.188524e+03 1.246168e+03
11.0 1.141949e+03 1.195863e+03 1.188711e+03 1.134797e+03
