1.173415e+03 1.184478e+03 1.195988e+03 1.161905e+03
1.264916e+03 1.185982e+03 1.191907e+03 1.258991e+03
1.212476e+03 1.188971e+03 1.184979e+03 1.216468e+03
1.150229e+03 1.189320e+03 1.183446e+03 1.156103e+03
1.296354e+03 1.189004e+03 1.183348e+03 1.302010e+03
1.118493e+03 1.190356e+03 1.180032e+03 1.128817e+03
1.136447e+03 1.190389e+03 1.179464e+03 1.147373e+03
1.135054e+03 1.190919e+03 1.177978e+03 1.147995e+03
1.104216e+03 1.191230e+03 1.177001e+03 1.118444e+03
1.142208e+03 1.192553e+03 1.187579e+03 1.147181e+03
1.153780e+03 1.206121e+03 1.225131e+03 1.134770e+03
1.158350e+03 1.216347e+03 1.252766e+03 1.121931e+03
1.211384e+03 1.212749e+03 1.241297e+03 1.182835e+03
1.253545e+03 1.205397e+03 1.214590e+03 1.244352e+03
1.292740e+03 1.197463e+03 1.197693e+03 1.292510e+03
1.248844e+03 1.192494e+03 1.188701e+03 1.252636e+03
1.218812e+03 1.191839e+03 1.180718e+03 1.229934e+03
1.296265e+03 1.190540e+03 1.179159e+03 1.307646e+03
1.292238e+03 1.187789e+03 1.182867e+03 1.297160e+03
1.152917e+03 1.185308e+03 1.186444e+03 1.151781e+03
1.258066e+03 1.183741e+03 1.183301e+03 1.258506e+03
1.342214e+03 1.183167e+03 1.176811e+03 1.348569e+03
1.151528e+03 1.185323e+03 1.172415e+03 1.164437e+03
1.136299e+03 1.188388e+03 1.170474e+03 1.154213e+03
1.135439e+03 1.188206e+03 1.174688e+03 1.148957e+03
1.143832e+03 1.186157e+03 1.181041e+03 1.148948e+03
1.153767e+03 1.186758e+03 1.190814e+03 1.149711e+03
1.256532e+03 1.193369e+03 1.209054e+03 1.240847e+03
1.148377e+03 1.196517e+03 1.217736e+03 1.127157e+03
1.229826e+03 1.194465e+03 1.209468e+03 1.214823e+03
1.286542e+03 1.193045e+03 1.193688e+03 1.285899e+03
1.171539e+03 1.191564e+03 1.182935e+03 1.180168e+03
1.135344e+03 1.191290e+03 1.175634e+03 1.151001e+03
1.065087e+03 1.190518e+03 1.173018e+03 1.082586e+03
1.155847e+03 1.187753e+03 1.172293e+03 1.171307e+03
1.267588e+03 1.184859e+03 1.168711e+03 1.283735e+03
1.079314e+03 1.185320e+03 1.174946e+03 1.089687e+03
1.191327e+03 1.199379e+03 1.210833e+03 1.179873e+03
1.204823e+03 1.212437e+03 1.243155e+03 1.174105e+03
1.310720e+03 1.208768e+03 1.239475e+03 1.280013e+03
1.267326e+03 1.198321e+03 1.220347e+03 1.245301e+03
1.241583e+03 1.189885e+03 1.203290e+03 1.228179e+03
1.230558e+03 1.187280e+03 1.188119e+03 1.229719e+03
1.069530e+03 1.188156e+03 1.175943e+03 1.081744e+03
1.049428e+03 1.189403e+03 1.168474e+03 1.070357e+03
1.210923e+03 1.190107e+03 1.164638e+03 1.236392e+03
1.073985e+03 1.187880e+03 1.167713e+03 1.094152e+03
1.171482e+03 1.185460e+03 1.171621e+03 1.185322e+03
1.231535e+03 1.186343e+03 1.169231e+03 1.248647e+03
1.042385e+03 1.187215e+03 1.168136e+03 1.061464e+03
1.134800e+03 1.190265e+03 1.181518e+03 1.143547e+03
1.188254e+03 1.195366e+03 1.201133e+03 1.182487e+03
1.234566e+03 1.194411e+03 1.205920e+03 1.223058e+03
1.276613e+03 1.198324e+03 1.217401e+03 1.257536e+03
1.322076e+03 1.211464e+03 1.245403e+03 1.288138e+03
1.313784e+03 1.212487e+03 1.248164e+03 1.278107e+03
1.368368e+03 1.202319e+03 1.228104e+03 1.342582e+03
1.206347e+03 1.191826e+03 1.207213e+03 1.190960e+03
1.042509e+03 1.186273e+03 1.191092e+03 1.037690e+03
1.165089e+03 1.186294e+03 1.176830e+03 1.174553e+03
1.034059e+03 1.186193e+03 1.170525e+03 1.049727e+03
1.255165e+03 1.184698e+03 1.173369e+03 1.266495e+03
1.177401e+03 1.188335e+03 1.188865e+03 1.176871e+03
1.112467e+03 1.193740e+03 1.205556e+03 1.100651e+03
1.103801e+03 1.192521e+03 1.206099e+03 1.090223e+03
1.205534e+03 1.189625e+03 1.194601e+03 1.200557e+03
1.171031e+03 1.189205e+03 1.181404e+03 1.178832e+03
1.263719e+03 1.197205e+03 1.195505e+03 1.265420e+03
1.338342e+03 1.212067e+03 1.232078e+03 1.318331e+03
1.366784e+03 1.213658e+03 1.239454e+03 1.340988e+03
1.315050e+03 1.206786e+03 1.217118e+03 1.304718e+03
1.129694e+03 1.198844e+03 1.194568e+03 1.133969e+03
1.063424e+03 1.193119e+03 1.181217e+03 1.075326e+03
1.365900e+03 1.191383e+03 1.172280e+03 1.385004e+03
1.090072e+03 1.192282e+03 1.177618e+03 1.104737e+03
1.134864e+03 1.197107e+03 1.198079e+03 1.133893e+03
1.156899e+03 1.197600e+03 1.208831e+03 1.145668e+03
1.191293e+03 1.192838e+03 1.205220e+03 1.178911e+03
1.155982e+03 1.189442e+03 1.194839e+03 1.150585e+03
1.200860e+03 1.189457e+03 1.183138e+03 1.207179e+03
1.163002e+03 1.188627e+03 1.178859e+03 1.172770e+03
1.106631e+03 1.188316e+03 1.177137e+03 1.117810e+03
1.111159e+03 1.189546e+03 1.174145e+03 1.126560e+03
1.180072e+03 1.188779e+03 1.175955e+03 1.192896e+03
1.179014e+03 1.186556e+03 1.180324e+03 1.185245e+03
1.136942e+03 1.184643e+03 1.178740e+03 1.142844e+03
1.158526e+03 1.183545e+03 1.174533e+03 1.167538e+03
1.028765e+03 1.185565e+03 1.181737e+03 1.032594e+03
1.337047e+03 1.193236e+03 1.202855e+03 1.327428e+03
1.245292e+03 1.197045e+03 1.215110e+03 1.227228e+03
1.057683e+03 1.194127e+03 1.212009e+03 1.039801e+03
1.236246e+03 1.190141e+03 1.203602e+03 1.222786e+03
1.218130e+03 1.189763e+03 1.192212e+03 1.215681e+03
1.169223e+03 1.190639e+03 1.183849e+03 1.176012e+03
1.258964e+03 1.191072e+03 1.180035e+03 1.270001e+03
1.200906e+03 1.192163e+03 1.176799e+03 1.216271e+03
1.147864e+03 1.191084e+03 1.178746e+03 1.160202e+03
1.218845e+03 1.188510e+03 1.184002e+03 1.223353e+03
1.201873e+03 1.186625e+03 1.188030e+03 1.200467e+03
1.239622e+03 1.187913e+03 1.185800e+03 1.241735e+03
1.289655e+03 1.190077e+03 1.181826e+03 1.297906e+03
1.174371e+03 1.189688e+03 1.182952e+03 1.181108e+03
1.252938e+03 1.190112e+03 1.182444e+03 1.260606e+03
1.166927e+03 1.191502e+03 1.180000e+03 1.178429e+03
1.176597e+03 1.190502e+03 1.182343e+03 1.184755e+03
1.209986e+03 1.190732e+03 1.192097e+03 1.208621e+03
1.165214e+03 1.204104e+03 1.226522e+03 1.142796e+03
1.194184e+03 1.216715e+03 1.256321e+03 1.154578e+03
1.211144e+03 1.213411e+03 1.250025e+03 1.174530e+03
1.172229e+03 1.206089e+03 1.224198e+03 1.154119e+03
1.167868e+03 1.200351e+03 1.202160e+03 1.166059e+03
1.269468e+03 1.194759e+03 1.192036e+03 1.272191e+03
1.282498e+03 1.190343e+03 1.183873e+03 1.288968e+03
1.242368e+03 1.187741e+03 1.180088e+03 1.250021e+03
1.254653e+03 1.188248e+03 1.180187e+03 1.262714e+03
1.157409e+03 1.190976e+03 1.179223e+03 1.169163e+03
1.191621e+03 1.191587e+03 1.181846e+03 1.201362e+03
1.214571e+03 1.192313e+03 1.182938e+03 1.223947e+03
1.142673e+03 1.193617e+03 1.181829e+03 1.154460e+03
1.115295e+03 1.192492e+03 1.185004e+03 1.122783e+03
1.174547e+03 1.190192e+03 1.190262e+03 1.174477e+03
1.122234e+03 1.188349e+03 1.193376e+03 1.117206e+03
1.084682e+03 1.187312e+03 1.189001e+03 1.082994e+03
1.141514e+03 1.186859e+03 1.184109e+03 1.144264e+03
1.059105e+03 1.187610e+03 1.184538e+03 1.062178e+03
1.098563e+03 1.191046e+03 1.182723e+03 1.106885e+03
1.153793e+03 1.193195e+03 1.182666e+03 1.164323e+03
1.187605e+03 1.192119e+03 1.187434e+03 1.192291e+03
1.226039e+03 1.190138e+03 1.192044e+03 1.224133e+03
1.229020e+03 1.188658e+03 1.189385e+03 1.228293e+03
1.333578e+03 1.187854e+03 1.184574e+03 1.336858e+03
1.252026e+03 1.187499e+03 1.185328e+03 1.254197e+03
1.283607e+03 1.187376e+03 1.183443e+03 1.287540e+03
1.230688e+03 1.187357e+03 1.181436e+03 1.236609e+03
1.143927e+03 1.187377e+03 1.185493e+03 1.145811e+03
1.183134e+03 1.187637e+03 1.191892e+03 1.178879e+03
1.274179e+03 1.192360e+03 1.205704e+03 1.260834e+03
1.284658e+03 1.200112e+03 1.223660e+03 1.261110e+03
1.222010e+03 1.201086e+03 1.226766e+03 1.196331e+03
1.202818e+03 1.197836e+03 1.217443e+03 1.183210e+03
1.201614e+03 1.196762e+03 1.202803e+03 1.195573e+03
1.227254e+03 1.196210e+03 1.193005e+03 1.230459e+03
1.093910e+03 1.196198e+03 1.187325e+03 1.102782e+03
1.281263e+03 1.196571e+03 1.183914e+03 1.293919e+03
1.166523e+03 1.196191e+03 1.183498e+03 1.179216e+03
1.220017e+03 1.196743e+03 1.181858e+03 1.234902e+03
1.170178e+03 1.195525e+03 1.183977e+03 1.181726e+03
1.239832e+03 1.192763e+03 1.188187e+03 1.244408e+03
1.174420e+03 1.190325e+03 1.185959e+03 1.178786e+03
1.143438e+03 1.188800e+03 1.182467e+03 1.149770e+03
1.203199e+03 1.188002e+03 1.181211e+03 1.209990e+03
1.203790e+03 1.187618e+03 1.178253e+03 1.213155e+03
1.111597e+03 1.187423e+03 1.180436e+03 1.118584e+03
1.105847e+03 1.187314e+03 1.186566e+03 1.106595e+03
1.195326e+03 1.187227e+03 1.189107e+03 1.193445e+03
1.134517e+03 1.187145e+03 1.184208e+03 1.137454e+03
1.186587e+03 1.187173e+03 1.182454e+03 1.191306e+03
1.212118e+03 1.191117e+03 1.194344e+03 1.208891e+03
1.219254e+03 1.198923e+03 1.214836e+03 1.203342e+03
1.268654e+03 1.201593e+03 1.219321e+03 1.250926e+03
1.314410e+03 1.200873e+03 1.206587e+03 1.308695e+03
1.305178e+03 1.197952e+03 1.195188e+03 1.307943e+03
1.147080e+03 1.193638e+03 1.191853e+03 1.148865e+03
1.183992e+03 1.190033e+03 1.192295e+03 1.181730e+03
1.203331e+03 1.187756e+03 1.191212e+03 1.199876e+03
1.167303e+03 1.186489e+03 1.183892e+03 1.169900e+03
1.043569e+03 1.185784e+03 1.179147e+03 1.050207e+03
1.191522e+03 1.185334e+03 1.181460e+03 1.195396e+03
1.245615e+03 1.185001e+03 1.185551e+03 1.245066e+03
1.228643e+03 1.184704e+03 1.184112e+03 1.229234e+03
1.194443e+03 1.184424e+03 1.177473e+03 1.201394e+03
1.131282e+03 1.185533e+03 1.173655e+03 1.143160e+03
1.209709e+03 1.188830e+03 1.170360e+03 1.228179e+03
1.163017e+03 1.189859e+03 1.171659e+03 1.181217e+03
1.228655e+03 1.187998e+03 1.177087e+03 1.239566e+03
1.183341e+03 1.186726e+03 1.184265e+03 1.185802e+03
1.180185e+03 1.191706e+03 1.200671e+03 1.171220e+03
1.123372e+03 1.196647e+03 1.214006e+03 1.106014e+03
1.145600e+03 1.194458e+03 1.211281e+03 1.128777e+03
1.191564e+03 1.189509e+03 1.201778e+03 1.179295e+03
1.221919e+03 1.187285e+03 1.189881e+03 1.219323e+03
1.195831e+03 1.188424e+03 1.179499e+03 1.204756e+03
1.204431e+03 1.197933e+03 1.197102e+03 1.205262e+03
1.242771e+03 1.212813e+03 1.233833e+03 1.221751e+03
1.169248e+03 1.213798e+03 1.238511e+03 1.144535e+03
1.075605e+03 1.206577e+03 1.214650e+03 1.067532e+03
1.150048e+03 1.199283e+03 1.195752e+03 1.153580e+03
1.346944e+03 1.198378e+03 1.200659e+03 1.344663e+03
1.229990e+03 1.198702e+03 1.207694e+03 1.220999e+03
1.172643e+03 1.196395e+03 1.197422e+03 1.171615e+03
1.203690e+03 1.192355e+03 1.184007e+03 1.212038e+03
1.254778e+03 1.187017e+03 1.178582e+03 1.263213e+03
1.112364e+03 1.182552e+03 1.178172e+03 1.116744e+03
1.165399e+03 1.181046e+03 1.176555e+03 1.169889e+03
1.200685e+03 1.182866e+03 1.170778e+03 1.212773e+03
1.227827e+03 1.184038e+03 1.170184e+03 1.241682e+03
1.141949e+03 1.193529e+03 1.195863e+03 1.139615e+03
1.204308e+03 1.208543e+03 1.233997e+03 1.178854e+03
1.202866e+03 1.208442e+03 1.239440e+03 1.171868e+03
1.130419e+03 1.199654e+03 1.219480e+03 1.110594e+03
1.156485e+03 1.193489e+03 1.194424e+03 1.155550e+03
1.222483e+03 1.188773e+03 1.180344e+03 1.230912e+03
1.233608e+03 1.185981e+03 1.174190e+03 1.245399e+03
1.191723e+03 1.186188e+03 1.168895e+03 1.209017e+03
1.228144e+03 1.185060e+03 1.169612e+03 1.243592e+03
