9.027805e+03 8.967121e+03 8.904827e+03 9.090099e+03
9.006037e+03 9.022095e+03 8.958344e+03 9.069787e+03
8.981972e+03 9.080466e+03 9.029884e+03 9.032553e+03
8.976310e+03 9.069949e+03 9.050685e+03 8.995574e+03
8.970510e+03 9.032763e+03 9.036565e+03 8.966708e+03
8.950535e+03 9.002011e+03 9.021432e+03 8.931114e+03
8.969832e+03 8.984047e+03 9.010709e+03 8.943170e+03
8.955954e+03 8.975244e+03 9.004132e+03 8.927066e+03
8.908910e+03 8.971351e+03 9.002962e+03 8.877299e+03
8.931630e+03 8.969705e+03 8.999714e+03 8.901622e+03
9.034187e+03 8.968972e+03 9.001285e+03 9.001874e+03
8.996969e+03 8.968462e+03 8.998886e+03 8.966545e+03
9.060019e+03 8.968270e+03 9.000107e+03 9.028182e+03
9.038902e+03 8.968052e+03 8.999435e+03 9.007520e+03
9.025124e+03 8.967801e+03 8.999136e+03 8.993789e+03
9.007008e+03 8.967525e+03 9.000309e+03 8.974224e+03
9.043838e+03 8.967238e+03 8.998699e+03 9.012377e+03
9.038608e+03 8.966949e+03 9.000912e+03 9.004645e+03
9.014979e+03 8.966667e+03 8.998882e+03 8.982763e+03
8.972999e+03 8.966400e+03 9.000721e+03 8.938677e+03
9.003964e+03 8.989949e+03 9.017315e+03 8.976598e+03
9.146723e+03 9.084258e+03 9.084250e+03 9.146732e+03
9.161743e+03 9.135469e+03 9.106648e+03 9.190564e+03
9.211009e+03 9.101514e+03 9.053262e+03 9.259261e+03
9.054145e+03 9.046545e+03 8.987890e+03 9.112800e+03
9.031790e+03 9.006000e+03 8.942573e+03 9.095217e+03
9.006341e+03 8.983411e+03 8.918023e+03 9.071728e+03
8.997586e+03 8.972620e+03 8.906540e+03 9.063666e+03
9.014799e+03 8.970063e+03 8.903783e+03 9.081080e+03
9.016410e+03 9.022293e+03 8.956423e+03 9.082280e+03
9.030937e+03 9.079147e+03 9.028654e+03 9.081430e+03
9.030887e+03 9.067726e+03 9.050011e+03 9.048602e+03
9.033112e+03 9.029953e+03 9.036108e+03 9.026957e+03
9.020480e+03 8.998687e+03 9.021299e+03 8.997869e+03
9.007581e+03 8.980378e+03 9.010366e+03 8.977594e+03
9.051698e+03 8.971399e+03 9.003700e+03 9.019398e+03
9.085850e+03 8.967460e+03 9.002954e+03 9.050356e+03
9.059964e+03 8.965863e+03 9.000251e+03 9.025576e+03
9.069340e+03 8.965249e+03 9.002280e+03 9.032310e+03
9.069723e+03 8.964910e+03 9.000734e+03 9.033899e+03
9.051343e+03 8.964899e+03 9.002407e+03 9.013835e+03
9.058246e+03 8.964866e+03 9.000703e+03 9.022409e+03
9.058010e+03 8.964826e+03 8.999323e+03 9.023512e+03
9.066870e+03 8.964787e+03 9.000704e+03 9.030953e+03
9.061558e+03 8.964751e+03 8.999404e+03 9.026905e+03
9.068123e+03 8.964715e+03 9.001935e+03 9.030903e+03
9.094549e+03 8.964672e+03 9.000034e+03 9.059187e+03
9.073562e+03 8.964646e+03 9.001786e+03 9.036423e+03
9.091028e+03 8.986876e+03 9.017352e+03 9.060552e+03
9.124707e+03 9.080470e+03 9.083602e+03 9.121575e+03
9.183587e+03 9.134342e+03 9.108245e+03 9.209685e+03
9.136294e+03 9.101910e+03 9.055888e+03 9.182316e+03
8.968851e+03 9.046988e+03 8.990158e+03 9.025681e+03
8.836778e+03 9.006080e+03 8.944179e+03 8.898679e+03
8.785421e+03 8.983212e+03 8.919124e+03 8.849509e+03
8.765362e+03 8.972295e+03 8.907333e+03 8.830324e+03
8.813166e+03 8.969711e+03 8.904402e+03 8.878476e+03
8.831816e+03 9.021962e+03 8.957023e+03 8.896755e+03
8.909636e+03 9.078855e+03 9.029789e+03 8.958702e+03
8.919693e+03 9.067463e+03 9.051169e+03 8.935987e+03
8.911035e+03 9.029747e+03 9.036400e+03 8.904383e+03
8.873620e+03 8.998555e+03 9.021137e+03 8.851038e+03
8.897437e+03 8.980316e+03 9.009682e+03 8.868071e+03
8.911929e+03 8.971397e+03 9.002095e+03 8.881231e+03
8.927108e+03 8.967511e+03 9.001751e+03 8.892869e+03
8.936209e+03 8.965964e+03 8.998912e+03 8.903261e+03
8.960048e+03 8.965405e+03 9.001208e+03 8.924245e+03
8.970812e+03 8.965144e+03 8.999800e+03 8.936156e+03
8.984269e+03 8.965237e+03 9.001147e+03 8.948358e+03
8.997831e+03 8.965319e+03 9.001202e+03 8.961948e+03
8.983639e+03 8.965388e+03 9.000611e+03 8.948416e+03
9.001959e+03 8.965455e+03 9.002152e+03 8.965262e+03
9.027343e+03 8.965530e+03 9.000293e+03 8.992579e+03
9.029515e+03 8.965618e+03 9.002501e+03 8.992633e+03
9.041970e+03 8.965728e+03 9.000512e+03 9.007186e+03
9.014191e+03 8.965874e+03 9.001985e+03 8.978080e+03
9.055856e+03 8.985354e+03 9.015683e+03 9.025526e+03
9.162322e+03 9.077039e+03 9.080468e+03 9.158893e+03
9.207606e+03 9.136059e+03 9.109728e+03 9.233937e+03
9.181037e+03 9.106817e+03 9.059777e+03 9.228077e+03
8.906519e+03 9.052151e+03 8.993615e+03 8.965055e+03
8.863381e+03 9.010713e+03 8.946535e+03 8.927559e+03
8.925892e+03 8.987561e+03 8.920676e+03 8.992778e+03
8.895892e+03 8.976768e+03 8.908474e+03 8.964187e+03
8.902813e+03 8.974618e+03 8.905395e+03 8.972036e+03
8.902235e+03 9.027508e+03 8.957996e+03 8.971747e+03
8.917089e+03 9.085194e+03 9.030805e+03 8.971478e+03
8.912293e+03 9.074707e+03 9.052237e+03 8.934763e+03
8.932452e+03 9.038031e+03 9.038055e+03 8.932428e+03
8.946053e+03 9.007992e+03 9.023199e+03 8.930845e+03
8.968570e+03 8.991025e+03 9.011991e+03 8.947604e+03
8.984966e+03 8.983501e+03 9.005413e+03 8.963054e+03
8.987764e+03 8.981136e+03 9.004417e+03 8.964483e+03
8.969267e+03 8.981237e+03 9.001137e+03 8.949366e+03
8.953142e+03 8.982440e+03 9.003084e+03 8.932498e+03
8.992356e+03 8.983999e+03 9.001130e+03 8.975225e+03
9.029687e+03 8.985986e+03 9.002612e+03 9.013061e+03
9.037857e+03 8.988102e+03 9.001681e+03 9.024278e+03
9.046460e+03 8.990371e+03 9.000905e+03 9.035926e+03
9.039210e+03 8.992790e+03 9.002316e+03 9.029684e+03
9.017965e+03 8.995346e+03 9.000853e+03 9.012458e+03
9.009610e+03 8.998025e+03 9.003197e+03 9.004438e+03
9.009446e+03 9.000812e+03 9.000118e+03 9.010140e+03
9.047908e+03 9.003598e+03 9.001246e+03 9.050261e+03
