9.878430e+02 1.005158e+03 1.009472e+03 9.835294e+02
1.127496e+03 1.004796e+03 1.006483e+03 1.125809e+03
1.000317e+03 1.004476e+03 1.001304e+03 1.003489e+03
9.834107e+02 1.004200e+03 1.000336e+03 9.872746e+02
9.429914e+02 1.003964e+03 1.000502e+03 9.464526e+02
9.133041e+02 1.003763e+03 9.981741e+02 9.188931e+02
1.156192e+03 1.003596e+03 9.979782e+02 1.161809e+03
9.842770e+02 1.003460e+03 9.970875e+02 9.906491e+02
9.863402e+02 1.003358e+03 9.966182e+02 9.930798e+02
9.418101e+02 1.007267e+03 1.005523e+03 9.435536e+02
1.065150e+03 1.026345e+03 1.036845e+03 1.054651e+03
1.038994e+03 1.040588e+03 1.060095e+03 1.019487e+03
9.553806e+02 1.036106e+03 1.052907e+03 9.385797e+02
1.036769e+03 1.025566e+03 1.034480e+03 1.027856e+03
1.026720e+03 1.016175e+03 1.021190e+03 1.021705e+03
1.017878e+03 1.010571e+03 1.013860e+03 1.014589e+03
9.879480e+02 1.008664e+03 1.009240e+03 9.873717e+02
1.025013e+03 1.007370e+03 1.007995e+03 1.024388e+03
9.701019e+02 1.005823e+03 1.009050e+03 9.668758e+02
9.817752e+02 1.004568e+03 1.009602e+03 9.767414e+02
1.028016e+03 1.003806e+03 1.001033e+03 1.030789e+03
1.013970e+03 1.003547e+03 9.892800e+02 1.028237e+03
1.002445e+03 1.004550e+03 9.882441e+02 1.018751e+03
1.041667e+03 1.005965e+03 9.937110e+02 1.053921e+03
1.079152e+03 1.005871e+03 1.000763e+03 1.084260e+03
9.829691e+02 1.004906e+03 1.006364e+03 9.815107e+02
1.068471e+03 1.004001e+03 1.006706e+03 1.065767e+03
9.540148e+02 1.003415e+03 9.989495e+02 9.584804e+02
1.025054e+03 1.003079e+03 9.950718e+02 1.033061e+03
9.617183e+02 1.002881e+03 9.969290e+02 9.676703e+02
9.585544e+02 1.002744e+03 9.972809e+02 9.640179e+02
1.056986e+03 1.002629e+03 9.981182e+02 1.061497e+03
9.574709e+02 1.002518e+03 9.975651e+02 9.624236e+02
1.008114e+03 1.002407e+03 9.979036e+02 1.012617e+03
1.000378e+03 1.002291e+03 9.947847e+02 1.007884e+03
9.609750e+02 1.002171e+03 9.853190e+02 9.778270e+02
9.031393e+02 1.004950e+03 9.890995e+02 9.189903e+02
1.040228e+03 1.022734e+03 1.022293e+03 1.040669e+03
1.037282e+03 1.038697e+03 1.052929e+03 1.023050e+03
1.036870e+03 1.034643e+03 1.052361e+03 1.019153e+03
1.026120e+03 1.022462e+03 1.037776e+03 1.010806e+03
9.774489e+02 1.012431e+03 1.024456e+03 9.654242e+02
9.817692e+02 1.007592e+03 1.014716e+03 9.746449e+02
9.284940e+02 1.006177e+03 1.008274e+03 9.263975e+02
9.727134e+02 1.005925e+03 1.004687e+03 9.739519e+02
9.145262e+02 1.005888e+03 1.002893e+03 9.175211e+02
9.513347e+02 1.004685e+03 1.003613e+03 9.524067e+02
9.501641e+02 1.003476e+03 1.004724e+03 9.489163e+02
9.941260e+02 1.003851e+03 1.003856e+03 9.941202e+02
9.246284e+02 1.004094e+03 1.002873e+03 9.258487e+02
9.491535e+02 1.003179e+03 9.978921e+02 9.544401e+02
9.249089e+02 1.002030e+03 9.901757e+02 9.367630e+02
1.115326e+03 1.001513e+03 9.909290e+02 1.125910e+03
1.097410e+03 1.011797e+03 1.011712e+03 1.097494e+03
1.140848e+03 1.032603e+03 1.046749e+03 1.126703e+03
1.145237e+03 1.037156e+03 1.056636e+03 1.125757e+03
1.109758e+03 1.026922e+03 1.043915e+03 1.092765e+03
1.095188e+03 1.015388e+03 1.028401e+03 1.082175e+03
1.004350e+03 1.008332e+03 1.017115e+03 9.955679e+02
1.082696e+03 1.005996e+03 1.009282e+03 1.079410e+03
1.166954e+03 1.004913e+03 1.005842e+03 1.166024e+03
1.009917e+03 1.003544e+03 1.005115e+03 1.008347e+03
1.040672e+03 1.002388e+03 9.990607e+02 1.043999e+03
9.915829e+02 1.001688e+03 9.916550e+02 1.001616e+03
1.015213e+03 1.001413e+03 9.928944e+02 1.023732e+03
1.020197e+03 1.001388e+03 9.959312e+02 1.025654e+03
1.009711e+03 1.001914e+03 9.967036e+02 1.014921e+03
1.032679e+03 1.013651e+03 1.015544e+03 1.030786e+03
1.071113e+03 1.034639e+03 1.049414e+03 1.056338e+03
1.063026e+03 1.038770e+03 1.057795e+03 1.044001e+03
1.015017e+03 1.029970e+03 1.043166e+03 1.001822e+03
1.003338e+03 1.019830e+03 1.026972e+03 9.961965e+02
1.035624e+03 1.012933e+03 1.016777e+03 1.031781e+03
1.017966e+03 1.009942e+03 1.010821e+03 1.017088e+03
9.600327e+02 1.008000e+03 1.005554e+03 9.624784e+02
9.839854e+02 1.006247e+03 9.970626e+02 9.931695e+02
1.002610e+03 1.005061e+03 9.950422e+02 1.012628e+03
9.281587e+02 1.004454e+03 1.000239e+03 9.323733e+02
9.917692e+02 1.004283e+03 1.003866e+03 9.921857e+02
8.992330e+02 1.004333e+03 1.003116e+03 9.004503e+02
8.934297e+02 1.004469e+03 1.004329e+03 8.935697e+02
9.477894e+02 1.004637e+03 1.005100e+03 9.473269e+02
1.030959e+03 1.004808e+03 1.003631e+03 1.032136e+03
9.479756e+02 1.004977e+03 1.005326e+03 9.476269e+02
9.833364e+02 1.005139e+03 1.008228e+03 9.802472e+02
9.447930e+02 1.005282e+03 1.001584e+03 9.484914e+02
9.362833e+02 1.005405e+03 9.918878e+02 9.498008e+02
1.005393e+03 1.005509e+03 9.908732e+02 1.020029e+03
8.971809e+02 1.005595e+03 9.895215e+02 9.132544e+02
9.533857e+02 1.005664e+03 9.920052e+02 9.670447e+02
9.546057e+02 1.005717e+03 9.999010e+02 9.604219e+02
1.018241e+03 1.005755e+03 1.006821e+03 1.017174e+03
1.007812e+03 1.005777e+03 1.007377e+03 1.006213e+03
9.557773e+02 1.005786e+03 1.005912e+03 9.556512e+02
1.033600e+03 1.005783e+03 1.005208e+03 1.034175e+03
9.938192e+02 1.005769e+03 1.003540e+03 9.960479e+02
9.832662e+02 1.005746e+03 1.005245e+03 9.837671e+02
9.783652e+02 1.005715e+03 1.009275e+03 9.748054e+02
1.030924e+03 1.005679e+03 1.012244e+03 1.024359e+03
1.095019e+03 1.005643e+03 1.010300e+03 1.090362e+03
1.066307e+03 1.005609e+03 1.007014e+03 1.064902e+03
1.067133e+03 1.005576e+03 1.007700e+03 1.065010e+03
1.020586e+03 1.005542e+03 1.007131e+03 1.018998e+03
1.064831e+03 1.005510e+03 1.005076e+03 1.065265e+03
1.078726e+03 1.005481e+03 1.006756e+03 1.077452e+03
1.015330e+03 1.008364e+03 1.014489e+03 1.009205e+03
1.079383e+03 1.026263e+03 1.042847e+03 1.062799e+03
1.123591e+03 1.042354e+03 1.067459e+03 1.098487e+03
1.054511e+03 1.038670e+03 1.062579e+03 1.030602e+03
9.958241e+02 1.028053e+03 1.044069e+03 9.798081e+02
1.090008e+03 1.019349e+03 1.028446e+03 1.080911e+03
1.115344e+03 1.013194e+03 1.017871e+03 1.110667e+03
1.057696e+03 1.009399e+03 1.002760e+03 1.064335e+03
1.017142e+03 1.007404e+03 9.937328e+02 1.030814e+03
9.620800e+02 1.006509e+03 9.950521e+02 9.735373e+02
9.712741e+02 1.006168e+03 9.981072e+02 9.793350e+02
1.067916e+03 1.006087e+03 1.003285e+03 1.070718e+03
1.027228e+03 1.006155e+03 1.006041e+03 1.027342e+03
9.303120e+02 1.006262e+03 1.006212e+03 9.303620e+02
8.735758e+02 1.006387e+03 1.009247e+03 8.707152e+02
9.215093e+02 1.006524e+03 1.013700e+03 9.143330e+02
1.049972e+03 1.006666e+03 1.015420e+03 1.041218e+03
9.310408e+02 1.006812e+03 1.006185e+03 9.316675e+02
1.035727e+03 1.006961e+03 9.971572e+02 1.045530e+03
9.571377e+02 1.007523e+03 9.998948e+02 9.647664e+02
1.035810e+03 1.009259e+03 1.005948e+03 1.039121e+03
1.054490e+03 1.010370e+03 1.011466e+03 1.053394e+03
9.898112e+02 1.009981e+03 1.016421e+03 9.833709e+02
9.884517e+02 1.009165e+03 1.018725e+03 9.788915e+02
9.830140e+02 1.008579e+03 1.010353e+03 9.812401e+02
9.879246e+02 1.008305e+03 1.000244e+03 9.959855e+02
9.816063e+02 1.008237e+03 1.000583e+03 9.892610e+02
9.539365e+02 1.008275e+03 9.972047e+02 9.650067e+02
1.040240e+03 1.008357e+03 9.939182e+02 1.054679e+03
1.023890e+03 1.008452e+03 1.000776e+03 1.031566e+03
1.055231e+03 1.008549e+03 1.010536e+03 1.053245e+03
1.035450e+03 1.008645e+03 1.012463e+03 1.031632e+03
9.978519e+02 1.008730e+03 1.007533e+03 9.990489e+02
9.846500e+02 1.008801e+03 1.008612e+03 9.848388e+02
8.583116e+02 1.008862e+03 1.013351e+03 8.538226e+02
1.079092e+03 1.008916e+03 1.014094e+03 1.073914e+03
9.938855e+02 1.008964e+03 1.014317e+03 9.885318e+02
1.109798e+03 1.009005e+03 1.014054e+03 1.104748e+03
1.020099e+03 1.009039e+03 1.013384e+03 1.015755e+03
1.032584e+03 1.009065e+03 1.013979e+03 1.027669e+03
1.012966e+03 1.009083e+03 1.013160e+03 1.008889e+03
9.934573e+02 1.009094e+03 1.015081e+03 9.874699e+02
9.988304e+02 1.009096e+03 1.017520e+03 9.904064e+02
1.095218e+03 1.009089e+03 1.009800e+03 1.094507e+03
1.018215e+03 1.009074e+03 1.001603e+03 1.025686e+03
1.044863e+03 1.009050e+03 9.983947e+02 1.055518e+03
9.984700e+02 1.009015e+03 9.931177e+02 1.014367e+03
9.850146e+02 1.008968e+03 9.967075e+02 9.972748e+02
9.125779e+02 1.008912e+03 1.006997e+03 9.144922e+02
1.007996e+03 1.008845e+03 1.011404e+03 1.005436e+03
9.671106e+02 1.008765e+03 1.003531e+03 9.723447e+02
1.030177e+03 1.008673e+03 1.000364e+03 1.038486e+03
9.835115e+02 1.008569e+03 1.002043e+03 9.900369e+02
9.720107e+02 1.008453e+03 1.000474e+03 9.799893e+02
9.816851e+02 1.008325e+03 1.002129e+03 9.878808e+02
1.012385e+03 1.008184e+03 1.004471e+03 1.016098e+03
1.016123e+03 1.008031e+03 1.008354e+03 1.015800e+03
1.037732e+03 1.007866e+03 1.014018e+03 1.031579e+03
1.040889e+03 1.007687e+03 1.018635e+03 1.029941e+03
1.059606e+03 1.007496e+03 1.017925e+03 1.049177e+03
1.027889e+03 1.007293e+03 1.006136e+03 1.029046e+03
1.028066e+03 1.007076e+03 9.985067e+02 1.036636e+03
1.034151e+03 1.006847e+03 1.002640e+03 1.038358e+03
9.862936e+02 1.006606e+03 1.009709e+03 9.831909e+02
9.961165e+02 1.006353e+03 1.007621e+03 9.948484e+02
9.838230e+02 1.006094e+03 9.969888e+02 9.929283e+02
9.298582e+02 1.006468e+03 9.947442e+02 9.415824e+02
1.123342e+03 1.007850e+03 9.992066e+02 1.131985e+03
1.000270e+03 1.008177e+03 1.005270e+03 1.003177e+03
9.669675e+02 1.007162e+03 1.010510e+03 9.636194e+02
9.968028e+02 1.005909e+03 1.012378e+03 9.903338e+02
1.011112e+03 1.004931e+03 1.005601e+03 1.010442e+03
1.089368e+03 1.004248e+03 9.985439e+02 1.095072e+03
9.987924e+02 1.003748e+03 1.000016e+03 1.002524e+03
1.050406e+03 1.003339e+03 1.004789e+03 1.048956e+03
1.090191e+03 1.002970e+03 1.005612e+03 1.087549e+03
9.836571e+02 1.003216e+03 1.003397e+03 9.834761e+02
1.033930e+03 1.015309e+03 1.020941e+03 1.028297e+03
1.051116e+03 1.035476e+03 1.052418e+03 1.034174e+03
9.902498e+02 1.038191e+03 1.057486e+03 9.709548e+02
1.115134e+03 1.028629e+03 1.040928e+03 1.102835e+03
9.553919e+02 1.017809e+03 1.022260e+03 9.509409e+02
1.026435e+03 1.009571e+03 1.003843e+03 1.032162e+03
1.065071e+03 1.004512e+03 9.918414e+02 1.077742e+03
9.488278e+02 1.001774e+03 9.875217e+02 9.630802e+02
1.063328e+03 1.000355e+03 9.883972e+02 1.075286e+03
9.538110e+02 9.995786e+02 9.932359e+02 9.601537e+02
9.727884e+02 9.990701e+02 9.979204e+02 9.739381e+02
1.049083e+03 9.987165e+02 9.987883e+02 1.049012e+03
9.436254e+02 9.984218e+02 9.948626e+02 9.471846e+02
1.031759e+03 9.989482e+02 9.942985e+02 1.036409e+03
1.152916e+03 1.011975e+03 1.015027e+03 1.149864e+03
1.023849e+03 1.031848e+03 1.045932e+03 1.009766e+03
9.393729e+02 1.033134e+03 1.049557e+03 9.229505e+02
1.004406e+03 1.022437e+03 1.033446e+03 9.933972e+02
9.696278e+02 1.012779e+03 1.015319e+03 9.670878e+02
9.536485e+02 1.006162e+03 1.004092e+03 9.557190e+02
1.059848e+03 1.002479e+03 9.983274e+02 1.064000e+03
9.970823e+02 1.001383e+03 9.945279e+02 1.003937e+03
1.001383e+03 1.000257e+03 9.935262e+02 1.008114e+03
