1.312883e+02 9.094607e+01 9.094607e+01 1.312883e+02
1.802598e+02 9.094607e+01 9.094607e+01 1.802598e+02
6.874838e+01 9.094607e+01 9.094607e+01 6.874838e+01
6.915602e+01 9.094607e+01 9.094607e+01 6.915602e+01
1.249504e+02 9.094607e+01 9.094607e+01 1.249504e+02
6.651131e+01 9.094607e+01 9.094607e+01 6.651131e+01
5.092572e+01 9.094607e+01 9.094607e+01 5.092572e+01
7.712984e+01 9.094607e+01 9.094607e+01 7.712984e+01
4.965094e+01 9.094607e+01 9.094607e+01 4.965094e+01
8.820483e+01 9.094607e+01 9.094607e+01 8.820483e+01
1.236964e+02 9.094607e+01 9.094607e+01 1.236964e+02
1.202279e+02 9.094607e+01 9.094607e+01 1.202279e+02
9.616326e+01 9.094607e+01 9.094607e+01 9.616326e+01
1.047909e+02 9.094607e+01 9.094607e+01 1.047909e+02
