0.5 1.004242e+04 9.926257e+03 9.960131e+03 1.007630e+04
1.5 9.943055e+03 9.920068e+03 9.960186e+03 9.983174e+03
2.5 9.874946e+03 9.873723e+03 9.960245e+03 9.961468e+03
3.5 9.868712e+03 9.846915e+03 9.960309e+03 9.982106e+03
4.5 9.891261e+03 9.923266e+03 9.960377e+03 9.928373e+03
5.5 9.899461e+03 9.970024e+03 9.941004e+03 9.870442e+03
6.5 9.939030e+03 9.948426e+03 9.923489e+03 9.914093e+03
7.5 9.914933e+03 9.957024e+03 9.924499e+03 9.882407e+03
0.1 9.923476e+03 9.985491e+03 9.961846e+03 9.899832e+03
1.1 9.962724e+03 1.007117e+04 9.961951e+03 9.853502e+03
2.1 1.018781e+04 1.012786e+04 9.962049e+03 1.002199e+04
3.1 1.010455e+04 1.009064e+04 9.962142e+03 9.976054e+03
4.1 1.012361e+04 1.001030e+04 9.962227e+03 1.007554e+04
5.1 9.986464e+03 9.943915e+03 9.958602e+03 1.000115e+04
6.1 9.967597e+03 9.853894e+03 9.921631e+03 1.003533e+04
7.1 9.949764e+03 9.810984e+03 9.906877e+03 1.004566e+04
0.5 9.989847e+03 9.884685e+03 9.962542e+03 1.006770e+04
1.5 9.966789e+03 9.882572e+03 9.962582e+03 1.004680e+04
2.5 9.937566e+03 9.840930e+03 9.962615e+03 1.005925e+04
3.5 9.961826e+03 9.818277e+03 9.962641e+03 1.010619e+04
4.5 9.991810e+03 9.901521e+03 9.962661e+03 1.005295e+04
5.5 1.000646e+04 9.952683e+03 9.943228e+03 9.997005e+03
6.5 9.993000e+03 9.932276e+03 9.925642e+03 9.986366e+03
7.5 1.006368e+04 9.943681e+03 9.926572e+03 1.004657e+04
0.1 1.006439e+04 9.986126e+03 9.962763e+03 1.004103e+04
1.1 1.008478e+04 1.006931e+04 9.962771e+03 9.978250e+03
2.1 1.011061e+04 1.012705e+04 9.962779e+03 9.946345e+03
3.1 1.016059e+04 1.009295e+04 9.962787e+03 1.003043e+04
4.1 9.956311e+03 1.001284e+04 9.962789e+03 9.906257e+03
5.1 9.833787e+03 9.946351e+03 9.960010e+03 9.847446e+03
6.1 9.662363e+03 9.856600e+03 9.922967e+03 9.728731e+03
7.1 9.686235e+03 9.811663e+03 9.907232e+03 9.781804e+03
0.5 9.772459e+03 9.885066e+03 9.962801e+03 9.850194e+03
1.5 9.746951e+03 9.881881e+03 9.962801e+03 9.827871e+03
2.5 9.803021e+03 9.840213e+03 9.962798e+03 9.925606e+03
3.5 9.827354e+03 9.818609e+03 9.962795e+03 9.971540e+03
4.5 9.833646e+03 9.905085e+03 9.962790e+03 9.891351e+03
5.5 9.834202e+03 9.956277e+03 9.943336e+03 9.821261e+03
6.5 9.843018e+03 9.932876e+03 9.925733e+03 9.835874e+03
7.5 9.855082e+03 9.944293e+03 9.926649e+03 9.837438e+03
0.0 9.985996e+03 9.989668e+03 9.962651e+03 9.958979e+03
1.0 1.012910e+04 1.006599e+04 9.962648e+03 1.002575e+04
2.0 1.015826e+04 1.012569e+04 9.962642e+03 9.995206e+03
3.0 1.018691e+04 1.009776e+04 9.962632e+03 1.005178e+04
4.0 1.009494e+04 1.001809e+04 9.962614e+03 1.003946e+04
5.0 9.813619e+03 9.951421e+03 9.961662e+03 9.823860e+03
6.0 9.766201e+03 9.862275e+03 9.924589e+03 9.828515e+03
7.0 9.853263e+03 9.813335e+03 9.906959e+03 9.946887e+03
0.5 9.832379e+03 9.886231e+03 9.962412e+03 9.908560e+03
1.5 9.799139e+03 9.882991e+03 9.962334e+03 9.878482e+03
2.5 9.798519e+03 9.841207e+03 9.962238e+03 9.919550e+03
3.5 9.818766e+03 9.818357e+03 9.962122e+03 9.962531e+03
4.5 9.875022e+03 9.904545e+03 9.961984e+03 9.932460e+03
5.5 9.900564e+03 9.956391e+03 9.942374e+03 9.886547e+03
6.5 9.938279e+03 9.932546e+03 9.924591e+03 9.930324e+03
7.5 9.943164e+03 9.943315e+03 9.925299e+03 9.925148e+03
