0.5 9.891051e+03 9.895392e+03 9.884576e+03 9.880234e+03
1.5 9.838651e+03 9.911912e+03 9.877713e+03 9.804452e+03
2.5 9.962372e+03 9.938727e+03 9.871431e+03 9.895076e+03
3.5 9.954787e+03 9.897843e+03 9.865703e+03 9.922647e+03
4.5 9.886344e+03 9.871871e+03 9.860509e+03 9.874982e+03
5.5 9.945228e+03 9.918282e+03 9.893721e+03 9.920666e+03
6.5 1.002007e+04 9.997809e+03 9.973723e+03 9.995986e+03
7.5 9.978797e+03 9.993142e+03 1.002888e+04 1.001454e+04
8.5 9.967664e+03 9.994747e+03 1.002971e+04 1.000262e+04
0.2 9.962372e+03 9.938727e+03 9.871431e+03 9.895076e+03
1.2 9.954787e+03 9.897843e+03 9.865703e+03 9.922647e+03
2.2 9.886344e+03 9.871871e+03 9.860509e+03 9.874982e+03
3.2 9.945228e+03 9.918282e+03 9.893721e+03 9.920666e+03
4.2 1.002007e+04 9.997809e+03 9.973723e+03 9.995986e+03
5.2 9.978797e+03 9.993142e+03 1.002888e+04 1.001454e+04
6.2 9.967664e+03 9.994747e+03 1.002971e+04 1.000262e+04
7.2 9.907535e+03 9.985721e+03 1.001411e+04 9.935921e+03
8.2 1.000222e+04 9.990285e+03 1.002417e+04 1.003610e+04
0.9 9.945228e+03 9.918282e+03 9.893721e+03 9.920666e+03
1.9 1.002007e+04 9.997809e+03 9.973723e+03 9.995986e+03
2.9 9.978797e+03 9.993142e+03 1.002888e+04 1.001454e+04
3.9 9.967664e+03 9.994747e+03 1.002971e+04 1.000262e+04
4.9 9.907535e+03 9.985721e+03 1.001411e+04 9.935921e+03
5.9 1.000222e+04 9.990285e+03 1.002417e+04 1.003610e+04
6.9 9.982573e+03 9.986219e+03 1.002196e+04 1.001831e+04
7.9 9.993759e+03 9.986806e+03 1.002009e+04 1.002704e+04
8.9 9.904438e+03 9.985399e+03 1.001853e+04 9.937568e+03
0.6 9.978797e+03 9.993142e+03 1.002888e+04 1.001454e+04
1.6 9.967664e+03 9.994747e+03 1.002971e+04 1.000262e+04
2.6 9.907535e+03 9.985721e+03 1.001411e+04 9.935921e+03
3.6 1.000222e+04 9.990285e+03 1.002417e+04 1.003610e+04
4.6 9.982573e+03 9.986219e+03 1.002196e+04 1.001831e+04
5.6 9.993759e+03 9.986806e+03 1.002009e+04 1.002704e+04
6.6 9.904438e+03 9.985399e+03 1.001853e+04 9.937568e+03
7.6 1.000094e+04 9.984181e+03 1.001724e+04 1.003400e+04
8.6 9.945690e+03 9.983141e+03 1.001620e+04 9.978754e+03
0.3 9.907535e+03 9.985721e+03 1.001411e+04 9.935921e+03
1.3 1.000222e+04 9.990285e+03 1.002417e+04 1.003610e+04
2.3 9.982573e+03 9.986219e+03 1.002196e+04 1.001831e+04
3.3 9.993759e+03 9.986806e+03 1.002009e+04 1.002704e+04
4.3 9.904438e+03 9.985399e+03 1.001853e+04 9.937568e+03
5.3 1.000094e+04 9.984181e+03 1.001724e+04 1.003400e+04
6.3 9.945690e+03 9.983141e+03 1.001620e+04 9.978754e+03
7.3 9.989840e+03 9.967408e+03 9.998544e+03 1.002098e+04
8.3 9.883531e+03 9.981526e+03 1.001475e+04 9.916759e+03
1.0 9.993759e+03 9.986806e+03 1.002009e+04 1.002704e+04
2.0 9.904438e+03 9.985399e+03 1.001853e+04 9.937568e+03
3.0 1.000094e+04 9.984181e+03 1.001724e+04 1.003400e+04
4.0 9.945690e+03 9.983141e+03 1.001620e+04 9.978754e+03
5.0 9.989840e+03 9.967408e+03 9.998544e+03 1.002098e+04
6.0 9.883531e+03 9.981526e+03 1.001475e+04 9.916759e+03
7.0 9.976460e+03 9.983249e+03 1.001427e+04 1.000748e+04
8.0 1.000773e+04 9.964716e+03 1.001392e+04 1.005693e+04
9.0 1.002311e+04 9.945627e+03 1.001368e+04 1.009116e+04
0.7 1.000094e+04 9.984181e+03 1.001724e+04 1.003400e+04
1.7 9.945690e+03 9.983141e+03 1.001620e+04 9.978754e+03
2.7 9.989840e+03 9.967408e+03 9.998544e+03 1.002098e+04
3.7 9.883531e+03 9.981526e+03 1.001475e+04 9.916759e+03
4.7 9.976460e+03 9.983249e+03 1.001427e+04 1.000748e+04
5.7 1.000773e+04 9.964716e+03 1.001392e+04 1.005693e+04
6.7 1.002311e+04 9.945627e+03 1.001368e+04 1.009116e+04
7.7 9.968924e+03 9.974242e+03 1.001351e+04 1.000820e+04
8.7 9.895348e+03 1.002907e+04 1.001342e+04 9.879694e+03
0.4 9.989840e+03 9.967408e+03 9.998544e+03 1.002098e+04
1.4 9.883531e+03 9.981526e+03 1.001475e+04 9.916759e+03
2.4 9.976460e+03 9.983249e+03 1.001427e+04 1.000748e+04
3.4 1.000773e+04 9.964716e+03 1.001392e+04 1.005693e+04
4.4 1.002311e+04 9.945627e+03 1.001368e+04 1.009116e+04
5.4 9.968924e+03 9.974242e+03 1.001351e+04 1.000820e+04
6.4 9.895348e+03 1.002907e+04 1.001342e+04 9.879694e+03
7.4 1.007689e+04 1.004177e+04 9.996522e+03 1.003164e+04
8.4 9.969399e+03 1.000947e+04 9.924921e+03 9.884848e+03
0.5 9.935302e+03 9.850210e+03 9.828082e+03 9.913174e+03
1.5 9.852353e+03 9.871534e+03 9.828064e+03 9.808883e+03
2.5 9.845119e+03 9.902810e+03 9.828031e+03 9.770340e+03
3.5 9.903298e+03 9.864542e+03 9.827979e+03 9.866736e+03
4.5 9.905000e+03 9.841798e+03 9.827910e+03 9.891112e+03
5.5 9.921277e+03 9.894666e+03 9.867823e+03 9.894435e+03
6.5 9.916831e+03 9.977225e+03 9.951936e+03 9.891542e+03
7.5 1.002716e+04 9.976835e+03 1.001079e+04 1.006111e+04
8.5 1.007070e+04 9.978863e+03 1.001282e+04 1.010466e+04
0.2 9.845119e+03 9.902810e+03 9.828031e+03 9.770340e+03
1.2 9.903298e+03 9.864542e+03 9.827979e+03 9.866736e+03
2.2 9.905000e+03 9.841798e+03 9.827910e+03 9.891112e+03
3.2 9.921277e+03 9.894666e+03 9.867823e+03 9.894435e+03
4.2 9.916831e+03 9.977225e+03 9.951936e+03 9.891542e+03
5.2 1.002716e+04 9.976835e+03 1.001079e+04 1.006111e+04
6.2 1.007070e+04 9.978863e+03 1.001282e+04 1.010466e+04
7.2 9.967831e+03 9.969553e+03 9.998020e+03 9.996298e+03
8.2 1.000202e+04 9.976185e+03 1.001059e+04 1.003643e+04
0.9 9.921277e+03 9.894666e+03 9.867823e+03 9.894435e+03
1.9 9.916831e+03 9.977225e+03 9.951936e+03 9.891542e+03
2.9 1.002716e+04 9.976835e+03 1.001079e+04 1.006111e+04
3.9 1.007070e+04 9.978863e+03 1.001282e+04 1.010466e+04
4.9 9.967831e+03 9.969553e+03 9.998020e+03 9.996298e+03
5.9 1.000202e+04 9.976185e+03 1.001059e+04 1.003643e+04
6.9 9.942750e+03 9.973415e+03 1.001055e+04 9.979884e+03
7.9 1.004572e+04 9.975658e+03 1.001263e+04 1.008269e+04
8.9 9.860754e+03 9.975630e+03 1.001262e+04 9.897741e+03
0.6 1.002716e+04 9.976835e+03 1.001079e+04 1.006111e+04
1.6 1.007070e+04 9.978863e+03 1.001282e+04 1.010466e+04
2.6 9.967831e+03 9.969553e+03 9.998020e+03 9.996298e+03
3.6 1.000202e+04 9.976185e+03 1.001059e+04 1.003643e+04
4.6 9.942750e+03 9.973415e+03 1.001055e+04 9.979884e+03
5.6 1.004572e+04 9.975658e+03 1.001263e+04 1.008269e+04
6.6 9.860754e+03 9.975630e+03 1.001262e+04 9.897741e+03
7.6 9.980867e+03 9.981758e+03 1.001474e+04 1.001385e+04
8.6 9.943585e+03 9.981774e+03 1.001477e+04 9.976585e+03
0.3 9.967831e+03 9.969553e+03 9.998020e+03 9.996298e+03
1.3 1.000202e+04 9.976185e+03 1.001059e+04 1.003643e+04
2.3 9.942750e+03 9.973415e+03 1.001055e+04 9.979884e+03
3.3 1.004572e+04 9.975658e+03 1.001263e+04 1.008269e+04
4.3 9.860754e+03 9.975630e+03 1.001262e+04 9.897741e+03
5.3 9.980867e+03 9.981758e+03 1.001474e+04 1.001385e+04
6.3 9.943585e+03 9.981774e+03 1.001477e+04 9.976585e+03
7.3 9.989130e+03 9.963837e+03 9.995879e+03 1.002117e+04
8.3 1.002904e+04 9.973470e+03 1.000853e+04 1.006410e+04
0.9 1.004572e+04 9.975658e+03 1.001263e+04 1.008269e+04
1.9 9.860754e+03 9.975630e+03 1.001262e+04 9.897741e+03
2.9 9.980867e+03 9.981758e+03 1.001474e+04 1.001385e+04
3.9 9.943585e+03 9.981774e+03 1.001477e+04 9.976585e+03
4.9 9.989130e+03 9.963837e+03 9.995879e+03 1.002117e+04
5.9 1.002904e+04 9.973470e+03 1.000853e+04 1.006410e+04
6.9 9.938834e+03 9.974670e+03 1.000856e+04 9.972724e+03
7.9 9.974696e+03 9.962391e+03 1.001282e+04 1.002512e+04
8.9 9.863565e+03 9.943900e+03 1.001288e+04 9.932544e+03
0.7 9.980867e+03 9.981758e+03 1.001474e+04 1.001385e+04
1.7 9.943585e+03 9.981774e+03 1.001477e+04 9.976585e+03
2.7 9.989130e+03 9.963837e+03 9.995879e+03 1.002117e+04
3.7 1.002904e+04 9.973470e+03 1.000853e+04 1.006410e+04
4.7 9.938834e+03 9.974670e+03 1.000856e+04 9.972724e+03
5.7 9.974696e+03 9.962391e+03 1.001282e+04 1.002512e+04
6.7 9.863565e+03 9.943900e+03 1.001288e+04 9.932544e+03
7.7 9.958615e+03 9.970940e+03 1.001295e+04 1.000062e+04
8.7 1.002297e+04 1.002650e+04 1.001302e+04 1.000949e+04
0.3 9.989130e+03 9.963837e+03 9.995879e+03 1.002117e+04
1.3 1.002904e+04 9.973470e+03 1.000853e+04 1.006410e+04
2.3 9.938834e+03 9.974670e+03 1.000856e+04 9.972724e+03
3.3 9.974696e+03 9.962391e+03 1.001282e+04 1.002512e+04
4.3 9.863565e+03 9.943900e+03 1.001288e+04 9.932544e+03
5.3 9.958615e+03 9.970940e+03 1.001295e+04 1.000062e+04
6.3 1.002297e+04 1.002650e+04 1.001302e+04 1.000949e+04
7.3 1.016115e+04 1.003948e+04 9.996261e+03 1.011793e+04
8.3 1.016470e+04 1.000953e+04 9.926883e+03 1.008205e+04
0.5 9.794429e+03 9.850311e+03 9.828203e+03 9.772321e+03
1.5 9.918069e+03 9.871735e+03 9.828213e+03 9.874547e+03
2.5 9.919537e+03 9.902576e+03 9.828216e+03 9.845178e+03
3.5 9.842231e+03 9.862861e+03 9.828199e+03 9.807570e+03
4.5 9.822947e+03 9.840182e+03 9.828163e+03 9.810928e+03
5.5 9.988033e+03 9.896688e+03 9.870215e+03 9.961560e+03
6.5 9.942356e+03 9.979314e+03 9.954355e+03 9.917397e+03
7.5 9.943009e+03 9.978399e+03 1.001112e+04 9.975730e+03
8.5 9.929159e+03 9.978366e+03 1.001104e+04 9.961832e+03
0.2 9.919537e+03 9.902576e+03 9.828216e+03 9.845178e+03
1.2 9.842231e+03 9.862861e+03 9.828199e+03 9.807570e+03
2.2 9.822947e+03 9.840182e+03 9.828163e+03 9.810928e+03
3.2 9.988033e+03 9.896688e+03 9.870215e+03 9.961560e+03
4.2 9.942356e+03 9.979314e+03 9.954355e+03 9.917397e+03
5.2 9.943009e+03 9.978399e+03 1.001112e+04 9.975730e+03
6.2 9.929159e+03 9.978366e+03 1.001104e+04 9.961832e+03
7.2 9.965049e+03 9.968554e+03 9.996217e+03 9.992712e+03
8.2 1.004365e+04 9.972610e+03 1.000666e+04 1.007770e+04
0.8 9.988033e+03 9.896688e+03 9.870215e+03 9.961560e+03
1.8 9.942356e+03 9.979314e+03 9.954355e+03 9.917397e+03
2.8 9.943009e+03 9.978399e+03 1.001112e+04 9.975730e+03
3.8 9.929159e+03 9.978366e+03 1.001104e+04 9.961832e+03
4.8 9.965049e+03 9.968554e+03 9.996217e+03 9.992712e+03
5.8 1.004365e+04 9.972610e+03 1.000666e+04 1.007770e+04
6.8 1.001269e+04 9.968905e+03 1.000659e+04 1.005037e+04
7.8 9.931017e+03 9.975776e+03 1.001073e+04 9.965970e+03
8.8 1.006254e+04 9.975766e+03 1.001067e+04 1.009745e+04
0.5 9.943009e+03 9.978399e+03 1.001112e+04 9.975730e+03
1.5 9.929159e+03 9.978366e+03 1.001104e+04 9.961832e+03
2.5 9.965049e+03 9.968554e+03 9.996217e+03 9.992712e+03
3.5 1.004365e+04 9.972610e+03 1.000666e+04 1.007770e+04
4.5 1.001269e+04 9.968905e+03 1.000659e+04 1.005037e+04
5.5 9.931017e+03 9.975776e+03 1.001073e+04 9.965970e+03
6.5 1.006254e+04 9.975766e+03 1.001067e+04 1.009745e+04
7.5 1.001793e+04 9.975754e+03 1.001061e+04 1.005279e+04
8.5 9.994451e+03 9.977842e+03 1.001266e+04 1.002927e+04
0.2 9.965049e+03 9.968554e+03 9.996217e+03 9.992712e+03
1.2 1.004365e+04 9.972610e+03 1.000666e+04 1.007770e+04
2.2 1.001269e+04 9.968905e+03 1.000659e+04 1.005037e+04
3.2 9.931017e+03 9.975776e+03 1.001073e+04 9.965970e+03
4.2 1.006254e+04 9.975766e+03 1.001067e+04 1.009745e+04
5.2 1.001793e+04 9.975754e+03 1.001061e+04 1.005279e+04
6.2 9.994451e+03 9.977842e+03 1.001266e+04 1.002927e+04
7.2 9.979116e+03 9.968055e+03 9.997891e+03 1.000895e+04
8.2 9.963251e+03 9.977817e+03 1.001261e+04 9.998046e+03
0.9 9.931017e+03 9.975776e+03 1.001073e+04 9.965970e+03
1.9 1.006254e+04 9.975766e+03 1.001067e+04 1.009745e+04
2.9 1.001793e+04 9.975754e+03 1.001061e+04 1.005279e+04
3.9 9.994451e+03 9.977842e+03 1.001266e+04 1.002927e+04
4.9 9.979116e+03 9.968055e+03 9.997891e+03 1.000895e+04
5.9 9.963251e+03 9.977817e+03 1.001261e+04 9.998046e+03
6.9 9.941496e+03 9.976754e+03 1.001261e+04 9.977354e+03
7.9 9.979774e+03 9.963312e+03 1.001262e+04 1.002908e+04
8.9 9.955654e+03 9.945117e+03 1.001263e+04 1.002317e+04
0.6 1.001793e+04 9.975754e+03 1.001061e+04 1.005279e+04
1.6 9.994451e+03 9.977842e+03 1.001266e+04 1.002927e+04
2.6 9.979116e+03 9.968055e+03 9.997891e+03 1.000895e+04
3.6 9.963251e+03 9.977817e+03 1.001261e+04 9.998046e+03
4.6 9.941496e+03 9.976754e+03 1.001261e+04 9.977354e+03
5.6 9.979774e+03 9.963312e+03 1.001262e+04 1.002908e+04
6.6 9.955654e+03 9.945117e+03 1.001263e+04 1.002317e+04
7.6 9.915473e+03 9.968279e+03 1.001264e+04 9.959830e+03
8.6 9.813173e+03 1.002470e+04 1.001262e+04 9.801090e+03
0.3 9.979116e+03 9.968055e+03 9.997891e+03 1.000895e+04
1.3 9.963251e+03 9.977817e+03 1.001261e+04 9.998046e+03
2.3 9.941496e+03 9.976754e+03 1.001261e+04 9.977354e+03
3.3 9.979774e+03 9.963312e+03 1.001262e+04 1.002908e+04
4.3 9.955654e+03 9.945117e+03 1.001263e+04 1.002317e+04
5.3 9.915473e+03 9.968279e+03 1.001264e+04 9.959830e+03
6.3 9.813173e+03 1.002470e+04 1.001262e+04 9.801090e+03
7.3 1.019941e+04 1.003769e+04 9.995737e+03 1.015746e+04
8.3 1.002026e+04 1.001193e+04 9.930394e+03 9.938724e+03
0.5 9.849483e+03 9.850168e+03 9.826066e+03 9.825381e+03
1.5 9.806825e+03 9.871424e+03 9.825462e+03 9.760864e+03
2.5 9.848783e+03 9.902558e+03 9.824694e+03 9.770920e+03
3.5 9.862748e+03 9.862545e+03 9.823741e+03 9.823944e+03
4.5 9.798123e+03 9.838966e+03 9.822584e+03 9.781741e+03
5.5 9.888474e+03 9.895063e+03 9.863306e+03 9.856717e+03
6.5 9.947276e+03 9.977130e+03 9.945894e+03 9.916040e+03
7.5 9.994477e+03 9.975601e+03 1.000295e+04 1.002183e+04
8.5 1.001146e+04 9.974764e+03 1.000078e+04 1.003748e+04
0.2 9.848783e+03 9.902558e+03 9.824694e+03 9.770920e+03
1.2 9.862748e+03 9.862545e+03 9.823741e+03 9.823944e+03
2.2 9.798123e+03 9.838966e+03 9.822584e+03 9.781741e+03
3.2 9.888474e+03 9.895063e+03 9.863306e+03 9.856717e+03
4.2 9.947276e+03 9.977130e+03 9.945894e+03 9.916040e+03
5.2 9.994477e+03 9.975601e+03 1.000295e+04 1.002183e+04
6.2 1.001146e+04 9.974764e+03 1.000078e+04 1.003748e+04
7.2 9.958068e+03 9.962440e+03 9.981474e+03 9.977102e+03
8.2 9.919735e+03 9.971104e+03 9.993432e+03 9.942063e+03
0.9 9.888474e+03 9.895063e+03 9.863306e+03 9.856717e+03
1.9 9.947276e+03 9.977130e+03 9.945894e+03 9.916040e+03
2.9 9.994477e+03 9.975601e+03 1.000295e+04 1.002183e+04
3.9 1.001146e+04 9.974764e+03 1.000078e+04 1.003748e+04
4.9 9.958068e+03 9.962440e+03 9.981474e+03 9.977102e+03
5.9 9.919735e+03 9.971104e+03 9.993432e+03 9.942063e+03
6.9 1.001004e+04 9.967616e+03 9.990328e+03 1.003275e+04
7.9 9.953242e+03 9.966826e+03 9.986888e+03 9.973305e+03
8.9 1.001054e+04 9.965154e+03 9.983118e+03 1.002850e+04
0.6 9.994477e+03 9.975601e+03 1.000295e+04 1.002183e+04
1.6 1.001146e+04 9.974764e+03 1.000078e+04 1.003748e+04
2.6 9.958068e+03 9.962440e+03 9.981474e+03 9.977102e+03
3.6 9.919735e+03 9.971104e+03 9.993432e+03 9.942063e+03
4.6 1.001004e+04 9.967616e+03 9.990328e+03 1.003275e+04
5.6 9.953242e+03 9.966826e+03 9.986888e+03 9.973305e+03
6.6 1.001054e+04 9.965154e+03 9.983118e+03 1.002850e+04
7.6 9.972850e+03 9.966951e+03 9.981174e+03 9.987072e+03
8.6 9.959027e+03 9.965019e+03 9.976881e+03 9.970889e+03
0.3 9.958068e+03 9.962440e+03 9.981474e+03 9.977102e+03
1.3 9.919735e+03 9.971104e+03 9.993432e+03 9.942063e+03
2.3 1.001004e+04 9.967616e+03 9.990328e+03 1.003275e+04
3.3 9.953242e+03 9.966826e+03 9.986888e+03 9.973305e+03
4.3 1.001054e+04 9.965154e+03 9.983118e+03 1.002850e+04
5.3 9.972850e+03 9.966951e+03 9.981174e+03 9.987072e+03
6.3 9.959027e+03 9.965019e+03 9.976881e+03 9.970889e+03
7.3 1.001443e+04 9.947075e+03 9.955437e+03 1.002279e+04
8.3 9.918550e+03 9.956713e+03 9.965247e+03 9.927084e+03
1.0 9.953242e+03 9.966826e+03 9.986888e+03 9.973305e+03
2.0 1.001054e+04 9.965154e+03 9.983118e+03 1.002850e+04
3.0 9.972850e+03 9.966951e+03 9.981174e+03 9.987072e+03
4.0 9.959027e+03 9.965019e+03 9.976881e+03 9.970889e+03
5.0 1.001443e+04 9.947075e+03 9.955437e+03 1.002279e+04
6.0 9.918550e+03 9.956713e+03 9.965247e+03 9.927084e+03
0.6 9.972850e+03 9.966951e+03 9.981174e+03 9.987072e+03
1.6 9.959027e+03 9.965019e+03 9.976881e+03 9.970889e+03
2.6 1.001443e+04 9.947075e+03 9.955437e+03 1.002279e+04
3.6 9.918550e+03 9.956713e+03 9.965247e+03 9.927084e+03
0.3 1.001443e+04 9.947075e+03 9.955437e+03 1.002279e+04
1.3 9.918550e+03 9.956713e+03 9.965247e+03 9.927084e+03
