0.5 8.439239e+03 8.450117e+03 8.392365e+03 8.381487e+03
1.5 8.516249e+03 8.505314e+03 8.449428e+03 8.460363e+03
2.5 8.512712e+03 8.481540e+03 8.489535e+03 8.520706e+03
3.5 8.482852e+03 8.464574e+03 8.492739e+03 8.511017e+03
4.5 8.424474e+03 8.440592e+03 8.484708e+03 8.468590e+03
5.5 8.484220e+03 8.459656e+03 8.493902e+03 8.518466e+03
6.5 8.457293e+03 8.483190e+03 8.494672e+03 8.468775e+03
7.5 8.420882e+03 8.479117e+03 8.495538e+03 8.437303e+03
8.5 8.474007e+03 8.480667e+03 8.496479e+03 8.489819e+03
0.2 8.512712e+03 8.481540e+03 8.489535e+03 8.520706e+03
1.2 8.482852e+03 8.464574e+03 8.492739e+03 8.511017e+03
2.2 8.424474e+03 8.440592e+03 8.484708e+03 8.468590e+03
3.2 8.484220e+03 8.459656e+03 8.493902e+03 8.518466e+03
4.2 8.457293e+03 8.483190e+03 8.494672e+03 8.468775e+03
5.2 8.420882e+03 8.479117e+03 8.495538e+03 8.437303e+03
6.2 8.474007e+03 8.480667e+03 8.496479e+03 8.489819e+03
7.2 8.514878e+03 8.480636e+03 8.497476e+03 8.531718e+03
8.2 8.516207e+03 8.481508e+03 8.498510e+03 8.533209e+03
0.9 8.484220e+03 8.459656e+03 8.493902e+03 8.518466e+03
1.9 8.457293e+03 8.483190e+03 8.494672e+03 8.468775e+03
2.9 8.420882e+03 8.479117e+03 8.495538e+03 8.437303e+03
3.9 8.474007e+03 8.480667e+03 8.496479e+03 8.489819e+03
4.9 8.514878e+03 8.480636e+03 8.497476e+03 8.531718e+03
5.9 8.516207e+03 8.481508e+03 8.498510e+03 8.533209e+03
6.9 8.473548e+03 8.471653e+03 8.488184e+03 8.490079e+03
7.9 8.507317e+03 8.482502e+03 8.500647e+03 8.525461e+03
8.9 8.455655e+03 8.483007e+03 8.501709e+03 8.474357e+03
0.6 8.420882e+03 8.479117e+03 8.495538e+03 8.437303e+03
1.6 8.474007e+03 8.480667e+03 8.496479e+03 8.489819e+03
2.6 8.514878e+03 8.480636e+03 8.497476e+03 8.531718e+03
3.6 8.516207e+03 8.481508e+03 8.498510e+03 8.533209e+03
4.6 8.473548e+03 8.471653e+03 8.488184e+03 8.490079e+03
5.6 8.507317e+03 8.482502e+03 8.500647e+03 8.525461e+03
6.6 8.455655e+03 8.483007e+03 8.501709e+03 8.474357e+03
7.6 8.457806e+03 8.483507e+03 8.502739e+03 8.477039e+03
8.6 8.484850e+03 8.483996e+03 8.503727e+03 8.504581e+03
0.3 8.514878e+03 8.480636e+03 8.497476e+03 8.531718e+03
1.3 8.516207e+03 8.481508e+03 8.498510e+03 8.533209e+03
2.3 8.473548e+03 8.471653e+03 8.488184e+03 8.490079e+03
3.3 8.507317e+03 8.482502e+03 8.500647e+03 8.525461e+03
4.3 8.455655e+03 8.483007e+03 8.501709e+03 8.474357e+03
5.3 8.457806e+03 8.483507e+03 8.502739e+03 8.477039e+03
6.3 8.484850e+03 8.483996e+03 8.503727e+03 8.504581e+03
7.3 8.514359e+03 8.480757e+03 8.504663e+03 8.538265e+03
8.3 8.466028e+03 8.484929e+03 8.505540e+03 8.486640e+03
1.0 8.507317e+03 8.482502e+03 8.500647e+03 8.525461e+03
2.0 8.455655e+03 8.483007e+03 8.501709e+03 8.474357e+03
3.0 8.457806e+03 8.483507e+03 8.502739e+03 8.477039e+03
4.0 8.484850e+03 8.483996e+03 8.503727e+03 8.504581e+03
5.0 8.514359e+03 8.480757e+03 8.504663e+03 8.538265e+03
6.0 8.466028e+03 8.484929e+03 8.505540e+03 8.486640e+03
7.0 8.445070e+03 8.484780e+03 8.494965e+03 8.455255e+03
8.0 8.466755e+03 8.510296e+03 8.447308e+03 8.403767e+03
9.0 8.448777e+03 8.484389e+03 8.391039e+03 8.355427e+03
0.7 8.457806e+03 8.483507e+03 8.502739e+03 8.477039e+03
1.7 8.484850e+03 8.483996e+03 8.503727e+03 8.504581e+03
2.7 8.514359e+03 8.480757e+03 8.504663e+03 8.538265e+03
3.7 8.466028e+03 8.484929e+03 8.505540e+03 8.486640e+03
4.7 8.445070e+03 8.484780e+03 8.494965e+03 8.455255e+03
5.7 8.466755e+03 8.510296e+03 8.447308e+03 8.403767e+03
6.7 8.448777e+03 8.484389e+03 8.391039e+03 8.355427e+03
7.7 8.526865e+03 8.448534e+03 8.383099e+03 8.461429e+03
8.7 8.449004e+03 8.411029e+03 8.383630e+03 8.421605e+03
0.4 8.514359e+03 8.480757e+03 8.504663e+03 8.538265e+03
1.4 8.466028e+03 8.484929e+03 8.505540e+03 8.486640e+03
2.4 8.445070e+03 8.484780e+03 8.494965e+03 8.455255e+03
3.4 8.466755e+03 8.510296e+03 8.447308e+03 8.403767e+03
4.4 8.448777e+03 8.484389e+03 8.391039e+03 8.355427e+03
5.4 8.526865e+03 8.448534e+03 8.383099e+03 8.461429e+03
6.4 8.449004e+03 8.411029e+03 8.383630e+03 8.421605e+03
7.4 8.456383e+03 8.421184e+03 8.384091e+03 8.419290e+03
8.4 8.437492e+03 8.411425e+03 8.384485e+03 8.410551e+03
0.5 8.480818e+03 8.460107e+03 8.412524e+03 8.433235e+03
1.5 8.493761e+03 8.515519e+03 8.469597e+03 8.447839e+03
2.5 8.501445e+03 8.491787e+03 8.509562e+03 8.519219e+03
3.5 8.467669e+03 8.472841e+03 8.511077e+03 8.505906e+03
4.5 8.431267e+03 8.447351e+03 8.501189e+03 8.485105e+03
5.5 8.423434e+03 8.467404e+03 8.509795e+03 8.465826e+03
6.5 8.488388e+03 8.490718e+03 8.509853e+03 8.507523e+03
7.5 8.467556e+03 8.488315e+03 8.511332e+03 8.490572e+03
8.5 8.456280e+03 8.488953e+03 8.511390e+03 8.478717e+03
0.2 8.501445e+03 8.491787e+03 8.509562e+03 8.519219e+03
1.2 8.467669e+03 8.472841e+03 8.511077e+03 8.505906e+03
2.2 8.431267e+03 8.447351e+03 8.501189e+03 8.485105e+03
3.2 8.423434e+03 8.467404e+03 8.509795e+03 8.465826e+03
4.2 8.488388e+03 8.490718e+03 8.509853e+03 8.507523e+03
5.2 8.467556e+03 8.488315e+03 8.511332e+03 8.490572e+03
6.2 8.456280e+03 8.488953e+03 8.511390e+03 8.478717e+03
7.2 8.463752e+03 8.488877e+03 8.512877e+03 8.487751e+03
8.2 8.480292e+03 8.489355e+03 8.512948e+03 8.503885e+03
0.9 8.423434e+03 8.467404e+03 8.509795e+03 8.465826e+03
1.9 8.488388e+03 8.490718e+03 8.509853e+03 8.507523e+03
2.9 8.467556e+03 8.488315e+03 8.511332e+03 8.490572e+03
3.9 8.456280e+03 8.488953e+03 8.511390e+03 8.478717e+03
4.9 8.463752e+03 8.488877e+03 8.512877e+03 8.487751e+03
5.9 8.480292e+03 8.489355e+03 8.512948e+03 8.503885e+03
6.9 8.441922e+03 8.477627e+03 8.500210e+03 8.464505e+03
7.9 8.439794e+03 8.485216e+03 8.508820e+03 8.463398e+03
8.9 8.460282e+03 8.485247e+03 8.508883e+03 8.483918e+03
0.6 8.467556e+03 8.488315e+03 8.511332e+03 8.490572e+03
1.6 8.456280e+03 8.488953e+03 8.511390e+03 8.478717e+03
2.6 8.463752e+03 8.488877e+03 8.512877e+03 8.487751e+03
3.6 8.480292e+03 8.489355e+03 8.512948e+03 8.503885e+03
4.6 8.441922e+03 8.477627e+03 8.500210e+03 8.464505e+03
5.6 8.439794e+03 8.485216e+03 8.508820e+03 8.463398e+03
6.6 8.460282e+03 8.485247e+03 8.508883e+03 8.483918e+03
7.6 8.443757e+03 8.490300e+03 8.511797e+03 8.465254e+03
8.6 8.472140e+03 8.490350e+03 8.511871e+03 8.493661e+03
0.3 8.463752e+03 8.488877e+03 8.512877e+03 8.487751e+03
1.3 8.480292e+03 8.489355e+03 8.512948e+03 8.503885e+03
2.3 8.441922e+03 8.477627e+03 8.500210e+03 8.464505e+03
3.3 8.439794e+03 8.485216e+03 8.508820e+03 8.463398e+03
4.3 8.460282e+03 8.485247e+03 8.508883e+03 8.483918e+03
5.3 8.443757e+03 8.490300e+03 8.511797e+03 8.465254e+03
6.3 8.472140e+03 8.490350e+03 8.511871e+03 8.493661e+03
7.3 8.474772e+03 8.485562e+03 8.511942e+03 8.501153e+03
8.3 8.480001e+03 8.487587e+03 8.511992e+03 8.504406e+03
0.9 8.439794e+03 8.485216e+03 8.508820e+03 8.463398e+03
1.9 8.460282e+03 8.485247e+03 8.508883e+03 8.483918e+03
2.9 8.443757e+03 8.490300e+03 8.511797e+03 8.465254e+03
3.9 8.472140e+03 8.490350e+03 8.511871e+03 8.493661e+03
4.9 8.474772e+03 8.485562e+03 8.511942e+03 8.501153e+03
5.9 8.480001e+03 8.487587e+03 8.511992e+03 8.504406e+03
6.9 8.469064e+03 8.484610e+03 8.500659e+03 8.485114e+03
7.9 8.468909e+03 8.512914e+03 8.453747e+03 8.409742e+03
8.9 8.473727e+03 8.488594e+03 8.396870e+03 8.382003e+03
0.7 8.443757e+03 8.490300e+03 8.511797e+03 8.465254e+03
1.7 8.472140e+03 8.490350e+03 8.511871e+03 8.493661e+03
2.7 8.474772e+03 8.485562e+03 8.511942e+03 8.501153e+03
3.7 8.480001e+03 8.487587e+03 8.511992e+03 8.504406e+03
4.7 8.469064e+03 8.484610e+03 8.500659e+03 8.485114e+03
5.7 8.468909e+03 8.512914e+03 8.453747e+03 8.409742e+03
6.7 8.473727e+03 8.488594e+03 8.396870e+03 8.382003e+03
7.7 8.477568e+03 8.452117e+03 8.386958e+03 8.412409e+03
8.7 8.273684e+03 8.412695e+03 8.386997e+03 8.247987e+03
0.3 8.474772e+03 8.485562e+03 8.511942e+03 8.501153e+03
1.3 8.480001e+03 8.487587e+03 8.511992e+03 8.504406e+03
2.3 8.469064e+03 8.484610e+03 8.500659e+03 8.485114e+03
3.3 8.468909e+03 8.512914e+03 8.453747e+03 8.409742e+03
4.3 8.473727e+03 8.488594e+03 8.396870e+03 8.382003e+03
5.3 8.477568e+03 8.452117e+03 8.386958e+03 8.412409e+03
6.3 8.273684e+03 8.412695e+03 8.386997e+03 8.247987e+03
7.3 8.570160e+03 8.422866e+03 8.387021e+03 8.534314e+03
8.3 8.455436e+03 8.413482e+03 8.387028e+03 8.428982e+03
0.5 8.425413e+03 8.462580e+03 8.415363e+03 8.378195e+03
1.5 8.533427e+03 8.517869e+03 8.472235e+03 8.487793e+03
2.5 8.533534e+03 8.492619e+03 8.510602e+03 8.551517e+03
3.5 8.470684e+03 8.471640e+03 8.510525e+03 8.509569e+03
4.5 8.448193e+03 8.446068e+03 8.500477e+03 8.502603e+03
5.5 8.440356e+03 8.466256e+03 8.507509e+03 8.481610e+03
6.5 8.500698e+03 8.489492e+03 8.507422e+03 8.518628e+03
7.5 8.488146e+03 8.488366e+03 8.510182e+03 8.509962e+03
8.5 8.471874e+03 8.488330e+03 8.510093e+03 8.493637e+03
0.2 8.533534e+03 8.492619e+03 8.510602e+03 8.551517e+03
1.2 8.470684e+03 8.471640e+03 8.510525e+03 8.509569e+03
2.2 8.448193e+03 8.446068e+03 8.500477e+03 8.502603e+03
3.2 8.440356e+03 8.466256e+03 8.507509e+03 8.481610e+03
4.2 8.500698e+03 8.489492e+03 8.507422e+03 8.518628e+03
5.2 8.488146e+03 8.488366e+03 8.510182e+03 8.509962e+03
6.2 8.471874e+03 8.488330e+03 8.510093e+03 8.493637e+03
7.2 8.488512e+03 8.486753e+03 8.509995e+03 8.511754e+03
8.2 8.509757e+03 8.487451e+03 8.511311e+03 8.533616e+03
0.8 8.440356e+03 8.466256e+03 8.507509e+03 8.481610e+03
1.8 8.500698e+03 8.489492e+03 8.507422e+03 8.518628e+03
2.8 8.488146e+03 8.488366e+03 8.510182e+03 8.509962e+03
3.8 8.471874e+03 8.488330e+03 8.510093e+03 8.493637e+03
4.8 8.488512e+03 8.486753e+03 8.509995e+03 8.511754e+03
5.8 8.509757e+03 8.487451e+03 8.511311e+03 8.533616e+03
6.8 8.523043e+03 8.477446e+03 8.501241e+03 8.546839e+03
7.8 8.523180e+03 8.488031e+03 8.511104e+03 8.546253e+03
8.8 8.490998e+03 8.487992e+03 8.511000e+03 8.514006e+03
0.5 8.488146e+03 8.488366e+03 8.510182e+03 8.509962e+03
1.5 8.471874e+03 8.488330e+03 8.510093e+03 8.493637e+03
2.5 8.488512e+03 8.486753e+03 8.509995e+03 8.511754e+03
3.5 8.509757e+03 8.487451e+03 8.511311e+03 8.533616e+03
4.5 8.523043e+03 8.477446e+03 8.501241e+03 8.546839e+03
5.5 8.523180e+03 8.488031e+03 8.511104e+03 8.546253e+03
6.5 8.490998e+03 8.487992e+03 8.511000e+03 8.514006e+03
7.5 8.517537e+03 8.487953e+03 8.510890e+03 8.540474e+03
8.5 8.495995e+03 8.488505e+03 8.510767e+03 8.518258e+03
0.2 8.488512e+03 8.486753e+03 8.509995e+03 8.511754e+03
1.2 8.509757e+03 8.487451e+03 8.511311e+03 8.533616e+03
2.2 8.523043e+03 8.477446e+03 8.501241e+03 8.546839e+03
3.2 8.523180e+03 8.488031e+03 8.511104e+03 8.546253e+03
4.2 8.490998e+03 8.487992e+03 8.511000e+03 8.514006e+03
5.2 8.517537e+03 8.487953e+03 8.510890e+03 8.540474e+03
6.2 8.495995e+03 8.488505e+03 8.510767e+03 8.518258e+03
7.2 8.527394e+03 8.486909e+03 8.510627e+03 8.551112e+03
8.2 8.545624e+03 8.488411e+03 8.510461e+03 8.567674e+03
0.9 8.523180e+03 8.488031e+03 8.511104e+03 8.546253e+03
1.9 8.490998e+03 8.487992e+03 8.511000e+03 8.514006e+03
2.9 8.517537e+03 8.487953e+03 8.510890e+03 8.540474e+03
3.9 8.495995e+03 8.488505e+03 8.510767e+03 8.518258e+03
4.9 8.527394e+03 8.486909e+03 8.510627e+03 8.551112e+03
5.9 8.545624e+03 8.488411e+03 8.510461e+03 8.567674e+03
6.9 8.538885e+03 8.480468e+03 8.498878e+03 8.557295e+03
7.9 8.620224e+03 8.511374e+03 8.454520e+03 8.563370e+03
8.9 8.518446e+03 8.490770e+03 8.397302e+03 8.424978e+03
0.6 8.517537e+03 8.487953e+03 8.510890e+03 8.540474e+03
1.6 8.495995e+03 8.488505e+03 8.510767e+03 8.518258e+03
2.6 8.527394e+03 8.486909e+03 8.510627e+03 8.551112e+03
3.6 8.545624e+03 8.488411e+03 8.510461e+03 8.567674e+03
4.6 8.538885e+03 8.480468e+03 8.498878e+03 8.557295e+03
5.6 8.620224e+03 8.511374e+03 8.454520e+03 8.563370e+03
6.6 8.518446e+03 8.490770e+03 8.397302e+03 8.424978e+03
7.6 8.504114e+03 8.453527e+03 8.384147e+03 8.434734e+03
8.6 8.261554e+03 8.410682e+03 8.383727e+03 8.234600e+03
0.3 8.527394e+03 8.486909e+03 8.510627e+03 8.551112e+03
1.3 8.545624e+03 8.488411e+03 8.510461e+03 8.567674e+03
2.3 8.538885e+03 8.480468e+03 8.498878e+03 8.557295e+03
3.3 8.620224e+03 8.511374e+03 8.454520e+03 8.563370e+03
4.3 8.518446e+03 8.490770e+03 8.397302e+03 8.424978e+03
5.3 8.504114e+03 8.453527e+03 8.384147e+03 8.434734e+03
6.3 8.261554e+03 8.410682e+03 8.383727e+03 8.234600e+03
7.3 8.376554e+03 8.421203e+03 8.383224e+03 8.338575e+03
8.3 8.337901e+03 8.412791e+03 8.382626e+03 8.307735e+03
0.5 8.412021e+03 8.459938e+03 8.407583e+03 8.359665e+03
1.5 8.449533e+03 8.514784e+03 8.463326e+03 8.398075e+03
2.5 8.467568e+03 8.490448e+03 8.501846e+03 8.478966e+03
3.5 8.488654e+03 8.468895e+03 8.500361e+03 8.520119e+03
4.5 8.456503e+03 8.441256e+03 8.487338e+03 8.502585e+03
5.5 8.483461e+03 8.463049e+03 8.495518e+03 8.515929e+03
6.5 8.455365e+03 8.485494e+03 8.493581e+03 8.463451e+03
7.5 8.478185e+03 8.480720e+03 8.491493e+03 8.488958e+03
8.5 8.448827e+03 8.479732e+03 8.489261e+03 8.458356e+03
0.2 8.467568e+03 8.490448e+03 8.501846e+03 8.478966e+03
1.2 8.488654e+03 8.468895e+03 8.500361e+03 8.520119e+03
2.2 8.456503e+03 8.441256e+03 8.487338e+03 8.502585e+03
3.2 8.483461e+03 8.463049e+03 8.495518e+03 8.515929e+03
4.2 8.455365e+03 8.485494e+03 8.493581e+03 8.463451e+03
5.2 8.478185e+03 8.480720e+03 8.491493e+03 8.488958e+03
6.2 8.448827e+03 8.479732e+03 8.489261e+03 8.458356e+03
7.2 8.449590e+03 8.477933e+03 8.488329e+03 8.459986e+03
8.2 8.489371e+03 8.478333e+03 8.485868e+03 8.496907e+03
0.9 8.483461e+03 8.463049e+03 8.495518e+03 8.515929e+03
1.9 8.455365e+03 8.485494e+03 8.493581e+03 8.463451e+03
2.9 8.478185e+03 8.480720e+03 8.491493e+03 8.488958e+03
3.9 8.448827e+03 8.479732e+03 8.489261e+03 8.458356e+03
4.9 8.449590e+03 8.477933e+03 8.488329e+03 8.459986e+03
5.9 8.489371e+03 8.478333e+03 8.485868e+03 8.496907e+03
6.9 8.493759e+03 8.466788e+03 8.471904e+03 8.498875e+03
7.9 8.538567e+03 8.473936e+03 8.479182e+03 8.543813e+03
8.9 8.508366e+03 8.472620e+03 8.476394e+03 8.512140e+03
0.6 8.478185e+03 8.480720e+03 8.491493e+03 8.488958e+03
1.6 8.448827e+03 8.479732e+03 8.489261e+03 8.458356e+03
2.6 8.449590e+03 8.477933e+03 8.488329e+03 8.459986e+03
3.6 8.489371e+03 8.478333e+03 8.485868e+03 8.496907e+03
4.6 8.493759e+03 8.466788e+03 8.471904e+03 8.498875e+03
5.6 8.538567e+03 8.473936e+03 8.479182e+03 8.543813e+03
6.6 8.508366e+03 8.472620e+03 8.476394e+03 8.512140e+03
7.6 8.494105e+03 8.473796e+03 8.474938e+03 8.495247e+03
8.6 8.474213e+03 8.472398e+03 8.471980e+03 8.473795e+03
0.3 8.449590e+03 8.477933e+03 8.488329e+03 8.459986e+03
1.3 8.489371e+03 8.478333e+03 8.485868e+03 8.496907e+03
2.3 8.493759e+03 8.466788e+03 8.471904e+03 8.498875e+03
3.3 8.538567e+03 8.473936e+03 8.479182e+03 8.543813e+03
4.3 8.508366e+03 8.472620e+03 8.476394e+03 8.512140e+03
5.3 8.494105e+03 8.473796e+03 8.474938e+03 8.495247e+03
6.3 8.474213e+03 8.472398e+03 8.471980e+03 8.473795e+03
7.3 8.465639e+03 8.464417e+03 8.466109e+03 8.467330e+03
8.3 8.472164e+03 8.465527e+03 8.463033e+03 8.469670e+03
1.0 8.538567e+03 8.473936e+03 8.479182e+03 8.543813e+03
2.0 8.508366e+03 8.472620e+03 8.476394e+03 8.512140e+03
3.0 8.494105e+03 8.473796e+03 8.474938e+03 8.495247e+03
4.0 8.474213e+03 8.472398e+03 8.471980e+03 8.473795e+03
5.0 8.465639e+03 8.464417e+03 8.466109e+03 8.467330e+03
6.0 8.472164e+03 8.465527e+03 8.463033e+03 8.469670e+03
0.6 8.494105e+03 8.473796e+03 8.474938e+03 8.495247e+03
1.6 8.474213e+03 8.472398e+03 8.471980e+03 8.473795e+03
2.6 8.465639e+03 8.464417e+03 8.466109e+03 8.467330e+03
3.6 8.472164e+03 8.465527e+03 8.463033e+03 8.469670e+03
0.3 8.465639e+03 8.464417e+03 8.466109e+03 8.467330e+03
1.3 8.472164e+03 8.465527e+03 8.463033e+03 8.469670e+03
