0.5 8.430001e+03 8.387904e+03 8.462613e+03 8.504711e+03
1.5 8.438837e+03 8.449711e+03 8.462645e+03 8.451771e+03
2.5 8.515848e+03 8.504907e+03 8.462954e+03 8.473895e+03
3.5 8.512307e+03 8.481143e+03 8.474045e+03 8.505209e+03
4.5 8.482452e+03 8.464175e+03 8.474055e+03 8.492332e+03
5.5 8.424073e+03 8.440192e+03 8.468104e+03 8.451985e+03
6.5 8.483816e+03 8.459253e+03 8.462722e+03 8.487285e+03
7.5 8.456892e+03 8.482785e+03 8.462727e+03 8.436834e+03
0.1 8.444666e+03 8.484376e+03 8.462451e+03 8.422741e+03
1.1 8.466350e+03 8.509881e+03 8.462427e+03 8.418896e+03
2.1 8.448379e+03 8.483971e+03 8.462405e+03 8.426813e+03
3.1 8.526461e+03 8.448124e+03 8.469200e+03 8.547537e+03
4.1 8.448608e+03 8.410630e+03 8.479404e+03 8.517382e+03
5.1 8.455977e+03 8.420787e+03 8.478252e+03 8.513443e+03
6.1 8.437088e+03 8.411027e+03 8.466881e+03 8.492942e+03
7.1 8.389511e+03 8.391521e+03 8.462327e+03 8.460317e+03
0.5 8.390753e+03 8.396125e+03 8.462310e+03 8.456939e+03
1.5 8.480413e+03 8.459702e+03 8.462305e+03 8.483016e+03
2.5 8.493357e+03 8.515113e+03 8.462585e+03 8.440829e+03
3.5 8.501042e+03 8.491391e+03 8.473657e+03 8.483308e+03
4.5 8.467267e+03 8.472443e+03 8.473657e+03 8.468481e+03
5.5 8.430867e+03 8.446951e+03 8.467693e+03 8.451609e+03
6.5 8.423029e+03 8.467001e+03 8.462294e+03 8.418322e+03
7.5 8.487984e+03 8.490314e+03 8.462290e+03 8.459960e+03
0.1 8.468658e+03 8.484206e+03 8.462266e+03 8.446718e+03
1.1 8.468508e+03 8.512500e+03 8.462263e+03 8.418271e+03
2.1 8.473321e+03 8.488176e+03 8.462262e+03 8.447407e+03
3.1 8.477166e+03 8.451706e+03 8.468792e+03 8.494252e+03
4.1 8.273300e+03 8.412296e+03 8.479296e+03 8.340301e+03
5.1 8.569747e+03 8.422468e+03 8.478441e+03 8.625720e+03
6.1 8.455040e+03 8.413084e+03 8.467082e+03 8.509038e+03
7.1 8.390636e+03 8.393635e+03 8.462253e+03 8.459255e+03
0.5 8.391009e+03 8.397312e+03 8.462253e+03 8.455951e+03
1.5 8.425015e+03 8.462175e+03 8.462254e+03 8.425094e+03
2.5 8.533025e+03 8.517462e+03 8.462540e+03 8.478103e+03
3.5 8.533132e+03 8.492222e+03 8.473616e+03 8.514526e+03
4.5 8.470285e+03 8.471242e+03 8.473618e+03 8.472661e+03
5.5 8.447795e+03 8.445668e+03 8.467658e+03 8.469785e+03
6.5 8.439956e+03 8.465853e+03 8.462266e+03 8.436369e+03
7.5 8.500298e+03 8.489088e+03 8.462269e+03 8.473479e+03
0.0 8.538483e+03 8.480065e+03 8.462321e+03 8.520739e+03
1.0 8.619813e+03 8.510960e+03 8.462330e+03 8.571182e+03
2.0 8.517936e+03 8.490351e+03 8.462343e+03 8.489928e+03
3.0 8.503718e+03 8.453116e+03 8.468322e+03 8.518924e+03
4.0 8.261169e+03 8.410282e+03 8.479413e+03 8.330301e+03
5.0 8.376158e+03 8.420805e+03 8.479150e+03 8.434503e+03
6.0 8.337507e+03 8.412393e+03 8.467818e+03 8.392933e+03
7.0 8.385552e+03 8.393204e+03 8.462455e+03 8.454803e+03
0.5 8.371528e+03 8.395058e+03 8.462535e+03 8.439005e+03
1.5 8.411627e+03 8.459533e+03 8.462585e+03 8.414679e+03
2.5 8.449134e+03 8.514377e+03 8.462927e+03 8.397684e+03
3.5 8.467167e+03 8.490052e+03 8.474067e+03 8.451182e+03
4.5 8.488255e+03 8.468497e+03 8.474141e+03 8.493899e+03
5.5 8.456103e+03 8.440855e+03 8.468261e+03 8.483509e+03
6.5 8.483056e+03 8.462647e+03 8.462959e+03 8.483368e+03
7.5 8.454960e+03 8.485089e+03 8.463061e+03 8.432933e+03
