0.5 9.943055e+03 9.920068e+03 9.850362e+03 9.873349e+03
1.5 9.874946e+03 9.873723e+03 9.846157e+03 9.847380e+03
2.5 9.868712e+03 9.846915e+03 9.842509e+03 9.864306e+03
3.5 9.891261e+03 9.923266e+03 9.921519e+03 9.889515e+03
4.5 9.899461e+03 9.970024e+03 1.000528e+04 9.934713e+03
5.5 9.939030e+03 9.948426e+03 1.002454e+04 1.001514e+04
6.5 9.914933e+03 9.957024e+03 1.002256e+04 9.980464e+03
7.5 9.856224e+03 9.997923e+03 1.002096e+04 9.879259e+03
8.5 9.892901e+03 9.996157e+03 1.001971e+04 9.916454e+03
0.2 9.868712e+03 9.846915e+03 9.842509e+03 9.864306e+03
1.2 9.891261e+03 9.923266e+03 9.921519e+03 9.889515e+03
2.2 9.899461e+03 9.970024e+03 1.000528e+04 9.934713e+03
3.2 9.939030e+03 9.948426e+03 1.002454e+04 1.001514e+04
4.2 9.914933e+03 9.957024e+03 1.002256e+04 9.980464e+03
5.2 9.856224e+03 9.997923e+03 1.002096e+04 9.879259e+03
6.2 9.892901e+03 9.996157e+03 1.001971e+04 9.916454e+03
7.2 1.000771e+04 9.979622e+03 1.000580e+04 1.003389e+04
8.2 9.974601e+03 9.992485e+03 1.001812e+04 1.000023e+04
0.9 9.939030e+03 9.948426e+03 1.002454e+04 1.001514e+04
1.9 9.914933e+03 9.957024e+03 1.002256e+04 9.980464e+03
2.9 9.856224e+03 9.997923e+03 1.002096e+04 9.879259e+03
3.9 9.892901e+03 9.996157e+03 1.001971e+04 9.916454e+03
4.9 1.000771e+04 9.979622e+03 1.000580e+04 1.003389e+04
5.9 9.974601e+03 9.992485e+03 1.001812e+04 1.000023e+04
6.9 1.004031e+04 9.995096e+03 1.001338e+04 1.005859e+04
7.9 1.000410e+04 9.989839e+03 1.001750e+04 1.003176e+04
8.9 9.965827e+03 9.988842e+03 1.001748e+04 9.994463e+03
0.6 9.856224e+03 9.997923e+03 1.002096e+04 9.879259e+03
1.6 9.892901e+03 9.996157e+03 1.001971e+04 9.916454e+03
2.6 1.000771e+04 9.979622e+03 1.000580e+04 1.003389e+04
3.6 9.974601e+03 9.992485e+03 1.001812e+04 1.000023e+04
4.6 1.004031e+04 9.995096e+03 1.001338e+04 1.005859e+04
5.6 1.000410e+04 9.989839e+03 1.001750e+04 1.003176e+04
6.6 9.965827e+03 9.988842e+03 1.001748e+04 9.994463e+03
7.6 9.975494e+03 9.988049e+03 1.001761e+04 1.000506e+04
8.6 9.993008e+03 9.987428e+03 1.001787e+04 1.002345e+04
0.3 1.000771e+04 9.979622e+03 1.000580e+04 1.003389e+04
1.3 9.974601e+03 9.992485e+03 1.001812e+04 1.000023e+04
2.3 1.004031e+04 9.995096e+03 1.001338e+04 1.005859e+04
3.3 1.000410e+04 9.989839e+03 1.001750e+04 1.003176e+04
4.3 9.965827e+03 9.988842e+03 1.001748e+04 9.994463e+03
5.3 9.975494e+03 9.988049e+03 1.001761e+04 1.000506e+04
6.3 9.993008e+03 9.987428e+03 1.001787e+04 1.002345e+04
7.3 9.986447e+03 9.980523e+03 1.001388e+04 1.001980e+04
8.3 9.965025e+03 9.986605e+03 1.001860e+04 9.997015e+03
1.0 1.000410e+04 9.989839e+03 1.001750e+04 1.003176e+04
2.0 9.965827e+03 9.988842e+03 1.001748e+04 9.994463e+03
3.0 9.975494e+03 9.988049e+03 1.001761e+04 1.000506e+04
4.0 9.993008e+03 9.987428e+03 1.001787e+04 1.002345e+04
5.0 9.986447e+03 9.980523e+03 1.001388e+04 1.001980e+04
6.0 9.965025e+03 9.986605e+03 1.001860e+04 9.997015e+03
7.0 9.923476e+03 9.985491e+03 1.000605e+04 9.944040e+03
8.0 9.962724e+03 1.007117e+04 1.001948e+04 9.911027e+03
9.0 1.018781e+04 1.012786e+04 1.001993e+04 1.007987e+04
0.7 9.975494e+03 9.988049e+03 1.001761e+04 1.000506e+04
1.7 9.993008e+03 9.987428e+03 1.001787e+04 1.002345e+04
2.7 9.986447e+03 9.980523e+03 1.001388e+04 1.001980e+04
3.7 9.965025e+03 9.986605e+03 1.001860e+04 9.997015e+03
4.7 9.923476e+03 9.985491e+03 1.000605e+04 9.944040e+03
5.7 9.962724e+03 1.007117e+04 1.001948e+04 9.911027e+03
6.7 1.018781e+04 1.012786e+04 1.001993e+04 1.007987e+04
7.7 1.010455e+04 1.009064e+04 9.972803e+03 9.986716e+03
8.7 1.012361e+04 1.001030e+04 9.886738e+03 1.000005e+04
0.4 9.986447e+03 9.980523e+03 1.001388e+04 1.001980e+04
1.4 9.965025e+03 9.986605e+03 1.001860e+04 9.997015e+03
2.4 9.923476e+03 9.985491e+03 1.000605e+04 9.944040e+03
3.4 9.962724e+03 1.007117e+04 1.001948e+04 9.911027e+03
4.4 1.018781e+04 1.012786e+04 1.001993e+04 1.007987e+04
5.4 1.010455e+04 1.009064e+04 9.972803e+03 9.986716e+03
6.4 1.012361e+04 1.001030e+04 9.886738e+03 1.000005e+04
7.4 9.986464e+03 9.943915e+03 9.830907e+03 9.873456e+03
8.4 9.967597e+03 9.853894e+03 9.831247e+03 9.944950e+03
0.5 9.966789e+03 9.882572e+03 9.832149e+03 9.916365e+03
1.5 9.937566e+03 9.840930e+03 9.832260e+03 9.928896e+03
2.5 9.961826e+03 9.818277e+03 9.832327e+03 9.975876e+03
3.5 9.991810e+03 9.901521e+03 9.916675e+03 1.000696e+04
4.5 1.000646e+04 9.952683e+03 1.000316e+04 1.005694e+04
5.5 9.993000e+03 9.932276e+03 1.002262e+04 1.008335e+04
6.5 1.006368e+04 9.943681e+03 1.002263e+04 1.014263e+04
7.5 1.009297e+04 9.983922e+03 1.002047e+04 1.012953e+04
8.5 1.006375e+04 9.984159e+03 1.002048e+04 1.010007e+04
0.2 9.961826e+03 9.818277e+03 9.832327e+03 9.975876e+03
1.2 9.991810e+03 9.901521e+03 9.916675e+03 1.000696e+04
2.2 1.000646e+04 9.952683e+03 1.000316e+04 1.005694e+04
3.2 9.993000e+03 9.932276e+03 1.002262e+04 1.008335e+04
4.2 1.006368e+04 9.943681e+03 1.002263e+04 1.014263e+04
5.2 1.009297e+04 9.983922e+03 1.002047e+04 1.012953e+04
6.2 1.006375e+04 9.984159e+03 1.002048e+04 1.010007e+04
7.2 1.005273e+04 9.970432e+03 1.000968e+04 1.009197e+04
8.2 1.005445e+04 9.984944e+03 1.002267e+04 1.009217e+04
0.9 9.993000e+03 9.932276e+03 1.002262e+04 1.008335e+04
1.9 1.006368e+04 9.943681e+03 1.002263e+04 1.014263e+04
2.9 1.009297e+04 9.983922e+03 1.002047e+04 1.012953e+04
3.9 1.006375e+04 9.984159e+03 1.002048e+04 1.010007e+04
4.9 1.005273e+04 9.970432e+03 1.000968e+04 1.009197e+04
5.9 1.005445e+04 9.984944e+03 1.002267e+04 1.009217e+04
6.9 1.004456e+04 9.990005e+03 1.001838e+04 1.007294e+04
7.9 1.002905e+04 9.990464e+03 1.002492e+04 1.006351e+04
8.9 1.003176e+04 9.990474e+03 1.002500e+04 1.006629e+04
0.6 1.009297e+04 9.983922e+03 1.002047e+04 1.012953e+04
1.6 1.006375e+04 9.984159e+03 1.002048e+04 1.010007e+04
2.6 1.005273e+04 9.970432e+03 1.000968e+04 1.009197e+04
3.6 1.005445e+04 9.984944e+03 1.002267e+04 1.009217e+04
4.6 1.004456e+04 9.990005e+03 1.001838e+04 1.007294e+04
5.6 1.002905e+04 9.990464e+03 1.002492e+04 1.006351e+04
6.6 1.003176e+04 9.990474e+03 1.002500e+04 1.006629e+04
7.6 1.004913e+04 9.982162e+03 1.001859e+04 1.008556e+04
8.6 1.003240e+04 9.982166e+03 1.001866e+04 1.006889e+04
0.3 1.005273e+04 9.970432e+03 1.000968e+04 1.009197e+04
1.3 1.005445e+04 9.984944e+03 1.002267e+04 1.009217e+04
2.3 1.004456e+04 9.990005e+03 1.001838e+04 1.007294e+04
3.3 1.002905e+04 9.990464e+03 1.002492e+04 1.006351e+04
4.3 1.003176e+04 9.990474e+03 1.002500e+04 1.006629e+04
5.3 1.004913e+04 9.982162e+03 1.001859e+04 1.008556e+04
6.3 1.003240e+04 9.982166e+03 1.001866e+04 1.006889e+04
7.3 1.004924e+04 9.977660e+03 1.001657e+04 1.008816e+04
8.3 1.008605e+04 9.985744e+03 1.002311e+04 1.012341e+04
0.9 1.002905e+04 9.990464e+03 1.002492e+04 1.006351e+04
1.9 1.003176e+04 9.990474e+03 1.002500e+04 1.006629e+04
2.9 1.004913e+04 9.982162e+03 1.001859e+04 1.008556e+04
3.9 1.003240e+04 9.982166e+03 1.001866e+04 1.006889e+04
4.9 1.004924e+04 9.977660e+03 1.001657e+04 1.008816e+04
5.9 1.008605e+04 9.985744e+03 1.002311e+04 1.012341e+04
6.9 1.006439e+04 9.986126e+03 1.001237e+04 1.009063e+04
7.9 1.008478e+04 1.006931e+04 1.002325e+04 1.003873e+04
8.9 1.011061e+04 1.012705e+04 1.002333e+04 1.000689e+04
0.7 1.004913e+04 9.982162e+03 1.001859e+04 1.008556e+04
1.7 1.003240e+04 9.982166e+03 1.001866e+04 1.006889e+04
2.7 1.004924e+04 9.977660e+03 1.001657e+04 1.008816e+04
3.7 1.008605e+04 9.985744e+03 1.002311e+04 1.012341e+04
4.7 1.006439e+04 9.986126e+03 1.001237e+04 1.009063e+04
5.7 1.008478e+04 1.006931e+04 1.002325e+04 1.003873e+04
6.7 1.011061e+04 1.012705e+04 1.002333e+04 1.000689e+04
7.7 1.016059e+04 1.009295e+04 9.978018e+03 1.004566e+04
8.7 9.956311e+03 1.001284e+04 9.891644e+03 9.835112e+03
0.3 1.004924e+04 9.977660e+03 1.001657e+04 1.008816e+04
1.3 1.008605e+04 9.985744e+03 1.002311e+04 1.012341e+04
2.3 1.006439e+04 9.986126e+03 1.001237e+04 1.009063e+04
3.3 1.008478e+04 1.006931e+04 1.002325e+04 1.003873e+04
4.3 1.011061e+04 1.012705e+04 1.002333e+04 1.000689e+04
5.3 1.016059e+04 1.009295e+04 9.978018e+03 1.004566e+04
6.3 9.956311e+03 1.001284e+04 9.891644e+03 9.835112e+03
7.3 9.833787e+03 9.946351e+03 9.833361e+03 9.720797e+03
8.3 9.662363e+03 9.856600e+03 9.833430e+03 9.639194e+03
0.5 9.746951e+03 9.881881e+03 9.833461e+03 9.698531e+03
1.5 9.803021e+03 9.840213e+03 9.833409e+03 9.796217e+03
2.5 9.827354e+03 9.818609e+03 9.833350e+03 9.842095e+03
3.5 9.833646e+03 9.905085e+03 9.919753e+03 9.848314e+03
4.5 9.834202e+03 9.956277e+03 1.000614e+04 9.884066e+03
5.5 9.843018e+03 9.932876e+03 1.002117e+04 9.931313e+03
6.5 9.855082e+03 9.944293e+03 1.002106e+04 9.931850e+03
7.5 9.885133e+03 9.981058e+03 1.001662e+04 9.920698e+03
8.5 9.894124e+03 9.981015e+03 1.001650e+04 9.929614e+03
0.2 9.827354e+03 9.818609e+03 9.833350e+03 9.842095e+03
1.2 9.833646e+03 9.905085e+03 9.919753e+03 9.848314e+03
2.2 9.834202e+03 9.956277e+03 1.000614e+04 9.884066e+03
3.2 9.843018e+03 9.932876e+03 1.002117e+04 9.931313e+03
4.2 9.855082e+03 9.944293e+03 1.002106e+04 9.931850e+03
5.2 9.885133e+03 9.981058e+03 1.001662e+04 9.920698e+03
6.2 9.894124e+03 9.981015e+03 1.001650e+04 9.929614e+03
7.2 9.915188e+03 9.968342e+03 1.000558e+04 9.952429e+03
8.2 9.926479e+03 9.983739e+03 1.002061e+04 9.963351e+03
0.8 9.843018e+03 9.932876e+03 1.002117e+04 9.931313e+03
1.8 9.855082e+03 9.944293e+03 1.002106e+04 9.931850e+03
2.8 9.885133e+03 9.981058e+03 1.001662e+04 9.920698e+03
3.8 9.894124e+03 9.981015e+03 1.001650e+04 9.929614e+03
4.8 9.915188e+03 9.968342e+03 1.000558e+04 9.952429e+03
5.8 9.926479e+03 9.983739e+03 1.002061e+04 9.963351e+03
6.8 9.942341e+03 9.991052e+03 1.002050e+04 9.971789e+03
7.8 9.970059e+03 9.986395e+03 1.002254e+04 1.000621e+04
8.8 9.969179e+03 9.986377e+03 1.002242e+04 1.000522e+04
0.5 9.885133e+03 9.981058e+03 1.001662e+04 9.920698e+03
1.5 9.894124e+03 9.981015e+03 1.001650e+04 9.929614e+03
2.5 9.915188e+03 9.968342e+03 1.000558e+04 9.952429e+03
3.5 9.926479e+03 9.983739e+03 1.002061e+04 9.963351e+03
4.5 9.942341e+03 9.991052e+03 1.002050e+04 9.971789e+03
5.5 9.970059e+03 9.986395e+03 1.002254e+04 1.000621e+04
6.5 9.969179e+03 9.986377e+03 1.002242e+04 1.000522e+04
7.5 9.967873e+03 9.986362e+03 1.002231e+04 1.000382e+04
8.5 9.992598e+03 9.986630e+03 1.002221e+04 1.002818e+04
0.2 9.915188e+03 9.968342e+03 1.000558e+04 9.952429e+03
1.2 9.926479e+03 9.983739e+03 1.002061e+04 9.963351e+03
2.2 9.942341e+03 9.991052e+03 1.002050e+04 9.971789e+03
3.2 9.970059e+03 9.986395e+03 1.002254e+04 1.000621e+04
4.2 9.969179e+03 9.986377e+03 1.002242e+04 1.000522e+04
5.2 9.967873e+03 9.986362e+03 1.002231e+04 1.000382e+04
6.2 9.992598e+03 9.986630e+03 1.002221e+04 1.002818e+04
7.2 9.984552e+03 9.974018e+03 1.001130e+04 1.002184e+04
8.2 1.001345e+04 9.986749e+03 1.002200e+04 1.004871e+04
0.9 9.970059e+03 9.986395e+03 1.002254e+04 1.000621e+04
1.9 9.969179e+03 9.986377e+03 1.002242e+04 1.000522e+04
2.9 9.967873e+03 9.986362e+03 1.002231e+04 1.000382e+04
3.9 9.992598e+03 9.986630e+03 1.002221e+04 1.002818e+04
4.9 9.984552e+03 9.974018e+03 1.001130e+04 1.002184e+04
5.9 1.001345e+04 9.986749e+03 1.002200e+04 1.004871e+04
6.9 9.985996e+03 9.989668e+03 1.001540e+04 1.001172e+04
7.9 1.012910e+04 1.006599e+04 1.002173e+04 1.008484e+04
8.9 1.015826e+04 1.012569e+04 1.002155e+04 1.005411e+04
0.6 9.967873e+03 9.986362e+03 1.002231e+04 1.000382e+04
1.6 9.992598e+03 9.986630e+03 1.002221e+04 1.002818e+04
2.6 9.984552e+03 9.974018e+03 1.001130e+04 1.002184e+04
3.6 1.001345e+04 9.986749e+03 1.002200e+04 1.004871e+04
4.6 9.985996e+03 9.989668e+03 1.001540e+04 1.001172e+04
5.6 1.012910e+04 1.006599e+04 1.002173e+04 1.008484e+04
6.6 1.015826e+04 1.012569e+04 1.002155e+04 1.005411e+04
7.6 1.018691e+04 1.009776e+04 9.980245e+03 1.006940e+04
8.6 1.009494e+04 1.001809e+04 9.893483e+03 9.970327e+03
0.3 9.984552e+03 9.974018e+03 1.001130e+04 1.002184e+04
1.3 1.001345e+04 9.986749e+03 1.002200e+04 1.004871e+04
2.3 9.985996e+03 9.989668e+03 1.001540e+04 1.001172e+04
3.3 1.012910e+04 1.006599e+04 1.002173e+04 1.008484e+04
4.3 1.015826e+04 1.012569e+04 1.002155e+04 1.005411e+04
5.3 1.018691e+04 1.009776e+04 9.980245e+03 1.006940e+04
6.3 1.009494e+04 1.001809e+04 9.893483e+03 9.970327e+03
7.3 9.813619e+03 9.951421e+03 9.830415e+03 9.692612e+03
8.3 9.766201e+03 9.862275e+03 9.829936e+03 9.733862e+03
0.5 9.799139e+03 9.882991e+03 9.826610e+03 9.742758e+03
1.5 9.798519e+03 9.841207e+03 9.825342e+03 9.782654e+03
2.5 9.818766e+03 9.818357e+03 9.823866e+03 9.824275e+03
3.5 9.875022e+03 9.904545e+03 9.908645e+03 9.879122e+03
4.5 9.900564e+03 9.956391e+03 9.993188e+03 9.937360e+03
5.5 9.938279e+03 9.932546e+03 1.000830e+04 1.001403e+04
6.5 9.943164e+03 9.943315e+03 1.000585e+04 1.000570e+04
7.5 9.964104e+03 9.983792e+03 1.000097e+04 9.981281e+03
8.5 9.912082e+03 9.982775e+03 9.997976e+03 9.927284e+03
0.2 9.818766e+03 9.818357e+03 9.823866e+03 9.824275e+03
1.2 9.875022e+03 9.904545e+03 9.908645e+03 9.879122e+03
2.2 9.900564e+03 9.956391e+03 9.993188e+03 9.937360e+03
3.2 9.938279e+03 9.932546e+03 1.000830e+04 1.001403e+04
4.2 9.943164e+03 9.943315e+03 1.000585e+04 1.000570e+04
5.2 9.964104e+03 9.983792e+03 1.000097e+04 9.981281e+03
6.2 9.912082e+03 9.982775e+03 9.997976e+03 9.927284e+03
7.2 9.903917e+03 9.967578e+03 9.983887e+03 9.920227e+03
8.2 9.942753e+03 9.978762e+03 9.991132e+03 9.955123e+03
0.9 9.938279e+03 9.932546e+03 1.000830e+04 1.001403e+04
1.9 9.943164e+03 9.943315e+03 1.000585e+04 1.000570e+04
2.9 9.964104e+03 9.983792e+03 1.000097e+04 9.981281e+03
3.9 9.912082e+03 9.982775e+03 9.997976e+03 9.927284e+03
4.9 9.903917e+03 9.967578e+03 9.983887e+03 9.920227e+03
5.9 9.942753e+03 9.978762e+03 9.991132e+03 9.955123e+03
6.9 9.988855e+03 9.981145e+03 9.982985e+03 9.990695e+03
7.9 1.000490e+04 9.978475e+03 9.985430e+03 1.001185e+04
8.9 1.000284e+04 9.976482e+03 9.981176e+03 1.000753e+04
0.6 9.964104e+03 9.983792e+03 1.000097e+04 9.981281e+03
1.6 9.912082e+03 9.982775e+03 9.997976e+03 9.927284e+03
2.6 9.903917e+03 9.967578e+03 9.983887e+03 9.920227e+03
3.6 9.942753e+03 9.978762e+03 9.991132e+03 9.955123e+03
4.6 9.988855e+03 9.981145e+03 9.982985e+03 9.990695e+03
5.6 1.000490e+04 9.978475e+03 9.985430e+03 1.001185e+04
6.6 1.000284e+04 9.976482e+03 9.981176e+03 1.000753e+04
7.6 9.990934e+03 9.971419e+03 9.974512e+03 9.994027e+03
8.6 9.987094e+03 9.969150e+03 9.969771e+03 9.987715e+03
0.3 9.903917e+03 9.967578e+03 9.983887e+03 9.920227e+03
1.3 9.942753e+03 9.978762e+03 9.991132e+03 9.955123e+03
2.3 9.988855e+03 9.981145e+03 9.982985e+03 9.990695e+03
3.3 1.000490e+04 9.978475e+03 9.985430e+03 1.001185e+04
4.3 1.000284e+04 9.976482e+03 9.981176e+03 1.000753e+04
5.3 9.990934e+03 9.971419e+03 9.974512e+03 9.994027e+03
6.3 9.987094e+03 9.969150e+03 9.969771e+03 9.987715e+03
7.3 9.950797e+03 9.962319e+03 9.960479e+03 9.948957e+03
8.3 9.973274e+03 9.967865e+03 9.961785e+03 9.967195e+03
1.0 1.000490e+04 9.978475e+03 9.985430e+03 1.001185e+04
2.0 1.000284e+04 9.976482e+03 9.981176e+03 1.000753e+04
3.0 9.990934e+03 9.971419e+03 9.974512e+03 9.994027e+03
4.0 9.987094e+03 9.969150e+03 9.969771e+03 9.987715e+03
5.0 9.950797e+03 9.962319e+03 9.960479e+03 9.948957e+03
6.0 9.973274e+03 9.967865e+03 9.961785e+03 9.967195e+03
0.6 9.990934e+03 9.971419e+03 9.974512e+03 9.994027e+03
1.6 9.987094e+03 9.969150e+03 9.969771e+03 9.987715e+03
2.6 9.950797e+03 9.962319e+03 9.960479e+03 9.948957e+03
3.6 9.973274e+03 9.967865e+03 9.961785e+03 9.967195e+03
0.3 9.950797e+03 9.962319e+03 9.960479e+03 9.948957e+03
1.3 9.973274e+03 9.967865e+03 9.961785e+03 9.967195e+03
