0.5 9.970766e+03 9.888004e+03 9.949111e+03 1.003187e+04
1.5 9.890579e+03 9.894965e+03 9.951963e+03 9.947578e+03
2.5 9.838186e+03 9.911470e+03 9.951870e+03 9.878586e+03
3.5 9.961897e+03 9.938199e+03 9.946195e+03 9.969894e+03
4.5 9.954312e+03 9.897347e+03 9.946243e+03 1.000321e+04
5.5 9.885874e+03 9.871409e+03 9.946279e+03 9.960743e+03
6.5 9.944755e+03 9.917824e+03 9.946303e+03 9.973233e+03
7.5 1.001960e+04 9.997349e+03 9.946321e+03 9.968569e+03
0.1 9.975985e+03 9.982767e+03 9.946926e+03 9.940144e+03
1.1 1.000725e+04 9.964359e+03 9.952797e+03 9.995691e+03
2.1 1.002263e+04 9.945326e+03 9.955144e+03 1.003245e+04
3.1 9.968449e+03 9.973875e+03 9.951616e+03 9.946190e+03
4.1 9.894876e+03 1.002860e+04 9.946327e+03 9.812605e+03
5.1 1.007641e+04 1.004127e+04 9.946326e+03 9.981464e+03
6.1 9.968925e+03 1.000897e+04 9.946325e+03 9.906278e+03
7.1 9.971921e+03 9.940399e+03 9.946325e+03 9.977847e+03
0.5 9.940012e+03 9.837113e+03 9.949411e+03 1.005231e+04
1.5 9.934834e+03 9.849773e+03 9.952203e+03 1.003726e+04
2.5 9.851885e+03 9.871082e+03 9.952059e+03 9.932862e+03
3.5 9.844656e+03 9.902273e+03 9.946331e+03 9.888714e+03
4.5 9.902824e+03 9.864039e+03 9.946331e+03 9.985116e+03
5.5 9.904529e+03 9.841330e+03 9.946332e+03 1.000953e+04
6.5 9.920809e+03 9.894202e+03 9.946333e+03 9.972940e+03
7.5 9.916358e+03 9.976760e+03 9.946335e+03 9.885933e+03
0.1 9.938358e+03 9.974185e+03 9.946772e+03 9.910945e+03
1.1 9.974217e+03 9.962030e+03 9.952648e+03 9.964835e+03
2.1 9.863093e+03 9.943597e+03 9.955143e+03 9.874639e+03
3.1 9.958136e+03 9.970576e+03 9.951764e+03 9.939324e+03
4.1 1.002249e+04 1.002603e+04 9.946330e+03 9.942787e+03
5.1 1.016066e+04 1.003898e+04 9.946330e+03 1.006800e+04
6.1 1.016421e+04 1.000903e+04 9.946330e+03 1.010151e+04
7.1 9.900386e+03 9.941645e+03 9.946331e+03 9.905071e+03
0.5 9.737011e+03 9.836568e+03 9.949418e+03 9.849861e+03
1.5 9.793950e+03 9.849873e+03 9.952211e+03 9.896288e+03
2.5 9.917585e+03 9.871282e+03 9.952066e+03 9.998369e+03
3.5 9.919050e+03 9.902039e+03 9.946340e+03 9.963351e+03
4.5 9.841743e+03 9.862360e+03 9.946343e+03 9.925726e+03
5.5 9.822460e+03 9.839716e+03 9.946345e+03 9.929089e+03
6.5 9.987537e+03 9.896224e+03 9.946348e+03 1.003766e+04
7.5 9.941860e+03 9.978849e+03 9.946350e+03 9.909362e+03
0.0 9.940986e+03 9.976268e+03 9.946551e+03 9.911269e+03
1.0 9.979263e+03 9.962947e+03 9.952436e+03 9.968752e+03
2.0 9.956428e+03 9.944816e+03 9.955237e+03 9.966849e+03
3.0 9.914968e+03 9.967923e+03 9.952165e+03 9.899210e+03
4.0 9.812671e+03 1.002424e+04 9.946452e+03 9.734886e+03
5.0 1.019889e+04 1.003720e+04 9.946469e+03 1.010816e+04
6.0 1.001975e+04 1.001144e+04 9.946489e+03 9.954806e+03
7.0 9.946170e+03 9.945990e+03 9.946513e+03 9.946692e+03
0.5 9.824815e+03 9.836556e+03 9.949653e+03 9.937913e+03
1.5 9.848988e+03 9.849736e+03 9.952478e+03 9.951730e+03
2.5 9.806332e+03 9.870977e+03 9.952368e+03 9.887722e+03
3.5 9.848290e+03 9.902027e+03 9.946681e+03 9.892944e+03
4.5 9.862252e+03 9.862051e+03 9.946726e+03 9.946927e+03
5.5 9.797633e+03 9.838507e+03 9.946775e+03 9.905900e+03
6.5 9.887981e+03 9.894607e+03 9.946828e+03 9.940202e+03
7.5 9.946786e+03 9.976674e+03 9.946885e+03 9.916997e+03
