0.5 9.603896e+03 9.499294e+03 9.552872e+03 9.657474e+03
1.5 9.610982e+03 9.535388e+03 9.552893e+03 9.628487e+03
2.5 9.573219e+03 9.506866e+03 9.552914e+03 9.619267e+03
3.5 9.381744e+03 9.418973e+03 9.552937e+03 9.515708e+03
4.5 9.527233e+03 9.501302e+03 9.552962e+03 9.578894e+03
5.5 9.515628e+03 9.566523e+03 9.545917e+03 9.495022e+03
6.5 9.563454e+03 9.563728e+03 9.539548e+03 9.539274e+03
7.5 9.562675e+03 9.571484e+03 9.539915e+03 9.531106e+03
0.1 9.514331e+03 9.582442e+03 9.553496e+03 9.485385e+03
1.1 9.652269e+03 9.722398e+03 9.553534e+03 9.483405e+03
2.1 9.794822e+03 9.787866e+03 9.553570e+03 9.560527e+03
3.1 9.764954e+03 9.699065e+03 9.553604e+03 9.619493e+03
4.1 9.615362e+03 9.544787e+03 9.553635e+03 9.624210e+03
5.1 9.558479e+03 9.478641e+03 9.552316e+03 9.632154e+03
6.1 9.542112e+03 9.420061e+03 9.538872e+03 9.660924e+03
7.1 9.516907e+03 9.390176e+03 9.533507e+03 9.660238e+03
0.5 9.573086e+03 9.465405e+03 9.553749e+03 9.661430e+03
1.5 9.511490e+03 9.505674e+03 9.553764e+03 9.559580e+03
2.5 9.476761e+03 9.481468e+03 9.553776e+03 9.549068e+03
3.5 9.492770e+03 9.397255e+03 9.553785e+03 9.649300e+03
4.5 9.526397e+03 9.485630e+03 9.553793e+03 9.594560e+03
5.5 9.605731e+03 9.554364e+03 9.546726e+03 9.598093e+03
6.5 9.514709e+03 9.552312e+03 9.540331e+03 9.502728e+03
7.5 9.626510e+03 9.562564e+03 9.540669e+03 9.604615e+03
0.1 9.596550e+03 9.583108e+03 9.553830e+03 9.567271e+03
1.1 9.665123e+03 9.720735e+03 9.553832e+03 9.498220e+03
2.1 9.761133e+03 9.788836e+03 9.553835e+03 9.526132e+03
3.1 9.645937e+03 9.704581e+03 9.553838e+03 9.495194e+03
4.1 9.557452e+03 9.548486e+03 9.553839e+03 9.562805e+03
5.1 9.418031e+03 9.481237e+03 9.552828e+03 9.489623e+03
6.1 9.338624e+03 9.422816e+03 9.539358e+03 9.455166e+03
7.1 9.316465e+03 9.391585e+03 9.533636e+03 9.458516e+03
0.5 9.358740e+03 9.466380e+03 9.553844e+03 9.446204e+03
1.5 9.460576e+03 9.505999e+03 9.553843e+03 9.508421e+03
2.5 9.446869e+03 9.481712e+03 9.553842e+03 9.519000e+03
3.5 9.467323e+03 9.398030e+03 9.553841e+03 9.623135e+03
4.5 9.508469e+03 9.489252e+03 9.553839e+03 9.573056e+03
5.5 9.510534e+03 9.557993e+03 9.546765e+03 9.499306e+03
6.5 9.508369e+03 9.552175e+03 9.540364e+03 9.496558e+03
7.5 9.503949e+03 9.562401e+03 9.540697e+03 9.482245e+03
0.0 9.566903e+03 9.583587e+03 9.553789e+03 9.537105e+03
1.0 9.867911e+03 9.715123e+03 9.553788e+03 9.706576e+03
2.0 9.814552e+03 9.788679e+03 9.553785e+03 9.579658e+03
3.0 9.825562e+03 9.713727e+03 9.553782e+03 9.665617e+03
4.0 9.519993e+03 9.554219e+03 9.553775e+03 9.519549e+03
5.0 9.258555e+03 9.485018e+03 9.553429e+03 9.326966e+03
6.0 9.357778e+03 9.427173e+03 9.539948e+03 9.470553e+03
7.0 9.382754e+03 9.393484e+03 9.533537e+03 9.522807e+03
0.5 9.405657e+03 9.467804e+03 9.553702e+03 9.491555e+03
1.5 9.386139e+03 9.507363e+03 9.553674e+03 9.432449e+03
2.5 9.447181e+03 9.482953e+03 9.553639e+03 9.517867e+03
3.5 9.404227e+03 9.398497e+03 9.553597e+03 9.559326e+03
4.5 9.488830e+03 9.489416e+03 9.553546e+03 9.552960e+03
5.5 9.488818e+03 9.558308e+03 9.546415e+03 9.476926e+03
6.5 9.565347e+03 9.553106e+03 9.539949e+03 9.552189e+03
7.5 9.527696e+03 9.562655e+03 9.540206e+03 9.505247e+03
