0.5 9.489269e+03 9.463526e+03 9.442164e+03 9.467907e+03
1.5 9.429962e+03 9.421453e+03 9.439592e+03 9.448100e+03
2.5 9.421290e+03 9.425315e+03 9.437237e+03 9.433211e+03
3.5 9.420999e+03 9.434156e+03 9.435090e+03 9.421932e+03
4.5 9.414324e+03 9.433554e+03 9.433143e+03 9.413912e+03
5.5 9.447917e+03 9.426322e+03 9.445592e+03 9.467187e+03
6.5 9.445555e+03 9.455717e+03 9.475581e+03 9.465419e+03
7.5 9.390352e+03 9.486272e+03 9.496257e+03 9.400338e+03
8.5 9.410932e+03 9.485684e+03 9.496566e+03 9.421814e+03
0.2 9.421290e+03 9.425315e+03 9.437237e+03 9.433211e+03
1.2 9.420999e+03 9.434156e+03 9.435090e+03 9.421932e+03
2.2 9.414324e+03 9.433554e+03 9.433143e+03 9.413912e+03
3.2 9.447917e+03 9.426322e+03 9.445592e+03 9.467187e+03
4.2 9.445555e+03 9.455717e+03 9.475581e+03 9.465419e+03
5.2 9.390352e+03 9.486272e+03 9.496257e+03 9.400338e+03
6.2 9.410932e+03 9.485684e+03 9.496566e+03 9.421814e+03
7.2 9.494680e+03 9.476782e+03 9.490719e+03 9.508617e+03
8.2 9.475135e+03 9.481878e+03 9.494489e+03 9.487746e+03
0.9 9.447917e+03 9.426322e+03 9.445592e+03 9.467187e+03
1.9 9.445555e+03 9.455717e+03 9.475581e+03 9.465419e+03
2.9 9.390352e+03 9.486272e+03 9.496257e+03 9.400338e+03
3.9 9.410932e+03 9.485684e+03 9.496566e+03 9.421814e+03
4.9 9.494680e+03 9.476782e+03 9.490719e+03 9.508617e+03
5.9 9.475135e+03 9.481878e+03 9.494489e+03 9.487746e+03
6.9 9.484444e+03 9.487407e+03 9.493663e+03 9.490700e+03
7.9 9.483572e+03 9.478719e+03 9.492962e+03 9.497815e+03
8.9 9.451123e+03 9.477377e+03 9.492376e+03 9.466122e+03
0.6 9.390352e+03 9.486272e+03 9.496257e+03 9.400338e+03
1.6 9.410932e+03 9.485684e+03 9.496566e+03 9.421814e+03
2.6 9.494680e+03 9.476782e+03 9.490719e+03 9.508617e+03
3.6 9.475135e+03 9.481878e+03 9.494489e+03 9.487746e+03
4.6 9.484444e+03 9.487407e+03 9.493663e+03 9.490700e+03
5.6 9.483572e+03 9.478719e+03 9.492962e+03 9.497815e+03
6.6 9.451123e+03 9.477377e+03 9.492376e+03 9.466122e+03
7.6 9.453304e+03 9.476186e+03 9.491894e+03 9.469012e+03
8.6 9.488239e+03 9.475137e+03 9.491505e+03 9.504607e+03
0.3 9.494680e+03 9.476782e+03 9.490719e+03 9.508617e+03
1.3 9.475135e+03 9.481878e+03 9.494489e+03 9.487746e+03
2.3 9.484444e+03 9.487407e+03 9.493663e+03 9.490700e+03
3.3 9.483572e+03 9.478719e+03 9.492962e+03 9.497815e+03
4.3 9.451123e+03 9.477377e+03 9.492376e+03 9.466122e+03
5.3 9.453304e+03 9.476186e+03 9.491894e+03 9.469012e+03
6.3 9.488239e+03 9.475137e+03 9.491505e+03 9.504607e+03
7.3 9.516989e+03 9.467181e+03 9.484885e+03 9.534693e+03
8.3 9.484802e+03 9.473426e+03 9.490961e+03 9.502337e+03
1.0 9.483572e+03 9.478719e+03 9.492962e+03 9.497815e+03
2.0 9.451123e+03 9.477377e+03 9.492376e+03 9.466122e+03
3.0 9.453304e+03 9.476186e+03 9.491894e+03 9.469012e+03
4.0 9.488239e+03 9.475137e+03 9.491505e+03 9.504607e+03
5.0 9.516989e+03 9.467181e+03 9.484885e+03 9.534693e+03
6.0 9.484802e+03 9.473426e+03 9.490961e+03 9.502337e+03
7.0 9.439083e+03 9.477287e+03 9.490781e+03 9.452578e+03
8.0 9.455006e+03 9.500621e+03 9.490649e+03 9.445034e+03
9.0 9.550881e+03 9.534934e+03 9.490558e+03 9.506504e+03
0.7 9.453304e+03 9.476186e+03 9.491894e+03 9.469012e+03
1.7 9.488239e+03 9.475137e+03 9.491505e+03 9.504607e+03
2.7 9.516989e+03 9.467181e+03 9.484885e+03 9.534693e+03
3.7 9.484802e+03 9.473426e+03 9.490961e+03 9.502337e+03
4.7 9.439083e+03 9.477287e+03 9.490781e+03 9.452578e+03
5.7 9.455006e+03 9.500621e+03 9.490649e+03 9.445034e+03
6.7 9.550881e+03 9.534934e+03 9.490558e+03 9.506504e+03
7.7 9.588719e+03 9.553850e+03 9.490497e+03 9.525365e+03
8.7 9.598566e+03 9.571058e+03 9.490460e+03 9.517968e+03
0.4 9.516989e+03 9.467181e+03 9.484885e+03 9.534693e+03
1.4 9.484802e+03 9.473426e+03 9.490961e+03 9.502337e+03
2.4 9.439083e+03 9.477287e+03 9.490781e+03 9.452578e+03
3.4 9.455006e+03 9.500621e+03 9.490649e+03 9.445034e+03
4.4 9.550881e+03 9.534934e+03 9.490558e+03 9.506504e+03
5.4 9.588719e+03 9.553850e+03 9.490497e+03 9.525365e+03
6.4 9.598566e+03 9.571058e+03 9.490460e+03 9.517968e+03
7.4 9.518274e+03 9.551542e+03 9.484127e+03 9.450858e+03
8.4 9.485941e+03 9.489677e+03 9.457288e+03 9.453551e+03
0.5 9.469150e+03 9.424803e+03 9.420987e+03 9.465335e+03
1.5 9.445452e+03 9.386052e+03 9.420981e+03 9.480381e+03
2.5 9.434071e+03 9.393033e+03 9.420968e+03 9.462006e+03
3.5 9.445729e+03 9.406129e+03 9.420949e+03 9.460549e+03
4.5 9.442151e+03 9.409226e+03 9.420923e+03 9.453848e+03
5.5 9.433448e+03 9.404937e+03 9.435884e+03 9.464395e+03
6.5 9.487718e+03 9.436695e+03 9.467414e+03 9.518437e+03
7.5 9.510853e+03 9.468139e+03 9.489476e+03 9.532190e+03
8.5 9.497333e+03 9.468863e+03 9.490237e+03 9.518707e+03
0.2 9.434071e+03 9.393033e+03 9.420968e+03 9.462006e+03
1.2 9.445729e+03 9.406129e+03 9.420949e+03 9.460549e+03
2.2 9.442151e+03 9.409226e+03 9.420923e+03 9.453848e+03
3.2 9.433448e+03 9.404937e+03 9.435884e+03 9.464395e+03
4.2 9.487718e+03 9.436695e+03 9.467414e+03 9.518437e+03
5.2 9.510853e+03 9.468139e+03 9.489476e+03 9.532190e+03
6.2 9.497333e+03 9.468863e+03 9.490237e+03 9.518707e+03
7.2 9.495205e+03 9.460469e+03 9.484689e+03 9.519424e+03
8.2 9.505682e+03 9.467315e+03 9.489402e+03 9.527769e+03
0.9 9.433448e+03 9.404937e+03 9.435884e+03 9.464395e+03
1.9 9.487718e+03 9.436695e+03 9.467414e+03 9.518437e+03
2.9 9.510853e+03 9.468139e+03 9.489476e+03 9.532190e+03
3.9 9.497333e+03 9.468863e+03 9.490237e+03 9.518707e+03
4.9 9.495205e+03 9.460469e+03 9.484689e+03 9.519424e+03
5.9 9.505682e+03 9.467315e+03 9.489402e+03 9.527769e+03
6.9 9.485395e+03 9.475430e+03 9.489385e+03 9.499350e+03
7.9 9.468088e+03 9.471328e+03 9.490164e+03 9.486923e+03
8.9 9.456567e+03 9.471287e+03 9.490160e+03 9.475441e+03
0.6 9.510853e+03 9.468139e+03 9.489476e+03 9.532190e+03
1.6 9.497333e+03 9.468863e+03 9.490237e+03 9.518707e+03
2.6 9.495205e+03 9.460469e+03 9.484689e+03 9.519424e+03
3.6 9.505682e+03 9.467315e+03 9.489402e+03 9.527769e+03
4.6 9.485395e+03 9.475430e+03 9.489385e+03 9.499350e+03
5.6 9.468088e+03 9.471328e+03 9.490164e+03 9.486923e+03
6.6 9.456567e+03 9.471287e+03 9.490160e+03 9.475441e+03
7.6 9.469289e+03 9.468971e+03 9.490955e+03 9.491273e+03
8.6 9.461152e+03 9.468941e+03 9.490969e+03 9.483180e+03
0.3 9.495205e+03 9.460469e+03 9.484689e+03 9.519424e+03
1.3 9.505682e+03 9.467315e+03 9.489402e+03 9.527769e+03
2.3 9.485395e+03 9.475430e+03 9.489385e+03 9.499350e+03
3.3 9.468088e+03 9.471328e+03 9.490164e+03 9.486923e+03
4.3 9.456567e+03 9.471287e+03 9.490160e+03 9.475441e+03
5.3 9.469289e+03 9.468971e+03 9.490955e+03 9.491273e+03
6.3 9.461152e+03 9.468941e+03 9.490969e+03 9.483180e+03
7.3 9.462661e+03 9.461457e+03 9.483886e+03 9.485090e+03
8.3 9.496654e+03 9.467262e+03 9.488629e+03 9.518021e+03
0.9 9.468088e+03 9.471328e+03 9.490164e+03 9.486923e+03
1.9 9.456567e+03 9.471287e+03 9.490160e+03 9.475441e+03
2.9 9.469289e+03 9.468971e+03 9.490955e+03 9.491273e+03
3.9 9.461152e+03 9.468941e+03 9.490969e+03 9.483180e+03
4.9 9.462661e+03 9.461457e+03 9.483886e+03 9.485090e+03
5.9 9.496654e+03 9.467262e+03 9.488629e+03 9.518021e+03
6.9 9.473904e+03 9.472445e+03 9.488640e+03 9.490099e+03
7.9 9.459869e+03 9.496569e+03 9.490235e+03 9.453535e+03
8.9 9.473982e+03 9.531074e+03 9.490258e+03 9.433166e+03
0.7 9.469289e+03 9.468971e+03 9.490955e+03 9.491273e+03
1.7 9.461152e+03 9.468941e+03 9.490969e+03 9.483180e+03
2.7 9.462661e+03 9.461457e+03 9.483886e+03 9.485090e+03
3.7 9.496654e+03 9.467262e+03 9.488629e+03 9.518021e+03
4.7 9.473904e+03 9.472445e+03 9.488640e+03 9.490099e+03
5.7 9.459869e+03 9.496569e+03 9.490235e+03 9.453535e+03
6.7 9.473982e+03 9.531074e+03 9.490258e+03 9.433166e+03
7.7 9.531257e+03 9.550873e+03 9.490284e+03 9.470668e+03
8.7 9.573639e+03 9.569331e+03 9.490311e+03 9.494619e+03
0.3 9.462661e+03 9.461457e+03 9.483886e+03 9.485090e+03
1.3 9.496654e+03 9.467262e+03 9.488629e+03 9.518021e+03
2.3 9.473904e+03 9.472445e+03 9.488640e+03 9.490099e+03
3.3 9.459869e+03 9.496569e+03 9.490235e+03 9.453535e+03
4.3 9.473982e+03 9.531074e+03 9.490258e+03 9.433166e+03
5.3 9.531257e+03 9.550873e+03 9.490284e+03 9.470668e+03
6.3 9.573639e+03 9.569331e+03 9.490311e+03 9.494619e+03
7.3 9.591337e+03 9.550629e+03 9.484029e+03 9.524738e+03
8.3 9.494733e+03 9.489820e+03 9.458023e+03 9.462936e+03
0.5 9.384602e+03 9.423040e+03 9.421033e+03 9.382594e+03
1.5 9.417870e+03 9.384412e+03 9.421036e+03 9.454494e+03
2.5 9.428967e+03 9.392493e+03 9.421038e+03 9.457512e+03
3.5 9.403350e+03 9.407047e+03 9.421031e+03 9.417334e+03
4.5 9.371779e+03 9.410248e+03 9.421018e+03 9.382549e+03
5.5 9.378051e+03 9.407116e+03 9.436781e+03 9.407715e+03
6.5 9.399785e+03 9.438973e+03 9.468321e+03 9.429133e+03
7.5 9.415271e+03 9.468362e+03 9.489600e+03 9.436508e+03
8.5 9.419521e+03 9.468371e+03 9.489569e+03 9.440719e+03
0.2 9.428967e+03 9.392493e+03 9.421038e+03 9.457512e+03
1.2 9.403350e+03 9.407047e+03 9.421031e+03 9.417334e+03
2.2 9.371779e+03 9.410248e+03 9.421018e+03 9.382549e+03
3.2 9.378051e+03 9.407116e+03 9.436781e+03 9.407715e+03
4.2 9.399785e+03 9.438973e+03 9.468321e+03 9.429133e+03
5.2 9.415271e+03 9.468362e+03 9.489600e+03 9.436508e+03
6.2 9.419521e+03 9.468371e+03 9.489569e+03 9.440719e+03
7.2 9.449334e+03 9.461044e+03 9.484013e+03 9.472303e+03
8.2 9.459241e+03 9.466562e+03 9.487928e+03 9.480607e+03
0.8 9.378051e+03 9.407116e+03 9.436781e+03 9.407715e+03
1.8 9.399785e+03 9.438973e+03 9.468321e+03 9.429133e+03
2.8 9.415271e+03 9.468362e+03 9.489600e+03 9.436508e+03
3.8 9.419521e+03 9.468371e+03 9.489569e+03 9.440719e+03
4.8 9.449334e+03 9.461044e+03 9.484013e+03 9.472303e+03
5.8 9.459241e+03 9.466562e+03 9.487928e+03 9.480607e+03
6.8 9.476153e+03 9.473510e+03 9.487899e+03 9.490542e+03
7.8 9.490209e+03 9.468561e+03 9.489453e+03 9.511102e+03
8.8 9.465153e+03 9.468594e+03 9.489431e+03 9.485990e+03
0.5 9.415271e+03 9.468362e+03 9.489600e+03 9.436508e+03
1.5 9.419521e+03 9.468371e+03 9.489569e+03 9.440719e+03
2.5 9.449334e+03 9.461044e+03 9.484013e+03 9.472303e+03
3.5 9.459241e+03 9.466562e+03 9.487928e+03 9.480607e+03
4.5 9.476153e+03 9.473510e+03 9.487899e+03 9.490542e+03
5.5 9.490209e+03 9.468561e+03 9.489453e+03 9.511102e+03
6.5 9.465153e+03 9.468594e+03 9.489431e+03 9.485990e+03
7.5 9.468356e+03 9.468625e+03 9.489410e+03 9.489140e+03
8.5 9.490854e+03 9.469454e+03 9.490178e+03 9.511578e+03
0.2 9.449334e+03 9.461044e+03 9.484013e+03 9.472303e+03
1.2 9.459241e+03 9.466562e+03 9.487928e+03 9.480607e+03
2.2 9.476153e+03 9.473510e+03 9.487899e+03 9.490542e+03
3.2 9.490209e+03 9.468561e+03 9.489453e+03 9.511102e+03
4.2 9.465153e+03 9.468594e+03 9.489431e+03 9.485990e+03
5.2 9.468356e+03 9.468625e+03 9.489410e+03 9.489140e+03
6.2 9.490854e+03 9.469454e+03 9.490178e+03 9.511578e+03
7.2 9.498548e+03 9.462176e+03 9.484640e+03 9.521012e+03
8.2 9.513971e+03 9.469604e+03 9.490159e+03 9.534526e+03
0.9 9.490209e+03 9.468561e+03 9.489453e+03 9.511102e+03
1.9 9.465153e+03 9.468594e+03 9.489431e+03 9.485990e+03
2.9 9.468356e+03 9.468625e+03 9.489410e+03 9.489140e+03
3.9 9.490854e+03 9.469454e+03 9.490178e+03 9.511578e+03
4.9 9.498548e+03 9.462176e+03 9.484640e+03 9.521012e+03
5.9 9.513971e+03 9.469604e+03 9.490159e+03 9.534526e+03
6.9 9.504073e+03 9.476240e+03 9.490159e+03 9.517992e+03
7.9 9.519962e+03 9.496238e+03 9.490162e+03 9.513887e+03
8.9 9.543550e+03 9.530323e+03 9.490166e+03 9.503393e+03
0.6 9.468356e+03 9.468625e+03 9.489410e+03 9.489140e+03
1.6 9.490854e+03 9.469454e+03 9.490178e+03 9.511578e+03
2.6 9.498548e+03 9.462176e+03 9.484640e+03 9.521012e+03
3.6 9.513971e+03 9.469604e+03 9.490159e+03 9.534526e+03
4.6 9.504073e+03 9.476240e+03 9.490159e+03 9.517992e+03
5.6 9.519962e+03 9.496238e+03 9.490162e+03 9.513887e+03
6.6 9.543550e+03 9.530323e+03 9.490166e+03 9.503393e+03
7.6 9.609109e+03 9.551243e+03 9.490168e+03 9.548034e+03
8.6 9.619544e+03 9.571708e+03 9.490162e+03 9.537998e+03
0.3 9.498548e+03 9.462176e+03 9.484640e+03 9.521012e+03
1.3 9.513971e+03 9.469604e+03 9.490159e+03 9.534526e+03
2.3 9.504073e+03 9.476240e+03 9.490159e+03 9.517992e+03
3.3 9.519962e+03 9.496238e+03 9.490162e+03 9.513887e+03
4.3 9.543550e+03 9.530323e+03 9.490166e+03 9.503393e+03
5.3 9.609109e+03 9.551243e+03 9.490168e+03 9.548034e+03
6.3 9.619544e+03 9.571708e+03 9.490162e+03 9.537998e+03
7.3 9.487503e+03 9.554269e+03 9.483833e+03 9.417067e+03
8.3 9.428605e+03 9.495310e+03 9.459339e+03 9.392635e+03
0.5 9.380682e+03 9.426507e+03 9.420232e+03 9.374407e+03
1.5 9.349804e+03 9.388247e+03 9.420005e+03 9.381562e+03
2.5 9.331331e+03 9.395716e+03 9.419717e+03 9.355332e+03
3.5 9.357871e+03 9.410651e+03 9.419360e+03 9.366580e+03
4.5 9.387986e+03 9.415216e+03 9.418926e+03 9.391696e+03
5.5 9.425876e+03 9.410834e+03 9.434191e+03 9.449233e+03
6.5 9.439124e+03 9.443036e+03 9.465149e+03 9.461237e+03
7.5 9.449199e+03 9.475867e+03 9.486538e+03 9.459870e+03
8.5 9.429595e+03 9.476142e+03 9.485725e+03 9.439178e+03
0.2 9.331331e+03 9.395716e+03 9.419717e+03 9.355332e+03
1.2 9.357871e+03 9.410651e+03 9.419360e+03 9.366580e+03
2.2 9.387986e+03 9.415216e+03 9.418926e+03 9.391696e+03
3.2 9.425876e+03 9.410834e+03 9.434191e+03 9.449233e+03
4.2 9.439124e+03 9.443036e+03 9.465149e+03 9.461237e+03
5.2 9.449199e+03 9.475867e+03 9.486538e+03 9.459870e+03
6.2 9.429595e+03 9.476142e+03 9.485725e+03 9.439178e+03
7.2 9.419134e+03 9.467235e+03 9.478486e+03 9.430386e+03
8.2 9.459343e+03 9.474699e+03 9.482969e+03 9.467613e+03
0.9 9.425876e+03 9.410834e+03 9.434191e+03 9.449233e+03
1.9 9.439124e+03 9.443036e+03 9.465149e+03 9.461237e+03
2.9 9.449199e+03 9.475867e+03 9.486538e+03 9.459870e+03
3.9 9.429595e+03 9.476142e+03 9.485725e+03 9.439178e+03
4.9 9.419134e+03 9.467235e+03 9.478486e+03 9.430386e+03
5.9 9.459343e+03 9.474699e+03 9.482969e+03 9.467613e+03
6.9 9.503445e+03 9.481917e+03 9.481805e+03 9.503334e+03
7.9 9.520563e+03 9.476008e+03 9.480516e+03 9.525070e+03
8.9 9.512836e+03 9.475845e+03 9.479103e+03 9.516094e+03
0.6 9.449199e+03 9.475867e+03 9.486538e+03 9.459870e+03
1.6 9.429595e+03 9.476142e+03 9.485725e+03 9.439178e+03
2.6 9.419134e+03 9.467235e+03 9.478486e+03 9.430386e+03
3.6 9.459343e+03 9.474699e+03 9.482969e+03 9.467613e+03
4.6 9.503445e+03 9.481917e+03 9.481805e+03 9.503334e+03
5.6 9.520563e+03 9.476008e+03 9.480516e+03 9.525070e+03
6.6 9.512836e+03 9.475845e+03 9.479103e+03 9.516094e+03
7.6 9.507560e+03 9.475069e+03 9.478374e+03 9.510865e+03
8.6 9.493777e+03 9.474799e+03 9.476765e+03 9.495742e+03
0.3 9.419134e+03 9.467235e+03 9.478486e+03 9.430386e+03
1.3 9.459343e+03 9.474699e+03 9.482969e+03 9.467613e+03
2.3 9.503445e+03 9.481917e+03 9.481805e+03 9.503334e+03
3.3 9.520563e+03 9.476008e+03 9.480516e+03 9.525070e+03
4.3 9.512836e+03 9.475845e+03 9.479103e+03 9.516094e+03
5.3 9.507560e+03 9.475069e+03 9.478374e+03 9.510865e+03
6.3 9.493777e+03 9.474799e+03 9.476765e+03 9.495742e+03
7.3 9.472285e+03 9.469357e+03 9.468726e+03 9.471655e+03
8.3 9.484435e+03 9.475465e+03 9.472404e+03 9.481373e+03
1.0 9.520563e+03 9.476008e+03 9.480516e+03 9.525070e+03
2.0 9.512836e+03 9.475845e+03 9.479103e+03 9.516094e+03
3.0 9.507560e+03 9.475069e+03 9.478374e+03 9.510865e+03
4.0 9.493777e+03 9.474799e+03 9.476765e+03 9.495742e+03
5.0 9.472285e+03 9.469357e+03 9.468726e+03 9.471655e+03
6.0 9.484435e+03 9.475465e+03 9.472404e+03 9.481373e+03
0.6 9.507560e+03 9.475069e+03 9.478374e+03 9.510865e+03
1.6 9.493777e+03 9.474799e+03 9.476765e+03 9.495742e+03
2.6 9.472285e+03 9.469357e+03 9.468726e+03 9.471655e+03
3.6 9.484435e+03 9.475465e+03 9.472404e+03 9.481373e+03
0.3 9.472285e+03 9.469357e+03 9.468726e+03 9.471655e+03
1.3 9.484435e+03 9.475465e+03 9.472404e+03 9.481373e+03
