0.5 9.943055e+03 9.920068e+03 1.000814e+04 1.003113e+04
1.5 9.874946e+03 9.873723e+03 9.966195e+03 9.967417e+03
2.5 9.868712e+03 9.846915e+03 9.936713e+03 9.958510e+03
3.5 9.891261e+03 9.923266e+03 9.934358e+03 9.902353e+03
4.5 9.899461e+03 9.970024e+03 9.940261e+03 9.869698e+03
5.5 9.939030e+03 9.948426e+03 9.933503e+03 9.924107e+03
6.5 9.914933e+03 9.957024e+03 9.932937e+03 9.890846e+03
7.5 9.856224e+03 9.997923e+03 9.932300e+03 9.790601e+03
8.5 9.892901e+03 9.996157e+03 9.931608e+03 9.828353e+03
0.2 9.868712e+03 9.846915e+03 9.936713e+03 9.958510e+03
1.2 9.891261e+03 9.923266e+03 9.934358e+03 9.902353e+03
2.2 9.899461e+03 9.970024e+03 9.940261e+03 9.869698e+03
3.2 9.939030e+03 9.948426e+03 9.933503e+03 9.924107e+03
4.2 9.914933e+03 9.957024e+03 9.932937e+03 9.890846e+03
5.2 9.856224e+03 9.997923e+03 9.932300e+03 9.790601e+03
6.2 9.892901e+03 9.996157e+03 9.931608e+03 9.828353e+03
7.2 1.000771e+04 9.979622e+03 9.930876e+03 9.958960e+03
8.2 9.974601e+03 9.992485e+03 9.930115e+03 9.912232e+03
0.9 9.939030e+03 9.948426e+03 9.933503e+03 9.924107e+03
1.9 9.914933e+03 9.957024e+03 9.932937e+03 9.890846e+03
2.9 9.856224e+03 9.997923e+03 9.932300e+03 9.790601e+03
3.9 9.892901e+03 9.996157e+03 9.931608e+03 9.828353e+03
4.9 1.000771e+04 9.979622e+03 9.930876e+03 9.958960e+03
5.9 9.974601e+03 9.992485e+03 9.930115e+03 9.912232e+03
6.9 1.004031e+04 9.995096e+03 9.937706e+03 9.982921e+03
7.9 1.000410e+04 9.989839e+03 9.928545e+03 9.942806e+03
8.9 9.965827e+03 9.988842e+03 9.927764e+03 9.904748e+03
0.6 9.856224e+03 9.997923e+03 9.932300e+03 9.790601e+03
1.6 9.892901e+03 9.996157e+03 9.931608e+03 9.828353e+03
2.6 1.000771e+04 9.979622e+03 9.930876e+03 9.958960e+03
3.6 9.974601e+03 9.992485e+03 9.930115e+03 9.912232e+03
4.6 1.004031e+04 9.995096e+03 9.937706e+03 9.982921e+03
5.6 1.000410e+04 9.989839e+03 9.928545e+03 9.942806e+03
6.6 9.965827e+03 9.988842e+03 9.927764e+03 9.904748e+03
7.6 9.975494e+03 9.988049e+03 9.927007e+03 9.914451e+03
8.6 9.993008e+03 9.987428e+03 9.926281e+03 9.931861e+03
0.3 1.000771e+04 9.979622e+03 9.930876e+03 9.958960e+03
1.3 9.974601e+03 9.992485e+03 9.930115e+03 9.912232e+03
2.3 1.004031e+04 9.995096e+03 9.937706e+03 9.982921e+03
3.3 1.000410e+04 9.989839e+03 9.928545e+03 9.942806e+03
4.3 9.965827e+03 9.988842e+03 9.927764e+03 9.904748e+03
5.3 9.975494e+03 9.988049e+03 9.927007e+03 9.914451e+03
6.3 9.993008e+03 9.987428e+03 9.926281e+03 9.931861e+03
7.3 9.986447e+03 9.980523e+03 9.925593e+03 9.931516e+03
8.3 9.965025e+03 9.986605e+03 9.924948e+03 9.903367e+03
1.0 1.000410e+04 9.989839e+03 9.928545e+03 9.942806e+03
2.0 9.965827e+03 9.988842e+03 9.927764e+03 9.904748e+03
3.0 9.975494e+03 9.988049e+03 9.927007e+03 9.914451e+03
4.0 9.993008e+03 9.987428e+03 9.926281e+03 9.931861e+03
5.0 9.986447e+03 9.980523e+03 9.925593e+03 9.931516e+03
6.0 9.965025e+03 9.986605e+03 9.924948e+03 9.903367e+03
7.0 9.923476e+03 9.985491e+03 9.932722e+03 9.870707e+03
8.0 9.962724e+03 1.007117e+04 9.967753e+03 9.859304e+03
9.0 1.018781e+04 1.012786e+04 1.000912e+04 1.006906e+04
0.7 9.975494e+03 9.988049e+03 9.927007e+03 9.914451e+03
1.7 9.993008e+03 9.987428e+03 9.926281e+03 9.931861e+03
2.7 9.986447e+03 9.980523e+03 9.925593e+03 9.931516e+03
3.7 9.965025e+03 9.986605e+03 9.924948e+03 9.903367e+03
4.7 9.923476e+03 9.985491e+03 9.932722e+03 9.870707e+03
5.7 9.962724e+03 1.007117e+04 9.967753e+03 9.859304e+03
6.7 1.018781e+04 1.012786e+04 1.000912e+04 1.006906e+04
7.7 1.010455e+04 1.009064e+04 1.001495e+04 1.002886e+04
8.7 1.012361e+04 1.001030e+04 1.001456e+04 1.012787e+04
0.4 9.986447e+03 9.980523e+03 9.925593e+03 9.931516e+03
1.4 9.965025e+03 9.986605e+03 9.924948e+03 9.903367e+03
2.4 9.923476e+03 9.985491e+03 9.932722e+03 9.870707e+03
3.4 9.962724e+03 1.007117e+04 9.967753e+03 9.859304e+03
4.4 1.018781e+04 1.012786e+04 1.000912e+04 1.006906e+04
5.4 1.010455e+04 1.009064e+04 1.001495e+04 1.002886e+04
6.4 1.012361e+04 1.001030e+04 1.001456e+04 1.012787e+04
7.4 9.986464e+03 9.943915e+03 1.001422e+04 1.005677e+04
8.4 9.967597e+03 9.853894e+03 1.001393e+04 1.012764e+04
0.5 9.966789e+03 9.882572e+03 9.993322e+03 1.007754e+04
1.5 9.937566e+03 9.840930e+03 9.951369e+03 1.004801e+04
2.5 9.961826e+03 9.818277e+03 9.921992e+03 1.006554e+04
3.5 9.991810e+03 9.901521e+03 9.920878e+03 1.001117e+04
4.5 1.000646e+04 9.952683e+03 9.928146e+03 9.981923e+03
5.5 9.993000e+03 9.932276e+03 9.921820e+03 9.982545e+03
6.5 1.006368e+04 9.943681e+03 9.921778e+03 1.004178e+04
7.5 1.009297e+04 9.983922e+03 9.920691e+03 1.002974e+04
8.5 1.006375e+04 9.984159e+03 9.920648e+03 1.000024e+04
0.2 9.961826e+03 9.818277e+03 9.921992e+03 1.006554e+04
1.2 9.991810e+03 9.901521e+03 9.920878e+03 1.001117e+04
2.2 1.000646e+04 9.952683e+03 9.928146e+03 9.981923e+03
3.2 9.993000e+03 9.932276e+03 9.921820e+03 9.982545e+03
4.2 1.006368e+04 9.943681e+03 9.921778e+03 1.004178e+04
5.2 1.009297e+04 9.983922e+03 9.920691e+03 1.002974e+04
6.2 1.006375e+04 9.984159e+03 9.920648e+03 1.000024e+04
7.2 1.005273e+04 9.970432e+03 9.919555e+03 1.000185e+04
8.2 1.005445e+04 9.984944e+03 9.919502e+03 9.989005e+03
0.9 9.993000e+03 9.932276e+03 9.921820e+03 9.982545e+03
1.9 1.006368e+04 9.943681e+03 9.921778e+03 1.004178e+04
2.9 1.009297e+04 9.983922e+03 9.920691e+03 1.002974e+04
3.9 1.006375e+04 9.984159e+03 9.920648e+03 1.000024e+04
4.9 1.005273e+04 9.970432e+03 9.919555e+03 1.000185e+04
5.9 1.005445e+04 9.984944e+03 9.919502e+03 9.989005e+03
6.9 1.004456e+04 9.990005e+03 9.928866e+03 9.983424e+03
7.9 1.002905e+04 9.990464e+03 9.922537e+03 9.961120e+03
8.9 1.003176e+04 9.990474e+03 9.922491e+03 9.963777e+03
0.6 1.009297e+04 9.983922e+03 9.920691e+03 1.002974e+04
1.6 1.006375e+04 9.984159e+03 9.920648e+03 1.000024e+04
2.6 1.005273e+04 9.970432e+03 9.919555e+03 1.000185e+04
3.6 1.005445e+04 9.984944e+03 9.919502e+03 9.989005e+03
4.6 1.004456e+04 9.990005e+03 9.928866e+03 9.983424e+03
5.6 1.002905e+04 9.990464e+03 9.922537e+03 9.961120e+03
6.6 1.003176e+04 9.990474e+03 9.922491e+03 9.963777e+03
7.6 1.004913e+04 9.982162e+03 9.920348e+03 9.987320e+03
8.6 1.003240e+04 9.982166e+03 9.920295e+03 9.970526e+03
0.3 1.005273e+04 9.970432e+03 9.919555e+03 1.000185e+04
1.3 1.005445e+04 9.984944e+03 9.919502e+03 9.989005e+03
2.3 1.004456e+04 9.990005e+03 9.928866e+03 9.983424e+03
3.3 1.002905e+04 9.990464e+03 9.922537e+03 9.961120e+03
4.3 1.003176e+04 9.990474e+03 9.922491e+03 9.963777e+03
5.3 1.004913e+04 9.982162e+03 9.920348e+03 9.987320e+03
6.3 1.003240e+04 9.982166e+03 9.920295e+03 9.970526e+03
7.3 1.004924e+04 9.977660e+03 9.920242e+03 9.991826e+03
8.3 1.008605e+04 9.985744e+03 9.920205e+03 1.002051e+04
0.9 1.002905e+04 9.990464e+03 9.922537e+03 9.961120e+03
1.9 1.003176e+04 9.990474e+03 9.922491e+03 9.963777e+03
2.9 1.004913e+04 9.982162e+03 9.920348e+03 9.987320e+03
3.9 1.003240e+04 9.982166e+03 9.920295e+03 9.970526e+03
4.9 1.004924e+04 9.977660e+03 9.920242e+03 9.991826e+03
5.9 1.008605e+04 9.985744e+03 9.920205e+03 1.002051e+04
6.9 1.006439e+04 9.986126e+03 9.928536e+03 1.000680e+04
7.9 1.008478e+04 1.006931e+04 9.963020e+03 9.978499e+03
8.9 1.011061e+04 1.012705e+04 1.000483e+04 9.988394e+03
0.7 1.004913e+04 9.982162e+03 9.920348e+03 9.987320e+03
1.7 1.003240e+04 9.982166e+03 9.920295e+03 9.970526e+03
2.7 1.004924e+04 9.977660e+03 9.920242e+03 9.991826e+03
3.7 1.008605e+04 9.985744e+03 9.920205e+03 1.002051e+04
4.7 1.006439e+04 9.986126e+03 9.928536e+03 1.000680e+04
5.7 1.008478e+04 1.006931e+04 9.963020e+03 9.978499e+03
6.7 1.011061e+04 1.012705e+04 1.000483e+04 9.988394e+03
7.7 1.016059e+04 1.009295e+04 1.001211e+04 1.007976e+04
8.7 9.956311e+03 1.001284e+04 1.001209e+04 9.955553e+03
0.3 1.004924e+04 9.977660e+03 9.920242e+03 9.991826e+03
1.3 1.008605e+04 9.985744e+03 9.920205e+03 1.002051e+04
2.3 1.006439e+04 9.986126e+03 9.928536e+03 1.000680e+04
3.3 1.008478e+04 1.006931e+04 9.963020e+03 9.978499e+03
4.3 1.011061e+04 1.012705e+04 1.000483e+04 9.988394e+03
5.3 1.016059e+04 1.009295e+04 1.001211e+04 1.007976e+04
6.3 9.956311e+03 1.001284e+04 1.001209e+04 9.955553e+03
7.3 9.833787e+03 9.946351e+03 1.001207e+04 9.899505e+03
8.3 9.662363e+03 9.856600e+03 1.001206e+04 9.817828e+03
0.5 9.746951e+03 9.881881e+03 9.991235e+03 9.856305e+03
1.5 9.803021e+03 9.840213e+03 9.949430e+03 9.912238e+03
2.5 9.827354e+03 9.818609e+03 9.921227e+03 9.929972e+03
3.5 9.833646e+03 9.905085e+03 9.921284e+03 9.849845e+03
4.5 9.834202e+03 9.956277e+03 9.928670e+03 9.806595e+03
5.5 9.843018e+03 9.932876e+03 9.923501e+03 9.833642e+03
6.5 9.855082e+03 9.944293e+03 9.923565e+03 9.834354e+03
7.5 9.885133e+03 9.981058e+03 9.921536e+03 9.825612e+03
8.5 9.894124e+03 9.981015e+03 9.921601e+03 9.834710e+03
0.2 9.827354e+03 9.818609e+03 9.921227e+03 9.929972e+03
1.2 9.833646e+03 9.905085e+03 9.921284e+03 9.849845e+03
2.2 9.834202e+03 9.956277e+03 9.928670e+03 9.806595e+03
3.2 9.843018e+03 9.932876e+03 9.923501e+03 9.833642e+03
4.2 9.855082e+03 9.944293e+03 9.923565e+03 9.834354e+03
5.2 9.885133e+03 9.981058e+03 9.921536e+03 9.825612e+03
6.2 9.894124e+03 9.981015e+03 9.921601e+03 9.834710e+03
7.2 9.915188e+03 9.968342e+03 9.921673e+03 9.868519e+03
8.2 9.926479e+03 9.983739e+03 9.920706e+03 9.863447e+03
0.8 9.843018e+03 9.932876e+03 9.923501e+03 9.833642e+03
1.8 9.855082e+03 9.944293e+03 9.923565e+03 9.834354e+03
2.8 9.885133e+03 9.981058e+03 9.921536e+03 9.825612e+03
3.8 9.894124e+03 9.981015e+03 9.921601e+03 9.834710e+03
4.8 9.915188e+03 9.968342e+03 9.921673e+03 9.868519e+03
5.8 9.926479e+03 9.983739e+03 9.920706e+03 9.863447e+03
6.8 9.942341e+03 9.991052e+03 9.928108e+03 9.879397e+03
7.8 9.970059e+03 9.986395e+03 9.920858e+03 9.904523e+03
8.8 9.969179e+03 9.986377e+03 9.920935e+03 9.903737e+03
0.5 9.885133e+03 9.981058e+03 9.921536e+03 9.825612e+03
1.5 9.894124e+03 9.981015e+03 9.921601e+03 9.834710e+03
2.5 9.915188e+03 9.968342e+03 9.921673e+03 9.868519e+03
3.5 9.926479e+03 9.983739e+03 9.920706e+03 9.863447e+03
4.5 9.942341e+03 9.991052e+03 9.928108e+03 9.879397e+03
5.5 9.970059e+03 9.986395e+03 9.920858e+03 9.904523e+03
6.5 9.969179e+03 9.986377e+03 9.920935e+03 9.903737e+03
7.5 9.967873e+03 9.986362e+03 9.921016e+03 9.902527e+03
8.5 9.992598e+03 9.986630e+03 9.921105e+03 9.927073e+03
0.2 9.915188e+03 9.968342e+03 9.921673e+03 9.868519e+03
1.2 9.926479e+03 9.983739e+03 9.920706e+03 9.863447e+03
2.2 9.942341e+03 9.991052e+03 9.928108e+03 9.879397e+03
3.2 9.970059e+03 9.986395e+03 9.920858e+03 9.904523e+03
4.2 9.969179e+03 9.986377e+03 9.920935e+03 9.903737e+03
5.2 9.967873e+03 9.986362e+03 9.921016e+03 9.902527e+03
6.2 9.992598e+03 9.986630e+03 9.921105e+03 9.927073e+03
7.2 9.984552e+03 9.974018e+03 9.921209e+03 9.931743e+03
8.2 1.001345e+04 9.986749e+03 9.921331e+03 9.948035e+03
0.9 9.970059e+03 9.986395e+03 9.920858e+03 9.904523e+03
1.9 9.969179e+03 9.986377e+03 9.920935e+03 9.903737e+03
2.9 9.967873e+03 9.986362e+03 9.921016e+03 9.902527e+03
3.9 9.992598e+03 9.986630e+03 9.921105e+03 9.927073e+03
4.9 9.984552e+03 9.974018e+03 9.921209e+03 9.931743e+03
5.9 1.001345e+04 9.986749e+03 9.921331e+03 9.948035e+03
6.9 9.985996e+03 9.989668e+03 9.929845e+03 9.926173e+03
7.9 1.012910e+04 1.006599e+04 9.962451e+03 1.002555e+04
8.9 1.015826e+04 1.012569e+04 1.000451e+04 1.003708e+04
0.6 9.967873e+03 9.986362e+03 9.921016e+03 9.902527e+03
1.6 9.992598e+03 9.986630e+03 9.921105e+03 9.927073e+03
2.6 9.984552e+03 9.974018e+03 9.921209e+03 9.931743e+03
3.6 1.001345e+04 9.986749e+03 9.921331e+03 9.948035e+03
4.6 9.985996e+03 9.989668e+03 9.929845e+03 9.926173e+03
5.6 1.012910e+04 1.006599e+04 9.962451e+03 1.002555e+04
6.6 1.015826e+04 1.012569e+04 1.000451e+04 1.003708e+04
7.6 1.018691e+04 1.009776e+04 1.001418e+04 1.010333e+04
8.6 1.009494e+04 1.001809e+04 1.001449e+04 1.009133e+04
0.3 9.984552e+03 9.974018e+03 9.921209e+03 9.931743e+03
1.3 1.001345e+04 9.986749e+03 9.921331e+03 9.948035e+03
2.3 9.985996e+03 9.989668e+03 9.929845e+03 9.926173e+03
3.3 1.012910e+04 1.006599e+04 9.962451e+03 1.002555e+04
4.3 1.015826e+04 1.012569e+04 1.000451e+04 1.003708e+04
5.3 1.018691e+04 1.009776e+04 1.001418e+04 1.010333e+04
6.3 1.009494e+04 1.001809e+04 1.001449e+04 1.009133e+04
7.3 9.813619e+03 9.951421e+03 1.001486e+04 9.877057e+03
8.3 9.766201e+03 9.862275e+03 1.001530e+04 9.919225e+03
0.5 9.799139e+03 9.882991e+03 9.996954e+03 9.913102e+03
1.5 9.798519e+03 9.841207e+03 9.955979e+03 9.913290e+03
2.5 9.818766e+03 9.818357e+03 9.927664e+03 9.928072e+03
3.5 9.875022e+03 9.904545e+03 9.928755e+03 9.899232e+03
4.5 9.900564e+03 9.956391e+03 9.938328e+03 9.882501e+03
5.5 9.938279e+03 9.932546e+03 9.932315e+03 9.938048e+03
6.5 9.943164e+03 9.943315e+03 9.933739e+03 9.933588e+03
7.5 9.964104e+03 9.983792e+03 9.935274e+03 9.915586e+03
8.5 9.912082e+03 9.982775e+03 9.936914e+03 9.866222e+03
0.2 9.818766e+03 9.818357e+03 9.927664e+03 9.928072e+03
1.2 9.875022e+03 9.904545e+03 9.928755e+03 9.899232e+03
2.2 9.900564e+03 9.956391e+03 9.938328e+03 9.882501e+03
3.2 9.938279e+03 9.932546e+03 9.932315e+03 9.938048e+03
4.2 9.943164e+03 9.943315e+03 9.933739e+03 9.933588e+03
5.2 9.964104e+03 9.983792e+03 9.935274e+03 9.915586e+03
6.2 9.912082e+03 9.982775e+03 9.936914e+03 9.866222e+03
7.2 9.903917e+03 9.967578e+03 9.937600e+03 9.873940e+03
8.2 9.942753e+03 9.978762e+03 9.939409e+03 9.903399e+03
0.9 9.938279e+03 9.932546e+03 9.932315e+03 9.938048e+03
1.9 9.943164e+03 9.943315e+03 9.933739e+03 9.933588e+03
2.9 9.964104e+03 9.983792e+03 9.935274e+03 9.915586e+03
3.9 9.912082e+03 9.982775e+03 9.936914e+03 9.866222e+03
4.9 9.903917e+03 9.967578e+03 9.937600e+03 9.873940e+03
5.9 9.942753e+03 9.978762e+03 9.939409e+03 9.903399e+03
6.9 9.988855e+03 9.981145e+03 9.949673e+03 9.957383e+03
7.9 1.000490e+04 9.978475e+03 9.944323e+03 9.970746e+03
8.9 1.000284e+04 9.976482e+03 9.946373e+03 9.972731e+03
0.6 9.964104e+03 9.983792e+03 9.935274e+03 9.915586e+03
1.6 9.912082e+03 9.982775e+03 9.936914e+03 9.866222e+03
2.6 9.903917e+03 9.967578e+03 9.937600e+03 9.873940e+03
3.6 9.942753e+03 9.978762e+03 9.939409e+03 9.903399e+03
4.6 9.988855e+03 9.981145e+03 9.949673e+03 9.957383e+03
5.6 1.000490e+04 9.978475e+03 9.944323e+03 9.970746e+03
6.6 1.000284e+04 9.976482e+03 9.946373e+03 9.972731e+03
7.6 9.990934e+03 9.971419e+03 9.947443e+03 9.966958e+03
8.6 9.987094e+03 9.969150e+03 9.949617e+03 9.967562e+03
0.3 9.903917e+03 9.967578e+03 9.937600e+03 9.873940e+03
1.3 9.942753e+03 9.978762e+03 9.939409e+03 9.903399e+03
2.3 9.988855e+03 9.981145e+03 9.949673e+03 9.957383e+03
3.3 1.000490e+04 9.978475e+03 9.944323e+03 9.970746e+03
4.3 1.000284e+04 9.976482e+03 9.946373e+03 9.972731e+03
5.3 9.990934e+03 9.971419e+03 9.947443e+03 9.966958e+03
6.3 9.987094e+03 9.969150e+03 9.949617e+03 9.967562e+03
7.3 9.950797e+03 9.962319e+03 9.953933e+03 9.942411e+03
8.3 9.973274e+03 9.967865e+03 9.956194e+03 9.961603e+03
1.0 1.000490e+04 9.978475e+03 9.944323e+03 9.970746e+03
2.0 1.000284e+04 9.976482e+03 9.946373e+03 9.972731e+03
3.0 9.990934e+03 9.971419e+03 9.947443e+03 9.966958e+03
4.0 9.987094e+03 9.969150e+03 9.949617e+03 9.967562e+03
5.0 9.950797e+03 9.962319e+03 9.953933e+03 9.942411e+03
6.0 9.973274e+03 9.967865e+03 9.956194e+03 9.961603e+03
0.6 9.990934e+03 9.971419e+03 9.947443e+03 9.966958e+03
1.6 9.987094e+03 9.969150e+03 9.949617e+03 9.967562e+03
2.6 9.950797e+03 9.962319e+03 9.953933e+03 9.942411e+03
3.6 9.973274e+03 9.967865e+03 9.956194e+03 9.961603e+03
0.3 9.950797e+03 9.962319e+03 9.953933e+03 9.942411e+03
1.3 9.973274e+03 9.967865e+03 9.956194e+03 9.961603e+03
