0.5 1.004242e+04 9.926257e+03 9.945275e+03 1.006144e+04
1.5 9.943055e+03 9.920068e+03 9.945399e+03 9.968386e+03
2.5 9.874946e+03 9.873723e+03 9.946597e+03 9.947819e+03
3.5 9.868712e+03 9.846915e+03 9.989655e+03 1.001145e+04
4.5 9.891261e+03 9.923266e+03 9.989696e+03 9.957692e+03
5.5 9.899461e+03 9.970024e+03 9.966590e+03 9.896027e+03
6.5 9.939030e+03 9.948426e+03 9.945696e+03 9.936300e+03
7.5 9.914933e+03 9.957024e+03 9.945715e+03 9.903624e+03
0.1 9.923476e+03 9.985491e+03 9.944646e+03 9.882631e+03
1.1 9.962724e+03 1.007117e+04 9.944553e+03 9.836104e+03
2.1 1.018781e+04 1.012786e+04 9.944467e+03 1.000441e+04
3.1 1.010455e+04 1.009064e+04 9.970846e+03 9.984758e+03
4.1 1.012361e+04 1.001030e+04 1.001046e+04 1.012377e+04
5.1 9.986464e+03 9.943915e+03 1.000599e+04 1.004854e+04
6.1 9.967597e+03 9.853894e+03 9.961844e+03 1.007555e+04
7.1 9.949764e+03 9.810984e+03 9.944162e+03 1.008294e+04
0.5 9.989847e+03 9.884685e+03 9.944099e+03 1.004926e+04
1.5 9.966789e+03 9.882572e+03 9.944078e+03 1.002829e+04
2.5 9.937566e+03 9.840930e+03 9.945167e+03 1.004180e+04
3.5 9.961826e+03 9.818277e+03 9.988150e+03 1.013170e+04
4.5 9.991810e+03 9.901521e+03 9.988147e+03 1.007844e+04
5.5 1.000646e+04 9.952683e+03 9.964994e+03 1.001877e+04
6.5 9.993000e+03 9.932276e+03 9.944036e+03 1.000476e+04
7.5 1.006368e+04 9.943681e+03 9.944021e+03 1.006402e+04
0.1 1.006439e+04 9.986126e+03 9.943927e+03 1.002219e+04
1.1 1.008478e+04 1.006931e+04 9.943914e+03 9.959393e+03
2.1 1.011061e+04 1.012705e+04 9.943912e+03 9.927478e+03
3.1 1.016059e+04 1.009295e+04 9.969263e+03 1.003691e+04
4.1 9.956311e+03 1.001284e+04 1.001004e+04 9.953510e+03
5.1 9.833787e+03 9.946351e+03 1.000672e+04 9.894160e+03
6.1 9.662363e+03 9.856600e+03 9.962622e+03 9.768386e+03
7.1 9.686235e+03 9.811663e+03 9.943877e+03 9.818449e+03
0.5 9.772459e+03 9.885066e+03 9.943877e+03 9.831270e+03
1.5 9.746951e+03 9.881881e+03 9.943881e+03 9.808951e+03
2.5 9.803021e+03 9.840213e+03 9.944991e+03 9.907799e+03
3.5 9.827354e+03 9.818609e+03 9.987989e+03 9.996734e+03
4.5 9.833646e+03 9.905085e+03 9.987998e+03 9.916559e+03
5.5 9.834202e+03 9.956277e+03 9.964859e+03 9.842784e+03
6.5 9.843018e+03 9.932876e+03 9.943926e+03 9.854067e+03
7.5 9.855082e+03 9.944293e+03 9.943938e+03 9.854728e+03
0.0 9.985996e+03 9.989668e+03 9.944140e+03 9.940468e+03
1.0 1.012910e+04 1.006599e+04 9.944175e+03 1.000728e+04
2.0 1.015826e+04 1.012569e+04 9.944227e+03 9.976791e+03
3.0 1.018691e+04 1.009776e+04 9.967437e+03 1.005659e+04
4.0 1.009494e+04 1.001809e+04 1.001050e+04 1.008734e+04
5.0 9.813619e+03 9.951421e+03 1.000948e+04 9.871674e+03
6.0 9.766201e+03 9.862275e+03 9.965482e+03 9.869408e+03
7.0 9.853263e+03 9.813335e+03 9.944658e+03 9.984586e+03
0.5 9.832379e+03 9.886231e+03 9.944970e+03 9.891118e+03
1.5 9.799139e+03 9.882991e+03 9.945165e+03 9.861313e+03
2.5 9.798519e+03 9.841207e+03 9.946492e+03 9.903804e+03
3.5 9.818766e+03 9.818357e+03 9.989739e+03 9.990148e+03
4.5 9.875022e+03 9.904545e+03 9.990028e+03 9.960505e+03
5.5 9.900564e+03 9.956391e+03 9.967202e+03 9.911375e+03
6.5 9.938279e+03 9.932546e+03 9.946617e+03 9.952350e+03
7.5 9.943164e+03 9.943315e+03 9.947013e+03 9.946862e+03
