0.5 9.890579e+03 9.894965e+03 9.920775e+03 9.916389e+03
1.5 9.838186e+03 9.911470e+03 9.941784e+03 9.868500e+03
2.5 9.961897e+03 9.938199e+03 9.956550e+03 9.980249e+03
3.5 9.954312e+03 9.897347e+03 9.957730e+03 1.001469e+04
4.5 9.885874e+03 9.871409e+03 9.954773e+03 9.969238e+03
5.5 9.944755e+03 9.917824e+03 9.958158e+03 9.985088e+03
6.5 1.001960e+04 9.997349e+03 9.958441e+03 9.980689e+03
7.5 9.978323e+03 9.992656e+03 9.958760e+03 9.944427e+03
8.5 9.967193e+03 9.994261e+03 9.959107e+03 9.932039e+03
0.2 9.961897e+03 9.938199e+03 9.956550e+03 9.980249e+03
1.2 9.954312e+03 9.897347e+03 9.957730e+03 1.001469e+04
2.2 9.885874e+03 9.871409e+03 9.954773e+03 9.969238e+03
3.2 9.944755e+03 9.917824e+03 9.958158e+03 9.985088e+03
4.2 1.001960e+04 9.997349e+03 9.958441e+03 9.980689e+03
5.2 9.978323e+03 9.992656e+03 9.958760e+03 9.944427e+03
6.2 9.967193e+03 9.994261e+03 9.959107e+03 9.932039e+03
7.2 9.907064e+03 9.985229e+03 9.959474e+03 9.881309e+03
8.2 1.000174e+04 9.989798e+03 9.959855e+03 9.971799e+03
0.9 9.944755e+03 9.917824e+03 9.958158e+03 9.985088e+03
1.9 1.001960e+04 9.997349e+03 9.958441e+03 9.980689e+03
2.9 9.978323e+03 9.992656e+03 9.958760e+03 9.944427e+03
3.9 9.967193e+03 9.994261e+03 9.959107e+03 9.932039e+03
4.9 9.907064e+03 9.985229e+03 9.959474e+03 9.881309e+03
5.9 1.000174e+04 9.989798e+03 9.959855e+03 9.971799e+03
6.9 9.982099e+03 9.985732e+03 9.956053e+03 9.952419e+03
7.9 9.993283e+03 9.986318e+03 9.960641e+03 9.967606e+03
8.9 9.903970e+03 9.984910e+03 9.961032e+03 9.880092e+03
0.6 9.978323e+03 9.992656e+03 9.958760e+03 9.944427e+03
1.6 9.967193e+03 9.994261e+03 9.959107e+03 9.932039e+03
2.6 9.907064e+03 9.985229e+03 9.959474e+03 9.881309e+03
3.6 1.000174e+04 9.989798e+03 9.959855e+03 9.971799e+03
4.6 9.982099e+03 9.985732e+03 9.956053e+03 9.952419e+03
5.6 9.993283e+03 9.986318e+03 9.960641e+03 9.967606e+03
6.6 9.903970e+03 9.984910e+03 9.961032e+03 9.880092e+03
7.6 1.000046e+04 9.983692e+03 9.961412e+03 9.978178e+03
8.6 9.945218e+03 9.982652e+03 9.961775e+03 9.924341e+03
0.3 9.907064e+03 9.985229e+03 9.959474e+03 9.881309e+03
1.3 1.000174e+04 9.989798e+03 9.959855e+03 9.971799e+03
2.3 9.982099e+03 9.985732e+03 9.956053e+03 9.952419e+03
3.3 9.993283e+03 9.986318e+03 9.960641e+03 9.967606e+03
4.3 9.903970e+03 9.984910e+03 9.961032e+03 9.880092e+03
5.3 1.000046e+04 9.983692e+03 9.961412e+03 9.978178e+03
6.3 9.945218e+03 9.982652e+03 9.961775e+03 9.924341e+03
7.3 9.989364e+03 9.966917e+03 9.962120e+03 9.984567e+03
8.3 9.883062e+03 9.981037e+03 9.962443e+03 9.864469e+03
1.0 9.993283e+03 9.986318e+03 9.960641e+03 9.967606e+03
2.0 9.903970e+03 9.984910e+03 9.961032e+03 9.880092e+03
3.0 1.000046e+04 9.983692e+03 9.961412e+03 9.978178e+03
4.0 9.945218e+03 9.982652e+03 9.961775e+03 9.924341e+03
5.0 9.989364e+03 9.966917e+03 9.962120e+03 9.984567e+03
6.0 9.883062e+03 9.981037e+03 9.962443e+03 9.864469e+03
7.0 9.975985e+03 9.982767e+03 9.958549e+03 9.951767e+03
8.0 1.000725e+04 9.964359e+03 9.941003e+03 9.983898e+03
9.0 1.002263e+04 9.945326e+03 9.920286e+03 9.997589e+03
0.7 1.000046e+04 9.983692e+03 9.961412e+03 9.978178e+03
1.7 9.945218e+03 9.982652e+03 9.961775e+03 9.924341e+03
2.7 9.989364e+03 9.966917e+03 9.962120e+03 9.984567e+03
3.7 9.883062e+03 9.981037e+03 9.962443e+03 9.864469e+03
4.7 9.975985e+03 9.982767e+03 9.958549e+03 9.951767e+03
5.7 1.000725e+04 9.964359e+03 9.941003e+03 9.983898e+03
6.7 1.002263e+04 9.945326e+03 9.920286e+03 9.997589e+03
7.7 9.968449e+03 9.973875e+03 9.917363e+03 9.911937e+03
8.7 9.894876e+03 1.002860e+04 9.917559e+03 9.783837e+03
0.4 9.989364e+03 9.966917e+03 9.962120e+03 9.984567e+03
1.4 9.883062e+03 9.981037e+03 9.962443e+03 9.864469e+03
2.4 9.975985e+03 9.982767e+03 9.958549e+03 9.951767e+03
3.4 1.000725e+04 9.964359e+03 9.941003e+03 9.983898e+03
4.4 1.002263e+04 9.945326e+03 9.920286e+03 9.997589e+03
5.4 9.968449e+03 9.973875e+03 9.917363e+03 9.911937e+03
6.4 9.894876e+03 1.002860e+04 9.917559e+03 9.783837e+03
7.4 1.007641e+04 1.004127e+04 9.917728e+03 9.952867e+03
8.4 9.968925e+03 1.000897e+04 9.917873e+03 9.877826e+03
0.5 9.934834e+03 9.849773e+03 9.928197e+03 1.001326e+04
1.5 9.851885e+03 9.871082e+03 9.949209e+03 9.930012e+03
2.5 9.844656e+03 9.902273e+03 9.963923e+03 9.906306e+03
3.5 9.902824e+03 9.864039e+03 9.964481e+03 1.000327e+04
4.5 9.904529e+03 9.841330e+03 9.960841e+03 1.002404e+04
5.5 9.920809e+03 9.894202e+03 9.964009e+03 9.990616e+03
6.5 9.916358e+03 9.976760e+03 9.964030e+03 9.903629e+03
7.5 1.002668e+04 9.976344e+03 9.964575e+03 1.001491e+04
8.5 1.007022e+04 9.978371e+03 9.964596e+03 1.005645e+04
0.2 9.844656e+03 9.902273e+03 9.963923e+03 9.906306e+03
1.2 9.902824e+03 9.864039e+03 9.964481e+03 1.000327e+04
2.2 9.904529e+03 9.841330e+03 9.960841e+03 1.002404e+04
3.2 9.920809e+03 9.894202e+03 9.964009e+03 9.990616e+03
4.2 9.916358e+03 9.976760e+03 9.964030e+03 9.903629e+03
5.2 1.002668e+04 9.976344e+03 9.964575e+03 1.001491e+04
6.2 1.007022e+04 9.978371e+03 9.964596e+03 1.005645e+04
7.2 9.967355e+03 9.969056e+03 9.965144e+03 9.963443e+03
8.2 1.000155e+04 9.975694e+03 9.965170e+03 9.991024e+03
0.9 9.920809e+03 9.894202e+03 9.964009e+03 9.990616e+03
1.9 9.916358e+03 9.976760e+03 9.964030e+03 9.903629e+03
2.9 1.002668e+04 9.976344e+03 9.964575e+03 1.001491e+04
3.9 1.007022e+04 9.978371e+03 9.964596e+03 1.005645e+04
4.9 9.967355e+03 9.969056e+03 9.965144e+03 9.963443e+03
5.9 1.000155e+04 9.975694e+03 9.965170e+03 9.991024e+03
6.9 9.942276e+03 9.972926e+03 9.960480e+03 9.929831e+03
7.9 1.004524e+04 9.975169e+03 9.963650e+03 1.003372e+04
8.9 9.860280e+03 9.975141e+03 9.963673e+03 9.848813e+03
0.6 1.002668e+04 9.976344e+03 9.964575e+03 1.001491e+04
1.6 1.007022e+04 9.978371e+03 9.964596e+03 1.005645e+04
2.6 9.967355e+03 9.969056e+03 9.965144e+03 9.963443e+03
3.6 1.000155e+04 9.975694e+03 9.965170e+03 9.991024e+03
4.6 9.942276e+03 9.972926e+03 9.960480e+03 9.929831e+03
5.6 1.004524e+04 9.975169e+03 9.963650e+03 1.003372e+04
6.6 9.860280e+03 9.975141e+03 9.963673e+03 9.848813e+03
7.6 9.980389e+03 9.981265e+03 9.964746e+03 9.963870e+03
8.6 9.943110e+03 9.981282e+03 9.964773e+03 9.926602e+03
0.3 9.967355e+03 9.969056e+03 9.965144e+03 9.963443e+03
1.3 1.000155e+04 9.975694e+03 9.965170e+03 9.991024e+03
2.3 9.942276e+03 9.972926e+03 9.960480e+03 9.929831e+03
3.3 1.004524e+04 9.975169e+03 9.963650e+03 1.003372e+04
4.3 9.860280e+03 9.975141e+03 9.963673e+03 9.848813e+03
5.3 9.980389e+03 9.981265e+03 9.964746e+03 9.963870e+03
6.3 9.943110e+03 9.981282e+03 9.964773e+03 9.926602e+03
7.3 9.988650e+03 9.963344e+03 9.964800e+03 9.990107e+03
8.3 1.002856e+04 9.972979e+03 9.964818e+03 1.002040e+04
0.9 1.004524e+04 9.975169e+03 9.963650e+03 1.003372e+04
1.9 9.860280e+03 9.975141e+03 9.963673e+03 9.848813e+03
2.9 9.980389e+03 9.981265e+03 9.964746e+03 9.963870e+03
3.9 9.943110e+03 9.981282e+03 9.964773e+03 9.926602e+03
4.9 9.988650e+03 9.963344e+03 9.964800e+03 9.990107e+03
5.9 1.002856e+04 9.972979e+03 9.964818e+03 1.002040e+04
6.9 9.938358e+03 9.974185e+03 9.960646e+03 9.924819e+03
7.9 9.974217e+03 9.962030e+03 9.943374e+03 9.955561e+03
8.9 9.863093e+03 9.943597e+03 9.922433e+03 9.841929e+03
0.7 9.980389e+03 9.981265e+03 9.964746e+03 9.963870e+03
1.7 9.943110e+03 9.981282e+03 9.964773e+03 9.926602e+03
2.7 9.988650e+03 9.963344e+03 9.964800e+03 9.990107e+03
3.7 1.002856e+04 9.972979e+03 9.964818e+03 1.002040e+04
4.7 9.938358e+03 9.974185e+03 9.960646e+03 9.924819e+03
5.7 9.974217e+03 9.962030e+03 9.943374e+03 9.955561e+03
6.7 9.863093e+03 9.943597e+03 9.922433e+03 9.841929e+03
7.7 9.958136e+03 9.970576e+03 9.918784e+03 9.906344e+03
8.7 1.002249e+04 1.002603e+04 9.918798e+03 9.915256e+03
0.3 9.988650e+03 9.963344e+03 9.964800e+03 9.990107e+03
1.3 1.002856e+04 9.972979e+03 9.964818e+03 1.002040e+04
2.3 9.938358e+03 9.974185e+03 9.960646e+03 9.924819e+03
3.3 9.974217e+03 9.962030e+03 9.943374e+03 9.955561e+03
4.3 9.863093e+03 9.943597e+03 9.922433e+03 9.841929e+03
5.3 9.958136e+03 9.970576e+03 9.918784e+03 9.906344e+03
6.3 1.002249e+04 1.002603e+04 9.918798e+03 9.915256e+03
7.3 1.016066e+04 1.003898e+04 9.918807e+03 1.004048e+04
8.3 1.016421e+04 1.000903e+04 9.918810e+03 1.007399e+04
0.5 9.793950e+03 9.849873e+03 9.929242e+03 9.873319e+03
1.5 9.917585e+03 9.871282e+03 9.950181e+03 9.996483e+03
2.5 9.919050e+03 9.902039e+03 9.964306e+03 9.981317e+03
3.5 9.841743e+03 9.862360e+03 9.964278e+03 9.943661e+03
4.5 9.822460e+03 9.839716e+03 9.960579e+03 9.943323e+03
5.5 9.987537e+03 9.896224e+03 9.963168e+03 1.005448e+04
6.5 9.941860e+03 9.978849e+03 9.963136e+03 9.926147e+03
7.5 9.942511e+03 9.977907e+03 9.964152e+03 9.928756e+03
8.5 9.928663e+03 9.977874e+03 9.964119e+03 9.914908e+03
0.2 9.919050e+03 9.902039e+03 9.964306e+03 9.981317e+03
1.2 9.841743e+03 9.862360e+03 9.964278e+03 9.943661e+03
2.2 9.822460e+03 9.839716e+03 9.960579e+03 9.943323e+03
3.2 9.987537e+03 9.896224e+03 9.963168e+03 1.005448e+04
4.2 9.941860e+03 9.978849e+03 9.963136e+03 9.926147e+03
5.2 9.942511e+03 9.977907e+03 9.964152e+03 9.928756e+03
6.2 9.928663e+03 9.977874e+03 9.964119e+03 9.914908e+03
7.2 9.964549e+03 9.968057e+03 9.964083e+03 9.960575e+03
8.2 1.004315e+04 9.972119e+03 9.964567e+03 1.003560e+04
0.8 9.987537e+03 9.896224e+03 9.963168e+03 1.005448e+04
1.8 9.941860e+03 9.978849e+03 9.963136e+03 9.926147e+03
2.8 9.942511e+03 9.977907e+03 9.964152e+03 9.928756e+03
3.8 9.928663e+03 9.977874e+03 9.964119e+03 9.914908e+03
4.8 9.964549e+03 9.968057e+03 9.964083e+03 9.960575e+03
5.8 1.004315e+04 9.972119e+03 9.964567e+03 1.003560e+04
6.8 1.001219e+04 9.968416e+03 9.960860e+03 1.000463e+04
7.8 9.930517e+03 9.975287e+03 9.964491e+03 9.919721e+03
8.8 1.006204e+04 9.975276e+03 9.964453e+03 1.005121e+04
0.5 9.942511e+03 9.977907e+03 9.964152e+03 9.928756e+03
1.5 9.928663e+03 9.977874e+03 9.964119e+03 9.914908e+03
2.5 9.964549e+03 9.968057e+03 9.964083e+03 9.960575e+03
3.5 1.004315e+04 9.972119e+03 9.964567e+03 1.003560e+04
4.5 1.001219e+04 9.968416e+03 9.960860e+03 1.000463e+04
5.5 9.930517e+03 9.975287e+03 9.964491e+03 9.919721e+03
6.5 1.006204e+04 9.975276e+03 9.964453e+03 1.005121e+04
7.5 1.001743e+04 9.975264e+03 9.964412e+03 1.000658e+04
8.5 9.993941e+03 9.977352e+03 9.964367e+03 9.980957e+03
0.2 9.964549e+03 9.968057e+03 9.964083e+03 9.960575e+03
1.2 1.004315e+04 9.972119e+03 9.964567e+03 1.003560e+04
2.2 1.001219e+04 9.968416e+03 9.960860e+03 1.000463e+04
3.2 9.930517e+03 9.975287e+03 9.964491e+03 9.919721e+03
4.2 1.006204e+04 9.975276e+03 9.964453e+03 1.005121e+04
5.2 1.001743e+04 9.975264e+03 9.964412e+03 1.000658e+04
6.2 9.993941e+03 9.977352e+03 9.964367e+03 9.980957e+03
7.2 9.978610e+03 9.967561e+03 9.964316e+03 9.975365e+03
8.2 9.962741e+03 9.977328e+03 9.964254e+03 9.949668e+03
0.9 9.930517e+03 9.975287e+03 9.964491e+03 9.919721e+03
1.9 1.006204e+04 9.975276e+03 9.964453e+03 1.005121e+04
2.9 1.001743e+04 9.975264e+03 9.964412e+03 1.000658e+04
3.9 9.993941e+03 9.977352e+03 9.964367e+03 9.980957e+03
4.9 9.978610e+03 9.967561e+03 9.964316e+03 9.975365e+03
5.9 9.962741e+03 9.977328e+03 9.964254e+03 9.949668e+03
6.9 9.940986e+03 9.976268e+03 9.959990e+03 9.924709e+03
7.9 9.979263e+03 9.962947e+03 9.943659e+03 9.959975e+03
8.9 9.956428e+03 9.944816e+03 9.922592e+03 9.934204e+03
0.6 1.001743e+04 9.975264e+03 9.964412e+03 1.000658e+04
1.6 9.993941e+03 9.977352e+03 9.964367e+03 9.980957e+03
2.6 9.978610e+03 9.967561e+03 9.964316e+03 9.975365e+03
3.6 9.962741e+03 9.977328e+03 9.964254e+03 9.949668e+03
4.6 9.940986e+03 9.976268e+03 9.959990e+03 9.924709e+03
5.6 9.979263e+03 9.962947e+03 9.943659e+03 9.959975e+03
6.6 9.956428e+03 9.944816e+03 9.922592e+03 9.934204e+03
7.6 9.914968e+03 9.967923e+03 9.917749e+03 9.864794e+03
8.6 9.812671e+03 1.002424e+04 9.917594e+03 9.706028e+03
0.3 9.978610e+03 9.967561e+03 9.964316e+03 9.975365e+03
1.3 9.962741e+03 9.977328e+03 9.964254e+03 9.949668e+03
2.3 9.940986e+03 9.976268e+03 9.959990e+03 9.924709e+03
3.3 9.979263e+03 9.962947e+03 9.943659e+03 9.959975e+03
4.3 9.956428e+03 9.944816e+03 9.922592e+03 9.934204e+03
5.3 9.914968e+03 9.967923e+03 9.917749e+03 9.864794e+03
6.3 9.812671e+03 1.002424e+04 9.917594e+03 9.706028e+03
7.3 1.019889e+04 1.003720e+04 9.917409e+03 1.007910e+04
8.3 1.001975e+04 1.001144e+04 9.917189e+03 9.925505e+03
0.5 9.848988e+03 9.849736e+03 9.926377e+03 9.925630e+03
1.5 9.806332e+03 9.870977e+03 9.946901e+03 9.882255e+03
2.5 9.848290e+03 9.902027e+03 9.961083e+03 9.907346e+03
3.5 9.862252e+03 9.862051e+03 9.960536e+03 9.960737e+03
4.5 9.797633e+03 9.838507e+03 9.955741e+03 9.914867e+03
5.5 9.887981e+03 9.894607e+03 9.958753e+03 9.952127e+03
6.5 9.946786e+03 9.976674e+03 9.958040e+03 9.928152e+03
7.5 9.993988e+03 9.975121e+03 9.957271e+03 9.976139e+03
8.5 1.001097e+04 9.974285e+03 9.956449e+03 9.993134e+03
0.2 9.848290e+03 9.902027e+03 9.961083e+03 9.907346e+03
1.2 9.862252e+03 9.862051e+03 9.960536e+03 9.960737e+03
2.2 9.797633e+03 9.838507e+03 9.955741e+03 9.914867e+03
3.2 9.887981e+03 9.894607e+03 9.958753e+03 9.952127e+03
4.2 9.946786e+03 9.976674e+03 9.958040e+03 9.928152e+03
5.2 9.993988e+03 9.975121e+03 9.957271e+03 9.976139e+03
6.2 1.001097e+04 9.974285e+03 9.956449e+03 9.993134e+03
7.2 9.957583e+03 9.961957e+03 9.956106e+03 9.951731e+03
8.2 9.919258e+03 9.970626e+03 9.955200e+03 9.903832e+03
0.9 9.887981e+03 9.894607e+03 9.958753e+03 9.952127e+03
1.9 9.946786e+03 9.976674e+03 9.958040e+03 9.928152e+03
2.9 9.993988e+03 9.975121e+03 9.957271e+03 9.976139e+03
3.9 1.001097e+04 9.974285e+03 9.956449e+03 9.993134e+03
4.9 9.957583e+03 9.961957e+03 9.956106e+03 9.951731e+03
5.9 9.919258e+03 9.970626e+03 9.955200e+03 9.903832e+03
6.9 1.000956e+04 9.967140e+03 9.950059e+03 9.992479e+03
7.9 9.952768e+03 9.966351e+03 9.952739e+03 9.939155e+03
8.9 1.001006e+04 9.964681e+03 9.951712e+03 9.997090e+03
0.6 9.993988e+03 9.975121e+03 9.957271e+03 9.976139e+03
1.6 1.001097e+04 9.974285e+03 9.956449e+03 9.993134e+03
2.6 9.957583e+03 9.961957e+03 9.956106e+03 9.951731e+03
3.6 9.919258e+03 9.970626e+03 9.955200e+03 9.903832e+03
4.6 1.000956e+04 9.967140e+03 9.950059e+03 9.992479e+03
5.6 9.952768e+03 9.966351e+03 9.952739e+03 9.939155e+03
6.6 1.001006e+04 9.964681e+03 9.951712e+03 9.997090e+03
7.6 9.972378e+03 9.966478e+03 9.951176e+03 9.957076e+03
8.6 9.958564e+03 9.964547e+03 9.950087e+03 9.944104e+03
0.3 9.957583e+03 9.961957e+03 9.956106e+03 9.951731e+03
1.3 9.919258e+03 9.970626e+03 9.955200e+03 9.903832e+03
2.3 1.000956e+04 9.967140e+03 9.950059e+03 9.992479e+03
3.3 9.952768e+03 9.966351e+03 9.952739e+03 9.939155e+03
4.3 1.001006e+04 9.964681e+03 9.951712e+03 9.997090e+03
5.3 9.972378e+03 9.966478e+03 9.951176e+03 9.957076e+03
6.3 9.958564e+03 9.964547e+03 9.950087e+03 9.944104e+03
7.3 1.001396e+04 9.946603e+03 9.947925e+03 1.001529e+04
8.3 9.918094e+03 9.956245e+03 9.946793e+03 9.908642e+03
1.0 9.952768e+03 9.966351e+03 9.952739e+03 9.939155e+03
2.0 1.001006e+04 9.964681e+03 9.951712e+03 9.997090e+03
3.0 9.972378e+03 9.966478e+03 9.951176e+03 9.957076e+03
4.0 9.958564e+03 9.964547e+03 9.950087e+03 9.944104e+03
5.0 1.001396e+04 9.946603e+03 9.947925e+03 1.001529e+04
6.0 9.918094e+03 9.956245e+03 9.946793e+03 9.908642e+03
0.6 9.972378e+03 9.966478e+03 9.951176e+03 9.957076e+03
1.6 9.958564e+03 9.964547e+03 9.950087e+03 9.944104e+03
2.6 1.001396e+04 9.946603e+03 9.947925e+03 1.001529e+04
3.6 9.918094e+03 9.956245e+03 9.946793e+03 9.908642e+03
0.3 1.001396e+04 9.946603e+03 9.947925e+03 1.001529e+04
1.3 9.918094e+03 9.956245e+03 9.946793e+03 9.908642e+03
