0.5 9.793794e+03 9.752854e+03 9.843832e+03 9.884773e+03
1.5 9.807324e+03 9.811678e+03 9.876206e+03 9.871852e+03
2.5 9.884190e+03 9.870488e+03 9.875147e+03 9.888849e+03
3.5 9.941025e+03 9.865211e+03 9.810743e+03 9.886557e+03
4.5 9.933928e+03 9.842022e+03 9.811282e+03 9.903188e+03
5.5 9.783255e+03 9.802887e+03 9.811688e+03 9.792056e+03
6.5 9.830527e+03 9.812568e+03 9.811962e+03 9.829921e+03
7.5 9.794535e+03 9.834162e+03 9.812174e+03 9.772547e+03
0.1 9.804339e+03 9.843474e+03 9.819032e+03 9.779897e+03
1.1 9.774953e+03 9.855669e+03 9.885667e+03 9.804952e+03
2.1 9.826091e+03 9.823079e+03 9.912302e+03 9.915314e+03
3.1 9.867496e+03 9.800684e+03 9.872267e+03 9.939079e+03
4.1 9.802253e+03 9.785208e+03 9.812236e+03 9.829281e+03
5.1 9.875995e+03 9.798948e+03 9.812222e+03 9.889269e+03
6.1 9.754120e+03 9.776025e+03 9.812215e+03 9.790310e+03
7.1 9.750156e+03 9.752882e+03 9.812215e+03 9.809489e+03
0.5 9.702806e+03 9.765604e+03 9.847240e+03 9.784441e+03
1.5 9.812918e+03 9.825734e+03 9.878930e+03 9.866114e+03
2.5 9.852912e+03 9.884269e+03 9.877286e+03 9.845929e+03
3.5 9.883481e+03 9.878608e+03 9.812286e+03 9.817160e+03
4.5 9.911779e+03 9.852817e+03 9.812286e+03 9.871248e+03
5.5 9.825707e+03 9.811750e+03 9.812290e+03 9.826247e+03
6.5 9.741116e+03 9.822192e+03 9.812307e+03 9.731232e+03
7.5 9.870853e+03 9.843254e+03 9.812324e+03 9.839923e+03
0.1 9.844795e+03 9.843591e+03 9.817292e+03 9.818496e+03
1.1 9.874661e+03 9.858666e+03 9.883970e+03 9.899965e+03
2.1 9.793800e+03 9.827394e+03 9.912294e+03 9.878700e+03
3.1 9.831679e+03 9.803701e+03 9.873947e+03 9.901924e+03
4.1 9.697966e+03 9.786708e+03 9.812267e+03 9.723525e+03
5.1 9.860101e+03 9.801008e+03 9.812267e+03 9.871360e+03
6.1 9.894907e+03 9.778387e+03 9.812273e+03 9.928793e+03
7.1 9.796010e+03 9.754912e+03 9.812282e+03 9.853381e+03
0.5 9.757774e+03 9.766759e+03 9.847320e+03 9.838336e+03
1.5 9.855802e+03 9.828239e+03 9.879014e+03 9.906576e+03
2.5 9.931658e+03 9.886649e+03 9.877373e+03 9.922382e+03
3.5 9.935637e+03 9.879396e+03 9.812388e+03 9.868629e+03
4.5 9.747651e+03 9.851319e+03 9.812415e+03 9.708747e+03
5.5 9.847070e+03 9.810163e+03 9.812444e+03 9.849351e+03
6.5 9.765200e+03 9.820964e+03 9.812473e+03 9.756710e+03
7.5 9.878081e+03 9.841949e+03 9.812503e+03 9.848635e+03
0.0 9.904964e+03 9.839380e+03 9.814777e+03 9.880361e+03
1.0 9.866448e+03 9.857663e+03 9.881566e+03 9.890351e+03
2.0 9.876908e+03 9.829600e+03 9.913357e+03 9.960665e+03
3.0 9.880059e+03 9.803813e+03 9.878495e+03 9.954740e+03
4.0 9.612974e+03 9.784219e+03 9.813655e+03 9.642409e+03
5.0 9.754187e+03 9.799982e+03 9.813853e+03 9.768057e+03
6.0 9.672672e+03 9.778207e+03 9.814082e+03 9.708547e+03
7.0 9.747988e+03 9.754227e+03 9.814346e+03 9.808107e+03
0.5 9.721500e+03 9.764381e+03 9.849990e+03 9.807108e+03
1.5 9.802968e+03 9.825482e+03 9.882040e+03 9.859526e+03
2.5 9.796474e+03 9.883465e+03 9.880795e+03 9.793804e+03
3.5 9.811424e+03 9.877217e+03 9.816251e+03 9.750457e+03
4.5 9.847906e+03 9.848599e+03 9.816761e+03 9.816068e+03
5.5 9.850537e+03 9.805350e+03 9.817317e+03 9.862504e+03
6.5 9.751164e+03 9.817767e+03 9.817919e+03 9.751316e+03
7.5 9.819935e+03 9.838026e+03 9.818567e+03 9.800475e+03
