0.5 9.890579e+03 9.894965e+03 9.995430e+03 9.991045e+03
1.5 9.838186e+03 9.911470e+03 9.997360e+03 9.924076e+03
2.5 9.961897e+03 9.938199e+03 9.999034e+03 1.002273e+04
3.5 9.954312e+03 9.897347e+03 9.962777e+03 1.001974e+04
4.5 9.885874e+03 9.871409e+03 9.924342e+03 9.938807e+03
5.5 9.944755e+03 9.917824e+03 9.915502e+03 9.942433e+03
6.5 1.001960e+04 9.997349e+03 9.916413e+03 9.938660e+03
7.5 9.978323e+03 9.992656e+03 9.917146e+03 9.902813e+03
8.5 9.967193e+03 9.994261e+03 9.917718e+03 9.890651e+03
0.2 9.961897e+03 9.938199e+03 9.999034e+03 1.002273e+04
1.2 9.954312e+03 9.897347e+03 9.962777e+03 1.001974e+04
2.2 9.885874e+03 9.871409e+03 9.924342e+03 9.938807e+03
3.2 9.944755e+03 9.917824e+03 9.915502e+03 9.942433e+03
4.2 1.001960e+04 9.997349e+03 9.916413e+03 9.938660e+03
5.2 9.978323e+03 9.992656e+03 9.917146e+03 9.902813e+03
6.2 9.967193e+03 9.994261e+03 9.917718e+03 9.890651e+03
7.2 9.907064e+03 9.985229e+03 9.924100e+03 9.845936e+03
8.2 1.000174e+04 9.989798e+03 9.918449e+03 9.930393e+03
0.9 9.944755e+03 9.917824e+03 9.915502e+03 9.942433e+03
1.9 1.001960e+04 9.997349e+03 9.916413e+03 9.938660e+03
2.9 9.978323e+03 9.992656e+03 9.917146e+03 9.902813e+03
3.9 9.967193e+03 9.994261e+03 9.917718e+03 9.890651e+03
4.9 9.907064e+03 9.985229e+03 9.924100e+03 9.845936e+03
5.9 1.000174e+04 9.989798e+03 9.918449e+03 9.930393e+03
6.9 9.982099e+03 9.985732e+03 9.920623e+03 9.916990e+03
7.9 9.993283e+03 9.986318e+03 9.918732e+03 9.925697e+03
8.9 9.903970e+03 9.984910e+03 9.918742e+03 9.837801e+03
0.6 9.978323e+03 9.992656e+03 9.917146e+03 9.902813e+03
1.6 9.967193e+03 9.994261e+03 9.917718e+03 9.890651e+03
2.6 9.907064e+03 9.985229e+03 9.924100e+03 9.845936e+03
3.6 1.000174e+04 9.989798e+03 9.918449e+03 9.930393e+03
4.6 9.982099e+03 9.985732e+03 9.920623e+03 9.916990e+03
5.6 9.993283e+03 9.986318e+03 9.918732e+03 9.925697e+03
6.6 9.903970e+03 9.984910e+03 9.918742e+03 9.837801e+03
7.6 1.000046e+04 9.983692e+03 9.918680e+03 9.935447e+03
8.6 9.945218e+03 9.982652e+03 9.918564e+03 9.881130e+03
0.3 9.907064e+03 9.985229e+03 9.924100e+03 9.845936e+03
1.3 1.000174e+04 9.989798e+03 9.918449e+03 9.930393e+03
2.3 9.982099e+03 9.985732e+03 9.920623e+03 9.916990e+03
3.3 9.993283e+03 9.986318e+03 9.918732e+03 9.925697e+03
4.3 9.903970e+03 9.984910e+03 9.918742e+03 9.837801e+03
5.3 1.000046e+04 9.983692e+03 9.918680e+03 9.935447e+03
6.3 9.945218e+03 9.982652e+03 9.918564e+03 9.881130e+03
7.3 9.989364e+03 9.966917e+03 9.920395e+03 9.942842e+03
8.3 9.883062e+03 9.981037e+03 9.918230e+03 9.820256e+03
1.0 9.993283e+03 9.986318e+03 9.918732e+03 9.925697e+03
2.0 9.903970e+03 9.984910e+03 9.918742e+03 9.837801e+03
3.0 1.000046e+04 9.983692e+03 9.918680e+03 9.935447e+03
4.0 9.945218e+03 9.982652e+03 9.918564e+03 9.881130e+03
5.0 9.989364e+03 9.966917e+03 9.920395e+03 9.942842e+03
6.0 9.883062e+03 9.981037e+03 9.918230e+03 9.820256e+03
7.0 9.975985e+03 9.982767e+03 9.923985e+03 9.917203e+03
8.0 1.000725e+04 9.964359e+03 9.917826e+03 9.960720e+03
9.0 1.002263e+04 9.945326e+03 9.917618e+03 9.994921e+03
0.7 1.000046e+04 9.983692e+03 9.918680e+03 9.935447e+03
1.7 9.945218e+03 9.982652e+03 9.918564e+03 9.881130e+03
2.7 9.989364e+03 9.966917e+03 9.920395e+03 9.942842e+03
3.7 9.883062e+03 9.981037e+03 9.918230e+03 9.820256e+03
4.7 9.975985e+03 9.982767e+03 9.923985e+03 9.917203e+03
5.7 1.000725e+04 9.964359e+03 9.917826e+03 9.960720e+03
6.7 1.002263e+04 9.945326e+03 9.917618e+03 9.994921e+03
7.7 9.968449e+03 9.973875e+03 9.939244e+03 9.933817e+03
8.7 9.894876e+03 1.002860e+04 9.978738e+03 9.845016e+03
0.4 9.989364e+03 9.966917e+03 9.920395e+03 9.942842e+03
1.4 9.883062e+03 9.981037e+03 9.918230e+03 9.820256e+03
2.4 9.975985e+03 9.982767e+03 9.923985e+03 9.917203e+03
3.4 1.000725e+04 9.964359e+03 9.917826e+03 9.960720e+03
4.4 1.002263e+04 9.945326e+03 9.917618e+03 9.994921e+03
5.4 9.968449e+03 9.973875e+03 9.939244e+03 9.933817e+03
6.4 9.894876e+03 1.002860e+04 9.978738e+03 9.845016e+03
7.4 1.007641e+04 1.004127e+04 1.000436e+04 1.003950e+04
8.4 9.968925e+03 1.000897e+04 1.000420e+04 9.964155e+03
0.5 9.934834e+03 9.849773e+03 1.000379e+04 1.008885e+04
1.5 9.851885e+03 9.871082e+03 1.000374e+04 9.984541e+03
2.5 9.844656e+03 9.902273e+03 1.000371e+04 9.946089e+03
3.5 9.902824e+03 9.864039e+03 9.965000e+03 1.000379e+04
4.5 9.904529e+03 9.841330e+03 9.925312e+03 9.988511e+03
5.5 9.920809e+03 9.894202e+03 9.916381e+03 9.942988e+03
6.5 9.916358e+03 9.976760e+03 9.916377e+03 9.855976e+03
7.5 1.002668e+04 9.976344e+03 9.917368e+03 9.967707e+03
8.5 1.007022e+04 9.978371e+03 9.917367e+03 1.000922e+04
0.2 9.844656e+03 9.902273e+03 1.000371e+04 9.946089e+03
1.2 9.902824e+03 9.864039e+03 9.965000e+03 1.000379e+04
2.2 9.904529e+03 9.841330e+03 9.925312e+03 9.988511e+03
3.2 9.920809e+03 9.894202e+03 9.916381e+03 9.942988e+03
4.2 9.916358e+03 9.976760e+03 9.916377e+03 9.855976e+03
5.2 1.002668e+04 9.976344e+03 9.917368e+03 9.967707e+03
6.2 1.007022e+04 9.978371e+03 9.917367e+03 1.000922e+04
7.2 9.967355e+03 9.969056e+03 9.922323e+03 9.920622e+03
8.2 1.000155e+04 9.975694e+03 9.916360e+03 9.942214e+03
0.9 9.920809e+03 9.894202e+03 9.916381e+03 9.942988e+03
1.9 9.916358e+03 9.976760e+03 9.916377e+03 9.855976e+03
2.9 1.002668e+04 9.976344e+03 9.917368e+03 9.967707e+03
3.9 1.007022e+04 9.978371e+03 9.917367e+03 1.000922e+04
4.9 9.967355e+03 9.969056e+03 9.922323e+03 9.920622e+03
5.9 1.000155e+04 9.975694e+03 9.916360e+03 9.942214e+03
6.9 9.942276e+03 9.972926e+03 9.918328e+03 9.887679e+03
7.9 1.004524e+04 9.975169e+03 9.915326e+03 9.985400e+03
8.9 9.860280e+03 9.975141e+03 9.915291e+03 9.800430e+03
0.6 1.002668e+04 9.976344e+03 9.917368e+03 9.967707e+03
1.6 1.007022e+04 9.978371e+03 9.917367e+03 1.000922e+04
2.6 9.967355e+03 9.969056e+03 9.922323e+03 9.920622e+03
3.6 1.000155e+04 9.975694e+03 9.916360e+03 9.942214e+03
4.6 9.942276e+03 9.972926e+03 9.918328e+03 9.887679e+03
5.6 1.004524e+04 9.975169e+03 9.915326e+03 9.985400e+03
6.6 9.860280e+03 9.975141e+03 9.915291e+03 9.800430e+03
7.6 9.980389e+03 9.981265e+03 9.918233e+03 9.917356e+03
8.6 9.943110e+03 9.981282e+03 9.918201e+03 9.880030e+03
0.3 9.967355e+03 9.969056e+03 9.922323e+03 9.920622e+03
1.3 1.000155e+04 9.975694e+03 9.916360e+03 9.942214e+03
2.3 9.942276e+03 9.972926e+03 9.918328e+03 9.887679e+03
3.3 1.004524e+04 9.975169e+03 9.915326e+03 9.985400e+03
4.3 9.860280e+03 9.975141e+03 9.915291e+03 9.800430e+03
5.3 9.980389e+03 9.981265e+03 9.918233e+03 9.917356e+03
6.3 9.943110e+03 9.981282e+03 9.918201e+03 9.880030e+03
7.3 9.988650e+03 9.963344e+03 9.919159e+03 9.944466e+03
8.3 1.002856e+04 9.972979e+03 9.916158e+03 9.971740e+03
0.9 1.004524e+04 9.975169e+03 9.915326e+03 9.985400e+03
1.9 9.860280e+03 9.975141e+03 9.915291e+03 9.800430e+03
2.9 9.980389e+03 9.981265e+03 9.918233e+03 9.917356e+03
3.9 9.943110e+03 9.981282e+03 9.918201e+03 9.880030e+03
4.9 9.988650e+03 9.963344e+03 9.919159e+03 9.944466e+03
5.9 1.002856e+04 9.972979e+03 9.916158e+03 9.971740e+03
6.9 9.938358e+03 9.974185e+03 9.921089e+03 9.885262e+03
7.9 9.974217e+03 9.962030e+03 9.916095e+03 9.928282e+03
8.9 9.863093e+03 9.943597e+03 9.916059e+03 9.835554e+03
0.7 9.980389e+03 9.981265e+03 9.918233e+03 9.917356e+03
1.7 9.943110e+03 9.981282e+03 9.918201e+03 9.880030e+03
2.7 9.988650e+03 9.963344e+03 9.919159e+03 9.944466e+03
3.7 1.002856e+04 9.972979e+03 9.916158e+03 9.971740e+03
4.7 9.938358e+03 9.974185e+03 9.921089e+03 9.885262e+03
5.7 9.974217e+03 9.962030e+03 9.916095e+03 9.928282e+03
6.7 9.863093e+03 9.943597e+03 9.916059e+03 9.835554e+03
7.7 9.958136e+03 9.970576e+03 9.936850e+03 9.924410e+03
8.7 1.002249e+04 1.002603e+04 9.976487e+03 9.972944e+03
0.3 9.988650e+03 9.963344e+03 9.919159e+03 9.944466e+03
1.3 1.002856e+04 9.972979e+03 9.916158e+03 9.971740e+03
2.3 9.938358e+03 9.974185e+03 9.921089e+03 9.885262e+03
3.3 9.974217e+03 9.962030e+03 9.916095e+03 9.928282e+03
4.3 9.863093e+03 9.943597e+03 9.916059e+03 9.835554e+03
5.3 9.958136e+03 9.970576e+03 9.936850e+03 9.924410e+03
6.3 1.002249e+04 1.002603e+04 9.976487e+03 9.972944e+03
7.3 1.016066e+04 1.003898e+04 1.000323e+04 1.012491e+04
8.3 1.016421e+04 1.000903e+04 1.000320e+04 1.015838e+04
0.5 9.793950e+03 9.849873e+03 1.000319e+04 9.947263e+03
1.5 9.917585e+03 9.871282e+03 1.000321e+04 1.004951e+04
2.5 9.919050e+03 9.902039e+03 1.000324e+04 1.002025e+04
3.5 9.841743e+03 9.862360e+03 9.963588e+03 9.942971e+03
4.5 9.822460e+03 9.839716e+03 9.923945e+03 9.906689e+03
5.5 9.987537e+03 9.896224e+03 9.917047e+03 1.000836e+04
6.5 9.941860e+03 9.978849e+03 9.917098e+03 9.880110e+03
7.5 9.942511e+03 9.977907e+03 9.919135e+03 9.883739e+03
8.5 9.928663e+03 9.977874e+03 9.919189e+03 9.869979e+03
0.2 9.919050e+03 9.902039e+03 1.000324e+04 1.002025e+04
1.2 9.841743e+03 9.862360e+03 9.963588e+03 9.942971e+03
2.2 9.822460e+03 9.839716e+03 9.923945e+03 9.906689e+03
3.2 9.987537e+03 9.896224e+03 9.917047e+03 1.000836e+04
4.2 9.941860e+03 9.978849e+03 9.917098e+03 9.880110e+03
5.2 9.942511e+03 9.977907e+03 9.919135e+03 9.883739e+03
6.2 9.928663e+03 9.977874e+03 9.919189e+03 9.869979e+03
7.2 9.964549e+03 9.968057e+03 9.924201e+03 9.920693e+03
8.2 1.004315e+04 9.972119e+03 9.917305e+03 9.988335e+03
0.8 9.987537e+03 9.896224e+03 9.917047e+03 1.000836e+04
1.8 9.941860e+03 9.978849e+03 9.917098e+03 9.880110e+03
2.8 9.942511e+03 9.977907e+03 9.919135e+03 9.883739e+03
3.8 9.928663e+03 9.977874e+03 9.919189e+03 9.869979e+03
4.8 9.964549e+03 9.968057e+03 9.924201e+03 9.920693e+03
5.8 1.004315e+04 9.972119e+03 9.917305e+03 9.988335e+03
6.8 1.001219e+04 9.968416e+03 9.917356e+03 9.961127e+03
7.8 9.930517e+03 9.975287e+03 9.916419e+03 9.871649e+03
8.8 1.006204e+04 9.975276e+03 9.916475e+03 1.000323e+04
0.5 9.942511e+03 9.977907e+03 9.919135e+03 9.883739e+03
1.5 9.928663e+03 9.977874e+03 9.919189e+03 9.869979e+03
2.5 9.964549e+03 9.968057e+03 9.924201e+03 9.920693e+03
3.5 1.004315e+04 9.972119e+03 9.917305e+03 9.988335e+03
4.5 1.001219e+04 9.968416e+03 9.917356e+03 9.961127e+03
5.5 9.930517e+03 9.975287e+03 9.916419e+03 9.871649e+03
6.5 1.006204e+04 9.975276e+03 9.916475e+03 1.000323e+04
7.5 1.001743e+04 9.975264e+03 9.916524e+03 9.958688e+03
8.5 9.993941e+03 9.977352e+03 9.916571e+03 9.933160e+03
0.2 9.964549e+03 9.968057e+03 9.924201e+03 9.920693e+03
1.2 1.004315e+04 9.972119e+03 9.917305e+03 9.988335e+03
2.2 1.001219e+04 9.968416e+03 9.917356e+03 9.961127e+03
3.2 9.930517e+03 9.975287e+03 9.916419e+03 9.871649e+03
4.2 1.006204e+04 9.975276e+03 9.916475e+03 1.000323e+04
5.2 1.001743e+04 9.975264e+03 9.916524e+03 9.958688e+03
6.2 9.993941e+03 9.977352e+03 9.916571e+03 9.933160e+03
7.2 9.978610e+03 9.967561e+03 9.921577e+03 9.932626e+03
8.2 9.962741e+03 9.977328e+03 9.916665e+03 9.902079e+03
0.9 9.930517e+03 9.975287e+03 9.916419e+03 9.871649e+03
1.9 1.006204e+04 9.975276e+03 9.916475e+03 1.000323e+04
2.9 1.001743e+04 9.975264e+03 9.916524e+03 9.958688e+03
3.9 9.993941e+03 9.977352e+03 9.916571e+03 9.933160e+03
4.9 9.978610e+03 9.967561e+03 9.921577e+03 9.932626e+03
5.9 9.962741e+03 9.977328e+03 9.916665e+03 9.902079e+03
6.9 9.940986e+03 9.976268e+03 9.919698e+03 9.884416e+03
7.9 9.979263e+03 9.962947e+03 9.916789e+03 9.933106e+03
8.9 9.956428e+03 9.944816e+03 9.916875e+03 9.928487e+03
0.6 1.001743e+04 9.975264e+03 9.916524e+03 9.958688e+03
1.6 9.993941e+03 9.977352e+03 9.916571e+03 9.933160e+03
2.6 9.978610e+03 9.967561e+03 9.921577e+03 9.932626e+03
3.6 9.962741e+03 9.977328e+03 9.916665e+03 9.902079e+03
4.6 9.940986e+03 9.976268e+03 9.919698e+03 9.884416e+03
5.6 9.979263e+03 9.962947e+03 9.916789e+03 9.933106e+03
6.6 9.956428e+03 9.944816e+03 9.916875e+03 9.928487e+03
7.6 9.914968e+03 9.967923e+03 9.935828e+03 9.882873e+03
8.6 9.812671e+03 1.002424e+04 9.975643e+03 9.764076e+03
0.3 9.978610e+03 9.967561e+03 9.921577e+03 9.932626e+03
1.3 9.962741e+03 9.977328e+03 9.916665e+03 9.902079e+03
2.3 9.940986e+03 9.976268e+03 9.919698e+03 9.884416e+03
3.3 9.979263e+03 9.962947e+03 9.916789e+03 9.933106e+03
4.3 9.956428e+03 9.944816e+03 9.916875e+03 9.928487e+03
5.3 9.914968e+03 9.967923e+03 9.935828e+03 9.882873e+03
6.3 9.812671e+03 1.002424e+04 9.975643e+03 9.764076e+03
7.3 1.019889e+04 1.003720e+04 1.000458e+04 1.016628e+04
8.3 1.001975e+04 1.001144e+04 1.000480e+04 1.001312e+04
0.5 9.848988e+03 9.849736e+03 1.000633e+04 1.000558e+04
1.5 9.806332e+03 9.870977e+03 1.000691e+04 9.942267e+03
2.5 9.848290e+03 9.902027e+03 1.000759e+04 9.953852e+03
3.5 9.862252e+03 9.862051e+03 9.968685e+03 9.968886e+03
4.5 9.797633e+03 9.838507e+03 9.929889e+03 9.889015e+03
5.5 9.887981e+03 9.894607e+03 9.922956e+03 9.916330e+03
6.5 9.946786e+03 9.976674e+03 9.924079e+03 9.894191e+03
7.5 9.993988e+03 9.975121e+03 9.926318e+03 9.945186e+03
8.5 1.001097e+04 9.974285e+03 9.927692e+03 9.964377e+03
0.2 9.848290e+03 9.902027e+03 1.000759e+04 9.953852e+03
1.2 9.862252e+03 9.862051e+03 9.968685e+03 9.968886e+03
2.2 9.797633e+03 9.838507e+03 9.929889e+03 9.889015e+03
3.2 9.887981e+03 9.894607e+03 9.922956e+03 9.916330e+03
4.2 9.946786e+03 9.976674e+03 9.924079e+03 9.894191e+03
5.2 9.993988e+03 9.975121e+03 9.926318e+03 9.945186e+03
6.2 1.001097e+04 9.974285e+03 9.927692e+03 9.964377e+03
7.2 9.957583e+03 9.961957e+03 9.934157e+03 9.929783e+03
8.2 9.919258e+03 9.970626e+03 9.930832e+03 9.879464e+03
0.9 9.887981e+03 9.894607e+03 9.922956e+03 9.916330e+03
1.9 9.946786e+03 9.976674e+03 9.924079e+03 9.894191e+03
2.9 9.993988e+03 9.975121e+03 9.926318e+03 9.945186e+03
3.9 1.001097e+04 9.974285e+03 9.927692e+03 9.964377e+03
4.9 9.957583e+03 9.961957e+03 9.934157e+03 9.929783e+03
5.9 9.919258e+03 9.970626e+03 9.930832e+03 9.879464e+03
6.9 1.000956e+04 9.967140e+03 9.934571e+03 9.976992e+03
7.9 9.952768e+03 9.966351e+03 9.933449e+03 9.919865e+03
8.9 1.001006e+04 9.964681e+03 9.935401e+03 9.980779e+03
0.6 9.993988e+03 9.975121e+03 9.926318e+03 9.945186e+03
1.6 1.001097e+04 9.974285e+03 9.927692e+03 9.964377e+03
2.6 9.957583e+03 9.961957e+03 9.934157e+03 9.929783e+03
3.6 9.919258e+03 9.970626e+03 9.930832e+03 9.879464e+03
4.6 1.000956e+04 9.967140e+03 9.934571e+03 9.976992e+03
5.6 9.952768e+03 9.966351e+03 9.933449e+03 9.919865e+03
6.6 1.001006e+04 9.964681e+03 9.935401e+03 9.980779e+03
7.6 9.972378e+03 9.966478e+03 9.938459e+03 9.944359e+03
8.6 9.958564e+03 9.964547e+03 9.940635e+03 9.934652e+03
0.3 9.957583e+03 9.961957e+03 9.934157e+03 9.929783e+03
1.3 9.919258e+03 9.970626e+03 9.930832e+03 9.879464e+03
2.3 1.000956e+04 9.967140e+03 9.934571e+03 9.976992e+03
3.3 9.952768e+03 9.966351e+03 9.933449e+03 9.919865e+03
4.3 1.001006e+04 9.964681e+03 9.935401e+03 9.980779e+03
5.3 9.972378e+03 9.966478e+03 9.938459e+03 9.944359e+03
6.3 9.958564e+03 9.964547e+03 9.940635e+03 9.934652e+03
7.3 1.001396e+04 9.946603e+03 9.944899e+03 1.001226e+04
8.3 9.918094e+03 9.956245e+03 9.944299e+03 9.906148e+03
1.0 9.952768e+03 9.966351e+03 9.933449e+03 9.919865e+03
2.0 1.001006e+04 9.964681e+03 9.935401e+03 9.980779e+03
3.0 9.972378e+03 9.966478e+03 9.938459e+03 9.944359e+03
4.0 9.958564e+03 9.964547e+03 9.940635e+03 9.934652e+03
5.0 1.001396e+04 9.946603e+03 9.944899e+03 1.001226e+04
6.0 9.918094e+03 9.956245e+03 9.944299e+03 9.906148e+03
0.6 9.972378e+03 9.966478e+03 9.938459e+03 9.944359e+03
1.6 9.958564e+03 9.964547e+03 9.940635e+03 9.934652e+03
2.6 1.001396e+04 9.946603e+03 9.944899e+03 1.001226e+04
3.6 9.918094e+03 9.956245e+03 9.944299e+03 9.906148e+03
0.3 1.001396e+04 9.946603e+03 9.944899e+03 1.001226e+04
1.3 9.918094e+03 9.956245e+03 9.944299e+03 9.906148e+03
