0.5 9.807806e+03 9.812190e+03 9.861570e+03 9.857185e+03
1.5 9.884677e+03 9.870993e+03 9.862932e+03 9.876616e+03
2.5 9.941516e+03 9.865658e+03 9.864115e+03 9.939972e+03
3.5 9.934417e+03 9.842489e+03 9.838508e+03 9.930436e+03
4.5 9.783734e+03 9.803373e+03 9.811363e+03 9.791724e+03
5.5 9.831010e+03 9.813058e+03 9.805120e+03 9.823072e+03
6.5 9.795016e+03 9.834654e+03 9.805763e+03 9.766125e+03
7.5 9.733472e+03 9.837549e+03 9.806280e+03 9.702203e+03
8.5 9.823218e+03 9.839212e+03 9.806685e+03 9.790690e+03
0.2 9.941516e+03 9.865658e+03 9.864115e+03 9.939972e+03
1.2 9.934417e+03 9.842489e+03 9.838508e+03 9.930436e+03
2.2 9.783734e+03 9.803373e+03 9.811363e+03 9.791724e+03
3.2 9.831010e+03 9.813058e+03 9.805120e+03 9.823072e+03
4.2 9.795016e+03 9.834654e+03 9.805763e+03 9.766125e+03
5.2 9.733472e+03 9.837549e+03 9.806280e+03 9.702203e+03
6.2 9.823218e+03 9.839212e+03 9.806685e+03 9.790690e+03
7.2 9.796553e+03 9.840822e+03 9.811192e+03 9.766923e+03
8.2 9.829037e+03 9.840445e+03 9.807201e+03 9.795793e+03
0.9 9.831010e+03 9.813058e+03 9.805120e+03 9.823072e+03
1.9 9.795016e+03 9.834654e+03 9.805763e+03 9.766125e+03
2.9 9.733472e+03 9.837549e+03 9.806280e+03 9.702203e+03
3.9 9.823218e+03 9.839212e+03 9.806685e+03 9.790690e+03
4.9 9.796553e+03 9.840822e+03 9.811192e+03 9.766923e+03
5.9 9.829037e+03 9.840445e+03 9.807201e+03 9.795793e+03
6.9 9.848480e+03 9.830558e+03 9.808736e+03 9.826658e+03
7.9 9.865618e+03 9.841728e+03 9.807401e+03 9.831291e+03
8.9 9.758538e+03 9.842347e+03 9.807408e+03 9.723599e+03
0.6 9.733472e+03 9.837549e+03 9.806280e+03 9.702203e+03
1.6 9.823218e+03 9.839212e+03 9.806685e+03 9.790690e+03
2.6 9.796553e+03 9.840822e+03 9.811192e+03 9.766923e+03
3.6 9.829037e+03 9.840445e+03 9.807201e+03 9.795793e+03
4.6 9.848480e+03 9.830558e+03 9.808736e+03 9.826658e+03
5.6 9.865618e+03 9.841728e+03 9.807401e+03 9.831291e+03
6.6 9.758538e+03 9.842347e+03 9.807408e+03 9.723599e+03
7.6 9.752508e+03 9.842938e+03 9.807364e+03 9.716934e+03
8.6 9.853791e+03 9.843500e+03 9.807282e+03 9.817573e+03
0.3 9.796553e+03 9.840822e+03 9.811192e+03 9.766923e+03
1.3 9.829037e+03 9.840445e+03 9.807201e+03 9.795793e+03
2.3 9.848480e+03 9.830558e+03 9.808736e+03 9.826658e+03
3.3 9.865618e+03 9.841728e+03 9.807401e+03 9.831291e+03
4.3 9.758538e+03 9.842347e+03 9.807408e+03 9.723599e+03
5.3 9.752508e+03 9.842938e+03 9.807364e+03 9.716934e+03
6.3 9.853791e+03 9.843500e+03 9.807282e+03 9.817573e+03
7.3 9.953465e+03 9.841167e+03 9.808575e+03 9.920873e+03
8.3 9.888702e+03 9.844537e+03 9.807046e+03 9.851211e+03
1.0 9.865618e+03 9.841728e+03 9.807401e+03 9.831291e+03
2.0 9.758538e+03 9.842347e+03 9.807408e+03 9.723599e+03
3.0 9.752508e+03 9.842938e+03 9.807364e+03 9.716934e+03
4.0 9.853791e+03 9.843500e+03 9.807282e+03 9.817573e+03
5.0 9.953465e+03 9.841167e+03 9.808575e+03 9.920873e+03
6.0 9.888702e+03 9.844537e+03 9.807046e+03 9.851211e+03
7.0 9.804821e+03 9.843953e+03 9.811110e+03 9.771978e+03
8.0 9.775432e+03 9.856230e+03 9.806761e+03 9.725962e+03
9.0 9.826574e+03 9.823675e+03 9.806614e+03 9.809513e+03
0.7 9.752508e+03 9.842938e+03 9.807364e+03 9.716934e+03
1.7 9.853791e+03 9.843500e+03 9.807282e+03 9.817573e+03
2.7 9.953465e+03 9.841167e+03 9.808575e+03 9.920873e+03
3.7 9.888702e+03 9.844537e+03 9.807046e+03 9.851211e+03
4.7 9.804821e+03 9.843953e+03 9.811110e+03 9.771978e+03
5.7 9.775432e+03 9.856230e+03 9.806761e+03 9.725962e+03
6.7 9.826574e+03 9.823675e+03 9.806614e+03 9.809513e+03
7.7 9.867980e+03 9.801237e+03 9.821887e+03 9.888631e+03
8.7 9.802735e+03 9.785692e+03 9.849780e+03 9.866824e+03
0.4 9.953465e+03 9.841167e+03 9.808575e+03 9.920873e+03
1.4 9.888702e+03 9.844537e+03 9.807046e+03 9.851211e+03
2.4 9.804821e+03 9.843953e+03 9.811110e+03 9.771978e+03
3.4 9.775432e+03 9.856230e+03 9.806761e+03 9.725962e+03
4.4 9.826574e+03 9.823675e+03 9.806614e+03 9.809513e+03
5.4 9.867980e+03 9.801237e+03 9.821887e+03 9.888631e+03
6.4 9.802735e+03 9.785692e+03 9.849780e+03 9.866824e+03
7.4 9.876480e+03 9.799417e+03 9.867875e+03 9.944939e+03
8.4 9.754599e+03 9.776488e+03 9.867765e+03 9.845875e+03
0.5 9.813401e+03 9.826239e+03 9.867473e+03 9.854635e+03
1.5 9.853396e+03 9.884768e+03 9.867437e+03 9.836064e+03
2.5 9.883969e+03 9.879050e+03 9.867415e+03 9.872334e+03
3.5 9.912268e+03 9.853280e+03 9.840078e+03 9.899066e+03
4.5 9.826189e+03 9.812232e+03 9.812048e+03 9.826005e+03
5.5 9.741598e+03 9.822677e+03 9.805740e+03 9.724661e+03
6.5 9.871338e+03 9.843742e+03 9.805738e+03 9.833334e+03
7.5 9.948563e+03 9.848286e+03 9.806437e+03 9.906715e+03
8.5 9.814491e+03 9.848868e+03 9.806436e+03 9.772059e+03
0.2 9.883969e+03 9.879050e+03 9.867415e+03 9.872334e+03
1.2 9.912268e+03 9.853280e+03 9.840078e+03 9.899066e+03
2.2 9.826189e+03 9.812232e+03 9.812048e+03 9.826005e+03
3.2 9.741598e+03 9.822677e+03 9.805740e+03 9.724661e+03
4.2 9.871338e+03 9.843742e+03 9.805738e+03 9.833334e+03
5.2 9.948563e+03 9.848286e+03 9.806437e+03 9.906715e+03
6.2 9.814491e+03 9.848868e+03 9.806436e+03 9.772059e+03
7.2 9.834185e+03 9.850181e+03 9.809937e+03 9.793940e+03
8.2 9.850324e+03 9.849232e+03 9.805726e+03 9.806818e+03
0.9 9.741598e+03 9.822677e+03 9.805740e+03 9.724661e+03
1.9 9.871338e+03 9.843742e+03 9.805738e+03 9.833334e+03
2.9 9.948563e+03 9.848286e+03 9.806437e+03 9.906715e+03
3.9 9.814491e+03 9.848868e+03 9.806436e+03 9.772059e+03
4.9 9.834185e+03 9.850181e+03 9.809937e+03 9.793940e+03
5.9 9.850324e+03 9.849232e+03 9.805726e+03 9.806818e+03
6.9 9.712312e+03 9.837253e+03 9.807115e+03 9.682174e+03
7.9 9.836410e+03 9.844657e+03 9.804995e+03 9.796748e+03
8.9 9.790847e+03 9.844684e+03 9.804970e+03 9.751133e+03
0.6 9.948563e+03 9.848286e+03 9.806437e+03 9.906715e+03
1.6 9.814491e+03 9.848868e+03 9.806436e+03 9.772059e+03
2.6 9.834185e+03 9.850181e+03 9.809937e+03 9.793940e+03
3.6 9.850324e+03 9.849232e+03 9.805726e+03 9.806818e+03
4.6 9.712312e+03 9.837253e+03 9.807115e+03 9.682174e+03
5.6 9.836410e+03 9.844657e+03 9.804995e+03 9.796748e+03
6.6 9.790847e+03 9.844684e+03 9.804970e+03 9.751133e+03
7.6 9.800376e+03 9.850336e+03 9.807048e+03 9.757088e+03
8.6 9.793145e+03 9.850382e+03 9.807026e+03 9.749788e+03
0.3 9.834185e+03 9.850181e+03 9.809937e+03 9.793940e+03
1.3 9.850324e+03 9.849232e+03 9.805726e+03 9.806818e+03
2.3 9.712312e+03 9.837253e+03 9.807115e+03 9.682174e+03
3.3 9.836410e+03 9.844657e+03 9.804995e+03 9.796748e+03
4.3 9.790847e+03 9.844684e+03 9.804970e+03 9.751133e+03
5.3 9.800376e+03 9.850336e+03 9.807048e+03 9.757088e+03
6.3 9.793145e+03 9.850382e+03 9.807026e+03 9.749788e+03
7.3 9.750858e+03 9.846325e+03 9.807702e+03 9.712235e+03
8.3 9.824503e+03 9.847449e+03 9.805583e+03 9.782637e+03
0.9 9.836410e+03 9.844657e+03 9.804995e+03 9.796748e+03
1.9 9.790847e+03 9.844684e+03 9.804970e+03 9.751133e+03
2.9 9.800376e+03 9.850336e+03 9.807048e+03 9.757088e+03
3.9 9.793145e+03 9.850382e+03 9.807026e+03 9.749788e+03
4.9 9.750858e+03 9.846325e+03 9.807702e+03 9.712235e+03
5.9 9.824503e+03 9.847449e+03 9.805583e+03 9.782637e+03
6.9 9.845274e+03 9.844068e+03 9.809065e+03 9.810271e+03
7.9 9.875145e+03 9.859225e+03 9.805538e+03 9.821457e+03
8.9 9.794275e+03 9.827990e+03 9.805513e+03 9.771798e+03
0.7 9.800376e+03 9.850336e+03 9.807048e+03 9.757088e+03
1.7 9.793145e+03 9.850382e+03 9.807026e+03 9.749788e+03
2.7 9.750858e+03 9.846325e+03 9.807702e+03 9.712235e+03
3.7 9.824503e+03 9.847449e+03 9.805583e+03 9.782637e+03
4.7 9.845274e+03 9.844068e+03 9.809065e+03 9.810271e+03
5.7 9.875145e+03 9.859225e+03 9.805538e+03 9.821457e+03
6.7 9.794275e+03 9.827990e+03 9.805513e+03 9.771798e+03
7.7 9.832159e+03 9.804256e+03 9.820197e+03 9.848100e+03
8.7 9.698438e+03 9.787192e+03 9.848190e+03 9.759436e+03
0.3 9.750858e+03 9.846325e+03 9.807702e+03 9.712235e+03
1.3 9.824503e+03 9.847449e+03 9.805583e+03 9.782637e+03
2.3 9.845274e+03 9.844068e+03 9.809065e+03 9.810271e+03
3.3 9.875145e+03 9.859225e+03 9.805538e+03 9.821457e+03
4.3 9.794275e+03 9.827990e+03 9.805513e+03 9.771798e+03
5.3 9.832159e+03 9.804256e+03 9.820197e+03 9.848100e+03
6.3 9.698438e+03 9.787192e+03 9.848190e+03 9.759436e+03
7.3 9.860581e+03 9.801477e+03 9.867080e+03 9.926184e+03
8.3 9.895388e+03 9.778850e+03 9.867057e+03 9.983595e+03
0.5 9.856277e+03 9.828745e+03 9.867047e+03 9.894580e+03
1.5 9.932136e+03 9.887147e+03 9.867064e+03 9.912053e+03
2.5 9.936114e+03 9.879838e+03 9.867083e+03 9.923360e+03
3.5 9.748117e+03 9.851782e+03 9.839080e+03 9.735415e+03
4.5 9.847543e+03 9.810646e+03 9.811082e+03 9.847979e+03
5.5 9.765665e+03 9.821449e+03 9.806211e+03 9.750427e+03
6.5 9.878551e+03 9.842437e+03 9.806247e+03 9.842361e+03
7.5 9.888926e+03 9.848562e+03 9.807685e+03 9.848049e+03
8.5 9.799349e+03 9.848528e+03 9.807724e+03 9.758544e+03
0.2 9.936114e+03 9.879838e+03 9.867083e+03 9.923360e+03
1.2 9.748117e+03 9.851782e+03 9.839080e+03 9.735415e+03
2.2 9.847543e+03 9.810646e+03 9.811082e+03 9.847979e+03
3.2 9.765665e+03 9.821449e+03 9.806211e+03 9.750427e+03
4.2 9.878551e+03 9.842437e+03 9.806247e+03 9.842361e+03
5.2 9.888926e+03 9.848562e+03 9.807685e+03 9.848049e+03
6.2 9.799349e+03 9.848528e+03 9.807724e+03 9.758544e+03
7.2 9.811041e+03 9.848266e+03 9.811263e+03 9.774038e+03
8.2 9.862514e+03 9.847483e+03 9.806393e+03 9.821423e+03
0.8 9.765665e+03 9.821449e+03 9.806211e+03 9.750427e+03
1.8 9.878551e+03 9.842437e+03 9.806247e+03 9.842361e+03
2.8 9.888926e+03 9.848562e+03 9.807685e+03 9.848049e+03
3.8 9.799349e+03 9.848528e+03 9.807724e+03 9.758544e+03
4.8 9.811041e+03 9.848266e+03 9.811263e+03 9.774038e+03
5.8 9.862514e+03 9.847483e+03 9.806393e+03 9.821423e+03
6.8 9.859176e+03 9.837005e+03 9.806429e+03 9.828600e+03
7.8 9.933105e+03 9.847768e+03 9.805767e+03 9.891105e+03
8.8 9.816729e+03 9.847731e+03 9.805806e+03 9.774804e+03
0.5 9.888926e+03 9.848562e+03 9.807685e+03 9.848049e+03
1.5 9.799349e+03 9.848528e+03 9.807724e+03 9.758544e+03
2.5 9.811041e+03 9.848266e+03 9.811263e+03 9.774038e+03
3.5 9.862514e+03 9.847483e+03 9.806393e+03 9.821423e+03
4.5 9.859176e+03 9.837005e+03 9.806429e+03 9.828600e+03
5.5 9.933105e+03 9.847768e+03 9.805767e+03 9.891105e+03
6.5 9.816729e+03 9.847731e+03 9.805806e+03 9.774804e+03
7.5 9.944879e+03 9.847689e+03 9.805842e+03 9.903031e+03
8.5 9.864805e+03 9.848174e+03 9.805874e+03 9.822505e+03
0.2 9.811041e+03 9.848266e+03 9.811263e+03 9.774038e+03
1.2 9.862514e+03 9.847483e+03 9.806393e+03 9.821423e+03
2.2 9.859176e+03 9.837005e+03 9.806429e+03 9.828600e+03
3.2 9.933105e+03 9.847768e+03 9.805767e+03 9.891105e+03
4.2 9.816729e+03 9.847731e+03 9.805806e+03 9.774804e+03
5.2 9.944879e+03 9.847689e+03 9.805842e+03 9.903031e+03
6.2 9.864805e+03 9.848174e+03 9.805874e+03 9.822505e+03
7.2 9.920657e+03 9.847889e+03 9.809410e+03 9.882179e+03
8.2 1.000361e+04 9.848066e+03 9.805941e+03 9.961484e+03
0.9 9.933105e+03 9.847768e+03 9.805767e+03 9.891105e+03
1.9 9.816729e+03 9.847731e+03 9.805806e+03 9.774804e+03
2.9 9.944879e+03 9.847689e+03 9.805842e+03 9.903031e+03
3.9 9.864805e+03 9.848174e+03 9.805874e+03 9.822505e+03
4.9 9.920657e+03 9.847889e+03 9.809410e+03 9.882179e+03
5.9 1.000361e+04 9.848066e+03 9.805941e+03 9.961484e+03
6.9 9.905427e+03 9.839855e+03 9.808083e+03 9.873654e+03
7.9 9.866908e+03 9.858219e+03 9.806029e+03 9.814718e+03
8.9 9.878203e+03 9.830197e+03 9.806089e+03 9.854096e+03
0.6 9.944879e+03 9.847689e+03 9.805842e+03 9.903031e+03
1.6 9.864805e+03 9.848174e+03 9.805874e+03 9.822505e+03
2.6 9.920657e+03 9.847889e+03 9.809410e+03 9.882179e+03
3.6 1.000361e+04 9.848066e+03 9.805941e+03 9.961484e+03
4.6 9.905427e+03 9.839855e+03 9.808083e+03 9.873654e+03
5.6 9.866908e+03 9.858219e+03 9.806029e+03 9.814718e+03
6.6 9.878203e+03 9.830197e+03 9.806089e+03 9.854096e+03
7.6 9.880521e+03 9.804373e+03 9.819475e+03 9.895623e+03
8.6 9.613423e+03 9.784705e+03 9.847594e+03 9.676312e+03
0.3 9.920657e+03 9.847889e+03 9.809410e+03 9.882179e+03
1.3 1.000361e+04 9.848066e+03 9.805941e+03 9.961484e+03
2.3 9.905427e+03 9.839855e+03 9.808083e+03 9.873654e+03
3.3 9.866908e+03 9.858219e+03 9.806029e+03 9.814718e+03
4.3 9.878203e+03 9.830197e+03 9.806089e+03 9.854096e+03
5.3 9.880521e+03 9.804373e+03 9.819475e+03 9.895623e+03
6.3 9.613423e+03 9.784705e+03 9.847594e+03 9.676312e+03
7.3 9.754643e+03 9.800453e+03 9.868035e+03 9.822224e+03
8.3 9.673126e+03 9.778672e+03 9.868190e+03 9.762643e+03
0.5 9.803431e+03 9.825991e+03 9.869268e+03 9.846708e+03
1.5 9.796938e+03 9.883967e+03 9.869679e+03 9.782651e+03
2.5 9.811890e+03 9.877663e+03 9.870157e+03 9.804384e+03
3.5 9.848376e+03 9.849066e+03 9.842680e+03 9.841990e+03
4.5 9.851006e+03 9.805837e+03 9.815281e+03 9.860449e+03
5.5 9.751629e+03 9.818258e+03 9.810384e+03 9.743754e+03
6.5 9.820407e+03 9.838520e+03 9.811177e+03 9.793064e+03
7.5 9.822382e+03 9.840704e+03 9.812759e+03 9.794436e+03
8.5 9.863174e+03 9.839815e+03 9.813729e+03 9.837087e+03
0.2 9.811890e+03 9.877663e+03 9.870157e+03 9.804384e+03
1.2 9.848376e+03 9.849066e+03 9.842680e+03 9.841990e+03
2.2 9.851006e+03 9.805837e+03 9.815281e+03 9.860449e+03
3.2 9.751629e+03 9.818258e+03 9.810384e+03 9.743754e+03
4.2 9.820407e+03 9.838520e+03 9.811177e+03 9.793064e+03
5.2 9.822382e+03 9.840704e+03 9.812759e+03 9.794436e+03
6.2 9.863174e+03 9.839815e+03 9.813729e+03 9.837087e+03
7.2 9.761134e+03 9.839582e+03 9.818295e+03 9.739846e+03
8.2 9.864429e+03 9.838809e+03 9.815947e+03 9.841566e+03
0.9 9.751629e+03 9.818258e+03 9.810384e+03 9.743754e+03
1.9 9.820407e+03 9.838520e+03 9.811177e+03 9.793064e+03
2.9 9.822382e+03 9.840704e+03 9.812759e+03 9.794436e+03
3.9 9.863174e+03 9.839815e+03 9.813729e+03 9.837087e+03
4.9 9.761134e+03 9.839582e+03 9.818295e+03 9.739846e+03
5.9 9.864429e+03 9.838809e+03 9.815947e+03 9.841566e+03
6.9 9.896417e+03 9.827233e+03 9.818587e+03 9.887771e+03
7.9 9.876747e+03 9.834483e+03 9.817795e+03 9.860059e+03
8.9 9.814312e+03 9.833338e+03 9.819173e+03 9.800148e+03
0.6 9.822382e+03 9.840704e+03 9.812759e+03 9.794436e+03
1.6 9.863174e+03 9.839815e+03 9.813729e+03 9.837087e+03
2.6 9.761134e+03 9.839582e+03 9.818295e+03 9.739846e+03
3.6 9.864429e+03 9.838809e+03 9.815947e+03 9.841566e+03
4.6 9.896417e+03 9.827233e+03 9.818587e+03 9.887771e+03
5.6 9.876747e+03 9.834483e+03 9.817795e+03 9.860059e+03
6.6 9.814312e+03 9.833338e+03 9.819173e+03 9.800148e+03
7.6 9.879792e+03 9.834898e+03 9.821333e+03 9.866227e+03
8.6 9.901417e+03 9.833726e+03 9.822870e+03 9.890561e+03
0.3 9.761134e+03 9.839582e+03 9.818295e+03 9.739846e+03
1.3 9.864429e+03 9.838809e+03 9.815947e+03 9.841566e+03
2.3 9.896417e+03 9.827233e+03 9.818587e+03 9.887771e+03
3.3 9.876747e+03 9.834483e+03 9.817795e+03 9.860059e+03
4.3 9.814312e+03 9.833338e+03 9.819173e+03 9.800148e+03
5.3 9.879792e+03 9.834898e+03 9.821333e+03 9.866227e+03
6.3 9.901417e+03 9.833726e+03 9.822870e+03 9.890561e+03
7.3 9.813261e+03 9.826693e+03 9.825881e+03 9.812449e+03
8.3 9.839518e+03 9.827091e+03 9.825458e+03 9.837885e+03
1.0 9.876747e+03 9.834483e+03 9.817795e+03 9.860059e+03
2.0 9.814312e+03 9.833338e+03 9.819173e+03 9.800148e+03
3.0 9.879792e+03 9.834898e+03 9.821333e+03 9.866227e+03
4.0 9.901417e+03 9.833726e+03 9.822870e+03 9.890561e+03
5.0 9.813261e+03 9.826693e+03 9.825881e+03 9.812449e+03
6.0 9.839518e+03 9.827091e+03 9.825458e+03 9.837885e+03
0.6 9.879792e+03 9.834898e+03 9.821333e+03 9.866227e+03
1.6 9.901417e+03 9.833726e+03 9.822870e+03 9.890561e+03
2.6 9.813261e+03 9.826693e+03 9.825881e+03 9.812449e+03
3.6 9.839518e+03 9.827091e+03 9.825458e+03 9.837885e+03
0.3 9.813261e+03 9.826693e+03 9.825881e+03 9.812449e+03
1.3 9.839518e+03 9.827091e+03 9.825458e+03 9.837885e+03
