0.5 9.593282e+03 9.490426e+03 9.460871e+03 9.563728e+03
1.5 9.489106e+03 9.463371e+03 9.460938e+03 9.486673e+03
2.5 9.429804e+03 9.421289e+03 9.461583e+03 9.470097e+03
3.5 9.421150e+03 9.425160e+03 9.484752e+03 9.480742e+03
4.5 9.420808e+03 9.433982e+03 9.484774e+03 9.471600e+03
5.5 9.414181e+03 9.433369e+03 9.472340e+03 9.453152e+03
6.5 9.447789e+03 9.426136e+03 9.461098e+03 9.482751e+03
7.5 9.445405e+03 9.455529e+03 9.461108e+03 9.450985e+03
0.1 9.438905e+03 9.477111e+03 9.460533e+03 9.422327e+03
1.1 9.454797e+03 9.500410e+03 9.460483e+03 9.414870e+03
2.1 9.550616e+03 9.534716e+03 9.460437e+03 9.476337e+03
3.1 9.588529e+03 9.553654e+03 9.474630e+03 9.509506e+03
4.1 9.598364e+03 9.570895e+03 9.495946e+03 9.523415e+03
5.1 9.518091e+03 9.551394e+03 9.493541e+03 9.460238e+03
6.1 9.485753e+03 9.489543e+03 9.469787e+03 9.465997e+03
7.1 9.462094e+03 9.443876e+03 9.460273e+03 9.478491e+03
0.5 9.473942e+03 9.449208e+03 9.460238e+03 9.484972e+03
1.5 9.469004e+03 9.424649e+03 9.460227e+03 9.504582e+03
2.5 9.445227e+03 9.385889e+03 9.460813e+03 9.520152e+03
3.5 9.433875e+03 9.392879e+03 9.483942e+03 9.524938e+03
4.5 9.445524e+03 9.405955e+03 9.483940e+03 9.523509e+03
5.5 9.441946e+03 9.409040e+03 9.471482e+03 9.504387e+03
6.5 9.433229e+03 9.404750e+03 9.460204e+03 9.488683e+03
7.5 9.487521e+03 9.436506e+03 9.460197e+03 9.511211e+03
0.1 9.473735e+03 9.472269e+03 9.460146e+03 9.461612e+03
1.1 9.459646e+03 9.496357e+03 9.460139e+03 9.423428e+03
2.1 9.473722e+03 9.530854e+03 9.460138e+03 9.403006e+03
3.1 9.531044e+03 9.550674e+03 9.473779e+03 9.454149e+03
4.1 9.573409e+03 9.569167e+03 9.495721e+03 9.499964e+03
5.1 9.591282e+03 9.550479e+03 9.493936e+03 9.534739e+03
6.1 9.494675e+03 9.489685e+03 9.470205e+03 9.475195e+03
7.1 9.413103e+03 9.443383e+03 9.460119e+03 9.429839e+03
0.5 9.383811e+03 9.448292e+03 9.460119e+03 9.395638e+03
1.5 9.384517e+03 9.422886e+03 9.460121e+03 9.421752e+03
2.5 9.417755e+03 9.384248e+03 9.460718e+03 9.494225e+03
3.5 9.428867e+03 9.392338e+03 9.483855e+03 9.520384e+03
4.5 9.403183e+03 9.406873e+03 9.483860e+03 9.480170e+03
5.5 9.371591e+03 9.410062e+03 9.471409e+03 9.432938e+03
6.5 9.377879e+03 9.406930e+03 9.460146e+03 9.431094e+03
7.5 9.399616e+03 9.438785e+03 9.460152e+03 9.420983e+03
0.0 9.503925e+03 9.476066e+03 9.460261e+03 9.488120e+03
1.0 9.519761e+03 9.496027e+03 9.460279e+03 9.484013e+03
2.0 9.543315e+03 9.530103e+03 9.460307e+03 9.473520e+03
3.0 9.608957e+03 9.551042e+03 9.472796e+03 9.530711e+03
4.0 9.619403e+03 9.571543e+03 9.495966e+03 9.543826e+03
5.0 9.487393e+03 9.554119e+03 9.495417e+03 9.428692e+03
6.0 9.428479e+03 9.495174e+03 9.471744e+03 9.405050e+03
7.0 9.465017e+03 9.447424e+03 9.460539e+03 9.478133e+03
0.5 9.418538e+03 9.451405e+03 9.460707e+03 9.427841e+03
1.5 9.380553e+03 9.426353e+03 9.460812e+03 9.415011e+03
2.5 9.349616e+03 9.388084e+03 9.461526e+03 9.423058e+03
3.5 9.331140e+03 9.395562e+03 9.484797e+03 9.420375e+03
4.5 9.357690e+03 9.410477e+03 9.484952e+03 9.432165e+03
5.5 9.387848e+03 9.415031e+03 9.472670e+03 9.445487e+03
6.5 9.425725e+03 9.410648e+03 9.461593e+03 9.476671e+03
7.5 9.438958e+03 9.442848e+03 9.461807e+03 9.457916e+03
