0.5 9.049652e+03 8.951333e+03 8.940371e+03 9.038690e+03
1.5 8.963285e+03 8.928556e+03 8.940515e+03 8.975244e+03
2.5 8.911793e+03 8.893887e+03 8.941893e+03 8.959800e+03
3.5 8.895128e+03 8.922954e+03 8.991461e+03 8.963635e+03
4.5 8.886502e+03 8.904336e+03 8.991508e+03 8.973674e+03
5.5 8.869099e+03 8.874309e+03 8.964908e+03 8.959698e+03
6.5 8.915463e+03 8.881677e+03 8.940857e+03 8.974642e+03
7.5 8.946006e+03 8.954926e+03 8.940879e+03 8.931959e+03
0.1 8.950471e+03 8.974598e+03 8.939647e+03 8.915521e+03
1.1 8.959296e+03 8.991161e+03 8.939541e+03 8.907675e+03
2.1 8.988524e+03 9.018151e+03 8.939442e+03 8.909815e+03
3.1 9.079513e+03 9.063295e+03 8.969808e+03 8.986026e+03
4.1 9.129675e+03 9.126848e+03 9.015411e+03 9.018238e+03
5.1 9.068904e+03 9.115809e+03 9.010265e+03 8.963360e+03
6.1 9.000852e+03 9.016586e+03 8.959445e+03 8.943711e+03
7.1 8.953687e+03 8.925433e+03 8.939091e+03 8.967345e+03
0.5 8.930786e+03 8.882991e+03 8.939018e+03 8.986813e+03
1.5 8.956009e+03 8.865387e+03 8.938994e+03 9.029616e+03
2.5 8.944128e+03 8.836342e+03 8.940247e+03 9.048034e+03
3.5 8.906637e+03 8.870698e+03 8.989728e+03 9.025668e+03
4.5 8.920542e+03 8.857462e+03 8.989725e+03 9.052806e+03
5.5 8.899597e+03 8.832768e+03 8.963072e+03 9.029900e+03
6.5 8.892278e+03 8.846591e+03 8.938945e+03 8.984632e+03
7.5 8.968827e+03 8.923741e+03 8.938928e+03 8.984014e+03
0.1 8.968719e+03 8.964258e+03 8.938820e+03 8.943281e+03
1.1 8.949950e+03 8.985183e+03 8.938805e+03 8.903571e+03
2.1 8.943166e+03 9.012816e+03 8.938803e+03 8.869153e+03
3.1 9.024529e+03 9.057654e+03 8.967987e+03 8.934861e+03
4.1 9.154095e+03 9.123211e+03 9.014930e+03 9.045813e+03
5.1 9.231616e+03 9.113803e+03 9.011110e+03 9.128922e+03
6.1 9.081860e+03 9.016964e+03 8.960341e+03 9.025237e+03
7.1 8.892603e+03 8.925373e+03 8.938763e+03 8.905993e+03
0.5 8.766883e+03 8.881583e+03 8.938762e+03 8.824062e+03
1.5 8.784468e+03 8.863452e+03 8.938767e+03 8.859783e+03
2.5 8.843397e+03 8.834605e+03 8.940044e+03 8.948837e+03
3.5 8.886812e+03 8.869895e+03 8.989543e+03 9.006460e+03
4.5 8.875045e+03 8.857261e+03 8.989553e+03 9.007337e+03
5.5 8.803020e+03 8.832722e+03 8.962917e+03 8.933214e+03
6.5 8.830685e+03 8.850044e+03 8.938819e+03 8.919460e+03
7.5 8.865903e+03 8.927350e+03 8.938833e+03 8.877385e+03
0.0 9.008725e+03 8.969044e+03 8.939065e+03 8.978747e+03
1.0 9.007585e+03 8.985406e+03 8.939105e+03 8.961285e+03
2.0 9.031168e+03 9.012948e+03 8.939165e+03 8.957385e+03
3.0 9.106270e+03 9.056076e+03 8.965884e+03 9.016078e+03
4.0 9.154787e+03 9.124792e+03 9.015454e+03 9.045449e+03
5.0 9.087667e+03 9.117989e+03 9.014278e+03 8.983956e+03
6.0 8.928534e+03 9.025395e+03 8.963634e+03 8.866773e+03
7.0 8.921097e+03 8.932549e+03 8.939662e+03 8.928210e+03
0.5 8.863242e+03 8.885719e+03 8.940020e+03 8.917543e+03
1.5 8.853028e+03 8.868045e+03 8.940245e+03 8.925228e+03
2.5 8.803212e+03 8.839668e+03 8.941773e+03 8.905317e+03
3.5 8.750649e+03 8.874671e+03 8.991558e+03 8.867536e+03
4.5 8.759074e+03 8.862501e+03 8.991890e+03 8.888462e+03
5.5 8.799749e+03 8.839169e+03 8.965614e+03 8.926194e+03
6.5 8.860672e+03 8.855074e+03 8.941917e+03 8.947515e+03
7.5 8.909430e+03 8.932759e+03 8.942373e+03 8.919044e+03
