0.5 9.603896e+03 9.499294e+03 9.577288e+03 9.681889e+03
1.5 9.610982e+03 9.535388e+03 9.629275e+03 9.704869e+03
2.5 9.573219e+03 9.506866e+03 9.627574e+03 9.693927e+03
3.5 9.381744e+03 9.418973e+03 9.524151e+03 9.486922e+03
4.5 9.527233e+03 9.501302e+03 9.525017e+03 9.550949e+03
5.5 9.515628e+03 9.566523e+03 9.525669e+03 9.474774e+03
6.5 9.563454e+03 9.563728e+03 9.526108e+03 9.525834e+03
7.5 9.562675e+03 9.571484e+03 9.526449e+03 9.517640e+03
0.1 9.514331e+03 9.582442e+03 9.537463e+03 9.469352e+03
1.1 9.652269e+03 9.722398e+03 9.644468e+03 9.574339e+03
2.1 9.794822e+03 9.787866e+03 9.687240e+03 9.694196e+03
3.1 9.764954e+03 9.699065e+03 9.622949e+03 9.688839e+03
4.1 9.615362e+03 9.544787e+03 9.526549e+03 9.597125e+03
5.1 9.558479e+03 9.478641e+03 9.526526e+03 9.606364e+03
6.1 9.542112e+03 9.420061e+03 9.526514e+03 9.648566e+03
7.1 9.516907e+03 9.390176e+03 9.526515e+03 9.653245e+03
0.5 9.573086e+03 9.465405e+03 9.582760e+03 9.690441e+03
1.5 9.511490e+03 9.505674e+03 9.633649e+03 9.639465e+03
2.5 9.476761e+03 9.481468e+03 9.631009e+03 9.626301e+03
3.5 9.492770e+03 9.397255e+03 9.526629e+03 9.622143e+03
4.5 9.526397e+03 9.485630e+03 9.526628e+03 9.567396e+03
5.5 9.605731e+03 9.554364e+03 9.526635e+03 9.578002e+03
6.5 9.514709e+03 9.552312e+03 9.526663e+03 9.489060e+03
7.5 9.626510e+03 9.562564e+03 9.526690e+03 9.590635e+03
0.1 9.596550e+03 9.583108e+03 9.534668e+03 9.548109e+03
1.1 9.665123e+03 9.720735e+03 9.641743e+03 9.586131e+03
2.1 9.761133e+03 9.788836e+03 9.687227e+03 9.659524e+03
3.1 9.645937e+03 9.704581e+03 9.625647e+03 9.567003e+03
4.1 9.557452e+03 9.548486e+03 9.526598e+03 9.535564e+03
5.1 9.418031e+03 9.481237e+03 9.526599e+03 9.463393e+03
6.1 9.338624e+03 9.422816e+03 9.526607e+03 9.442415e+03
7.1 9.316465e+03 9.391585e+03 9.526623e+03 9.451503e+03
0.5 9.358740e+03 9.466380e+03 9.582889e+03 9.475249e+03
1.5 9.460576e+03 9.505999e+03 9.633784e+03 9.588362e+03
2.5 9.446869e+03 9.481712e+03 9.631148e+03 9.596305e+03
3.5 9.467323e+03 9.398030e+03 9.526793e+03 9.596086e+03
4.5 9.508469e+03 9.489252e+03 9.526836e+03 9.546053e+03
5.5 9.510534e+03 9.557993e+03 9.526882e+03 9.479423e+03
6.5 9.508369e+03 9.552175e+03 9.526929e+03 9.483124e+03
7.5 9.503949e+03 9.562401e+03 9.526978e+03 9.468526e+03
0.0 9.566903e+03 9.583587e+03 9.530628e+03 9.513945e+03
1.0 9.867911e+03 9.715123e+03 9.637883e+03 9.790671e+03
2.0 9.814552e+03 9.788679e+03 9.688933e+03 9.714806e+03
3.0 9.825562e+03 9.713727e+03 9.632950e+03 9.744785e+03
4.0 9.519993e+03 9.554219e+03 9.528826e+03 9.494600e+03
5.0 9.258555e+03 9.485018e+03 9.529145e+03 9.302682e+03
6.0 9.357778e+03 9.427173e+03 9.529513e+03 9.460118e+03
7.0 9.382754e+03 9.393484e+03 9.529937e+03 9.519206e+03
0.5 9.405657e+03 9.467804e+03 9.587175e+03 9.525029e+03
1.5 9.386139e+03 9.507363e+03 9.638643e+03 9.517419e+03
2.5 9.447181e+03 9.482953e+03 9.636644e+03 9.600872e+03
3.5 9.404227e+03 9.398497e+03 9.532996e+03 9.538725e+03
4.5 9.488830e+03 9.489416e+03 9.533815e+03 9.533229e+03
5.5 9.488818e+03 9.558308e+03 9.534708e+03 9.465218e+03
6.5 9.565347e+03 9.553106e+03 9.535674e+03 9.547915e+03
7.5 9.527696e+03 9.562655e+03 9.536715e+03 9.501756e+03
