0.5 9.489269e+03 9.463526e+03 9.516718e+03 9.542461e+03
1.5 9.429962e+03 9.421453e+03 9.477072e+03 9.485581e+03
2.5 9.421290e+03 9.425315e+03 9.449207e+03 9.445182e+03
3.5 9.420999e+03 9.434156e+03 9.446981e+03 9.433824e+03
4.5 9.414324e+03 9.433554e+03 9.452561e+03 9.433330e+03
5.5 9.447917e+03 9.426322e+03 9.446174e+03 9.467769e+03
6.5 9.445555e+03 9.455717e+03 9.445639e+03 9.435477e+03
7.5 9.390352e+03 9.486272e+03 9.445037e+03 9.349117e+03
8.5 9.410932e+03 9.485684e+03 9.444383e+03 9.369631e+03
0.2 9.421290e+03 9.425315e+03 9.449207e+03 9.445182e+03
1.2 9.420999e+03 9.434156e+03 9.446981e+03 9.433824e+03
2.2 9.414324e+03 9.433554e+03 9.452561e+03 9.433330e+03
3.2 9.447917e+03 9.426322e+03 9.446174e+03 9.467769e+03
4.2 9.445555e+03 9.455717e+03 9.445639e+03 9.435477e+03
5.2 9.390352e+03 9.486272e+03 9.445037e+03 9.349117e+03
6.2 9.410932e+03 9.485684e+03 9.444383e+03 9.369631e+03
7.2 9.494680e+03 9.476782e+03 9.443690e+03 9.461589e+03
8.2 9.475135e+03 9.481878e+03 9.442972e+03 9.436228e+03
0.9 9.447917e+03 9.426322e+03 9.446174e+03 9.467769e+03
1.9 9.445555e+03 9.455717e+03 9.445639e+03 9.435477e+03
2.9 9.390352e+03 9.486272e+03 9.445037e+03 9.349117e+03
3.9 9.410932e+03 9.485684e+03 9.444383e+03 9.369631e+03
4.9 9.494680e+03 9.476782e+03 9.443690e+03 9.461589e+03
5.9 9.475135e+03 9.481878e+03 9.442972e+03 9.436228e+03
6.9 9.484444e+03 9.487407e+03 9.450146e+03 9.447183e+03
7.9 9.483572e+03 9.478719e+03 9.441487e+03 9.446341e+03
8.9 9.451123e+03 9.477377e+03 9.440749e+03 9.414495e+03
0.6 9.390352e+03 9.486272e+03 9.445037e+03 9.349117e+03
1.6 9.410932e+03 9.485684e+03 9.444383e+03 9.369631e+03
2.6 9.494680e+03 9.476782e+03 9.443690e+03 9.461589e+03
3.6 9.475135e+03 9.481878e+03 9.442972e+03 9.436228e+03
4.6 9.484444e+03 9.487407e+03 9.450146e+03 9.447183e+03
5.6 9.483572e+03 9.478719e+03 9.441487e+03 9.446341e+03
6.6 9.451123e+03 9.477377e+03 9.440749e+03 9.414495e+03
7.6 9.453304e+03 9.476186e+03 9.440033e+03 9.417151e+03
8.6 9.488239e+03 9.475137e+03 9.439347e+03 9.452449e+03
0.3 9.494680e+03 9.476782e+03 9.443690e+03 9.461589e+03
1.3 9.475135e+03 9.481878e+03 9.442972e+03 9.436228e+03
2.3 9.484444e+03 9.487407e+03 9.450146e+03 9.447183e+03
3.3 9.483572e+03 9.478719e+03 9.441487e+03 9.446341e+03
4.3 9.451123e+03 9.477377e+03 9.440749e+03 9.414495e+03
5.3 9.453304e+03 9.476186e+03 9.440033e+03 9.417151e+03
6.3 9.488239e+03 9.475137e+03 9.439347e+03 9.452449e+03
7.3 9.516989e+03 9.467181e+03 9.438697e+03 9.488505e+03
8.3 9.484802e+03 9.473426e+03 9.438087e+03 9.449463e+03
1.0 9.483572e+03 9.478719e+03 9.441487e+03 9.446341e+03
2.0 9.451123e+03 9.477377e+03 9.440749e+03 9.414495e+03
3.0 9.453304e+03 9.476186e+03 9.440033e+03 9.417151e+03
4.0 9.488239e+03 9.475137e+03 9.439347e+03 9.452449e+03
5.0 9.516989e+03 9.467181e+03 9.438697e+03 9.488505e+03
6.0 9.484802e+03 9.473426e+03 9.438087e+03 9.449463e+03
7.0 9.439083e+03 9.477287e+03 9.445435e+03 9.407231e+03
8.0 9.455006e+03 9.500621e+03 9.478545e+03 9.432930e+03
9.0 9.550881e+03 9.534934e+03 9.517639e+03 9.533586e+03
0.7 9.453304e+03 9.476186e+03 9.440033e+03 9.417151e+03
1.7 9.488239e+03 9.475137e+03 9.439347e+03 9.452449e+03
2.7 9.516989e+03 9.467181e+03 9.438697e+03 9.488505e+03
3.7 9.484802e+03 9.473426e+03 9.438087e+03 9.449463e+03
4.7 9.439083e+03 9.477287e+03 9.445435e+03 9.407231e+03
5.7 9.455006e+03 9.500621e+03 9.478545e+03 9.432930e+03
6.7 9.550881e+03 9.534934e+03 9.517639e+03 9.533586e+03
7.7 9.588719e+03 9.553850e+03 9.523156e+03 9.558025e+03
8.7 9.598566e+03 9.571058e+03 9.522787e+03 9.550295e+03
0.4 9.516989e+03 9.467181e+03 9.438697e+03 9.488505e+03
1.4 9.484802e+03 9.473426e+03 9.438087e+03 9.449463e+03
2.4 9.439083e+03 9.477287e+03 9.445435e+03 9.407231e+03
3.4 9.455006e+03 9.500621e+03 9.478545e+03 9.432930e+03
4.4 9.550881e+03 9.534934e+03 9.517639e+03 9.533586e+03
5.4 9.588719e+03 9.553850e+03 9.523156e+03 9.558025e+03
6.4 9.598566e+03 9.571058e+03 9.522787e+03 9.550295e+03
7.4 9.518274e+03 9.551542e+03 9.522467e+03 9.489198e+03
8.4 9.485941e+03 9.489677e+03 9.522193e+03 9.518456e+03
0.5 9.469150e+03 9.424803e+03 9.502712e+03 9.547059e+03
1.5 9.445452e+03 9.386052e+03 9.463060e+03 9.522461e+03
2.5 9.434071e+03 9.393033e+03 9.435294e+03 9.476332e+03
3.5 9.445729e+03 9.406129e+03 9.434241e+03 9.473840e+03
4.5 9.442151e+03 9.409226e+03 9.441111e+03 9.474036e+03
5.5 9.433448e+03 9.404937e+03 9.435131e+03 9.463642e+03
6.5 9.487718e+03 9.436695e+03 9.435091e+03 9.486115e+03
7.5 9.510853e+03 9.468139e+03 9.434064e+03 9.476778e+03
8.5 9.497333e+03 9.468863e+03 9.434024e+03 9.462493e+03
0.2 9.434071e+03 9.393033e+03 9.435294e+03 9.476332e+03
1.2 9.445729e+03 9.406129e+03 9.434241e+03 9.473840e+03
2.2 9.442151e+03 9.409226e+03 9.441111e+03 9.474036e+03
3.2 9.433448e+03 9.404937e+03 9.435131e+03 9.463642e+03
4.2 9.487718e+03 9.436695e+03 9.435091e+03 9.486115e+03
5.2 9.510853e+03 9.468139e+03 9.434064e+03 9.476778e+03
6.2 9.497333e+03 9.468863e+03 9.434024e+03 9.462493e+03
7.2 9.495205e+03 9.460469e+03 9.432990e+03 9.467726e+03
8.2 9.505682e+03 9.467315e+03 9.432941e+03 9.471308e+03
0.9 9.433448e+03 9.404937e+03 9.435131e+03 9.463642e+03
1.9 9.487718e+03 9.436695e+03 9.435091e+03 9.486115e+03
2.9 9.510853e+03 9.468139e+03 9.434064e+03 9.476778e+03
3.9 9.497333e+03 9.468863e+03 9.434024e+03 9.462493e+03
4.9 9.495205e+03 9.460469e+03 9.432990e+03 9.467726e+03
5.9 9.505682e+03 9.467315e+03 9.432941e+03 9.471308e+03
6.9 9.485395e+03 9.475430e+03 9.441790e+03 9.451755e+03
7.9 9.468088e+03 9.471328e+03 9.435809e+03 9.432569e+03
8.9 9.456567e+03 9.471287e+03 9.435765e+03 9.421045e+03
0.6 9.510853e+03 9.468139e+03 9.434064e+03 9.476778e+03
1.6 9.497333e+03 9.468863e+03 9.434024e+03 9.462493e+03
2.6 9.495205e+03 9.460469e+03 9.432990e+03 9.467726e+03
3.6 9.505682e+03 9.467315e+03 9.432941e+03 9.471308e+03
4.6 9.485395e+03 9.475430e+03 9.441790e+03 9.451755e+03
5.6 9.468088e+03 9.471328e+03 9.435809e+03 9.432569e+03
6.6 9.456567e+03 9.471287e+03 9.435765e+03 9.421045e+03
7.6 9.469289e+03 9.468971e+03 9.433740e+03 9.434058e+03
8.6 9.461152e+03 9.468941e+03 9.433689e+03 9.425900e+03
0.3 9.495205e+03 9.460469e+03 9.432990e+03 9.467726e+03
1.3 9.505682e+03 9.467315e+03 9.432941e+03 9.471308e+03
2.3 9.485395e+03 9.475430e+03 9.441790e+03 9.451755e+03
3.3 9.468088e+03 9.471328e+03 9.435809e+03 9.432569e+03
4.3 9.456567e+03 9.471287e+03 9.435765e+03 9.421045e+03
5.3 9.469289e+03 9.468971e+03 9.433740e+03 9.434058e+03
6.3 9.461152e+03 9.468941e+03 9.433689e+03 9.425900e+03
7.3 9.462661e+03 9.461457e+03 9.433640e+03 9.434843e+03
8.3 9.496654e+03 9.467262e+03 9.433605e+03 9.462997e+03
0.9 9.468088e+03 9.471328e+03 9.435809e+03 9.432569e+03
1.9 9.456567e+03 9.471287e+03 9.435765e+03 9.421045e+03
2.9 9.469289e+03 9.468971e+03 9.433740e+03 9.434058e+03
3.9 9.461152e+03 9.468941e+03 9.433689e+03 9.425900e+03
4.9 9.462661e+03 9.461457e+03 9.433640e+03 9.434843e+03
5.9 9.496654e+03 9.467262e+03 9.433605e+03 9.462997e+03
6.9 9.473904e+03 9.472445e+03 9.441479e+03 9.442938e+03
7.9 9.459869e+03 9.496569e+03 9.474072e+03 9.437372e+03
8.9 9.473982e+03 9.531074e+03 9.513588e+03 9.456495e+03
0.7 9.469289e+03 9.468971e+03 9.433740e+03 9.434058e+03
1.7 9.461152e+03 9.468941e+03 9.433689e+03 9.425900e+03
2.7 9.462661e+03 9.461457e+03 9.433640e+03 9.434843e+03
3.7 9.496654e+03 9.467262e+03 9.433605e+03 9.462997e+03
4.7 9.473904e+03 9.472445e+03 9.441479e+03 9.442938e+03
5.7 9.459869e+03 9.496569e+03 9.474072e+03 9.437372e+03
6.7 9.473982e+03 9.531074e+03 9.513588e+03 9.456495e+03
7.7 9.531257e+03 9.550873e+03 9.520475e+03 9.500859e+03
8.7 9.573639e+03 9.569331e+03 9.520447e+03 9.524755e+03
0.3 9.462661e+03 9.461457e+03 9.433640e+03 9.434843e+03
1.3 9.496654e+03 9.467262e+03 9.433605e+03 9.462997e+03
2.3 9.473904e+03 9.472445e+03 9.441479e+03 9.442938e+03
3.3 9.459869e+03 9.496569e+03 9.474072e+03 9.437372e+03
4.3 9.473982e+03 9.531074e+03 9.513588e+03 9.456495e+03
5.3 9.531257e+03 9.550873e+03 9.520475e+03 9.500859e+03
6.3 9.573639e+03 9.569331e+03 9.520447e+03 9.524755e+03
7.3 9.591337e+03 9.550629e+03 9.520431e+03 9.561140e+03
8.3 9.494733e+03 9.489820e+03 9.520426e+03 9.525339e+03
0.5 9.384602e+03 9.423040e+03 9.500740e+03 9.462302e+03
1.5 9.417870e+03 9.384412e+03 9.461227e+03 9.494685e+03
2.5 9.428967e+03 9.392493e+03 9.434571e+03 9.471045e+03
3.5 9.403350e+03 9.407047e+03 9.434625e+03 9.430927e+03
4.5 9.371779e+03 9.410248e+03 9.441605e+03 9.403136e+03
5.5 9.378051e+03 9.407116e+03 9.436720e+03 9.407654e+03
6.5 9.399785e+03 9.438973e+03 9.436780e+03 9.397593e+03
7.5 9.415271e+03 9.468362e+03 9.434863e+03 9.381771e+03
8.5 9.419521e+03 9.468371e+03 9.434924e+03 9.386074e+03
0.2 9.428967e+03 9.392493e+03 9.434571e+03 9.471045e+03
1.2 9.403350e+03 9.407047e+03 9.434625e+03 9.430927e+03
2.2 9.371779e+03 9.410248e+03 9.441605e+03 9.403136e+03
3.2 9.378051e+03 9.407116e+03 9.436720e+03 9.407654e+03
4.2 9.399785e+03 9.438973e+03 9.436780e+03 9.397593e+03
5.2 9.415271e+03 9.468362e+03 9.434863e+03 9.381771e+03
6.2 9.419521e+03 9.468371e+03 9.434924e+03 9.386074e+03
7.2 9.449334e+03 9.461044e+03 9.434993e+03 9.423282e+03
8.2 9.459241e+03 9.466562e+03 9.434078e+03 9.426757e+03
0.8 9.378051e+03 9.407116e+03 9.436720e+03 9.407654e+03
1.8 9.399785e+03 9.438973e+03 9.436780e+03 9.397593e+03
2.8 9.415271e+03 9.468362e+03 9.434863e+03 9.381771e+03
3.8 9.419521e+03 9.468371e+03 9.434924e+03 9.386074e+03
4.8 9.449334e+03 9.461044e+03 9.434993e+03 9.423282e+03
5.8 9.459241e+03 9.466562e+03 9.434078e+03 9.426757e+03
6.8 9.476153e+03 9.473510e+03 9.441074e+03 9.443716e+03
7.8 9.490209e+03 9.468561e+03 9.434222e+03 9.455871e+03
8.8 9.465153e+03 9.468594e+03 9.434294e+03 9.430853e+03
0.5 9.415271e+03 9.468362e+03 9.434863e+03 9.381771e+03
1.5 9.419521e+03 9.468371e+03 9.434924e+03 9.386074e+03
2.5 9.449334e+03 9.461044e+03 9.434993e+03 9.423282e+03
3.5 9.459241e+03 9.466562e+03 9.434078e+03 9.426757e+03
4.5 9.476153e+03 9.473510e+03 9.441074e+03 9.443716e+03
5.5 9.490209e+03 9.468561e+03 9.434222e+03 9.455871e+03
6.5 9.465153e+03 9.468594e+03 9.434294e+03 9.430853e+03
7.5 9.468356e+03 9.468625e+03 9.434371e+03 9.434102e+03
8.5 9.490854e+03 9.469454e+03 9.434456e+03 9.455856e+03
0.2 9.449334e+03 9.461044e+03 9.434993e+03 9.423282e+03
1.2 9.459241e+03 9.466562e+03 9.434078e+03 9.426757e+03
2.2 9.476153e+03 9.473510e+03 9.441074e+03 9.443716e+03
3.2 9.490209e+03 9.468561e+03 9.434222e+03 9.455871e+03
4.2 9.465153e+03 9.468594e+03 9.434294e+03 9.430853e+03
5.2 9.468356e+03 9.468625e+03 9.434371e+03 9.434102e+03
6.2 9.490854e+03 9.469454e+03 9.434456e+03 9.455856e+03
7.2 9.498548e+03 9.462176e+03 9.434553e+03 9.470926e+03
8.2 9.513971e+03 9.469604e+03 9.434669e+03 9.479036e+03
0.9 9.490209e+03 9.468561e+03 9.434222e+03 9.455871e+03
1.9 9.465153e+03 9.468594e+03 9.434294e+03 9.430853e+03
2.9 9.468356e+03 9.468625e+03 9.434371e+03 9.434102e+03
3.9 9.490854e+03 9.469454e+03 9.434456e+03 9.455856e+03
4.9 9.498548e+03 9.462176e+03 9.434553e+03 9.470926e+03
5.9 9.513971e+03 9.469604e+03 9.434669e+03 9.479036e+03
6.9 9.504073e+03 9.476240e+03 9.442716e+03 9.470549e+03
7.9 9.519962e+03 9.496238e+03 9.473535e+03 9.497259e+03
8.9 9.543550e+03 9.530323e+03 9.513288e+03 9.526515e+03
0.6 9.468356e+03 9.468625e+03 9.434371e+03 9.434102e+03
1.6 9.490854e+03 9.469454e+03 9.434456e+03 9.455856e+03
2.6 9.498548e+03 9.462176e+03 9.434553e+03 9.470926e+03
3.6 9.513971e+03 9.469604e+03 9.434669e+03 9.479036e+03
4.6 9.504073e+03 9.476240e+03 9.442716e+03 9.470549e+03
5.6 9.519962e+03 9.496238e+03 9.473535e+03 9.497259e+03
6.6 9.543550e+03 9.530323e+03 9.513288e+03 9.526515e+03
7.6 9.609109e+03 9.551243e+03 9.522428e+03 9.580294e+03
8.6 9.619544e+03 9.571708e+03 9.522719e+03 9.570556e+03
0.3 9.498548e+03 9.462176e+03 9.434553e+03 9.470926e+03
1.3 9.513971e+03 9.469604e+03 9.434669e+03 9.479036e+03
2.3 9.504073e+03 9.476240e+03 9.442716e+03 9.470549e+03
3.3 9.519962e+03 9.496238e+03 9.473535e+03 9.497259e+03
4.3 9.543550e+03 9.530323e+03 9.513288e+03 9.526515e+03
5.3 9.609109e+03 9.551243e+03 9.522428e+03 9.580294e+03
6.3 9.619544e+03 9.571708e+03 9.522719e+03 9.570556e+03
7.3 9.487503e+03 9.554269e+03 9.523069e+03 9.456304e+03
8.3 9.428605e+03 9.495310e+03 9.523485e+03 9.456780e+03
0.5 9.380682e+03 9.426507e+03 9.506145e+03 9.460320e+03
1.5 9.349804e+03 9.388247e+03 9.467417e+03 9.428973e+03
2.5 9.331331e+03 9.395716e+03 9.440654e+03 9.376269e+03
3.5 9.357871e+03 9.410651e+03 9.441686e+03 9.388906e+03
4.5 9.387986e+03 9.415216e+03 9.450734e+03 9.423504e+03
5.5 9.425876e+03 9.410834e+03 9.445051e+03 9.460093e+03
6.5 9.439124e+03 9.443036e+03 9.446397e+03 9.442485e+03
7.5 9.449199e+03 9.475867e+03 9.447847e+03 9.421179e+03
8.5 9.429595e+03 9.476142e+03 9.449398e+03 9.402851e+03
0.2 9.331331e+03 9.395716e+03 9.440654e+03 9.376269e+03
1.2 9.357871e+03 9.410651e+03 9.441686e+03 9.388906e+03
2.2 9.387986e+03 9.415216e+03 9.450734e+03 9.423504e+03
3.2 9.425876e+03 9.410834e+03 9.445051e+03 9.460093e+03
4.2 9.439124e+03 9.443036e+03 9.446397e+03 9.442485e+03
5.2 9.449199e+03 9.475867e+03 9.447847e+03 9.421179e+03
6.2 9.429595e+03 9.476142e+03 9.449398e+03 9.402851e+03
7.2 9.419134e+03 9.467235e+03 9.450046e+03 9.401945e+03
8.2 9.459343e+03 9.474699e+03 9.451755e+03 9.436399e+03
0.9 9.425876e+03 9.410834e+03 9.445051e+03 9.460093e+03
1.9 9.439124e+03 9.443036e+03 9.446397e+03 9.442485e+03
2.9 9.449199e+03 9.475867e+03 9.447847e+03 9.421179e+03
3.9 9.429595e+03 9.476142e+03 9.449398e+03 9.402851e+03
4.9 9.419134e+03 9.467235e+03 9.450046e+03 9.401945e+03
5.9 9.459343e+03 9.474699e+03 9.451755e+03 9.436399e+03
6.9 9.503445e+03 9.481917e+03 9.461457e+03 9.482985e+03
7.9 9.520563e+03 9.476008e+03 9.456400e+03 9.500955e+03
8.9 9.512836e+03 9.475845e+03 9.458337e+03 9.495329e+03
0.6 9.449199e+03 9.475867e+03 9.447847e+03 9.421179e+03
1.6 9.429595e+03 9.476142e+03 9.449398e+03 9.402851e+03
2.6 9.419134e+03 9.467235e+03 9.450046e+03 9.401945e+03
3.6 9.459343e+03 9.474699e+03 9.451755e+03 9.436399e+03
4.6 9.503445e+03 9.481917e+03 9.461457e+03 9.482985e+03
5.6 9.520563e+03 9.476008e+03 9.456400e+03 9.500955e+03
6.6 9.512836e+03 9.475845e+03 9.458337e+03 9.495329e+03
7.6 9.507560e+03 9.475069e+03 9.459349e+03 9.491840e+03
8.6 9.493777e+03 9.474799e+03 9.461404e+03 9.480382e+03
0.3 9.419134e+03 9.467235e+03 9.450046e+03 9.401945e+03
1.3 9.459343e+03 9.474699e+03 9.451755e+03 9.436399e+03
2.3 9.503445e+03 9.481917e+03 9.461457e+03 9.482985e+03
3.3 9.520563e+03 9.476008e+03 9.456400e+03 9.500955e+03
4.3 9.512836e+03 9.475845e+03 9.458337e+03 9.495329e+03
5.3 9.507560e+03 9.475069e+03 9.459349e+03 9.491840e+03
6.3 9.493777e+03 9.474799e+03 9.461404e+03 9.480382e+03
7.3 9.472285e+03 9.469357e+03 9.465483e+03 9.468412e+03
8.3 9.484435e+03 9.475465e+03 9.467620e+03 9.476590e+03
1.0 9.520563e+03 9.476008e+03 9.456400e+03 9.500955e+03
2.0 9.512836e+03 9.475845e+03 9.458337e+03 9.495329e+03
3.0 9.507560e+03 9.475069e+03 9.459349e+03 9.491840e+03
4.0 9.493777e+03 9.474799e+03 9.461404e+03 9.480382e+03
5.0 9.472285e+03 9.469357e+03 9.465483e+03 9.468412e+03
6.0 9.484435e+03 9.475465e+03 9.467620e+03 9.476590e+03
0.6 9.507560e+03 9.475069e+03 9.459349e+03 9.491840e+03
1.6 9.493777e+03 9.474799e+03 9.461404e+03 9.480382e+03
2.6 9.472285e+03 9.469357e+03 9.465483e+03 9.468412e+03
3.6 9.484435e+03 9.475465e+03 9.467620e+03 9.476590e+03
0.3 9.472285e+03 9.469357e+03 9.465483e+03 9.468412e+03
1.3 9.484435e+03 9.475465e+03 9.467620e+03 9.476590e+03
