0.5 8.430402e+03 8.388304e+03 8.484338e+03 8.526436e+03
1.5 8.439239e+03 8.450117e+03 8.521557e+03 8.510679e+03
2.5 8.516249e+03 8.505314e+03 8.520339e+03 8.531274e+03
3.5 8.512712e+03 8.481540e+03 8.446296e+03 8.477467e+03
4.5 8.482852e+03 8.464574e+03 8.446916e+03 8.465195e+03
5.5 8.424474e+03 8.440592e+03 8.447383e+03 8.431264e+03
6.5 8.484220e+03 8.459656e+03 8.447697e+03 8.472262e+03
7.5 8.457293e+03 8.483190e+03 8.447941e+03 8.422045e+03
0.1 8.445070e+03 8.484780e+03 8.455826e+03 8.416116e+03
1.1 8.466755e+03 8.510296e+03 8.532434e+03 8.488893e+03
2.1 8.448777e+03 8.484389e+03 8.563055e+03 8.527443e+03
3.1 8.526865e+03 8.448534e+03 8.517028e+03 8.595359e+03
4.1 8.449004e+03 8.411029e+03 8.448013e+03 8.485988e+03
5.1 8.456383e+03 8.421184e+03 8.447996e+03 8.483195e+03
6.1 8.437492e+03 8.411425e+03 8.447988e+03 8.474054e+03
7.1 8.389912e+03 8.391918e+03 8.447988e+03 8.445982e+03
0.5 8.391156e+03 8.396524e+03 8.488256e+03 8.482887e+03
1.5 8.480818e+03 8.460107e+03 8.524688e+03 8.545399e+03
2.5 8.493761e+03 8.515519e+03 8.522798e+03 8.501040e+03
3.5 8.501445e+03 8.491787e+03 8.448070e+03 8.457728e+03
4.5 8.467669e+03 8.472841e+03 8.448070e+03 8.442898e+03
5.5 8.431267e+03 8.447351e+03 8.448074e+03 8.431991e+03
6.5 8.423434e+03 8.467404e+03 8.448095e+03 8.404125e+03
7.5 8.488388e+03 8.490718e+03 8.448114e+03 8.445784e+03
0.1 8.469064e+03 8.484610e+03 8.453825e+03 8.438280e+03
1.1 8.468909e+03 8.512914e+03 8.530483e+03 8.486477e+03
2.1 8.473727e+03 8.488594e+03 8.563046e+03 8.548179e+03
3.1 8.477568e+03 8.452117e+03 8.518959e+03 8.544410e+03
4.1 8.273684e+03 8.412695e+03 8.448048e+03 8.309037e+03
5.1 8.570160e+03 8.422866e+03 8.448049e+03 8.595342e+03
6.1 8.455436e+03 8.413482e+03 8.448055e+03 8.490009e+03
7.1 8.391035e+03 8.394032e+03 8.448066e+03 8.445069e+03
0.5 8.391408e+03 8.397711e+03 8.488348e+03 8.482045e+03
1.5 8.425413e+03 8.462580e+03 8.524785e+03 8.487617e+03
2.5 8.533427e+03 8.517869e+03 8.522898e+03 8.538456e+03
3.5 8.533534e+03 8.492619e+03 8.448188e+03 8.489103e+03
4.5 8.470684e+03 8.471640e+03 8.448219e+03 8.447263e+03
5.5 8.448193e+03 8.446068e+03 8.448251e+03 8.450377e+03
6.5 8.440356e+03 8.466256e+03 8.448285e+03 8.422386e+03
7.5 8.500698e+03 8.489492e+03 8.448320e+03 8.459526e+03
0.0 8.538885e+03 8.480468e+03 8.450933e+03 8.509350e+03
1.0 8.620224e+03 8.511374e+03 8.527719e+03 8.636569e+03
2.0 8.518446e+03 8.490770e+03 8.564267e+03 8.591944e+03
3.0 8.504114e+03 8.453527e+03 8.524188e+03 8.574775e+03
4.0 8.261554e+03 8.410682e+03 8.449643e+03 8.300516e+03
5.0 8.376554e+03 8.421203e+03 8.449871e+03 8.405222e+03
6.0 8.337901e+03 8.412791e+03 8.450135e+03 8.375245e+03
7.0 8.385947e+03 8.393601e+03 8.450438e+03 8.442785e+03
0.5 8.371923e+03 8.395457e+03 8.491417e+03 8.467882e+03
1.5 8.412021e+03 8.459938e+03 8.528264e+03 8.480346e+03
2.5 8.449533e+03 8.514784e+03 8.526832e+03 8.461582e+03
3.5 8.467568e+03 8.490448e+03 8.452628e+03 8.429748e+03
4.5 8.488654e+03 8.468895e+03 8.453215e+03 8.472974e+03
5.5 8.456503e+03 8.441256e+03 8.453854e+03 8.469101e+03
6.5 8.483461e+03 8.463049e+03 8.454546e+03 8.474958e+03
7.5 8.455365e+03 8.485494e+03 8.455291e+03 8.425162e+03
