0.5 1.004242e+04 9.926257e+03 9.963685e+03 1.007985e+04
1.5 9.943055e+03 9.920068e+03 9.981789e+03 1.000478e+04
2.5 9.874946e+03 9.873723e+03 9.981196e+03 9.982419e+03
3.5 9.868712e+03 9.846915e+03 9.945181e+03 9.966979e+03
4.5 9.891261e+03 9.923266e+03 9.945483e+03 9.913479e+03
5.5 9.899461e+03 9.970024e+03 9.945710e+03 9.875147e+03
6.5 9.939030e+03 9.948426e+03 9.945863e+03 9.936467e+03
7.5 9.914933e+03 9.957024e+03 9.945982e+03 9.903891e+03
0.1 9.923476e+03 9.985491e+03 9.949817e+03 9.887802e+03
1.1 9.962724e+03 1.007117e+04 9.987080e+03 9.878631e+03
2.1 1.018781e+04 1.012786e+04 1.000197e+04 1.006192e+04
3.1 1.010455e+04 1.009064e+04 9.979586e+03 9.993499e+03
4.1 1.012361e+04 1.001030e+04 9.946017e+03 1.005933e+04
5.1 9.986464e+03 9.943915e+03 9.946009e+03 9.988558e+03
6.1 9.967597e+03 9.853894e+03 9.946005e+03 1.005971e+04
7.1 9.949764e+03 9.810984e+03 9.946005e+03 1.008478e+04
0.5 9.989847e+03 9.884685e+03 9.965591e+03 1.007075e+04
1.5 9.966789e+03 9.882572e+03 9.983312e+03 1.006753e+04
2.5 9.937566e+03 9.840930e+03 9.982393e+03 1.007903e+04
3.5 9.961826e+03 9.818277e+03 9.946045e+03 1.008959e+04
4.5 9.991810e+03 9.901521e+03 9.946044e+03 1.003633e+04
5.5 1.000646e+04 9.952683e+03 9.946047e+03 9.999824e+03
6.5 9.993000e+03 9.932276e+03 9.946056e+03 1.000678e+04
7.5 1.006368e+04 9.943681e+03 9.946066e+03 1.006607e+04
0.1 1.006439e+04 9.986126e+03 9.948844e+03 1.002711e+04
1.1 1.008478e+04 1.006931e+04 9.986131e+03 1.000161e+04
2.1 1.011061e+04 1.012705e+04 1.000197e+04 9.985535e+03
3.1 1.016059e+04 1.009295e+04 9.980525e+03 1.004817e+04
4.1 9.956311e+03 1.001284e+04 9.946034e+03 9.889501e+03
5.1 9.833787e+03 9.946351e+03 9.946034e+03 9.833470e+03
6.1 9.662363e+03 9.856600e+03 9.946037e+03 9.751801e+03
7.1 9.686235e+03 9.811663e+03 9.946043e+03 9.820614e+03
0.5 9.772459e+03 9.885066e+03 9.965636e+03 9.853029e+03
1.5 9.746951e+03 9.881881e+03 9.983359e+03 9.848429e+03
2.5 9.803021e+03 9.840213e+03 9.982441e+03 9.945249e+03
3.5 9.827354e+03 9.818609e+03 9.946102e+03 9.954846e+03
4.5 9.833646e+03 9.905085e+03 9.946117e+03 9.874678e+03
5.5 9.834202e+03 9.956277e+03 9.946133e+03 9.824058e+03
6.5 9.843018e+03 9.932876e+03 9.946149e+03 9.856290e+03
7.5 9.855082e+03 9.944293e+03 9.946166e+03 9.856955e+03
0.0 9.985996e+03 9.989668e+03 9.947437e+03 9.943765e+03
1.0 1.012910e+04 1.006599e+04 9.984786e+03 1.004789e+04
2.0 1.015826e+04 1.012569e+04 1.000256e+04 1.003513e+04
3.0 1.018691e+04 1.009776e+04 9.983069e+03 1.007222e+04
4.0 1.009494e+04 1.001809e+04 9.946810e+03 1.002365e+04
5.0 9.813619e+03 9.951421e+03 9.946921e+03 9.809118e+03
6.0 9.766201e+03 9.862275e+03 9.947049e+03 9.850975e+03
7.0 9.853263e+03 9.813335e+03 9.947196e+03 9.987124e+03
0.5 9.832379e+03 9.886231e+03 9.967129e+03 9.913277e+03
1.5 9.799139e+03 9.882991e+03 9.985051e+03 9.901200e+03
2.5 9.798519e+03 9.841207e+03 9.984355e+03 9.941667e+03
3.5 9.818766e+03 9.818357e+03 9.948262e+03 9.948670e+03
4.5 9.875022e+03 9.904545e+03 9.948547e+03 9.919024e+03
5.5 9.900564e+03 9.956391e+03 9.948858e+03 9.893030e+03
6.5 9.938279e+03 9.932546e+03 9.949194e+03 9.954927e+03
7.5 9.943164e+03 9.943315e+03 9.949557e+03 9.949406e+03
