0.5 8.955353e+03 8.920618e+03 8.958233e+03 8.992969e+03
1.5 8.903785e+03 8.885978e+03 8.958849e+03 8.976656e+03
2.5 8.887218e+03 8.914989e+03 8.959383e+03 8.931613e+03
3.5 8.878585e+03 8.896392e+03 8.947814e+03 8.930006e+03
4.5 8.861140e+03 8.866397e+03 8.935549e+03 8.930292e+03
5.5 8.907595e+03 8.873766e+03 8.932729e+03 8.966557e+03
6.5 8.938060e+03 8.946967e+03 8.933019e+03 8.924112e+03
7.5 8.884136e+03 8.980007e+03 8.933253e+03 8.837382e+03
8.5 8.862223e+03 8.980334e+03 8.933436e+03 8.815325e+03
0.2 8.887218e+03 8.914989e+03 8.959383e+03 8.931613e+03
1.2 8.878585e+03 8.896392e+03 8.947814e+03 8.930006e+03
2.2 8.861140e+03 8.866397e+03 8.935549e+03 8.930292e+03
3.2 8.907595e+03 8.873766e+03 8.932729e+03 8.966557e+03
4.2 8.938060e+03 8.946967e+03 8.933019e+03 8.924112e+03
5.2 8.884136e+03 8.980007e+03 8.933253e+03 8.837382e+03
6.2 8.862223e+03 8.980334e+03 8.933436e+03 8.815325e+03
7.2 8.968360e+03 8.967311e+03 8.935472e+03 8.936521e+03
8.2 8.981463e+03 8.974082e+03 8.933669e+03 8.941049e+03
0.9 8.907595e+03 8.873766e+03 8.932729e+03 8.966557e+03
1.9 8.938060e+03 8.946967e+03 8.933019e+03 8.924112e+03
2.9 8.884136e+03 8.980007e+03 8.933253e+03 8.837382e+03
3.9 8.862223e+03 8.980334e+03 8.933436e+03 8.815325e+03
4.9 8.968360e+03 8.967311e+03 8.935472e+03 8.936521e+03
5.9 8.981463e+03 8.974082e+03 8.933669e+03 8.941049e+03
6.9 8.969803e+03 8.978073e+03 8.934363e+03 8.926093e+03
7.9 8.988036e+03 8.968941e+03 8.933759e+03 8.952854e+03
8.9 8.975139e+03 8.966770e+03 8.933762e+03 8.942131e+03
0.6 8.884136e+03 8.980007e+03 8.933253e+03 8.837382e+03
1.6 8.862223e+03 8.980334e+03 8.933436e+03 8.815325e+03
2.6 8.968360e+03 8.967311e+03 8.935472e+03 8.936521e+03
3.6 8.981463e+03 8.974082e+03 8.933669e+03 8.941049e+03
4.6 8.969803e+03 8.978073e+03 8.934363e+03 8.926093e+03
5.6 8.988036e+03 8.968941e+03 8.933759e+03 8.952854e+03
6.6 8.975139e+03 8.966770e+03 8.933762e+03 8.942131e+03
7.6 8.949289e+03 8.964844e+03 8.933743e+03 8.918188e+03
8.6 8.977139e+03 8.963150e+03 8.933706e+03 8.947695e+03
0.3 8.968360e+03 8.967311e+03 8.935472e+03 8.936521e+03
1.3 8.981463e+03 8.974082e+03 8.933669e+03 8.941049e+03
2.3 8.969803e+03 8.978073e+03 8.934363e+03 8.926093e+03
3.3 8.988036e+03 8.968941e+03 8.933759e+03 8.952854e+03
4.3 8.975139e+03 8.966770e+03 8.933762e+03 8.942131e+03
5.3 8.949289e+03 8.964844e+03 8.933743e+03 8.918188e+03
6.3 8.977139e+03 8.963150e+03 8.933706e+03 8.947695e+03
7.3 9.027977e+03 8.946768e+03 8.934290e+03 9.015498e+03
8.3 9.004019e+03 8.960395e+03 8.933599e+03 8.977223e+03
1.0 8.988036e+03 8.968941e+03 8.933759e+03 8.952854e+03
2.0 8.975139e+03 8.966770e+03 8.933762e+03 8.942131e+03
3.0 8.949289e+03 8.964844e+03 8.933743e+03 8.918188e+03
4.0 8.977139e+03 8.963150e+03 8.933706e+03 8.947695e+03
5.0 9.027977e+03 8.946768e+03 8.934290e+03 9.015498e+03
6.0 9.004019e+03 8.960395e+03 8.933599e+03 8.977223e+03
7.0 8.942529e+03 8.966623e+03 8.935435e+03 8.911341e+03
8.0 8.951397e+03 8.983214e+03 8.933470e+03 8.901654e+03
9.0 8.980590e+03 9.010197e+03 8.933404e+03 8.903797e+03
0.7 8.949289e+03 8.964844e+03 8.933743e+03 8.918188e+03
1.7 8.977139e+03 8.963150e+03 8.933706e+03 8.947695e+03
2.7 9.027977e+03 8.946768e+03 8.934290e+03 9.015498e+03
3.7 9.004019e+03 8.960395e+03 8.933599e+03 8.977223e+03
4.7 8.942529e+03 8.966623e+03 8.935435e+03 8.911341e+03
5.7 8.951397e+03 8.983214e+03 8.933470e+03 8.901654e+03
6.7 8.980590e+03 9.010197e+03 8.933404e+03 8.903797e+03
7.7 9.071513e+03 9.055277e+03 8.940304e+03 8.956540e+03
8.7 9.121497e+03 9.118739e+03 8.952907e+03 8.955665e+03
0.4 9.027977e+03 8.946768e+03 8.934290e+03 9.015498e+03
1.4 9.004019e+03 8.960395e+03 8.933599e+03 8.977223e+03
2.4 8.942529e+03 8.966623e+03 8.935435e+03 8.911341e+03
3.4 8.951397e+03 8.983214e+03 8.933470e+03 8.901654e+03
4.4 8.980590e+03 9.010197e+03 8.933404e+03 8.903797e+03
5.4 9.071513e+03 9.055277e+03 8.940304e+03 8.956540e+03
6.4 9.121497e+03 9.118739e+03 8.952907e+03 8.955665e+03
7.4 9.060859e+03 9.107702e+03 8.961082e+03 8.914239e+03
8.4 8.992749e+03 9.008551e+03 8.961032e+03 8.945230e+03
0.5 8.948070e+03 8.857492e+03 8.960900e+03 9.051479e+03
1.5 8.936237e+03 8.828473e+03 8.960884e+03 9.068649e+03
2.5 8.898734e+03 8.862768e+03 8.960874e+03 8.996840e+03
3.5 8.912595e+03 8.849551e+03 8.948523e+03 9.011568e+03
4.5 8.891634e+03 8.824885e+03 8.935859e+03 9.002608e+03
5.5 8.884348e+03 8.838705e+03 8.933009e+03 8.978652e+03
6.5 8.960884e+03 8.915805e+03 8.933008e+03 8.978087e+03
7.5 8.973912e+03 8.952085e+03 8.933324e+03 8.955152e+03
8.5 8.979190e+03 8.953919e+03 8.933323e+03 8.958594e+03
0.2 8.898734e+03 8.862768e+03 8.960874e+03 8.996840e+03
1.2 8.912595e+03 8.849551e+03 8.948523e+03 9.011568e+03
2.2 8.891634e+03 8.824885e+03 8.935859e+03 9.002608e+03
3.2 8.884348e+03 8.838705e+03 8.933009e+03 8.978652e+03
4.2 8.960884e+03 8.915805e+03 8.933008e+03 8.978087e+03
5.2 8.973912e+03 8.952085e+03 8.933324e+03 8.955152e+03
6.2 8.979190e+03 8.953919e+03 8.933323e+03 8.958594e+03
7.2 8.990185e+03 8.941047e+03 8.934905e+03 8.984043e+03
8.2 9.002378e+03 8.950707e+03 8.933002e+03 8.984673e+03
0.9 8.884348e+03 8.838705e+03 8.933009e+03 8.978652e+03
1.9 8.960884e+03 8.915805e+03 8.933008e+03 8.978087e+03
2.9 8.973912e+03 8.952085e+03 8.933324e+03 8.955152e+03
3.9 8.979190e+03 8.953919e+03 8.933323e+03 8.958594e+03
4.9 8.990185e+03 8.941047e+03 8.934905e+03 8.984043e+03
5.9 9.002378e+03 8.950707e+03 8.933002e+03 8.984673e+03
6.9 8.973788e+03 8.958074e+03 8.933630e+03 8.949344e+03
7.9 8.962611e+03 8.954450e+03 8.932672e+03 8.940833e+03
8.9 8.934793e+03 8.954381e+03 8.932661e+03 8.913074e+03
0.6 8.973912e+03 8.952085e+03 8.933324e+03 8.955152e+03
1.6 8.979190e+03 8.953919e+03 8.933323e+03 8.958594e+03
2.6 8.990185e+03 8.941047e+03 8.934905e+03 8.984043e+03
3.6 9.002378e+03 8.950707e+03 8.933002e+03 8.984673e+03
4.6 8.973788e+03 8.958074e+03 8.933630e+03 8.949344e+03
5.6 8.962611e+03 8.954450e+03 8.932672e+03 8.940833e+03
6.6 8.934793e+03 8.954381e+03 8.932661e+03 8.913074e+03
7.6 8.945767e+03 8.955703e+03 8.933600e+03 8.923663e+03
8.6 8.945750e+03 8.955670e+03 8.933590e+03 8.923669e+03
0.3 8.990185e+03 8.941047e+03 8.934905e+03 8.984043e+03
1.3 9.002378e+03 8.950707e+03 8.933002e+03 8.984673e+03
2.3 8.973788e+03 8.958074e+03 8.933630e+03 8.949344e+03
3.3 8.962611e+03 8.954450e+03 8.932672e+03 8.940833e+03
4.3 8.934793e+03 8.954381e+03 8.932661e+03 8.913074e+03
5.3 8.945767e+03 8.955703e+03 8.933600e+03 8.923663e+03
6.3 8.945750e+03 8.955670e+03 8.933590e+03 8.923669e+03
7.3 8.926451e+03 8.938487e+03 8.933895e+03 8.921859e+03
8.3 8.964704e+03 8.949154e+03 8.932938e+03 8.948489e+03
0.9 8.962611e+03 8.954450e+03 8.932672e+03 8.940833e+03
1.9 8.934793e+03 8.954381e+03 8.932661e+03 8.913074e+03
2.9 8.945767e+03 8.955703e+03 8.933600e+03 8.923663e+03
3.9 8.945750e+03 8.955670e+03 8.933590e+03 8.923669e+03
4.9 8.926451e+03 8.938487e+03 8.933895e+03 8.921859e+03
5.9 8.964704e+03 8.949154e+03 8.932938e+03 8.948489e+03
6.9 8.960725e+03 8.956289e+03 8.934511e+03 8.938947e+03
7.9 8.942094e+03 8.977240e+03 8.932918e+03 8.897772e+03
8.9 8.935202e+03 9.004866e+03 8.932906e+03 8.863243e+03
0.7 8.945767e+03 8.955703e+03 8.933600e+03 8.923663e+03
1.7 8.945750e+03 8.955670e+03 8.933590e+03 8.923669e+03
2.7 8.926451e+03 8.938487e+03 8.933895e+03 8.921859e+03
3.7 8.964704e+03 8.949154e+03 8.932938e+03 8.948489e+03
4.7 8.960725e+03 8.956289e+03 8.934511e+03 8.938947e+03
5.7 8.942094e+03 8.977240e+03 8.932918e+03 8.897772e+03
6.7 8.935202e+03 9.004866e+03 8.932906e+03 8.863243e+03
7.7 9.016550e+03 9.049643e+03 8.939541e+03 8.906448e+03
8.7 9.145978e+03 9.115106e+03 8.952188e+03 8.983060e+03
0.3 8.926451e+03 8.938487e+03 8.933895e+03 8.921859e+03
1.3 8.964704e+03 8.949154e+03 8.932938e+03 8.948489e+03
2.3 8.960725e+03 8.956289e+03 8.934511e+03 8.938947e+03
3.3 8.942094e+03 8.977240e+03 8.932918e+03 8.897772e+03
4.3 8.935202e+03 9.004866e+03 8.932906e+03 8.863243e+03
5.3 9.016550e+03 9.049643e+03 8.939541e+03 8.906448e+03
6.3 9.145978e+03 9.115106e+03 8.952188e+03 8.983060e+03
7.3 9.223491e+03 9.105698e+03 8.960723e+03 9.078516e+03
8.3 9.073744e+03 9.008929e+03 8.960713e+03 9.025527e+03
0.5 8.776630e+03 8.855559e+03 8.960708e+03 8.881779e+03
1.5 8.835439e+03 8.826737e+03 8.960716e+03 8.969417e+03
2.5 8.878970e+03 8.861967e+03 8.960724e+03 8.977728e+03
3.5 8.867079e+03 8.849350e+03 8.948072e+03 8.965801e+03
4.5 8.795069e+03 8.824839e+03 8.935423e+03 8.905652e+03
5.5 8.822809e+03 8.842155e+03 8.933222e+03 8.913876e+03
6.5 8.858012e+03 8.919411e+03 8.933238e+03 8.871839e+03
7.5 8.865828e+03 8.953444e+03 8.933888e+03 8.846272e+03
8.5 8.879577e+03 8.953449e+03 8.933905e+03 8.860033e+03
0.2 8.878970e+03 8.861967e+03 8.960724e+03 8.977728e+03
1.2 8.867079e+03 8.849350e+03 8.948072e+03 8.965801e+03
2.2 8.795069e+03 8.824839e+03 8.935423e+03 8.905652e+03
3.2 8.822809e+03 8.842155e+03 8.933222e+03 8.913876e+03
4.2 8.858012e+03 8.919411e+03 8.933238e+03 8.871839e+03
5.2 8.865828e+03 8.953444e+03 8.933888e+03 8.846272e+03
6.2 8.879577e+03 8.953449e+03 8.933905e+03 8.860033e+03
7.2 8.912187e+03 8.941442e+03 8.935504e+03 8.906250e+03
8.2 8.922487e+03 8.948191e+03 8.933304e+03 8.907600e+03
0.8 8.822809e+03 8.842155e+03 8.933222e+03 8.913876e+03
1.8 8.858012e+03 8.919411e+03 8.933238e+03 8.871839e+03
2.8 8.865828e+03 8.953444e+03 8.933888e+03 8.846272e+03
3.8 8.879577e+03 8.953449e+03 8.933905e+03 8.860033e+03
4.8 8.912187e+03 8.941442e+03 8.935504e+03 8.906250e+03
5.8 8.922487e+03 8.948191e+03 8.933304e+03 8.907600e+03
6.8 8.940721e+03 8.953519e+03 8.933320e+03 8.920522e+03
7.8 8.984505e+03 8.951825e+03 8.933021e+03 8.965700e+03
8.8 8.959333e+03 8.951873e+03 8.933039e+03 8.940499e+03
0.5 8.865828e+03 8.953444e+03 8.933888e+03 8.846272e+03
1.5 8.879577e+03 8.953449e+03 8.933905e+03 8.860033e+03
2.5 8.912187e+03 8.941442e+03 8.935504e+03 8.906250e+03
3.5 8.922487e+03 8.948191e+03 8.933304e+03 8.907600e+03
4.5 8.940721e+03 8.953519e+03 8.933320e+03 8.920522e+03
5.5 8.984505e+03 8.951825e+03 8.933021e+03 8.965700e+03
6.5 8.959333e+03 8.951873e+03 8.933039e+03 8.940499e+03
7.5 8.957842e+03 8.951912e+03 8.933055e+03 8.938985e+03
8.5 8.972217e+03 8.953897e+03 8.933069e+03 8.951388e+03
0.2 8.912187e+03 8.941442e+03 8.935504e+03 8.906250e+03
1.2 8.922487e+03 8.948191e+03 8.933304e+03 8.907600e+03
2.2 8.940721e+03 8.953519e+03 8.933320e+03 8.920522e+03
3.2 8.984505e+03 8.951825e+03 8.933021e+03 8.965700e+03
4.2 8.959333e+03 8.951873e+03 8.933039e+03 8.940499e+03
5.2 8.957842e+03 8.951912e+03 8.933055e+03 8.938985e+03
6.2 8.972217e+03 8.953897e+03 8.933069e+03 8.951388e+03
7.2 8.985107e+03 8.941956e+03 8.934667e+03 8.977818e+03
8.2 9.003081e+03 8.954074e+03 8.933100e+03 8.982106e+03
0.9 8.984505e+03 8.951825e+03 8.933021e+03 8.965700e+03
1.9 8.959333e+03 8.951873e+03 8.933039e+03 8.940499e+03
2.9 8.957842e+03 8.951912e+03 8.933055e+03 8.938985e+03
3.9 8.972217e+03 8.953897e+03 8.933069e+03 8.951388e+03
4.9 8.985107e+03 8.941956e+03 8.934667e+03 8.977818e+03
5.9 9.003081e+03 8.954074e+03 8.933100e+03 8.982106e+03
6.9 9.000672e+03 8.961071e+03 8.934067e+03 8.973668e+03
7.9 8.999556e+03 8.977461e+03 8.933139e+03 8.955235e+03
8.9 9.023357e+03 9.004998e+03 8.933167e+03 8.951525e+03
0.6 8.957842e+03 8.951912e+03 8.933055e+03 8.938985e+03
1.6 8.972217e+03 8.953897e+03 8.933069e+03 8.951388e+03
2.6 8.985107e+03 8.941956e+03 8.934667e+03 8.977818e+03
3.6 9.003081e+03 8.954074e+03 8.933100e+03 8.982106e+03
4.6 9.000672e+03 8.961071e+03 8.934067e+03 8.973668e+03
5.6 8.999556e+03 8.977461e+03 8.933139e+03 8.955235e+03
6.6 9.023357e+03 9.004998e+03 8.933167e+03 8.951525e+03
7.6 9.098180e+03 9.048069e+03 8.939214e+03 8.989325e+03
8.6 9.146644e+03 9.116687e+03 8.951919e+03 8.981876e+03
0.3 8.985107e+03 8.941956e+03 8.934667e+03 8.977818e+03
1.3 9.003081e+03 8.954074e+03 8.933100e+03 8.982106e+03
2.3 9.000672e+03 8.961071e+03 8.934067e+03 8.973668e+03
3.3 8.999556e+03 8.977461e+03 8.933139e+03 8.955235e+03
4.3 9.023357e+03 9.004998e+03 8.933167e+03 8.951525e+03
5.3 9.098180e+03 9.048069e+03 8.939214e+03 8.989325e+03
6.3 9.146644e+03 9.116687e+03 8.951919e+03 8.981876e+03
7.3 9.079520e+03 9.109882e+03 8.961154e+03 8.930793e+03
8.3 8.920539e+03 9.017354e+03 8.961224e+03 8.864410e+03
0.5 8.845214e+03 8.860149e+03 8.961711e+03 8.946776e+03
1.5 8.795263e+03 8.831798e+03 8.961897e+03 8.925362e+03
2.5 8.742854e+03 8.866740e+03 8.962113e+03 8.838228e+03
3.5 8.751165e+03 8.854588e+03 8.949699e+03 8.846276e+03
4.5 8.791938e+03 8.831282e+03 8.937319e+03 8.897975e+03
5.5 8.852801e+03 8.847182e+03 8.935107e+03 8.940725e+03
6.5 8.901524e+03 8.924817e+03 8.935465e+03 8.912173e+03
7.5 8.917240e+03 8.962303e+03 8.936180e+03 8.891117e+03
8.5 8.929962e+03 8.962539e+03 8.936618e+03 8.904041e+03
0.2 8.742854e+03 8.866740e+03 8.962113e+03 8.838228e+03
1.2 8.751165e+03 8.854588e+03 8.949699e+03 8.846276e+03
2.2 8.791938e+03 8.831282e+03 8.937319e+03 8.897975e+03
3.2 8.852801e+03 8.847182e+03 8.935107e+03 8.940725e+03
4.2 8.901524e+03 8.924817e+03 8.935465e+03 8.912173e+03
5.2 8.917240e+03 8.962303e+03 8.936180e+03 8.891117e+03
6.2 8.929962e+03 8.962539e+03 8.936618e+03 8.904041e+03
7.2 8.884169e+03 8.947954e+03 8.938681e+03 8.874897e+03
8.2 8.920232e+03 8.959966e+03 8.937620e+03 8.897886e+03
0.9 8.852801e+03 8.847182e+03 8.935107e+03 8.940725e+03
1.9 8.901524e+03 8.924817e+03 8.935465e+03 8.912173e+03
2.9 8.917240e+03 8.962303e+03 8.936180e+03 8.891117e+03
3.9 8.929962e+03 8.962539e+03 8.936618e+03 8.904041e+03
4.9 8.884169e+03 8.947954e+03 8.938681e+03 8.874897e+03
5.9 8.920232e+03 8.959966e+03 8.937620e+03 8.897886e+03
6.9 8.966225e+03 8.966500e+03 8.938813e+03 8.938538e+03
7.9 9.005799e+03 8.959884e+03 8.938455e+03 8.984371e+03
8.9 9.018937e+03 8.959354e+03 8.939078e+03 8.998661e+03
0.6 8.917240e+03 8.962303e+03 8.936180e+03 8.891117e+03
1.6 8.929962e+03 8.962539e+03 8.936618e+03 8.904041e+03
2.6 8.884169e+03 8.947954e+03 8.938681e+03 8.874897e+03
3.6 8.920232e+03 8.959966e+03 8.937620e+03 8.897886e+03
4.6 8.966225e+03 8.966500e+03 8.938813e+03 8.938538e+03
5.6 9.005799e+03 8.959884e+03 8.938455e+03 8.984371e+03
6.6 9.018937e+03 8.959354e+03 8.939078e+03 8.998661e+03
7.6 9.025271e+03 8.960235e+03 8.940054e+03 9.005090e+03
8.6 9.010575e+03 8.959537e+03 8.940748e+03 8.991787e+03
0.3 8.884169e+03 8.947954e+03 8.938681e+03 8.874897e+03
1.3 8.920232e+03 8.959966e+03 8.937620e+03 8.897886e+03
2.3 8.966225e+03 8.966500e+03 8.938813e+03 8.938538e+03
3.3 9.005799e+03 8.959884e+03 8.938455e+03 8.984371e+03
4.3 9.018937e+03 8.959354e+03 8.939078e+03 8.998661e+03
5.3 9.025271e+03 8.960235e+03 8.940054e+03 9.005090e+03
6.3 9.010575e+03 8.959537e+03 8.940748e+03 8.991787e+03
7.3 8.983759e+03 8.945300e+03 8.942109e+03 8.980568e+03
8.3 8.968549e+03 8.956944e+03 8.941918e+03 8.953522e+03
1.0 9.005799e+03 8.959884e+03 8.938455e+03 8.984371e+03
2.0 9.018937e+03 8.959354e+03 8.939078e+03 8.998661e+03
3.0 9.025271e+03 8.960235e+03 8.940054e+03 9.005090e+03
4.0 9.010575e+03 8.959537e+03 8.940748e+03 8.991787e+03
5.0 8.983759e+03 8.945300e+03 8.942109e+03 8.980568e+03
6.0 8.968549e+03 8.956944e+03 8.941918e+03 8.953522e+03
0.6 9.025271e+03 8.960235e+03 8.940054e+03 9.005090e+03
1.6 9.010575e+03 8.959537e+03 8.940748e+03 8.991787e+03
2.6 8.983759e+03 8.945300e+03 8.942109e+03 8.980568e+03
3.6 8.968549e+03 8.956944e+03 8.941918e+03 8.953522e+03
0.3 8.983759e+03 8.945300e+03 8.942109e+03 8.980568e+03
1.3 8.968549e+03 8.956944e+03 8.941918e+03 8.953522e+03
