0.5 6.372148e+03 6.185202e+03 6.245223e+03 6.432170e+03
1.5 6.076589e+03 6.103634e+03 6.245216e+03 6.218172e+03
2.5 5.937485e+03 6.026590e+03 6.245210e+03 6.156104e+03
3.5 6.019522e+03 6.098884e+03 6.245202e+03 6.165841e+03
4.5 6.138425e+03 6.154754e+03 6.245194e+03 6.228866e+03
5.5 6.270798e+03 6.202232e+03 6.247451e+03 6.316017e+03
6.5 6.315536e+03 6.220531e+03 6.249491e+03 6.344496e+03
7.5 6.370035e+03 6.307778e+03 6.249373e+03 6.311630e+03
0.1 6.202232e+03 6.325331e+03 6.245023e+03 6.121924e+03
1.1 6.370126e+03 6.313875e+03 6.245011e+03 6.301262e+03
2.1 6.287770e+03 6.349644e+03 6.245000e+03 6.183126e+03
3.1 6.412676e+03 6.399865e+03 6.244989e+03 6.257800e+03
4.1 6.670522e+03 6.447467e+03 6.244979e+03 6.468034e+03
5.1 6.304650e+03 6.375538e+03 6.245401e+03 6.174513e+03
6.1 6.216551e+03 6.243795e+03 6.249707e+03 6.222464e+03
7.1 6.177587e+03 6.128334e+03 6.251426e+03 6.300679e+03
0.5 6.082897e+03 6.065553e+03 6.244942e+03 6.262286e+03
1.5 6.112329e+03 5.995169e+03 6.244937e+03 6.362097e+03
2.5 6.091646e+03 5.930042e+03 6.244934e+03 6.406537e+03
3.5 6.064802e+03 6.013313e+03 6.244931e+03 6.296419e+03
4.5 6.140840e+03 6.082715e+03 6.244928e+03 6.303053e+03
5.5 6.072093e+03 6.140935e+03 6.247192e+03 6.178350e+03
6.5 6.161485e+03 6.167897e+03 6.249240e+03 6.242829e+03
7.5 6.313232e+03 6.262518e+03 6.249132e+03 6.299846e+03
0.1 6.236153e+03 6.318458e+03 6.244916e+03 6.162611e+03
1.1 6.199386e+03 6.309216e+03 6.244915e+03 6.135085e+03
2.1 6.206351e+03 6.343845e+03 6.244915e+03 6.107420e+03
3.1 6.313397e+03 6.394944e+03 6.244914e+03 6.163367e+03
4.1 6.555090e+03 6.446501e+03 6.244913e+03 6.353503e+03
5.1 6.400718e+03 6.374499e+03 6.245237e+03 6.271456e+03
6.1 6.433693e+03 6.245546e+03 6.249552e+03 6.437699e+03
7.1 6.103148e+03 6.129170e+03 6.251385e+03 6.225363e+03
0.5 5.979327e+03 6.064534e+03 6.244912e+03 6.159705e+03
1.5 5.978899e+03 5.992634e+03 6.244912e+03 6.231176e+03
2.5 5.986585e+03 5.927669e+03 6.244912e+03 6.303829e+03
3.5 6.049530e+03 6.012798e+03 6.244913e+03 6.281645e+03
4.5 6.236318e+03 6.085872e+03 6.244913e+03 6.395359e+03
5.5 6.089042e+03 6.144229e+03 6.247179e+03 6.191993e+03
6.5 6.142303e+03 6.171765e+03 6.249230e+03 6.219767e+03
7.5 6.099937e+03 6.266509e+03 6.249123e+03 6.082551e+03
0.0 6.372184e+03 6.331007e+03 6.244929e+03 6.286106e+03
1.0 6.345249e+03 6.309999e+03 6.244930e+03 6.280180e+03
2.0 6.405817e+03 6.340689e+03 6.244931e+03 6.310058e+03
3.0 6.437404e+03 6.392163e+03 6.244932e+03 6.290173e+03
4.0 6.441047e+03 6.450465e+03 6.244934e+03 6.235515e+03
5.0 6.214885e+03 6.377332e+03 6.245045e+03 6.082598e+03
6.0 6.002682e+03 6.253061e+03 6.249363e+03 5.998983e+03
7.0 6.081850e+03 6.134018e+03 6.251417e+03 6.199248e+03
0.5 5.997880e+03 6.064136e+03 6.244957e+03 6.178701e+03
1.5 6.066909e+03 5.991825e+03 6.244966e+03 6.320050e+03
2.5 5.856892e+03 5.926305e+03 6.244978e+03 6.175564e+03
3.5 5.884132e+03 6.008980e+03 6.244991e+03 6.120143e+03
4.5 5.962560e+03 6.081107e+03 6.245007e+03 6.126460e+03
5.5 6.036718e+03 6.139991e+03 6.247291e+03 6.144018e+03
6.5 6.142464e+03 6.164490e+03 6.249363e+03 6.227337e+03
7.5 6.329477e+03 6.257497e+03 6.249280e+03 6.321260e+03
