0.5 9.610982e+03 9.535388e+03 9.543322e+03 9.618916e+03
1.5 9.573219e+03 9.506866e+03 9.542513e+03 9.608866e+03
2.5 9.381744e+03 9.418973e+03 9.541772e+03 9.504544e+03
3.5 9.527233e+03 9.501302e+03 9.541097e+03 9.567029e+03
4.5 9.515628e+03 9.566523e+03 9.540485e+03 9.489590e+03
5.5 9.563454e+03 9.563728e+03 9.544400e+03 9.544125e+03
6.5 9.562675e+03 9.571484e+03 9.553829e+03 9.545020e+03
7.5 9.484959e+03 9.589341e+03 9.560330e+03 9.455948e+03
8.5 9.503535e+03 9.587903e+03 9.560427e+03 9.476059e+03
0.2 9.381744e+03 9.418973e+03 9.541772e+03 9.504544e+03
1.2 9.527233e+03 9.501302e+03 9.541097e+03 9.567029e+03
2.2 9.515628e+03 9.566523e+03 9.540485e+03 9.489590e+03
3.2 9.563454e+03 9.563728e+03 9.544400e+03 9.544125e+03
4.2 9.562675e+03 9.571484e+03 9.553829e+03 9.545020e+03
5.2 9.484959e+03 9.589341e+03 9.560330e+03 9.455948e+03
6.2 9.503535e+03 9.587903e+03 9.560427e+03 9.476059e+03
7.2 9.465767e+03 9.571088e+03 9.558589e+03 9.453267e+03
8.2 9.578294e+03 9.584907e+03 9.559775e+03 9.553161e+03
0.9 9.563454e+03 9.563728e+03 9.544400e+03 9.544125e+03
1.9 9.562675e+03 9.571484e+03 9.553829e+03 9.545020e+03
2.9 9.484959e+03 9.589341e+03 9.560330e+03 9.455948e+03
3.9 9.503535e+03 9.587903e+03 9.560427e+03 9.476059e+03
4.9 9.465767e+03 9.571088e+03 9.558589e+03 9.453267e+03
5.9 9.578294e+03 9.584907e+03 9.559775e+03 9.553161e+03
6.9 9.674455e+03 9.583751e+03 9.559515e+03 9.650218e+03
7.9 9.589879e+03 9.582908e+03 9.559294e+03 9.566266e+03
8.9 9.482467e+03 9.582199e+03 9.559110e+03 9.459378e+03
0.6 9.484959e+03 9.589341e+03 9.560330e+03 9.455948e+03
1.6 9.503535e+03 9.587903e+03 9.560427e+03 9.476059e+03
2.6 9.465767e+03 9.571088e+03 9.558589e+03 9.453267e+03
3.6 9.578294e+03 9.584907e+03 9.559775e+03 9.553161e+03
4.6 9.674455e+03 9.583751e+03 9.559515e+03 9.650218e+03
5.6 9.589879e+03 9.582908e+03 9.559294e+03 9.566266e+03
6.6 9.482467e+03 9.582199e+03 9.559110e+03 9.459378e+03
7.6 9.574396e+03 9.581678e+03 9.558959e+03 9.551677e+03
8.6 9.591939e+03 9.581313e+03 9.558836e+03 9.569463e+03
0.3 9.465767e+03 9.571088e+03 9.558589e+03 9.453267e+03
1.3 9.578294e+03 9.584907e+03 9.559775e+03 9.553161e+03
2.3 9.674455e+03 9.583751e+03 9.559515e+03 9.650218e+03
3.3 9.589879e+03 9.582908e+03 9.559294e+03 9.566266e+03
4.3 9.482467e+03 9.582199e+03 9.559110e+03 9.459378e+03
5.3 9.574396e+03 9.581678e+03 9.558959e+03 9.551677e+03
6.3 9.591939e+03 9.581313e+03 9.558836e+03 9.569463e+03
7.3 9.540457e+03 9.574530e+03 9.556755e+03 9.522682e+03
8.3 9.546065e+03 9.580948e+03 9.558665e+03 9.523782e+03
1.0 9.589879e+03 9.582908e+03 9.559294e+03 9.566266e+03
2.0 9.482467e+03 9.582199e+03 9.559110e+03 9.459378e+03
3.0 9.574396e+03 9.581678e+03 9.558959e+03 9.551677e+03
4.0 9.591939e+03 9.581313e+03 9.558836e+03 9.569463e+03
5.0 9.540457e+03 9.574530e+03 9.556755e+03 9.522682e+03
6.0 9.546065e+03 9.580948e+03 9.558665e+03 9.523782e+03
7.0 9.514331e+03 9.582442e+03 9.558609e+03 9.490497e+03
8.0 9.652269e+03 9.722398e+03 9.558567e+03 9.488438e+03
9.0 9.794822e+03 9.787866e+03 9.558538e+03 9.565495e+03
0.7 9.574396e+03 9.581678e+03 9.558959e+03 9.551677e+03
1.7 9.591939e+03 9.581313e+03 9.558836e+03 9.569463e+03
2.7 9.540457e+03 9.574530e+03 9.556755e+03 9.522682e+03
3.7 9.546065e+03 9.580948e+03 9.558665e+03 9.523782e+03
4.7 9.514331e+03 9.582442e+03 9.558609e+03 9.490497e+03
5.7 9.652269e+03 9.722398e+03 9.558567e+03 9.488438e+03
6.7 9.794822e+03 9.787866e+03 9.558538e+03 9.565495e+03
7.7 9.764954e+03 9.699065e+03 9.558519e+03 9.624409e+03
8.7 9.615362e+03 9.544787e+03 9.558508e+03 9.629083e+03
0.4 9.540457e+03 9.574530e+03 9.556755e+03 9.522682e+03
1.4 9.546065e+03 9.580948e+03 9.558665e+03 9.523782e+03
2.4 9.514331e+03 9.582442e+03 9.558609e+03 9.490497e+03
3.4 9.652269e+03 9.722398e+03 9.558567e+03 9.488438e+03
4.4 9.794822e+03 9.787866e+03 9.558538e+03 9.565495e+03
5.4 9.764954e+03 9.699065e+03 9.558519e+03 9.624409e+03
6.4 9.615362e+03 9.544787e+03 9.558508e+03 9.629083e+03
7.4 9.558479e+03 9.478641e+03 9.556516e+03 9.636354e+03
8.4 9.542112e+03 9.420061e+03 9.548077e+03 9.670129e+03
0.5 9.511490e+03 9.505674e+03 9.536663e+03 9.542479e+03
1.5 9.476761e+03 9.481468e+03 9.536661e+03 9.531954e+03
2.5 9.492770e+03 9.397255e+03 9.536657e+03 9.632171e+03
3.5 9.526397e+03 9.485630e+03 9.536651e+03 9.577419e+03
4.5 9.605731e+03 9.554364e+03 9.536643e+03 9.588010e+03
5.5 9.514709e+03 9.552312e+03 9.541347e+03 9.503744e+03
6.5 9.626510e+03 9.562564e+03 9.551261e+03 9.615207e+03
7.5 9.648811e+03 9.579794e+03 9.558198e+03 9.627215e+03
8.5 9.649268e+03 9.580041e+03 9.558438e+03 9.627664e+03
0.2 9.492770e+03 9.397255e+03 9.536657e+03 9.632171e+03
1.2 9.526397e+03 9.485630e+03 9.536651e+03 9.577419e+03
2.2 9.605731e+03 9.554364e+03 9.536643e+03 9.588010e+03
3.2 9.514709e+03 9.552312e+03 9.541347e+03 9.503744e+03
4.2 9.626510e+03 9.562564e+03 9.551261e+03 9.615207e+03
5.2 9.648811e+03 9.579794e+03 9.558198e+03 9.627215e+03
6.2 9.649268e+03 9.580041e+03 9.558438e+03 9.627664e+03
7.2 9.590175e+03 9.566336e+03 9.556693e+03 9.580532e+03
8.2 9.664871e+03 9.581494e+03 9.558175e+03 9.641552e+03
0.9 9.514709e+03 9.552312e+03 9.541347e+03 9.503744e+03
1.9 9.626510e+03 9.562564e+03 9.551261e+03 9.615207e+03
2.9 9.648811e+03 9.579794e+03 9.558198e+03 9.627215e+03
3.9 9.649268e+03 9.580041e+03 9.558438e+03 9.627664e+03
4.9 9.590175e+03 9.566336e+03 9.556693e+03 9.580532e+03
5.9 9.664871e+03 9.581494e+03 9.558175e+03 9.641552e+03
6.9 9.558864e+03 9.581987e+03 9.558170e+03 9.535047e+03
7.9 9.568085e+03 9.585689e+03 9.558414e+03 9.540810e+03
8.9 9.668192e+03 9.585721e+03 9.558413e+03 9.640885e+03
0.6 9.648811e+03 9.579794e+03 9.558198e+03 9.627215e+03
1.6 9.649268e+03 9.580041e+03 9.558438e+03 9.627664e+03
2.6 9.590175e+03 9.566336e+03 9.556693e+03 9.580532e+03
3.6 9.664871e+03 9.581494e+03 9.558175e+03 9.641552e+03
4.6 9.558864e+03 9.581987e+03 9.558170e+03 9.535047e+03
5.6 9.568085e+03 9.585689e+03 9.558414e+03 9.540810e+03
6.6 9.668192e+03 9.585721e+03 9.558413e+03 9.640885e+03
7.6 9.667882e+03 9.578025e+03 9.558663e+03 9.648520e+03
8.6 9.543080e+03 9.578046e+03 9.558668e+03 9.523702e+03
0.3 9.590175e+03 9.566336e+03 9.556693e+03 9.580532e+03
1.3 9.664871e+03 9.581494e+03 9.558175e+03 9.641552e+03
2.3 9.558864e+03 9.581987e+03 9.558170e+03 9.535047e+03
3.3 9.568085e+03 9.585689e+03 9.558414e+03 9.540810e+03
4.3 9.668192e+03 9.585721e+03 9.558413e+03 9.640885e+03
5.3 9.667882e+03 9.578025e+03 9.558663e+03 9.648520e+03
6.3 9.543080e+03 9.578046e+03 9.558668e+03 9.523702e+03
7.3 9.617152e+03 9.573568e+03 9.556441e+03 9.600025e+03
8.3 9.600943e+03 9.581925e+03 9.557932e+03 9.576950e+03
0.9 9.568085e+03 9.585689e+03 9.558414e+03 9.540810e+03
1.9 9.668192e+03 9.585721e+03 9.558413e+03 9.640885e+03
2.9 9.667882e+03 9.578025e+03 9.558663e+03 9.648520e+03
3.9 9.543080e+03 9.578046e+03 9.558668e+03 9.523702e+03
4.9 9.617152e+03 9.573568e+03 9.556441e+03 9.600025e+03
5.9 9.600943e+03 9.581925e+03 9.557932e+03 9.576950e+03
6.9 9.596550e+03 9.583108e+03 9.557935e+03 9.571377e+03
7.9 9.665123e+03 9.720735e+03 9.558437e+03 9.502824e+03
8.9 9.761133e+03 9.788836e+03 9.558444e+03 9.530741e+03
0.7 9.667882e+03 9.578025e+03 9.558663e+03 9.648520e+03
1.7 9.543080e+03 9.578046e+03 9.558668e+03 9.523702e+03
2.7 9.617152e+03 9.573568e+03 9.556441e+03 9.600025e+03
3.7 9.600943e+03 9.581925e+03 9.557932e+03 9.576950e+03
4.7 9.596550e+03 9.583108e+03 9.557935e+03 9.571377e+03
5.7 9.665123e+03 9.720735e+03 9.558437e+03 9.502824e+03
6.7 9.761133e+03 9.788836e+03 9.558444e+03 9.530741e+03
7.7 9.645937e+03 9.704581e+03 9.558452e+03 9.499808e+03
8.7 9.557452e+03 9.548486e+03 9.558461e+03 9.567427e+03
0.3 9.617152e+03 9.573568e+03 9.556441e+03 9.600025e+03
1.3 9.600943e+03 9.581925e+03 9.557932e+03 9.576950e+03
2.3 9.596550e+03 9.583108e+03 9.557935e+03 9.571377e+03
3.3 9.665123e+03 9.720735e+03 9.558437e+03 9.502824e+03
4.3 9.761133e+03 9.788836e+03 9.558444e+03 9.530741e+03
5.3 9.645937e+03 9.704581e+03 9.558452e+03 9.499808e+03
6.3 9.557452e+03 9.548486e+03 9.558461e+03 9.567427e+03
7.3 9.418031e+03 9.481237e+03 9.556485e+03 9.493280e+03
8.3 9.338624e+03 9.422816e+03 9.548308e+03 9.464116e+03
0.5 9.460576e+03 9.505999e+03 9.536677e+03 9.491255e+03
1.5 9.446869e+03 9.481712e+03 9.536679e+03 9.501836e+03
2.5 9.467323e+03 9.398030e+03 9.536679e+03 9.605972e+03
3.5 9.508469e+03 9.489252e+03 9.536677e+03 9.555894e+03
4.5 9.510534e+03 9.557993e+03 9.536673e+03 9.489214e+03
5.5 9.508369e+03 9.552175e+03 9.541629e+03 9.497823e+03
6.5 9.503949e+03 9.562401e+03 9.551546e+03 9.493095e+03
7.5 9.540923e+03 9.576506e+03 9.558237e+03 9.522654e+03
8.5 9.530938e+03 9.576467e+03 9.558227e+03 9.512698e+03
0.2 9.467323e+03 9.398030e+03 9.536679e+03 9.605972e+03
1.2 9.508469e+03 9.489252e+03 9.536677e+03 9.555894e+03
2.2 9.510534e+03 9.557993e+03 9.536673e+03 9.489214e+03
3.2 9.508369e+03 9.552175e+03 9.541629e+03 9.497823e+03
4.2 9.503949e+03 9.562401e+03 9.551546e+03 9.493095e+03
5.2 9.540923e+03 9.576506e+03 9.558237e+03 9.522654e+03
6.2 9.530938e+03 9.576467e+03 9.558227e+03 9.512698e+03
7.2 9.489377e+03 9.563323e+03 9.556480e+03 9.482535e+03
8.2 9.521590e+03 9.579976e+03 9.557711e+03 9.499325e+03
0.8 9.508369e+03 9.552175e+03 9.541629e+03 9.497823e+03
1.8 9.503949e+03 9.562401e+03 9.551546e+03 9.493095e+03
2.8 9.540923e+03 9.576506e+03 9.558237e+03 9.522654e+03
3.8 9.530938e+03 9.576467e+03 9.558227e+03 9.512698e+03
4.8 9.489377e+03 9.563323e+03 9.556480e+03 9.482535e+03
5.8 9.521590e+03 9.579976e+03 9.557711e+03 9.499325e+03
6.8 9.553425e+03 9.583916e+03 9.557702e+03 9.527211e+03
7.8 9.545835e+03 9.582718e+03 9.558191e+03 9.521308e+03
8.8 9.636128e+03 9.582697e+03 9.558184e+03 9.611615e+03
0.5 9.540923e+03 9.576506e+03 9.558237e+03 9.522654e+03
1.5 9.530938e+03 9.576467e+03 9.558227e+03 9.512698e+03
2.5 9.489377e+03 9.563323e+03 9.556480e+03 9.482535e+03
3.5 9.521590e+03 9.579976e+03 9.557711e+03 9.499325e+03
4.5 9.553425e+03 9.583916e+03 9.557702e+03 9.527211e+03
5.5 9.545835e+03 9.582718e+03 9.558191e+03 9.521308e+03
6.5 9.636128e+03 9.582697e+03 9.558184e+03 9.611615e+03
7.5 9.640820e+03 9.582692e+03 9.558177e+03 9.616306e+03
8.5 9.661251e+03 9.582960e+03 9.558419e+03 9.636710e+03
0.2 9.489377e+03 9.563323e+03 9.556480e+03 9.482535e+03
1.2 9.521590e+03 9.579976e+03 9.557711e+03 9.499325e+03
2.2 9.553425e+03 9.583916e+03 9.557702e+03 9.527211e+03
3.2 9.545835e+03 9.582718e+03 9.558191e+03 9.521308e+03
4.2 9.636128e+03 9.582697e+03 9.558184e+03 9.611615e+03
5.2 9.640820e+03 9.582692e+03 9.558177e+03 9.616306e+03
6.2 9.661251e+03 9.582960e+03 9.558419e+03 9.636710e+03
7.2 9.646812e+03 9.569874e+03 9.556678e+03 9.633616e+03
8.2 9.590350e+03 9.583112e+03 9.558413e+03 9.565651e+03
0.9 9.545835e+03 9.582718e+03 9.558191e+03 9.521308e+03
1.9 9.636128e+03 9.582697e+03 9.558184e+03 9.611615e+03
2.9 9.640820e+03 9.582692e+03 9.558177e+03 9.616306e+03
3.9 9.661251e+03 9.582960e+03 9.558419e+03 9.636710e+03
4.9 9.646812e+03 9.569874e+03 9.556678e+03 9.633616e+03
5.9 9.590350e+03 9.583112e+03 9.558413e+03 9.565651e+03
6.9 9.566903e+03 9.583587e+03 9.558413e+03 9.541729e+03
7.9 9.867911e+03 9.715123e+03 9.558414e+03 9.711202e+03
8.9 9.814552e+03 9.788679e+03 9.558415e+03 9.584288e+03
0.6 9.640820e+03 9.582692e+03 9.558177e+03 9.616306e+03
1.6 9.661251e+03 9.582960e+03 9.558419e+03 9.636710e+03
2.6 9.646812e+03 9.569874e+03 9.556678e+03 9.633616e+03
3.6 9.590350e+03 9.583112e+03 9.558413e+03 9.565651e+03
4.6 9.566903e+03 9.583587e+03 9.558413e+03 9.541729e+03
5.6 9.867911e+03 9.715123e+03 9.558414e+03 9.711202e+03
6.6 9.814552e+03 9.788679e+03 9.558415e+03 9.584288e+03
7.6 9.825562e+03 9.713727e+03 9.558416e+03 9.670251e+03
8.6 9.519993e+03 9.554219e+03 9.558414e+03 9.524188e+03
0.3 9.646812e+03 9.569874e+03 9.556678e+03 9.633616e+03
1.3 9.590350e+03 9.583112e+03 9.558413e+03 9.565651e+03
2.3 9.566903e+03 9.583587e+03 9.558413e+03 9.541729e+03
3.3 9.867911e+03 9.715123e+03 9.558414e+03 9.711202e+03
4.3 9.814552e+03 9.788679e+03 9.558415e+03 9.584288e+03
5.3 9.825562e+03 9.713727e+03 9.558416e+03 9.670251e+03
6.3 9.519993e+03 9.554219e+03 9.558414e+03 9.524188e+03
7.3 9.258555e+03 9.485018e+03 9.556424e+03 9.329961e+03
8.3 9.357778e+03 9.427173e+03 9.548722e+03 9.479327e+03
0.5 9.386139e+03 9.507363e+03 9.536426e+03 9.415201e+03
1.5 9.447181e+03 9.482953e+03 9.536354e+03 9.500582e+03
2.5 9.404227e+03 9.398497e+03 9.536264e+03 9.541993e+03
3.5 9.488830e+03 9.489416e+03 9.536152e+03 9.535566e+03
4.5 9.488818e+03 9.558308e+03 9.536015e+03 9.466525e+03
5.5 9.565347e+03 9.553106e+03 9.540815e+03 9.553056e+03
6.5 9.527696e+03 9.562655e+03 9.550549e+03 9.515590e+03
7.5 9.585247e+03 9.579579e+03 9.557274e+03 9.562943e+03
8.5 9.537902e+03 9.578527e+03 9.557019e+03 9.516394e+03
0.2 9.404227e+03 9.398497e+03 9.536264e+03 9.541993e+03
1.2 9.488830e+03 9.489416e+03 9.536152e+03 9.535566e+03
2.2 9.488818e+03 9.558308e+03 9.536015e+03 9.466525e+03
3.2 9.565347e+03 9.553106e+03 9.540815e+03 9.553056e+03
4.2 9.527696e+03 9.562655e+03 9.550549e+03 9.515590e+03
5.2 9.585247e+03 9.579579e+03 9.557274e+03 9.562943e+03
6.2 9.537902e+03 9.578527e+03 9.557019e+03 9.516394e+03
7.2 9.479818e+03 9.563282e+03 9.554743e+03 9.471279e+03
8.2 9.569074e+03 9.574885e+03 9.556152e+03 9.550341e+03
0.9 9.565347e+03 9.553106e+03 9.540815e+03 9.553056e+03
1.9 9.527696e+03 9.562655e+03 9.550549e+03 9.515590e+03
2.9 9.585247e+03 9.579579e+03 9.557274e+03 9.562943e+03
3.9 9.537902e+03 9.578527e+03 9.557019e+03 9.516394e+03
4.9 9.479818e+03 9.563282e+03 9.554743e+03 9.471279e+03
5.9 9.569074e+03 9.574885e+03 9.556152e+03 9.550341e+03
6.9 9.593496e+03 9.573123e+03 9.555786e+03 9.576159e+03
7.9 9.544441e+03 9.574199e+03 9.555381e+03 9.525624e+03
8.9 9.673290e+03 9.572229e+03 9.554936e+03 9.655997e+03
0.6 9.585247e+03 9.579579e+03 9.557274e+03 9.562943e+03
1.6 9.537902e+03 9.578527e+03 9.557019e+03 9.516394e+03
2.6 9.479818e+03 9.563282e+03 9.554743e+03 9.471279e+03
3.6 9.569074e+03 9.574885e+03 9.556152e+03 9.550341e+03
4.6 9.593496e+03 9.573123e+03 9.555786e+03 9.576159e+03
5.6 9.544441e+03 9.574199e+03 9.555381e+03 9.525624e+03
6.6 9.673290e+03 9.572229e+03 9.554936e+03 9.655997e+03
7.6 9.683845e+03 9.567521e+03 9.554707e+03 9.671031e+03
8.6 9.606381e+03 9.565252e+03 9.554201e+03 9.595330e+03
0.3 9.479818e+03 9.563282e+03 9.554743e+03 9.471279e+03
1.3 9.569074e+03 9.574885e+03 9.556152e+03 9.550341e+03
2.3 9.593496e+03 9.573123e+03 9.555786e+03 9.576159e+03
3.3 9.544441e+03 9.574199e+03 9.555381e+03 9.525624e+03
4.3 9.673290e+03 9.572229e+03 9.554936e+03 9.655997e+03
5.3 9.683845e+03 9.567521e+03 9.554707e+03 9.671031e+03
6.3 9.606381e+03 9.565252e+03 9.554201e+03 9.595330e+03
7.3 9.523049e+03 9.557368e+03 9.551674e+03 9.517354e+03
8.3 9.541032e+03 9.563186e+03 9.552830e+03 9.530677e+03
1.0 9.544441e+03 9.574199e+03 9.555381e+03 9.525624e+03
2.0 9.673290e+03 9.572229e+03 9.554936e+03 9.655997e+03
3.0 9.683845e+03 9.567521e+03 9.554707e+03 9.671031e+03
4.0 9.606381e+03 9.565252e+03 9.554201e+03 9.595330e+03
5.0 9.523049e+03 9.557368e+03 9.551674e+03 9.517354e+03
6.0 9.541032e+03 9.563186e+03 9.552830e+03 9.530677e+03
0.6 9.683845e+03 9.567521e+03 9.554707e+03 9.671031e+03
1.6 9.606381e+03 9.565252e+03 9.554201e+03 9.595330e+03
2.6 9.523049e+03 9.557368e+03 9.551674e+03 9.517354e+03
3.6 9.541032e+03 9.563186e+03 9.552830e+03 9.530677e+03
0.3 9.523049e+03 9.557368e+03 9.551674e+03 9.517354e+03
1.3 9.541032e+03 9.563186e+03 9.552830e+03 9.530677e+03
