0.5 6.076933e+03 6.104045e+03 6.158196e+03 6.131084e+03
1.5 5.937819e+03 6.026970e+03 6.154639e+03 6.065489e+03
2.5 6.019862e+03 6.099142e+03 6.151554e+03 6.072274e+03
3.5 6.138773e+03 6.155059e+03 6.218376e+03 6.202091e+03
4.5 6.271154e+03 6.202590e+03 6.289213e+03 6.357777e+03
5.5 6.315895e+03 6.220901e+03 6.305504e+03 6.400498e+03
6.5 6.370399e+03 6.308159e+03 6.303827e+03 6.366067e+03
7.5 6.238861e+03 6.363478e+03 6.302476e+03 6.177859e+03
8.5 6.199313e+03 6.362002e+03 6.301420e+03 6.138731e+03
0.2 6.019862e+03 6.099142e+03 6.151554e+03 6.072274e+03
1.2 6.138773e+03 6.155059e+03 6.218376e+03 6.202091e+03
2.2 6.271154e+03 6.202590e+03 6.289213e+03 6.357777e+03
3.2 6.315895e+03 6.220901e+03 6.305504e+03 6.400498e+03
4.2 6.370399e+03 6.308159e+03 6.303827e+03 6.366067e+03
5.2 6.238861e+03 6.363478e+03 6.302476e+03 6.177859e+03
6.2 6.199313e+03 6.362002e+03 6.301420e+03 6.138731e+03
7.2 6.448013e+03 6.331261e+03 6.289659e+03 6.406411e+03
8.2 6.354735e+03 6.351593e+03 6.300074e+03 6.303215e+03
0.9 6.315895e+03 6.220901e+03 6.305504e+03 6.400498e+03
1.9 6.370399e+03 6.308159e+03 6.303827e+03 6.366067e+03
2.9 6.238861e+03 6.363478e+03 6.302476e+03 6.177859e+03
3.9 6.199313e+03 6.362002e+03 6.301420e+03 6.138731e+03
4.9 6.448013e+03 6.331261e+03 6.289659e+03 6.406411e+03
5.9 6.354735e+03 6.351593e+03 6.300074e+03 6.303215e+03
6.9 6.404147e+03 6.357334e+03 6.296067e+03 6.342880e+03
7.9 6.324983e+03 6.343601e+03 6.299552e+03 6.280935e+03
8.9 6.283901e+03 6.340436e+03 6.299534e+03 6.242998e+03
0.6 6.238861e+03 6.363478e+03 6.302476e+03 6.177859e+03
1.6 6.199313e+03 6.362002e+03 6.301420e+03 6.138731e+03
2.6 6.448013e+03 6.331261e+03 6.289659e+03 6.406411e+03
3.6 6.354735e+03 6.351593e+03 6.300074e+03 6.303215e+03
4.6 6.404147e+03 6.357334e+03 6.296067e+03 6.342880e+03
5.6 6.324983e+03 6.343601e+03 6.299552e+03 6.280935e+03
6.6 6.283901e+03 6.340436e+03 6.299534e+03 6.242998e+03
7.6 6.324400e+03 6.337763e+03 6.299647e+03 6.286285e+03
8.6 6.330763e+03 6.335524e+03 6.299861e+03 6.295100e+03
0.3 6.448013e+03 6.331261e+03 6.289659e+03 6.406411e+03
1.3 6.354735e+03 6.351593e+03 6.300074e+03 6.303215e+03
2.3 6.404147e+03 6.357334e+03 6.296067e+03 6.342880e+03
3.3 6.324983e+03 6.343601e+03 6.299552e+03 6.280935e+03
4.3 6.283901e+03 6.340436e+03 6.299534e+03 6.242998e+03
5.3 6.324400e+03 6.337763e+03 6.299647e+03 6.286285e+03
6.3 6.330763e+03 6.335524e+03 6.299861e+03 6.295100e+03
7.3 6.419484e+03 6.311021e+03 6.296488e+03 6.404951e+03
8.3 6.388667e+03 6.332148e+03 6.300478e+03 6.356997e+03
1.0 6.324983e+03 6.343601e+03 6.299552e+03 6.280935e+03
2.0 6.283901e+03 6.340436e+03 6.299534e+03 6.242998e+03
3.0 6.324400e+03 6.337763e+03 6.299647e+03 6.286285e+03
4.0 6.330763e+03 6.335524e+03 6.299861e+03 6.295100e+03
5.0 6.419484e+03 6.311021e+03 6.296488e+03 6.404951e+03
6.0 6.388667e+03 6.332148e+03 6.300478e+03 6.356997e+03
7.0 6.202585e+03 6.325680e+03 6.289872e+03 6.166777e+03
8.0 6.370492e+03 6.314402e+03 6.301222e+03 6.357312e+03
9.0 6.288130e+03 6.350256e+03 6.301605e+03 6.239479e+03
0.7 6.324400e+03 6.337763e+03 6.299647e+03 6.286285e+03
1.7 6.330763e+03 6.335524e+03 6.299861e+03 6.295100e+03
2.7 6.419484e+03 6.311021e+03 6.296488e+03 6.404951e+03
3.7 6.388667e+03 6.332148e+03 6.300478e+03 6.356997e+03
4.7 6.202585e+03 6.325680e+03 6.289872e+03 6.166777e+03
5.7 6.370492e+03 6.314402e+03 6.301222e+03 6.357312e+03
6.7 6.288130e+03 6.350256e+03 6.301605e+03 6.239479e+03
7.7 6.413041e+03 6.400390e+03 6.261749e+03 6.274400e+03
8.7 6.670906e+03 6.447848e+03 6.188960e+03 6.412019e+03
0.4 6.419484e+03 6.311021e+03 6.296488e+03 6.404951e+03
1.4 6.388667e+03 6.332148e+03 6.300478e+03 6.356997e+03
2.4 6.202585e+03 6.325680e+03 6.289872e+03 6.166777e+03
3.4 6.370492e+03 6.314402e+03 6.301222e+03 6.357312e+03
4.4 6.288130e+03 6.350256e+03 6.301605e+03 6.239479e+03
5.4 6.413041e+03 6.400390e+03 6.261749e+03 6.274400e+03
6.4 6.670906e+03 6.447848e+03 6.188960e+03 6.412019e+03
7.4 6.305008e+03 6.375881e+03 6.141742e+03 6.070869e+03
8.4 6.216904e+03 6.244123e+03 6.142029e+03 6.114811e+03
0.5 6.112674e+03 5.995553e+03 6.142792e+03 6.259913e+03
1.5 6.091991e+03 5.930397e+03 6.142886e+03 6.304480e+03
2.5 6.065144e+03 6.013549e+03 6.142943e+03 6.194538e+03
3.5 6.141189e+03 6.083001e+03 6.214279e+03 6.272467e+03
4.5 6.072439e+03 6.141277e+03 6.287425e+03 6.218587e+03
5.5 6.161835e+03 6.168251e+03 6.303885e+03 6.297469e+03
6.5 6.313594e+03 6.262885e+03 6.303892e+03 6.354601e+03
7.5 6.442615e+03 6.321374e+03 6.302066e+03 6.423307e+03
8.5 6.483132e+03 6.323581e+03 6.302069e+03 6.461620e+03
0.2 6.065144e+03 6.013549e+03 6.142943e+03 6.194538e+03
1.2 6.141189e+03 6.083001e+03 6.214279e+03 6.272467e+03
2.2 6.072439e+03 6.141277e+03 6.287425e+03 6.218587e+03
3.2 6.161835e+03 6.168251e+03 6.303885e+03 6.297469e+03
4.2 6.313594e+03 6.262885e+03 6.303892e+03 6.354601e+03
5.2 6.442615e+03 6.321374e+03 6.302066e+03 6.423307e+03
6.2 6.483132e+03 6.323581e+03 6.302069e+03 6.461620e+03
7.2 6.357191e+03 6.295956e+03 6.292934e+03 6.354170e+03
8.2 6.373873e+03 6.321038e+03 6.303923e+03 6.356759e+03
0.9 6.161835e+03 6.168251e+03 6.303885e+03 6.297469e+03
1.9 6.313594e+03 6.262885e+03 6.303892e+03 6.354601e+03
2.9 6.442615e+03 6.321374e+03 6.302066e+03 6.423307e+03
3.9 6.483132e+03 6.323581e+03 6.302069e+03 6.461620e+03
4.9 6.357191e+03 6.295956e+03 6.292934e+03 6.354170e+03
5.9 6.373873e+03 6.321038e+03 6.303923e+03 6.356759e+03
6.9 6.362591e+03 6.332675e+03 6.300297e+03 6.330213e+03
7.9 6.415353e+03 6.330231e+03 6.305829e+03 6.390951e+03
8.9 6.215259e+03 6.330199e+03 6.305894e+03 6.190954e+03
0.6 6.442615e+03 6.321374e+03 6.302066e+03 6.423307e+03
1.6 6.483132e+03 6.323581e+03 6.302069e+03 6.461620e+03
2.6 6.357191e+03 6.295956e+03 6.292934e+03 6.354170e+03
3.6 6.373873e+03 6.321038e+03 6.303923e+03 6.356759e+03
4.6 6.362591e+03 6.332675e+03 6.300297e+03 6.330213e+03
5.6 6.415353e+03 6.330231e+03 6.305829e+03 6.390951e+03
6.6 6.215259e+03 6.330199e+03 6.305894e+03 6.190954e+03
7.6 6.302324e+03 6.323654e+03 6.300472e+03 6.279143e+03
8.6 6.289550e+03 6.323659e+03 6.300530e+03 6.266422e+03
0.3 6.357191e+03 6.295956e+03 6.292934e+03 6.354170e+03
1.3 6.373873e+03 6.321038e+03 6.303923e+03 6.356759e+03
2.3 6.362591e+03 6.332675e+03 6.300297e+03 6.330213e+03
3.3 6.415353e+03 6.330231e+03 6.305829e+03 6.390951e+03
4.3 6.215259e+03 6.330199e+03 6.305894e+03 6.190954e+03
5.3 6.302324e+03 6.323654e+03 6.300472e+03 6.279143e+03
6.3 6.289550e+03 6.323659e+03 6.300530e+03 6.266422e+03
7.3 6.222602e+03 6.300499e+03 6.298766e+03 6.220868e+03
8.3 6.271668e+03 6.320223e+03 6.304296e+03 6.255741e+03
0.9 6.415353e+03 6.330231e+03 6.305829e+03 6.390951e+03
1.9 6.215259e+03 6.330199e+03 6.305894e+03 6.190954e+03
2.9 6.302324e+03 6.323654e+03 6.300472e+03 6.279143e+03
3.9 6.289550e+03 6.323659e+03 6.300530e+03 6.266422e+03
4.9 6.222602e+03 6.300499e+03 6.298766e+03 6.220868e+03
5.9 6.271668e+03 6.320223e+03 6.304296e+03 6.255741e+03
6.9 6.236499e+03 6.318802e+03 6.295209e+03 6.212906e+03
7.9 6.199730e+03 6.309736e+03 6.304413e+03 6.194407e+03
8.9 6.206694e+03 6.344455e+03 6.304479e+03 6.166718e+03
0.7 6.302324e+03 6.323654e+03 6.300472e+03 6.279143e+03
1.7 6.289550e+03 6.323659e+03 6.300530e+03 6.266422e+03
2.7 6.222602e+03 6.300499e+03 6.298766e+03 6.220868e+03
3.7 6.271668e+03 6.320223e+03 6.304296e+03 6.255741e+03
4.7 6.236499e+03 6.318802e+03 6.295209e+03 6.212906e+03
5.7 6.199730e+03 6.309736e+03 6.304413e+03 6.194407e+03
6.7 6.206694e+03 6.344455e+03 6.304479e+03 6.166718e+03
7.7 6.313748e+03 6.395472e+03 6.266160e+03 6.184435e+03
8.7 6.555457e+03 6.446881e+03 6.193109e+03 6.301685e+03
0.3 6.222602e+03 6.300499e+03 6.298766e+03 6.220868e+03
1.3 6.271668e+03 6.320223e+03 6.304296e+03 6.255741e+03
2.3 6.236499e+03 6.318802e+03 6.295209e+03 6.212906e+03
3.3 6.199730e+03 6.309736e+03 6.304413e+03 6.194407e+03
4.3 6.206694e+03 6.344455e+03 6.304479e+03 6.166718e+03
5.3 6.313748e+03 6.395472e+03 6.266160e+03 6.184435e+03
6.3 6.555457e+03 6.446881e+03 6.193109e+03 6.301685e+03
7.3 6.401068e+03 6.374841e+03 6.143817e+03 6.170044e+03
8.3 6.434044e+03 6.245874e+03 6.143875e+03 6.332045e+03
0.5 5.979215e+03 5.993017e+03 6.143902e+03 6.130100e+03
1.5 5.986901e+03 5.928023e+03 6.143857e+03 6.202736e+03
2.5 6.049851e+03 6.013033e+03 6.143808e+03 6.180626e+03
3.5 6.236647e+03 6.086161e+03 6.216883e+03 6.367369e+03
4.5 6.089360e+03 6.144573e+03 6.289944e+03 6.234732e+03
5.5 6.142622e+03 6.172120e+03 6.302657e+03 6.273159e+03
6.5 6.100252e+03 6.266876e+03 6.302563e+03 6.135938e+03
7.5 6.123679e+03 6.319549e+03 6.298809e+03 6.102939e+03
8.5 6.201638e+03 6.319441e+03 6.298710e+03 6.180906e+03
0.2 6.049851e+03 6.013033e+03 6.143808e+03 6.180626e+03
1.2 6.236647e+03 6.086161e+03 6.216883e+03 6.367369e+03
2.2 6.089360e+03 6.144573e+03 6.289944e+03 6.234732e+03
3.2 6.142622e+03 6.172120e+03 6.302657e+03 6.273159e+03
4.2 6.100252e+03 6.266876e+03 6.302563e+03 6.135938e+03
5.2 6.123679e+03 6.319549e+03 6.298809e+03 6.102939e+03
6.2 6.201638e+03 6.319441e+03 6.298710e+03 6.180906e+03
7.2 6.215203e+03 6.293569e+03 6.289473e+03 6.211107e+03
8.2 6.373408e+03 6.316428e+03 6.302182e+03 6.359162e+03
0.8 6.142622e+03 6.172120e+03 6.302657e+03 6.273159e+03
1.8 6.100252e+03 6.266876e+03 6.302563e+03 6.135938e+03
2.8 6.123679e+03 6.319549e+03 6.298809e+03 6.102939e+03
3.8 6.201638e+03 6.319441e+03 6.298710e+03 6.180906e+03
4.8 6.215203e+03 6.293569e+03 6.289473e+03 6.211107e+03
5.8 6.373408e+03 6.316428e+03 6.302182e+03 6.359162e+03
6.8 6.292413e+03 6.328317e+03 6.302088e+03 6.266184e+03
7.8 6.523335e+03 6.322870e+03 6.303815e+03 6.504280e+03
8.8 6.304751e+03 6.322815e+03 6.303712e+03 6.285648e+03
0.5 6.123679e+03 6.319549e+03 6.298809e+03 6.102939e+03
1.5 6.201638e+03 6.319441e+03 6.298710e+03 6.180906e+03
2.5 6.215203e+03 6.293569e+03 6.289473e+03 6.211107e+03
3.5 6.373408e+03 6.316428e+03 6.302182e+03 6.359162e+03
4.5 6.292413e+03 6.328317e+03 6.302088e+03 6.266184e+03
5.5 6.523335e+03 6.322870e+03 6.303815e+03 6.504280e+03
6.5 6.304751e+03 6.322815e+03 6.303712e+03 6.285648e+03
7.5 6.296824e+03 6.322758e+03 6.303621e+03 6.277687e+03
8.5 6.305917e+03 6.325085e+03 6.303535e+03 6.284367e+03
0.2 6.215203e+03 6.293569e+03 6.289473e+03 6.211107e+03
1.2 6.373408e+03 6.316428e+03 6.302182e+03 6.359162e+03
2.2 6.292413e+03 6.328317e+03 6.302088e+03 6.266184e+03
3.2 6.523335e+03 6.322870e+03 6.303815e+03 6.504280e+03
4.2 6.304751e+03 6.322815e+03 6.303712e+03 6.285648e+03
5.2 6.296824e+03 6.322758e+03 6.303621e+03 6.277687e+03
6.2 6.305917e+03 6.325085e+03 6.303535e+03 6.284367e+03
7.2 6.411598e+03 6.299316e+03 6.294308e+03 6.406591e+03
8.2 6.454764e+03 6.325096e+03 6.303361e+03 6.433028e+03
0.9 6.523335e+03 6.322870e+03 6.303815e+03 6.504280e+03
1.9 6.304751e+03 6.322815e+03 6.303712e+03 6.285648e+03
2.9 6.296824e+03 6.322758e+03 6.303621e+03 6.277687e+03
3.9 6.305917e+03 6.325085e+03 6.303535e+03 6.284367e+03
4.9 6.411598e+03 6.299316e+03 6.294308e+03 6.406591e+03
5.9 6.454764e+03 6.325096e+03 6.303361e+03 6.433028e+03
6.9 6.372500e+03 6.331349e+03 6.297772e+03 6.338924e+03
7.9 6.345560e+03 6.310513e+03 6.303132e+03 6.338179e+03
8.9 6.407933e+03 6.341301e+03 6.302974e+03 6.369606e+03
0.6 6.296824e+03 6.322758e+03 6.303621e+03 6.277687e+03
1.6 6.305917e+03 6.325085e+03 6.303535e+03 6.284367e+03
2.6 6.411598e+03 6.299316e+03 6.294308e+03 6.406591e+03
3.6 6.454764e+03 6.325096e+03 6.303361e+03 6.433028e+03
4.6 6.372500e+03 6.331349e+03 6.297772e+03 6.338924e+03
5.6 6.345560e+03 6.310513e+03 6.303132e+03 6.338179e+03
6.6 6.407933e+03 6.341301e+03 6.302974e+03 6.369606e+03
7.6 6.437722e+03 6.392701e+03 6.268043e+03 6.313064e+03
8.6 6.441363e+03 6.450852e+03 6.194665e+03 6.185176e+03
0.3 6.411598e+03 6.299316e+03 6.294308e+03 6.406591e+03
1.3 6.454764e+03 6.325096e+03 6.303361e+03 6.433028e+03
2.3 6.372500e+03 6.331349e+03 6.297772e+03 6.338924e+03
3.3 6.345560e+03 6.310513e+03 6.303132e+03 6.338179e+03
4.3 6.407933e+03 6.341301e+03 6.302974e+03 6.369606e+03
5.3 6.437722e+03 6.392701e+03 6.268043e+03 6.313064e+03
6.3 6.441363e+03 6.450852e+03 6.194665e+03 6.185176e+03
7.3 6.215188e+03 6.377678e+03 6.141325e+03 5.978835e+03
8.3 6.002973e+03 6.253395e+03 6.140920e+03 5.890498e+03
0.5 6.067209e+03 5.992216e+03 6.138108e+03 6.213101e+03
1.5 5.857179e+03 5.926667e+03 6.137035e+03 6.067547e+03
2.5 5.884422e+03 6.009224e+03 6.135787e+03 6.010985e+03
3.5 5.962861e+03 6.081405e+03 6.207488e+03 6.088944e+03
4.5 6.037027e+03 6.140347e+03 6.278989e+03 6.175670e+03
5.5 6.142785e+03 6.164857e+03 6.291768e+03 6.269696e+03
6.5 6.329814e+03 6.257878e+03 6.289698e+03 6.361634e+03
7.5 6.331932e+03 6.316095e+03 6.285570e+03 6.301407e+03
8.5 6.330050e+03 6.313546e+03 6.283039e+03 6.299543e+03
0.2 5.884422e+03 6.009224e+03 6.135787e+03 6.010985e+03
1.2 5.962861e+03 6.081405e+03 6.207488e+03 6.088944e+03
2.2 6.037027e+03 6.140347e+03 6.278989e+03 6.175670e+03
3.2 6.142785e+03 6.164857e+03 6.291768e+03 6.269696e+03
4.2 6.329814e+03 6.257878e+03 6.289698e+03 6.361634e+03
5.2 6.331932e+03 6.316095e+03 6.285570e+03 6.301407e+03
6.2 6.330050e+03 6.313546e+03 6.283039e+03 6.299543e+03
7.2 6.091453e+03 6.280759e+03 6.271124e+03 6.081817e+03
8.2 6.223969e+03 6.303136e+03 6.277251e+03 6.198084e+03
0.9 6.142785e+03 6.164857e+03 6.291768e+03 6.269696e+03
1.9 6.329814e+03 6.257878e+03 6.289698e+03 6.361634e+03
2.9 6.331932e+03 6.316095e+03 6.285570e+03 6.301407e+03
3.9 6.330050e+03 6.313546e+03 6.283039e+03 6.299543e+03
4.9 6.091453e+03 6.280759e+03 6.271124e+03 6.081817e+03
5.9 6.223969e+03 6.303136e+03 6.277251e+03 6.198084e+03
6.9 6.300870e+03 6.309298e+03 6.270360e+03 6.261932e+03
7.9 6.296473e+03 6.298449e+03 6.272429e+03 6.270452e+03
8.9 6.338929e+03 6.293653e+03 6.268831e+03 6.314107e+03
0.6 6.331932e+03 6.316095e+03 6.285570e+03 6.301407e+03
1.6 6.330050e+03 6.313546e+03 6.283039e+03 6.299543e+03
2.6 6.091453e+03 6.280759e+03 6.271124e+03 6.081817e+03
3.6 6.223969e+03 6.303136e+03 6.277251e+03 6.198084e+03
4.6 6.300870e+03 6.309298e+03 6.270360e+03 6.261932e+03
5.6 6.296473e+03 6.298449e+03 6.272429e+03 6.270452e+03
6.6 6.338929e+03 6.293653e+03 6.268831e+03 6.314107e+03
7.6 6.286460e+03 6.287327e+03 6.263195e+03 6.262328e+03
8.6 6.388812e+03 6.281821e+03 6.259185e+03 6.366176e+03
0.3 6.091453e+03 6.280759e+03 6.271124e+03 6.081817e+03
1.3 6.223969e+03 6.303136e+03 6.277251e+03 6.198084e+03
2.3 6.300870e+03 6.309298e+03 6.270360e+03 6.261932e+03
3.3 6.296473e+03 6.298449e+03 6.272429e+03 6.270452e+03
4.3 6.338929e+03 6.293653e+03 6.268831e+03 6.314107e+03
5.3 6.286460e+03 6.287327e+03 6.263195e+03 6.262328e+03
6.3 6.388812e+03 6.281821e+03 6.259185e+03 6.366176e+03
7.3 6.372788e+03 6.256643e+03 6.251326e+03 6.367471e+03
8.3 6.345822e+03 6.272403e+03 6.252431e+03 6.325849e+03
1.0 6.296473e+03 6.298449e+03 6.272429e+03 6.270452e+03
2.0 6.338929e+03 6.293653e+03 6.268831e+03 6.314107e+03
3.0 6.286460e+03 6.287327e+03 6.263195e+03 6.262328e+03
4.0 6.388812e+03 6.281821e+03 6.259185e+03 6.366176e+03
5.0 6.372788e+03 6.256643e+03 6.251326e+03 6.367471e+03
6.0 6.345822e+03 6.272403e+03 6.252431e+03 6.325849e+03
0.6 6.286460e+03 6.287327e+03 6.263195e+03 6.262328e+03
1.6 6.388812e+03 6.281821e+03 6.259185e+03 6.366176e+03
2.6 6.372788e+03 6.256643e+03 6.251326e+03 6.367471e+03
3.6 6.345822e+03 6.272403e+03 6.252431e+03 6.325849e+03
0.3 6.372788e+03 6.256643e+03 6.251326e+03 6.367471e+03
1.3 6.345822e+03 6.272403e+03 6.252431e+03 6.325849e+03
