0.5 9.603896e+03 9.499294e+03 9.543132e+03 9.647733e+03
1.5 9.610982e+03 9.535388e+03 9.543236e+03 9.618831e+03
2.5 9.573219e+03 9.506866e+03 9.544237e+03 9.610590e+03
3.5 9.381744e+03 9.418973e+03 9.580217e+03 9.542988e+03
4.5 9.527233e+03 9.501302e+03 9.580251e+03 9.606183e+03
5.5 9.515628e+03 9.566523e+03 9.560943e+03 9.510048e+03
6.5 9.563454e+03 9.563728e+03 9.543485e+03 9.543210e+03
7.5 9.562675e+03 9.571484e+03 9.543501e+03 9.534691e+03
0.1 9.514331e+03 9.582442e+03 9.542607e+03 9.474496e+03
1.1 9.652269e+03 9.722398e+03 9.542529e+03 9.472400e+03
2.1 9.794822e+03 9.787866e+03 9.542458e+03 9.549414e+03
3.1 9.764954e+03 9.699065e+03 9.564499e+03 9.630389e+03
4.1 9.615362e+03 9.544787e+03 9.597602e+03 9.668177e+03
5.1 9.558479e+03 9.478641e+03 9.593866e+03 9.673704e+03
6.1 9.542112e+03 9.420061e+03 9.556977e+03 9.679029e+03
7.1 9.516907e+03 9.390176e+03 9.542203e+03 9.668934e+03
0.5 9.573086e+03 9.465405e+03 9.542150e+03 9.649831e+03
1.5 9.511490e+03 9.505674e+03 9.542133e+03 9.547948e+03
2.5 9.476761e+03 9.481468e+03 9.543042e+03 9.538334e+03
3.5 9.492770e+03 9.397255e+03 9.578959e+03 9.674473e+03
4.5 9.526397e+03 9.485630e+03 9.578957e+03 9.619724e+03
5.5 9.605731e+03 9.554364e+03 9.559610e+03 9.610977e+03
6.5 9.514709e+03 9.552312e+03 9.542097e+03 9.504493e+03
7.5 9.626510e+03 9.562564e+03 9.542085e+03 9.606030e+03
0.1 9.596550e+03 9.583108e+03 9.542006e+03 9.555447e+03
1.1 9.665123e+03 9.720735e+03 9.541995e+03 9.486383e+03
2.1 9.761133e+03 9.788836e+03 9.541994e+03 9.514290e+03
3.1 9.645937e+03 9.704581e+03 9.563177e+03 9.504533e+03
4.1 9.557452e+03 9.548486e+03 9.597252e+03 9.606218e+03
5.1 9.418031e+03 9.481237e+03 9.594479e+03 9.531274e+03
6.1 9.338624e+03 9.422816e+03 9.557628e+03 9.473436e+03
7.1 9.316465e+03 9.391585e+03 9.541964e+03 9.466844e+03
0.5 9.358740e+03 9.466380e+03 9.541964e+03 9.434325e+03
1.5 9.460576e+03 9.505999e+03 9.541968e+03 9.496545e+03
2.5 9.446869e+03 9.481712e+03 9.542895e+03 9.508052e+03
3.5 9.467323e+03 9.398030e+03 9.578825e+03 9.648118e+03
4.5 9.508469e+03 9.489252e+03 9.578832e+03 9.598049e+03
5.5 9.510534e+03 9.557993e+03 9.559497e+03 9.512038e+03
6.5 9.508369e+03 9.552175e+03 9.542005e+03 9.498200e+03
7.5 9.503949e+03 9.562401e+03 9.542016e+03 9.483564e+03
0.0 9.566903e+03 9.583587e+03 9.542184e+03 9.525500e+03
1.0 9.867911e+03 9.715123e+03 9.542213e+03 9.695002e+03
2.0 9.814552e+03 9.788679e+03 9.542257e+03 9.568130e+03
3.0 9.825562e+03 9.713727e+03 9.561651e+03 9.673486e+03
4.0 9.519993e+03 9.554219e+03 9.597633e+03 9.563406e+03
5.0 9.258555e+03 9.485018e+03 9.596779e+03 9.370316e+03
6.0 9.357778e+03 9.427173e+03 9.560018e+03 9.490623e+03
7.0 9.382754e+03 9.393484e+03 9.542617e+03 9.531887e+03
0.5 9.405657e+03 9.467804e+03 9.542877e+03 9.480731e+03
1.5 9.386139e+03 9.507363e+03 9.543041e+03 9.421816e+03
2.5 9.447181e+03 9.482953e+03 9.544149e+03 9.508378e+03
3.5 9.404227e+03 9.398497e+03 9.580287e+03 9.586016e+03
4.5 9.488830e+03 9.489416e+03 9.580528e+03 9.579942e+03
5.5 9.488818e+03 9.558308e+03 9.561455e+03 9.491965e+03
6.5 9.565347e+03 9.553106e+03 9.544254e+03 9.556495e+03
7.5 9.527696e+03 9.562655e+03 9.544585e+03 9.509626e+03
