0.5 9.041643e+03 8.943356e+03 8.940239e+03 9.038526e+03
1.5 8.955353e+03 8.920618e+03 8.940212e+03 8.974947e+03
2.5 8.903785e+03 8.885978e+03 8.940183e+03 8.957990e+03
3.5 8.887218e+03 8.914989e+03 8.940152e+03 8.912382e+03
4.5 8.878585e+03 8.896392e+03 8.940119e+03 8.922312e+03
5.5 8.861140e+03 8.866397e+03 8.949526e+03 8.944269e+03
6.5 8.907595e+03 8.873766e+03 8.958030e+03 8.991859e+03
7.5 8.938060e+03 8.946967e+03 8.957540e+03 8.948633e+03
0.1 8.942529e+03 8.966623e+03 8.939406e+03 8.915311e+03
1.1 8.951397e+03 8.983214e+03 8.939355e+03 8.907539e+03
2.1 8.980590e+03 9.010197e+03 8.939307e+03 8.909700e+03
3.1 9.071513e+03 9.055277e+03 8.939262e+03 8.955498e+03
4.1 9.121497e+03 9.118739e+03 8.939221e+03 8.941979e+03
5.1 9.060859e+03 9.107702e+03 8.940981e+03 8.894138e+03
6.1 8.992749e+03 9.008551e+03 8.958933e+03 8.943131e+03
7.1 8.945660e+03 8.917460e+03 8.966096e+03 8.994296e+03
0.5 8.922763e+03 8.875060e+03 8.939068e+03 8.986771e+03
1.5 8.948070e+03 8.857492e+03 8.939048e+03 9.029627e+03
2.5 8.936237e+03 8.828473e+03 8.939032e+03 9.046797e+03
3.5 8.898734e+03 8.862768e+03 8.939020e+03 8.974985e+03
4.5 8.912595e+03 8.849551e+03 8.939010e+03 9.002055e+03
5.5 8.891634e+03 8.824885e+03 8.948446e+03 9.015195e+03
6.5 8.884348e+03 8.838705e+03 8.956985e+03 9.002628e+03
7.5 8.960884e+03 8.915805e+03 8.956533e+03 9.001613e+03
0.1 8.960725e+03 8.956289e+03 8.938961e+03 8.943396e+03
1.1 8.942094e+03 8.977240e+03 8.938957e+03 8.903811e+03
2.1 8.935202e+03 9.004866e+03 8.938953e+03 8.869289e+03
3.1 9.016550e+03 9.049643e+03 8.938949e+03 8.905857e+03
4.1 9.145978e+03 9.115106e+03 8.938948e+03 8.969819e+03
5.1 9.223491e+03 9.105698e+03 8.940298e+03 9.058090e+03
6.1 9.073744e+03 9.008929e+03 8.958284e+03 9.023098e+03
7.1 8.884670e+03 8.917400e+03 8.965924e+03 8.933195e+03
0.5 8.758997e+03 8.873653e+03 8.938942e+03 8.824286e+03
1.5 8.776630e+03 8.855559e+03 8.938942e+03 8.860013e+03
2.5 8.835439e+03 8.826737e+03 8.938944e+03 8.947645e+03
3.5 8.878970e+03 8.861967e+03 8.938945e+03 8.955949e+03
4.5 8.867079e+03 8.849350e+03 8.938948e+03 8.956677e+03
5.5 8.795069e+03 8.824839e+03 8.948394e+03 8.918623e+03
6.5 8.822809e+03 8.842155e+03 8.956941e+03 8.937595e+03
7.5 8.858012e+03 8.919411e+03 8.956496e+03 8.895097e+03
0.0 9.000672e+03 8.961071e+03 8.939015e+03 8.978616e+03
1.0 8.999556e+03 8.977461e+03 8.939017e+03 8.961112e+03
2.0 9.023357e+03 9.004998e+03 8.939020e+03 8.957378e+03
3.0 9.098180e+03 9.048069e+03 8.939024e+03 8.989135e+03
4.0 9.146644e+03 9.116687e+03 8.939033e+03 8.968990e+03
5.0 9.079520e+03 9.109882e+03 8.939495e+03 8.909134e+03
6.0 8.920539e+03 9.017354e+03 8.957496e+03 8.860682e+03
7.0 8.913142e+03 8.924572e+03 8.966057e+03 8.954627e+03
0.5 8.855364e+03 8.877787e+03 8.939131e+03 8.916708e+03
1.5 8.845214e+03 8.860149e+03 8.939169e+03 8.924234e+03
2.5 8.795263e+03 8.831798e+03 8.939216e+03 8.902681e+03
3.5 8.742854e+03 8.866740e+03 8.939272e+03 8.815386e+03
4.5 8.751165e+03 8.854588e+03 8.939339e+03 8.835916e+03
5.5 8.791938e+03 8.831282e+03 8.948861e+03 8.909516e+03
6.5 8.852801e+03 8.847182e+03 8.957496e+03 8.963114e+03
7.5 8.901524e+03 8.924817e+03 8.957152e+03 8.933859e+03
