0.5 9.593282e+03 9.490426e+03 9.467509e+03 9.570366e+03
1.5 9.489106e+03 9.463371e+03 9.467526e+03 9.493261e+03
2.5 9.429804e+03 9.421289e+03 9.467543e+03 9.476058e+03
3.5 9.421150e+03 9.425160e+03 9.467562e+03 9.463553e+03
4.5 9.420808e+03 9.433982e+03 9.467583e+03 9.454409e+03
5.5 9.414181e+03 9.433369e+03 9.461796e+03 9.442608e+03
6.5 9.447789e+03 9.426136e+03 9.456563e+03 9.478217e+03
7.5 9.445405e+03 9.455529e+03 9.456865e+03 9.446741e+03
0.1 9.438905e+03 9.477111e+03 9.468022e+03 9.429815e+03
1.1 9.454797e+03 9.500410e+03 9.468053e+03 9.422440e+03
2.1 9.550616e+03 9.534716e+03 9.468082e+03 9.483983e+03
3.1 9.588529e+03 9.553654e+03 9.468110e+03 9.502985e+03
4.1 9.598364e+03 9.570895e+03 9.468135e+03 9.495604e+03
5.1 9.518091e+03 9.551394e+03 9.467052e+03 9.433749e+03
6.1 9.485753e+03 9.489543e+03 9.456008e+03 9.452218e+03
7.1 9.462094e+03 9.443876e+03 9.451601e+03 9.469819e+03
0.5 9.473942e+03 9.449208e+03 9.468229e+03 9.492963e+03
1.5 9.469004e+03 9.424649e+03 9.468241e+03 9.512596e+03
2.5 9.445227e+03 9.385889e+03 9.468251e+03 9.527590e+03
3.5 9.433875e+03 9.392879e+03 9.468259e+03 9.509255e+03
4.5 9.445524e+03 9.405955e+03 9.468265e+03 9.507833e+03
5.5 9.441946e+03 9.409040e+03 9.462460e+03 9.495365e+03
6.5 9.433229e+03 9.404750e+03 9.457206e+03 9.485685e+03
7.5 9.487521e+03 9.436506e+03 9.457484e+03 9.508499e+03
0.1 9.473735e+03 9.472269e+03 9.468295e+03 9.469761e+03
1.1 9.459646e+03 9.496357e+03 9.468298e+03 9.431587e+03
2.1 9.473722e+03 9.530854e+03 9.468300e+03 9.411168e+03
3.1 9.531044e+03 9.550674e+03 9.468302e+03 9.448672e+03
4.1 9.573409e+03 9.569167e+03 9.468303e+03 9.472546e+03
5.1 9.591282e+03 9.550479e+03 9.467473e+03 9.508276e+03
6.1 9.494675e+03 9.489685e+03 9.456407e+03 9.461397e+03
7.1 9.413103e+03 9.443383e+03 9.451707e+03 9.421427e+03
0.5 9.383811e+03 9.448292e+03 9.468307e+03 9.403826e+03
1.5 9.384517e+03 9.422886e+03 9.468307e+03 9.429938e+03
2.5 9.417755e+03 9.384248e+03 9.468306e+03 9.501813e+03
3.5 9.428867e+03 9.392338e+03 9.468305e+03 9.504834e+03
4.5 9.403183e+03 9.406873e+03 9.468303e+03 9.464614e+03
5.5 9.371591e+03 9.410062e+03 9.462492e+03 9.424021e+03
6.5 9.377879e+03 9.406930e+03 9.457234e+03 9.428183e+03
7.5 9.399616e+03 9.438785e+03 9.457507e+03 9.418338e+03
0.0 9.503925e+03 9.476066e+03 9.468262e+03 9.496122e+03
1.0 9.519761e+03 9.496027e+03 9.468261e+03 9.491995e+03
2.0 9.543315e+03 9.530103e+03 9.468259e+03 9.481471e+03
3.0 9.608957e+03 9.551042e+03 9.468256e+03 9.526171e+03
4.0 9.619403e+03 9.571543e+03 9.468251e+03 9.516111e+03
5.0 9.487393e+03 9.554119e+03 9.467966e+03 9.401241e+03
6.0 9.428479e+03 9.495174e+03 9.456892e+03 9.390197e+03
7.0 9.465017e+03 9.447424e+03 9.451625e+03 9.469219e+03
0.5 9.418538e+03 9.451405e+03 9.468190e+03 9.435324e+03
1.5 9.380553e+03 9.426353e+03 9.468167e+03 9.422366e+03
2.5 9.349616e+03 9.388084e+03 9.468138e+03 9.429670e+03
3.5 9.331140e+03 9.395562e+03 9.468104e+03 9.403682e+03
4.5 9.357690e+03 9.410477e+03 9.468063e+03 9.415276e+03
5.5 9.387848e+03 9.415031e+03 9.462205e+03 9.435021e+03
6.5 9.425725e+03 9.410648e+03 9.456892e+03 9.471970e+03
7.5 9.438958e+03 9.442848e+03 9.457104e+03 9.453214e+03
