0.5 8.439239e+03 8.450117e+03 8.490605e+03 8.479727e+03
1.5 8.516249e+03 8.505314e+03 8.491624e+03 8.502559e+03
2.5 8.512712e+03 8.481540e+03 8.492508e+03 8.523680e+03
3.5 8.482852e+03 8.464574e+03 8.473366e+03 8.491644e+03
4.5 8.424474e+03 8.440592e+03 8.453074e+03 8.436955e+03
5.5 8.484220e+03 8.459656e+03 8.448407e+03 8.472971e+03
6.5 8.457293e+03 8.483190e+03 8.448887e+03 8.422991e+03
7.5 8.420882e+03 8.479117e+03 8.449274e+03 8.391039e+03
8.5 8.474007e+03 8.480667e+03 8.449577e+03 8.442917e+03
0.2 8.512712e+03 8.481540e+03 8.492508e+03 8.523680e+03
1.2 8.482852e+03 8.464574e+03 8.473366e+03 8.491644e+03
2.2 8.424474e+03 8.440592e+03 8.453074e+03 8.436955e+03
3.2 8.484220e+03 8.459656e+03 8.448407e+03 8.472971e+03
4.2 8.457293e+03 8.483190e+03 8.448887e+03 8.422991e+03
5.2 8.420882e+03 8.479117e+03 8.449274e+03 8.391039e+03
6.2 8.474007e+03 8.480667e+03 8.449577e+03 8.442917e+03
7.2 8.514878e+03 8.480636e+03 8.452946e+03 8.487188e+03
8.2 8.516207e+03 8.481508e+03 8.449963e+03 8.484661e+03
0.9 8.484220e+03 8.459656e+03 8.448407e+03 8.472971e+03
1.9 8.457293e+03 8.483190e+03 8.448887e+03 8.422991e+03
2.9 8.420882e+03 8.479117e+03 8.449274e+03 8.391039e+03
3.9 8.474007e+03 8.480667e+03 8.449577e+03 8.442917e+03
4.9 8.514878e+03 8.480636e+03 8.452946e+03 8.487188e+03
5.9 8.516207e+03 8.481508e+03 8.449963e+03 8.484661e+03
6.9 8.473548e+03 8.471653e+03 8.451110e+03 8.453006e+03
7.9 8.507317e+03 8.482502e+03 8.450112e+03 8.474926e+03
8.9 8.455655e+03 8.483007e+03 8.450117e+03 8.422765e+03
0.6 8.420882e+03 8.479117e+03 8.449274e+03 8.391039e+03
1.6 8.474007e+03 8.480667e+03 8.449577e+03 8.442917e+03
2.6 8.514878e+03 8.480636e+03 8.452946e+03 8.487188e+03
3.6 8.516207e+03 8.481508e+03 8.449963e+03 8.484661e+03
4.6 8.473548e+03 8.471653e+03 8.451110e+03 8.453006e+03
5.6 8.507317e+03 8.482502e+03 8.450112e+03 8.474926e+03
6.6 8.455655e+03 8.483007e+03 8.450117e+03 8.422765e+03
7.6 8.457806e+03 8.483507e+03 8.450085e+03 8.424384e+03
8.6 8.484850e+03 8.483996e+03 8.450023e+03 8.450878e+03
0.3 8.514878e+03 8.480636e+03 8.452946e+03 8.487188e+03
1.3 8.516207e+03 8.481508e+03 8.449963e+03 8.484661e+03
2.3 8.473548e+03 8.471653e+03 8.451110e+03 8.453006e+03
3.3 8.507317e+03 8.482502e+03 8.450112e+03 8.474926e+03
4.3 8.455655e+03 8.483007e+03 8.450117e+03 8.422765e+03
5.3 8.457806e+03 8.483507e+03 8.450085e+03 8.424384e+03
6.3 8.484850e+03 8.483996e+03 8.450023e+03 8.450878e+03
7.3 8.514359e+03 8.480757e+03 8.450990e+03 8.484591e+03
8.3 8.466028e+03 8.484929e+03 8.449847e+03 8.430946e+03
1.0 8.507317e+03 8.482502e+03 8.450112e+03 8.474926e+03
2.0 8.455655e+03 8.483007e+03 8.450117e+03 8.422765e+03
3.0 8.457806e+03 8.483507e+03 8.450085e+03 8.424384e+03
4.0 8.484850e+03 8.483996e+03 8.450023e+03 8.450878e+03
5.0 8.514359e+03 8.480757e+03 8.450990e+03 8.484591e+03
6.0 8.466028e+03 8.484929e+03 8.449847e+03 8.430946e+03
7.0 8.445070e+03 8.484780e+03 8.452885e+03 8.413175e+03
8.0 8.466755e+03 8.510296e+03 8.449633e+03 8.406092e+03
9.0 8.448777e+03 8.484389e+03 8.449524e+03 8.413912e+03
0.7 8.457806e+03 8.483507e+03 8.450085e+03 8.424384e+03
1.7 8.484850e+03 8.483996e+03 8.450023e+03 8.450878e+03
2.7 8.514359e+03 8.480757e+03 8.450990e+03 8.484591e+03
3.7 8.466028e+03 8.484929e+03 8.449847e+03 8.430946e+03
4.7 8.445070e+03 8.484780e+03 8.452885e+03 8.413175e+03
5.7 8.466755e+03 8.510296e+03 8.449633e+03 8.406092e+03
6.7 8.448777e+03 8.484389e+03 8.449524e+03 8.413912e+03
7.7 8.526865e+03 8.448534e+03 8.460941e+03 8.539272e+03
8.7 8.449004e+03 8.411029e+03 8.481792e+03 8.519767e+03
0.4 8.514359e+03 8.480757e+03 8.450990e+03 8.484591e+03
1.4 8.466028e+03 8.484929e+03 8.449847e+03 8.430946e+03
2.4 8.445070e+03 8.484780e+03 8.452885e+03 8.413175e+03
3.4 8.466755e+03 8.510296e+03 8.449633e+03 8.406092e+03
4.4 8.448777e+03 8.484389e+03 8.449524e+03 8.413912e+03
5.4 8.526865e+03 8.448534e+03 8.460941e+03 8.539272e+03
6.4 8.449004e+03 8.411029e+03 8.481792e+03 8.519767e+03
7.4 8.456383e+03 8.421184e+03 8.495319e+03 8.530518e+03
8.4 8.437492e+03 8.411425e+03 8.495236e+03 8.521303e+03
0.5 8.480818e+03 8.460107e+03 8.495018e+03 8.515728e+03
1.5 8.493761e+03 8.515519e+03 8.494991e+03 8.473233e+03
2.5 8.501445e+03 8.491787e+03 8.494975e+03 8.504632e+03
3.5 8.467669e+03 8.472841e+03 8.474540e+03 8.469368e+03
4.5 8.431267e+03 8.447351e+03 8.453586e+03 8.437502e+03
5.5 8.423434e+03 8.467404e+03 8.448871e+03 8.404901e+03
6.5 8.488388e+03 8.490718e+03 8.448869e+03 8.446539e+03
7.5 8.467556e+03 8.488315e+03 8.449392e+03 8.428632e+03
8.5 8.456280e+03 8.488953e+03 8.449391e+03 8.416718e+03
0.2 8.501445e+03 8.491787e+03 8.494975e+03 8.504632e+03
1.2 8.467669e+03 8.472841e+03 8.474540e+03 8.469368e+03
2.2 8.431267e+03 8.447351e+03 8.453586e+03 8.437502e+03
3.2 8.423434e+03 8.467404e+03 8.448871e+03 8.404901e+03
4.2 8.488388e+03 8.490718e+03 8.448869e+03 8.446539e+03
5.2 8.467556e+03 8.488315e+03 8.449392e+03 8.428632e+03
6.2 8.456280e+03 8.488953e+03 8.449391e+03 8.416718e+03
7.2 8.463752e+03 8.488877e+03 8.452008e+03 8.426882e+03
8.2 8.480292e+03 8.489355e+03 8.448860e+03 8.439797e+03
0.9 8.423434e+03 8.467404e+03 8.448871e+03 8.404901e+03
1.9 8.488388e+03 8.490718e+03 8.448869e+03 8.446539e+03
2.9 8.467556e+03 8.488315e+03 8.449392e+03 8.428632e+03
3.9 8.456280e+03 8.488953e+03 8.449391e+03 8.416718e+03
4.9 8.463752e+03 8.488877e+03 8.452008e+03 8.426882e+03
5.9 8.480292e+03 8.489355e+03 8.448860e+03 8.439797e+03
6.9 8.441922e+03 8.477627e+03 8.449899e+03 8.414193e+03
7.9 8.439794e+03 8.485216e+03 8.448314e+03 8.402892e+03
8.9 8.460282e+03 8.485247e+03 8.448295e+03 8.423330e+03
0.6 8.467556e+03 8.488315e+03 8.449392e+03 8.428632e+03
1.6 8.456280e+03 8.488953e+03 8.449391e+03 8.416718e+03
2.6 8.463752e+03 8.488877e+03 8.452008e+03 8.426882e+03
3.6 8.480292e+03 8.489355e+03 8.448860e+03 8.439797e+03
4.6 8.441922e+03 8.477627e+03 8.449899e+03 8.414193e+03
5.6 8.439794e+03 8.485216e+03 8.448314e+03 8.402892e+03
6.6 8.460282e+03 8.485247e+03 8.448295e+03 8.423330e+03
7.6 8.443757e+03 8.490300e+03 8.449848e+03 8.403305e+03
8.6 8.472140e+03 8.490350e+03 8.449832e+03 8.431622e+03
0.3 8.463752e+03 8.488877e+03 8.452008e+03 8.426882e+03
1.3 8.480292e+03 8.489355e+03 8.448860e+03 8.439797e+03
2.3 8.441922e+03 8.477627e+03 8.449899e+03 8.414193e+03
3.3 8.439794e+03 8.485216e+03 8.448314e+03 8.402892e+03
4.3 8.460282e+03 8.485247e+03 8.448295e+03 8.423330e+03
5.3 8.443757e+03 8.490300e+03 8.449848e+03 8.403305e+03
6.3 8.472140e+03 8.490350e+03 8.449832e+03 8.431622e+03
7.3 8.474772e+03 8.485562e+03 8.450337e+03 8.439548e+03
8.3 8.480001e+03 8.487587e+03 8.448753e+03 8.441167e+03
0.9 8.439794e+03 8.485216e+03 8.448314e+03 8.402892e+03
1.9 8.460282e+03 8.485247e+03 8.448295e+03 8.423330e+03
2.9 8.443757e+03 8.490300e+03 8.449848e+03 8.403305e+03
3.9 8.472140e+03 8.490350e+03 8.449832e+03 8.431622e+03
4.9 8.474772e+03 8.485562e+03 8.450337e+03 8.439548e+03
5.9 8.480001e+03 8.487587e+03 8.448753e+03 8.441167e+03
6.9 8.469064e+03 8.484610e+03 8.451356e+03 8.435811e+03
7.9 8.468909e+03 8.512914e+03 8.448720e+03 8.404714e+03
8.9 8.473727e+03 8.488594e+03 8.448701e+03 8.433834e+03
0.7 8.443757e+03 8.490300e+03 8.449848e+03 8.403305e+03
1.7 8.472140e+03 8.490350e+03 8.449832e+03 8.431622e+03
2.7 8.474772e+03 8.485562e+03 8.450337e+03 8.439548e+03
3.7 8.480001e+03 8.487587e+03 8.448753e+03 8.441167e+03
4.7 8.469064e+03 8.484610e+03 8.451356e+03 8.435811e+03
5.7 8.468909e+03 8.512914e+03 8.448720e+03 8.404714e+03
6.7 8.473727e+03 8.488594e+03 8.448701e+03 8.433834e+03
7.7 8.477568e+03 8.452117e+03 8.459678e+03 8.485128e+03
8.7 8.273684e+03 8.412695e+03 8.480604e+03 8.341593e+03
0.3 8.474772e+03 8.485562e+03 8.450337e+03 8.439548e+03
1.3 8.480001e+03 8.487587e+03 8.448753e+03 8.441167e+03
2.3 8.469064e+03 8.484610e+03 8.451356e+03 8.435811e+03
3.3 8.468909e+03 8.512914e+03 8.448720e+03 8.404714e+03
4.3 8.473727e+03 8.488594e+03 8.448701e+03 8.433834e+03
5.3 8.477568e+03 8.452117e+03 8.459678e+03 8.485128e+03
6.3 8.273684e+03 8.412695e+03 8.480604e+03 8.341593e+03
7.3 8.570160e+03 8.422866e+03 8.494724e+03 8.642018e+03
8.3 8.455436e+03 8.413482e+03 8.494708e+03 8.536662e+03
0.5 8.425413e+03 8.462580e+03 8.494700e+03 8.457532e+03
1.5 8.533427e+03 8.517869e+03 8.494713e+03 8.510271e+03
2.5 8.533534e+03 8.492619e+03 8.494727e+03 8.535642e+03
3.5 8.470684e+03 8.471640e+03 8.473794e+03 8.472838e+03
4.5 8.448193e+03 8.446068e+03 8.452864e+03 8.454990e+03
5.5 8.440356e+03 8.466256e+03 8.449223e+03 8.423323e+03
6.5 8.500698e+03 8.489492e+03 8.449250e+03 8.460455e+03
7.5 8.488146e+03 8.488366e+03 8.450325e+03 8.450105e+03
8.5 8.471874e+03 8.488330e+03 8.450353e+03 8.433897e+03
0.2 8.533534e+03 8.492619e+03 8.494727e+03 8.535642e+03
1.2 8.470684e+03 8.471640e+03 8.473794e+03 8.472838e+03
2.2 8.448193e+03 8.446068e+03 8.452864e+03 8.454990e+03
3.2 8.440356e+03 8.466256e+03 8.449223e+03 8.423323e+03
4.2 8.500698e+03 8.489492e+03 8.449250e+03 8.460455e+03
5.2 8.488146e+03 8.488366e+03 8.450325e+03 8.450105e+03
6.2 8.471874e+03 8.488330e+03 8.450353e+03 8.433897e+03
7.2 8.488512e+03 8.486753e+03 8.452999e+03 8.454759e+03
8.2 8.509757e+03 8.487451e+03 8.449359e+03 8.471664e+03
0.8 8.440356e+03 8.466256e+03 8.449223e+03 8.423323e+03
1.8 8.500698e+03 8.489492e+03 8.449250e+03 8.460455e+03
2.8 8.488146e+03 8.488366e+03 8.450325e+03 8.450105e+03
3.8 8.471874e+03 8.488330e+03 8.450353e+03 8.433897e+03
4.8 8.488512e+03 8.486753e+03 8.452999e+03 8.454759e+03
5.8 8.509757e+03 8.487451e+03 8.449359e+03 8.471664e+03
6.8 8.523043e+03 8.477446e+03 8.449385e+03 8.494983e+03
7.8 8.523180e+03 8.488031e+03 8.448891e+03 8.484040e+03
8.8 8.490998e+03 8.487992e+03 8.448920e+03 8.451926e+03
0.5 8.488146e+03 8.488366e+03 8.450325e+03 8.450105e+03
1.5 8.471874e+03 8.488330e+03 8.450353e+03 8.433897e+03
2.5 8.488512e+03 8.486753e+03 8.452999e+03 8.454759e+03
3.5 8.509757e+03 8.487451e+03 8.449359e+03 8.471664e+03
4.5 8.523043e+03 8.477446e+03 8.449385e+03 8.494983e+03
5.5 8.523180e+03 8.488031e+03 8.448891e+03 8.484040e+03
6.5 8.490998e+03 8.487992e+03 8.448920e+03 8.451926e+03
7.5 8.517537e+03 8.487953e+03 8.448946e+03 8.478531e+03
8.5 8.495995e+03 8.488505e+03 8.448971e+03 8.456461e+03
0.2 8.488512e+03 8.486753e+03 8.452999e+03 8.454759e+03
1.2 8.509757e+03 8.487451e+03 8.449359e+03 8.471664e+03
2.2 8.523043e+03 8.477446e+03 8.449385e+03 8.494983e+03
3.2 8.523180e+03 8.488031e+03 8.448891e+03 8.484040e+03
4.2 8.490998e+03 8.487992e+03 8.448920e+03 8.451926e+03
5.2 8.517537e+03 8.487953e+03 8.448946e+03 8.478531e+03
6.2 8.495995e+03 8.488505e+03 8.448971e+03 8.456461e+03
7.2 8.527394e+03 8.486909e+03 8.451614e+03 8.492099e+03
8.2 8.545624e+03 8.488411e+03 8.449021e+03 8.506234e+03
0.9 8.523180e+03 8.488031e+03 8.448891e+03 8.484040e+03
1.9 8.490998e+03 8.487992e+03 8.448920e+03 8.451926e+03
2.9 8.517537e+03 8.487953e+03 8.448946e+03 8.478531e+03
3.9 8.495995e+03 8.488505e+03 8.448971e+03 8.456461e+03
4.9 8.527394e+03 8.486909e+03 8.451614e+03 8.492099e+03
5.9 8.545624e+03 8.488411e+03 8.449021e+03 8.506234e+03
6.9 8.538885e+03 8.480468e+03 8.450622e+03 8.509038e+03
7.9 8.620224e+03 8.511374e+03 8.449086e+03 8.557936e+03
8.9 8.518446e+03 8.490770e+03 8.449132e+03 8.476808e+03
0.6 8.517537e+03 8.487953e+03 8.448946e+03 8.478531e+03
1.6 8.495995e+03 8.488505e+03 8.448971e+03 8.456461e+03
2.6 8.527394e+03 8.486909e+03 8.451614e+03 8.492099e+03
3.6 8.545624e+03 8.488411e+03 8.449021e+03 8.506234e+03
4.6 8.538885e+03 8.480468e+03 8.450622e+03 8.509038e+03
5.6 8.620224e+03 8.511374e+03 8.449086e+03 8.557936e+03
6.6 8.518446e+03 8.490770e+03 8.449132e+03 8.476808e+03
7.6 8.504114e+03 8.453527e+03 8.459138e+03 8.509725e+03
8.6 8.261554e+03 8.410682e+03 8.480158e+03 8.331031e+03
0.3 8.527394e+03 8.486909e+03 8.451614e+03 8.492099e+03
1.3 8.545624e+03 8.488411e+03 8.449021e+03 8.506234e+03
2.3 8.538885e+03 8.480468e+03 8.450622e+03 8.509038e+03
3.3 8.620224e+03 8.511374e+03 8.449086e+03 8.557936e+03
4.3 8.518446e+03 8.490770e+03 8.449132e+03 8.476808e+03
5.3 8.504114e+03 8.453527e+03 8.459138e+03 8.509725e+03
6.3 8.261554e+03 8.410682e+03 8.480158e+03 8.331031e+03
7.3 8.376554e+03 8.421203e+03 8.495438e+03 8.450789e+03
8.3 8.337901e+03 8.412791e+03 8.495554e+03 8.420664e+03
0.5 8.412021e+03 8.459938e+03 8.496360e+03 8.448442e+03
1.5 8.449533e+03 8.514784e+03 8.496667e+03 8.431417e+03
2.5 8.467568e+03 8.490448e+03 8.497025e+03 8.474145e+03
3.5 8.488654e+03 8.468895e+03 8.476485e+03 8.496244e+03
4.5 8.456503e+03 8.441256e+03 8.456002e+03 8.471249e+03
5.5 8.483461e+03 8.463049e+03 8.452342e+03 8.472754e+03
6.5 8.455365e+03 8.485494e+03 8.452935e+03 8.422806e+03
7.5 8.478185e+03 8.480720e+03 8.454117e+03 8.451583e+03
8.5 8.448827e+03 8.479732e+03 8.454842e+03 8.423937e+03
0.2 8.467568e+03 8.490448e+03 8.497025e+03 8.474145e+03
1.2 8.488654e+03 8.468895e+03 8.476485e+03 8.496244e+03
2.2 8.456503e+03 8.441256e+03 8.456002e+03 8.471249e+03
3.2 8.483461e+03 8.463049e+03 8.452342e+03 8.472754e+03
4.2 8.455365e+03 8.485494e+03 8.452935e+03 8.422806e+03
5.2 8.478185e+03 8.480720e+03 8.454117e+03 8.451583e+03
6.2 8.448827e+03 8.479732e+03 8.454842e+03 8.423937e+03
7.2 8.449590e+03 8.477933e+03 8.458256e+03 8.429913e+03
8.2 8.489371e+03 8.478333e+03 8.456500e+03 8.467539e+03
0.9 8.483461e+03 8.463049e+03 8.452342e+03 8.472754e+03
1.9 8.455365e+03 8.485494e+03 8.452935e+03 8.422806e+03
2.9 8.478185e+03 8.480720e+03 8.454117e+03 8.451583e+03
3.9 8.448827e+03 8.479732e+03 8.454842e+03 8.423937e+03
4.9 8.449590e+03 8.477933e+03 8.458256e+03 8.429913e+03
5.9 8.489371e+03 8.478333e+03 8.456500e+03 8.467539e+03
6.9 8.493759e+03 8.466788e+03 8.458474e+03 8.485445e+03
7.9 8.538567e+03 8.473936e+03 8.457882e+03 8.522513e+03
8.9 8.508366e+03 8.472620e+03 8.458912e+03 8.494659e+03
0.6 8.478185e+03 8.480720e+03 8.454117e+03 8.451583e+03
1.6 8.448827e+03 8.479732e+03 8.454842e+03 8.423937e+03
2.6 8.449590e+03 8.477933e+03 8.458256e+03 8.429913e+03
3.6 8.489371e+03 8.478333e+03 8.456500e+03 8.467539e+03
4.6 8.493759e+03 8.466788e+03 8.458474e+03 8.485445e+03
5.6 8.538567e+03 8.473936e+03 8.457882e+03 8.522513e+03
6.6 8.508366e+03 8.472620e+03 8.458912e+03 8.494659e+03
7.6 8.494105e+03 8.473796e+03 8.460527e+03 8.480836e+03
8.6 8.474213e+03 8.472398e+03 8.461676e+03 8.463491e+03
0.3 8.449590e+03 8.477933e+03 8.458256e+03 8.429913e+03
1.3 8.489371e+03 8.478333e+03 8.456500e+03 8.467539e+03
2.3 8.493759e+03 8.466788e+03 8.458474e+03 8.485445e+03
3.3 8.538567e+03 8.473936e+03 8.457882e+03 8.522513e+03
4.3 8.508366e+03 8.472620e+03 8.458912e+03 8.494659e+03
5.3 8.494105e+03 8.473796e+03 8.460527e+03 8.480836e+03
6.3 8.474213e+03 8.472398e+03 8.461676e+03 8.463491e+03
7.3 8.465639e+03 8.464417e+03 8.463927e+03 8.465149e+03
8.3 8.472164e+03 8.465527e+03 8.463610e+03 8.470247e+03
1.0 8.538567e+03 8.473936e+03 8.457882e+03 8.522513e+03
2.0 8.508366e+03 8.472620e+03 8.458912e+03 8.494659e+03
3.0 8.494105e+03 8.473796e+03 8.460527e+03 8.480836e+03
4.0 8.474213e+03 8.472398e+03 8.461676e+03 8.463491e+03
5.0 8.465639e+03 8.464417e+03 8.463927e+03 8.465149e+03
6.0 8.472164e+03 8.465527e+03 8.463610e+03 8.470247e+03
0.6 8.494105e+03 8.473796e+03 8.460527e+03 8.480836e+03
1.6 8.474213e+03 8.472398e+03 8.461676e+03 8.463491e+03
2.6 8.465639e+03 8.464417e+03 8.463927e+03 8.465149e+03
3.6 8.472164e+03 8.465527e+03 8.463610e+03 8.470247e+03
0.3 8.465639e+03 8.464417e+03 8.463927e+03 8.465149e+03
1.3 8.472164e+03 8.465527e+03 8.463610e+03 8.470247e+03
