0.5 9.793794e+03 9.752854e+03 9.823601e+03 9.864541e+03
1.5 9.807324e+03 9.811678e+03 9.823652e+03 9.819298e+03
2.5 9.884190e+03 9.870488e+03 9.824140e+03 9.837842e+03
3.5 9.941025e+03 9.865211e+03 9.841682e+03 9.917497e+03
4.5 9.933928e+03 9.842022e+03 9.841699e+03 9.933604e+03
5.5 9.783255e+03 9.802887e+03 9.832285e+03 9.812653e+03
6.5 9.830527e+03 9.812568e+03 9.823773e+03 9.841732e+03
7.5 9.794535e+03 9.834162e+03 9.823781e+03 9.784154e+03
0.1 9.804339e+03 9.843474e+03 9.823345e+03 9.784209e+03
1.1 9.774953e+03 9.855669e+03 9.823307e+03 9.742591e+03
2.1 9.826091e+03 9.823079e+03 9.823272e+03 9.826284e+03
3.1 9.867496e+03 9.800684e+03 9.834019e+03 9.900831e+03
4.1 9.802253e+03 9.785208e+03 9.850158e+03 9.867203e+03
5.1 9.875995e+03 9.798948e+03 9.848337e+03 9.925384e+03
6.1 9.754120e+03 9.776025e+03 9.830352e+03 9.808446e+03
7.1 9.750156e+03 9.752882e+03 9.823148e+03 9.820422e+03
0.5 9.702806e+03 9.765604e+03 9.823122e+03 9.760323e+03
1.5 9.812918e+03 9.825734e+03 9.823114e+03 9.810298e+03
2.5 9.852912e+03 9.884269e+03 9.823557e+03 9.792200e+03
3.5 9.883481e+03 9.878608e+03 9.841069e+03 9.845942e+03
4.5 9.911779e+03 9.852817e+03 9.841068e+03 9.900030e+03
5.5 9.825707e+03 9.811750e+03 9.831635e+03 9.845592e+03
6.5 9.741116e+03 9.822192e+03 9.823096e+03 9.742021e+03
7.5 9.870853e+03 9.843254e+03 9.823090e+03 9.850689e+03
0.1 9.844795e+03 9.843591e+03 9.823052e+03 9.824256e+03
1.1 9.874661e+03 9.858666e+03 9.823047e+03 9.839041e+03
2.1 9.793800e+03 9.827394e+03 9.823046e+03 9.789451e+03
3.1 9.831679e+03 9.803701e+03 9.833374e+03 9.861352e+03
4.1 9.697966e+03 9.786708e+03 9.849988e+03 9.761246e+03
5.1 9.860101e+03 9.801008e+03 9.848636e+03 9.907729e+03
6.1 9.894907e+03 9.778387e+03 9.830669e+03 9.947189e+03
7.1 9.796010e+03 9.754912e+03 9.823032e+03 9.864130e+03
0.5 9.757774e+03 9.766759e+03 9.823032e+03 9.814047e+03
1.5 9.855802e+03 9.828239e+03 9.823033e+03 9.850596e+03
2.5 9.931658e+03 9.886649e+03 9.823485e+03 9.868495e+03
3.5 9.935637e+03 9.879396e+03 9.841003e+03 9.897244e+03
4.5 9.747651e+03 9.851319e+03 9.841007e+03 9.737339e+03
5.5 9.847070e+03 9.810163e+03 9.831580e+03 9.868487e+03
6.5 9.765200e+03 9.820964e+03 9.823052e+03 9.767288e+03
7.5 9.878081e+03 9.841949e+03 9.823057e+03 9.859189e+03
0.0 9.904964e+03 9.839380e+03 9.823139e+03 9.888723e+03
1.0 9.866448e+03 9.857663e+03 9.823153e+03 9.831938e+03
2.0 9.876908e+03 9.829600e+03 9.823174e+03 9.870483e+03
3.0 9.880059e+03 9.803813e+03 9.832630e+03 9.908875e+03
4.0 9.612974e+03 9.784219e+03 9.850173e+03 9.678928e+03
5.0 9.754187e+03 9.799982e+03 9.849757e+03 9.803962e+03
6.0 9.672672e+03 9.778207e+03 9.831834e+03 9.726299e+03
7.0 9.747988e+03 9.754227e+03 9.823350e+03 9.817111e+03
0.5 9.721500e+03 9.764381e+03 9.823477e+03 9.780596e+03
1.5 9.802968e+03 9.825482e+03 9.823556e+03 9.801042e+03
2.5 9.796474e+03 9.883465e+03 9.824097e+03 9.737106e+03
3.5 9.811424e+03 9.877217e+03 9.841716e+03 9.775923e+03
4.5 9.847906e+03 9.848599e+03 9.841834e+03 9.841141e+03
5.5 9.850537e+03 9.805350e+03 9.832535e+03 9.877722e+03
6.5 9.751164e+03 9.817767e+03 9.824148e+03 9.757545e+03
7.5 9.819935e+03 9.838026e+03 9.824309e+03 9.806218e+03
