0.5 9.610982e+03 9.535388e+03 9.579730e+03 9.655324e+03
1.5 9.573219e+03 9.506866e+03 9.557131e+03 9.623484e+03
2.5 9.381744e+03 9.418973e+03 9.541248e+03 9.504019e+03
3.5 9.527233e+03 9.501302e+03 9.539979e+03 9.565911e+03
4.5 9.515628e+03 9.566523e+03 9.543159e+03 9.492265e+03
5.5 9.563454e+03 9.563728e+03 9.539519e+03 9.539244e+03
6.5 9.562675e+03 9.571484e+03 9.539214e+03 9.530404e+03
7.5 9.484959e+03 9.589341e+03 9.538871e+03 9.434489e+03
8.5 9.503535e+03 9.587903e+03 9.538498e+03 9.454130e+03
0.2 9.381744e+03 9.418973e+03 9.541248e+03 9.504019e+03
1.2 9.527233e+03 9.501302e+03 9.539979e+03 9.565911e+03
2.2 9.515628e+03 9.566523e+03 9.543159e+03 9.492265e+03
3.2 9.563454e+03 9.563728e+03 9.539519e+03 9.539244e+03
4.2 9.562675e+03 9.571484e+03 9.539214e+03 9.530404e+03
5.2 9.484959e+03 9.589341e+03 9.538871e+03 9.434489e+03
6.2 9.503535e+03 9.587903e+03 9.538498e+03 9.454130e+03
7.2 9.465767e+03 9.571088e+03 9.538103e+03 9.432781e+03
8.2 9.578294e+03 9.584907e+03 9.537693e+03 9.531080e+03
0.9 9.563454e+03 9.563728e+03 9.539519e+03 9.539244e+03
1.9 9.562675e+03 9.571484e+03 9.539214e+03 9.530404e+03
2.9 9.484959e+03 9.589341e+03 9.538871e+03 9.434489e+03
3.9 9.503535e+03 9.587903e+03 9.538498e+03 9.454130e+03
4.9 9.465767e+03 9.571088e+03 9.538103e+03 9.432781e+03
5.9 9.578294e+03 9.584907e+03 9.537693e+03 9.531080e+03
6.9 9.674455e+03 9.583751e+03 9.541783e+03 9.632487e+03
7.9 9.589879e+03 9.582908e+03 9.536847e+03 9.543819e+03
8.9 9.482467e+03 9.582199e+03 9.536427e+03 9.436695e+03
0.6 9.484959e+03 9.589341e+03 9.538871e+03 9.434489e+03
1.6 9.503535e+03 9.587903e+03 9.538498e+03 9.454130e+03
2.6 9.465767e+03 9.571088e+03 9.538103e+03 9.432781e+03
3.6 9.578294e+03 9.584907e+03 9.537693e+03 9.531080e+03
4.6 9.674455e+03 9.583751e+03 9.541783e+03 9.632487e+03
5.6 9.589879e+03 9.582908e+03 9.536847e+03 9.543819e+03
6.6 9.482467e+03 9.582199e+03 9.536427e+03 9.436695e+03
7.6 9.574396e+03 9.581678e+03 9.536019e+03 9.528737e+03
8.6 9.591939e+03 9.581313e+03 9.535628e+03 9.546254e+03
0.3 9.465767e+03 9.571088e+03 9.538103e+03 9.432781e+03
1.3 9.578294e+03 9.584907e+03 9.537693e+03 9.531080e+03
2.3 9.674455e+03 9.583751e+03 9.541783e+03 9.632487e+03
3.3 9.589879e+03 9.582908e+03 9.536847e+03 9.543819e+03
4.3 9.482467e+03 9.582199e+03 9.536427e+03 9.436695e+03
5.3 9.574396e+03 9.581678e+03 9.536019e+03 9.528737e+03
6.3 9.591939e+03 9.581313e+03 9.535628e+03 9.546254e+03
7.3 9.540457e+03 9.574530e+03 9.535257e+03 9.501184e+03
8.3 9.546065e+03 9.580948e+03 9.534909e+03 9.500027e+03
1.0 9.589879e+03 9.582908e+03 9.536847e+03 9.543819e+03
2.0 9.482467e+03 9.582199e+03 9.536427e+03 9.436695e+03
3.0 9.574396e+03 9.581678e+03 9.536019e+03 9.528737e+03
4.0 9.591939e+03 9.581313e+03 9.535628e+03 9.546254e+03
5.0 9.540457e+03 9.574530e+03 9.535257e+03 9.501184e+03
6.0 9.546065e+03 9.580948e+03 9.534909e+03 9.500027e+03
7.0 9.514331e+03 9.582442e+03 9.539098e+03 9.470986e+03
8.0 9.652269e+03 9.722398e+03 9.557971e+03 9.487842e+03
9.0 9.794822e+03 9.787866e+03 9.580255e+03 9.587212e+03
0.7 9.574396e+03 9.581678e+03 9.536019e+03 9.528737e+03
1.7 9.591939e+03 9.581313e+03 9.535628e+03 9.546254e+03
2.7 9.540457e+03 9.574530e+03 9.535257e+03 9.501184e+03
3.7 9.546065e+03 9.580948e+03 9.534909e+03 9.500027e+03
4.7 9.514331e+03 9.582442e+03 9.539098e+03 9.470986e+03
5.7 9.652269e+03 9.722398e+03 9.557971e+03 9.487842e+03
6.7 9.794822e+03 9.787866e+03 9.580255e+03 9.587212e+03
7.7 9.764954e+03 9.699065e+03 9.583400e+03 9.649289e+03
8.7 9.615362e+03 9.544787e+03 9.583189e+03 9.653765e+03
0.4 9.540457e+03 9.574530e+03 9.535257e+03 9.501184e+03
1.4 9.546065e+03 9.580948e+03 9.534909e+03 9.500027e+03
2.4 9.514331e+03 9.582442e+03 9.539098e+03 9.470986e+03
3.4 9.652269e+03 9.722398e+03 9.557971e+03 9.487842e+03
4.4 9.794822e+03 9.787866e+03 9.580255e+03 9.587212e+03
5.4 9.764954e+03 9.699065e+03 9.583400e+03 9.649289e+03
6.4 9.615362e+03 9.544787e+03 9.583189e+03 9.653765e+03
7.4 9.558479e+03 9.478641e+03 9.583007e+03 9.662845e+03
8.4 9.542112e+03 9.420061e+03 9.582851e+03 9.704902e+03
0.5 9.511490e+03 9.505674e+03 9.571746e+03 9.577562e+03
1.5 9.476761e+03 9.481468e+03 9.549144e+03 9.544436e+03
2.5 9.492770e+03 9.397255e+03 9.533317e+03 9.628831e+03
3.5 9.526397e+03 9.485630e+03 9.532717e+03 9.573484e+03
4.5 9.605731e+03 9.554364e+03 9.536633e+03 9.588000e+03
5.5 9.514709e+03 9.552312e+03 9.533224e+03 9.495621e+03
6.5 9.626510e+03 9.562564e+03 9.533201e+03 9.597147e+03
7.5 9.648811e+03 9.579794e+03 9.532616e+03 9.601632e+03
8.5 9.649268e+03 9.580041e+03 9.532593e+03 9.601820e+03
0.2 9.492770e+03 9.397255e+03 9.533317e+03 9.628831e+03
1.2 9.526397e+03 9.485630e+03 9.532717e+03 9.573484e+03
2.2 9.605731e+03 9.554364e+03 9.536633e+03 9.588000e+03
3.2 9.514709e+03 9.552312e+03 9.533224e+03 9.495621e+03
4.2 9.626510e+03 9.562564e+03 9.533201e+03 9.597147e+03
5.2 9.648811e+03 9.579794e+03 9.532616e+03 9.601632e+03
6.2 9.649268e+03 9.580041e+03 9.532593e+03 9.601820e+03
7.2 9.590175e+03 9.566336e+03 9.532004e+03 9.555843e+03
8.2 9.664871e+03 9.581494e+03 9.531976e+03 9.615353e+03
0.9 9.514709e+03 9.552312e+03 9.533224e+03 9.495621e+03
1.9 9.626510e+03 9.562564e+03 9.533201e+03 9.597147e+03
2.9 9.648811e+03 9.579794e+03 9.532616e+03 9.601632e+03
3.9 9.649268e+03 9.580041e+03 9.532593e+03 9.601820e+03
4.9 9.590175e+03 9.566336e+03 9.532004e+03 9.555843e+03
5.9 9.664871e+03 9.581494e+03 9.531976e+03 9.615353e+03
6.9 9.558864e+03 9.581987e+03 9.537020e+03 9.513898e+03
7.9 9.568085e+03 9.585689e+03 9.533611e+03 9.516006e+03
8.9 9.668192e+03 9.585721e+03 9.533586e+03 9.616057e+03
0.6 9.648811e+03 9.579794e+03 9.532616e+03 9.601632e+03
1.6 9.649268e+03 9.580041e+03 9.532593e+03 9.601820e+03
2.6 9.590175e+03 9.566336e+03 9.532004e+03 9.555843e+03
3.6 9.664871e+03 9.581494e+03 9.531976e+03 9.615353e+03
4.6 9.558864e+03 9.581987e+03 9.537020e+03 9.513898e+03
5.6 9.568085e+03 9.585689e+03 9.533611e+03 9.516006e+03
6.6 9.668192e+03 9.585721e+03 9.533586e+03 9.616057e+03
7.6 9.667882e+03 9.578025e+03 9.532431e+03 9.622289e+03
8.6 9.543080e+03 9.578046e+03 9.532402e+03 9.497436e+03
0.3 9.590175e+03 9.566336e+03 9.532004e+03 9.555843e+03
1.3 9.664871e+03 9.581494e+03 9.531976e+03 9.615353e+03
2.3 9.558864e+03 9.581987e+03 9.537020e+03 9.513898e+03
3.3 9.568085e+03 9.585689e+03 9.533611e+03 9.516006e+03
4.3 9.668192e+03 9.585721e+03 9.533586e+03 9.616057e+03
5.3 9.667882e+03 9.578025e+03 9.532431e+03 9.622289e+03
6.3 9.543080e+03 9.578046e+03 9.532402e+03 9.497436e+03
7.3 9.617152e+03 9.573568e+03 9.532374e+03 9.575958e+03
8.3 9.600943e+03 9.581925e+03 9.532354e+03 9.551373e+03
0.9 9.568085e+03 9.585689e+03 9.533611e+03 9.516006e+03
1.9 9.668192e+03 9.585721e+03 9.533586e+03 9.616057e+03
2.9 9.667882e+03 9.578025e+03 9.532431e+03 9.622289e+03
3.9 9.543080e+03 9.578046e+03 9.532402e+03 9.497436e+03
4.9 9.617152e+03 9.573568e+03 9.532374e+03 9.575958e+03
5.9 9.600943e+03 9.581925e+03 9.532354e+03 9.551373e+03
6.9 9.596550e+03 9.583108e+03 9.536842e+03 9.550284e+03
7.9 9.665123e+03 9.720735e+03 9.555421e+03 9.499808e+03
8.9 9.761133e+03 9.788836e+03 9.577946e+03 9.550242e+03
0.7 9.667882e+03 9.578025e+03 9.532431e+03 9.622289e+03
1.7 9.543080e+03 9.578046e+03 9.532402e+03 9.497436e+03
2.7 9.617152e+03 9.573568e+03 9.532374e+03 9.575958e+03
3.7 9.600943e+03 9.581925e+03 9.532354e+03 9.551373e+03
4.7 9.596550e+03 9.583108e+03 9.536842e+03 9.550284e+03
5.7 9.665123e+03 9.720735e+03 9.555421e+03 9.499808e+03
6.7 9.761133e+03 9.788836e+03 9.577946e+03 9.550242e+03
7.7 9.645937e+03 9.704581e+03 9.581871e+03 9.523227e+03
8.7 9.557452e+03 9.548486e+03 9.581856e+03 9.590822e+03
0.3 9.617152e+03 9.573568e+03 9.532374e+03 9.575958e+03
1.3 9.600943e+03 9.581925e+03 9.532354e+03 9.551373e+03
2.3 9.596550e+03 9.583108e+03 9.536842e+03 9.550284e+03
3.3 9.665123e+03 9.720735e+03 9.555421e+03 9.499808e+03
4.3 9.761133e+03 9.788836e+03 9.577946e+03 9.550242e+03
5.3 9.645937e+03 9.704581e+03 9.581871e+03 9.523227e+03
6.3 9.557452e+03 9.548486e+03 9.581856e+03 9.590822e+03
7.3 9.418031e+03 9.481237e+03 9.581846e+03 9.518641e+03
8.3 9.338624e+03 9.422816e+03 9.581844e+03 9.497652e+03
0.5 9.460576e+03 9.505999e+03 9.570622e+03 9.525200e+03
1.5 9.446869e+03 9.481712e+03 9.548099e+03 9.513257e+03
2.5 9.467323e+03 9.398030e+03 9.532905e+03 9.602198e+03
3.5 9.508469e+03 9.489252e+03 9.532935e+03 9.552152e+03
4.5 9.510534e+03 9.557993e+03 9.536914e+03 9.489456e+03
5.5 9.508369e+03 9.552175e+03 9.534130e+03 9.490324e+03
6.5 9.503949e+03 9.562401e+03 9.534164e+03 9.475713e+03
7.5 9.540923e+03 9.576506e+03 9.533071e+03 9.497488e+03
8.5 9.530938e+03 9.576467e+03 9.533106e+03 9.487577e+03
0.2 9.467323e+03 9.398030e+03 9.532905e+03 9.602198e+03
1.2 9.508469e+03 9.489252e+03 9.532935e+03 9.552152e+03
2.2 9.510534e+03 9.557993e+03 9.536914e+03 9.489456e+03
3.2 9.508369e+03 9.552175e+03 9.534130e+03 9.490324e+03
4.2 9.503949e+03 9.562401e+03 9.534164e+03 9.475713e+03
5.2 9.540923e+03 9.576506e+03 9.533071e+03 9.497488e+03
6.2 9.530938e+03 9.576467e+03 9.533106e+03 9.487577e+03
7.2 9.489377e+03 9.563323e+03 9.533145e+03 9.459200e+03
8.2 9.521590e+03 9.579976e+03 9.532624e+03 9.474238e+03
0.8 9.508369e+03 9.552175e+03 9.534130e+03 9.490324e+03
1.8 9.503949e+03 9.562401e+03 9.534164e+03 9.475713e+03
2.8 9.540923e+03 9.576506e+03 9.533071e+03 9.497488e+03
3.8 9.530938e+03 9.576467e+03 9.533106e+03 9.487577e+03
4.8 9.489377e+03 9.563323e+03 9.533145e+03 9.459200e+03
5.8 9.521590e+03 9.579976e+03 9.532624e+03 9.474238e+03
6.8 9.553425e+03 9.583916e+03 9.536612e+03 9.506120e+03
7.8 9.545835e+03 9.582718e+03 9.532706e+03 9.495823e+03
8.8 9.636128e+03 9.582697e+03 9.532747e+03 9.586178e+03
0.5 9.540923e+03 9.576506e+03 9.533071e+03 9.497488e+03
1.5 9.530938e+03 9.576467e+03 9.533106e+03 9.487577e+03
2.5 9.489377e+03 9.563323e+03 9.533145e+03 9.459200e+03
3.5 9.521590e+03 9.579976e+03 9.532624e+03 9.474238e+03
4.5 9.553425e+03 9.583916e+03 9.536612e+03 9.506120e+03
5.5 9.545835e+03 9.582718e+03 9.532706e+03 9.495823e+03
6.5 9.636128e+03 9.582697e+03 9.532747e+03 9.586178e+03
7.5 9.640820e+03 9.582692e+03 9.532791e+03 9.590919e+03
8.5 9.661251e+03 9.582960e+03 9.532839e+03 9.611130e+03
0.2 9.489377e+03 9.563323e+03 9.533145e+03 9.459200e+03
1.2 9.521590e+03 9.579976e+03 9.532624e+03 9.474238e+03
2.2 9.553425e+03 9.583916e+03 9.536612e+03 9.506120e+03
3.2 9.545835e+03 9.582718e+03 9.532706e+03 9.495823e+03
4.2 9.636128e+03 9.582697e+03 9.532747e+03 9.586178e+03
5.2 9.640820e+03 9.582692e+03 9.532791e+03 9.590919e+03
6.2 9.661251e+03 9.582960e+03 9.532839e+03 9.611130e+03
7.2 9.646812e+03 9.569874e+03 9.532895e+03 9.609833e+03
8.2 9.590350e+03 9.583112e+03 9.532961e+03 9.540198e+03
0.9 9.545835e+03 9.582718e+03 9.532706e+03 9.495823e+03
1.9 9.636128e+03 9.582697e+03 9.532747e+03 9.586178e+03
2.9 9.640820e+03 9.582692e+03 9.532791e+03 9.590919e+03
3.9 9.661251e+03 9.582960e+03 9.532839e+03 9.611130e+03
4.9 9.646812e+03 9.569874e+03 9.532895e+03 9.609833e+03
5.9 9.590350e+03 9.583112e+03 9.532961e+03 9.540198e+03
6.9 9.566903e+03 9.583587e+03 9.537548e+03 9.520864e+03
7.9 9.867911e+03 9.715123e+03 9.555115e+03 9.707903e+03
8.9 9.814552e+03 9.788679e+03 9.577775e+03 9.603648e+03
0.6 9.640820e+03 9.582692e+03 9.532791e+03 9.590919e+03
1.6 9.661251e+03 9.582960e+03 9.532839e+03 9.611130e+03
2.6 9.646812e+03 9.569874e+03 9.532895e+03 9.609833e+03
3.6 9.590350e+03 9.583112e+03 9.532961e+03 9.540198e+03
4.6 9.566903e+03 9.583587e+03 9.537548e+03 9.520864e+03
5.6 9.867911e+03 9.715123e+03 9.555115e+03 9.707903e+03
6.6 9.814552e+03 9.788679e+03 9.577775e+03 9.603648e+03
7.6 9.825562e+03 9.713727e+03 9.582984e+03 9.694820e+03
8.6 9.519993e+03 9.554219e+03 9.583151e+03 9.548925e+03
0.3 9.646812e+03 9.569874e+03 9.532895e+03 9.609833e+03
1.3 9.590350e+03 9.583112e+03 9.532961e+03 9.540198e+03
2.3 9.566903e+03 9.583587e+03 9.537548e+03 9.520864e+03
3.3 9.867911e+03 9.715123e+03 9.555115e+03 9.707903e+03
4.3 9.814552e+03 9.788679e+03 9.577775e+03 9.603648e+03
5.3 9.825562e+03 9.713727e+03 9.582984e+03 9.694820e+03
6.3 9.519993e+03 9.554219e+03 9.583151e+03 9.548925e+03
7.3 9.258555e+03 9.485018e+03 9.583350e+03 9.356887e+03
8.3 9.357778e+03 9.427173e+03 9.583587e+03 9.514192e+03
0.5 9.386139e+03 9.507363e+03 9.573703e+03 9.452479e+03
1.5 9.447181e+03 9.482953e+03 9.551627e+03 9.515856e+03
2.5 9.404227e+03 9.398497e+03 9.536372e+03 9.542102e+03
3.5 9.488830e+03 9.489416e+03 9.536961e+03 9.536375e+03
4.5 9.488818e+03 9.558308e+03 9.542118e+03 9.472628e+03
5.5 9.565347e+03 9.553106e+03 9.538879e+03 9.551120e+03
6.5 9.527696e+03 9.562655e+03 9.539646e+03 9.504687e+03
7.5 9.585247e+03 9.579579e+03 9.540472e+03 9.546141e+03
8.5 9.537902e+03 9.578527e+03 9.541356e+03 9.500731e+03
0.2 9.404227e+03 9.398497e+03 9.536372e+03 9.542102e+03
1.2 9.488830e+03 9.489416e+03 9.536961e+03 9.536375e+03
2.2 9.488818e+03 9.558308e+03 9.542118e+03 9.472628e+03
3.2 9.565347e+03 9.553106e+03 9.538879e+03 9.551120e+03
4.2 9.527696e+03 9.562655e+03 9.539646e+03 9.504687e+03
5.2 9.585247e+03 9.579579e+03 9.540472e+03 9.546141e+03
6.2 9.537902e+03 9.578527e+03 9.541356e+03 9.500731e+03
7.2 9.479818e+03 9.563282e+03 9.541726e+03 9.458262e+03
8.2 9.569074e+03 9.574885e+03 9.542700e+03 9.536889e+03
0.9 9.565347e+03 9.553106e+03 9.538879e+03 9.551120e+03
1.9 9.527696e+03 9.562655e+03 9.539646e+03 9.504687e+03
2.9 9.585247e+03 9.579579e+03 9.540472e+03 9.546141e+03
3.9 9.537902e+03 9.578527e+03 9.541356e+03 9.500731e+03
4.9 9.479818e+03 9.563282e+03 9.541726e+03 9.458262e+03
5.9 9.569074e+03 9.574885e+03 9.542700e+03 9.536889e+03
6.9 9.593496e+03 9.573123e+03 9.548230e+03 9.568603e+03
7.9 9.544441e+03 9.574199e+03 9.545348e+03 9.515591e+03
8.9 9.673290e+03 9.572229e+03 9.546452e+03 9.647513e+03
0.6 9.585247e+03 9.579579e+03 9.540472e+03 9.546141e+03
1.6 9.537902e+03 9.578527e+03 9.541356e+03 9.500731e+03
2.6 9.479818e+03 9.563282e+03 9.541726e+03 9.458262e+03
3.6 9.569074e+03 9.574885e+03 9.542700e+03 9.536889e+03
4.6 9.593496e+03 9.573123e+03 9.548230e+03 9.568603e+03
5.6 9.544441e+03 9.574199e+03 9.545348e+03 9.515591e+03
6.6 9.673290e+03 9.572229e+03 9.546452e+03 9.647513e+03
7.6 9.683845e+03 9.567521e+03 9.547029e+03 9.663352e+03
8.6 9.606381e+03 9.565252e+03 9.548200e+03 9.589329e+03
0.3 9.479818e+03 9.563282e+03 9.541726e+03 9.458262e+03
1.3 9.569074e+03 9.574885e+03 9.542700e+03 9.536889e+03
2.3 9.593496e+03 9.573123e+03 9.548230e+03 9.568603e+03
3.3 9.544441e+03 9.574199e+03 9.545348e+03 9.515591e+03
4.3 9.673290e+03 9.572229e+03 9.546452e+03 9.647513e+03
5.3 9.683845e+03 9.567521e+03 9.547029e+03 9.663352e+03
6.3 9.606381e+03 9.565252e+03 9.548200e+03 9.589329e+03
7.3 9.523049e+03 9.557368e+03 9.550525e+03 9.516206e+03
8.3 9.541032e+03 9.563186e+03 9.551743e+03 9.529590e+03
1.0 9.544441e+03 9.574199e+03 9.545348e+03 9.515591e+03
2.0 9.673290e+03 9.572229e+03 9.546452e+03 9.647513e+03
3.0 9.683845e+03 9.567521e+03 9.547029e+03 9.663352e+03
4.0 9.606381e+03 9.565252e+03 9.548200e+03 9.589329e+03
5.0 9.523049e+03 9.557368e+03 9.550525e+03 9.516206e+03
6.0 9.541032e+03 9.563186e+03 9.551743e+03 9.529590e+03
0.6 9.683845e+03 9.567521e+03 9.547029e+03 9.663352e+03
1.6 9.606381e+03 9.565252e+03 9.548200e+03 9.589329e+03
2.6 9.523049e+03 9.557368e+03 9.550525e+03 9.516206e+03
3.6 9.541032e+03 9.563186e+03 9.551743e+03 9.529590e+03
0.3 9.523049e+03 9.557368e+03 9.550525e+03 9.516206e+03
1.3 9.541032e+03 9.563186e+03 9.551743e+03 9.529590e+03
