0.5 6.372148e+03 6.185202e+03 6.234400e+03 6.421347e+03
1.5 6.076589e+03 6.103634e+03 6.234556e+03 6.207512e+03
2.5 5.937485e+03 6.026590e+03 6.236052e+03 6.146947e+03
3.5 6.019522e+03 6.098884e+03 6.289843e+03 6.210482e+03
4.5 6.138425e+03 6.154754e+03 6.289894e+03 6.273566e+03
5.5 6.270798e+03 6.202232e+03 6.261028e+03 6.329595e+03
6.5 6.315536e+03 6.220531e+03 6.234927e+03 6.329933e+03
7.5 6.370035e+03 6.307778e+03 6.234951e+03 6.297207e+03
0.1 6.202232e+03 6.325331e+03 6.233615e+03 6.110516e+03
1.1 6.370126e+03 6.313875e+03 6.233499e+03 6.289750e+03
2.1 6.287770e+03 6.349644e+03 6.233392e+03 6.171518e+03
3.1 6.412676e+03 6.399865e+03 6.266345e+03 6.279156e+03
4.1 6.670522e+03 6.447467e+03 6.315834e+03 6.538889e+03
5.1 6.304650e+03 6.375538e+03 6.310249e+03 6.239361e+03
6.1 6.216551e+03 6.243795e+03 6.255100e+03 6.227856e+03
7.1 6.177587e+03 6.128334e+03 6.233011e+03 6.282265e+03
0.5 6.082897e+03 6.065553e+03 6.232932e+03 6.250276e+03
1.5 6.112329e+03 5.995169e+03 6.232906e+03 6.350065e+03
2.5 6.091646e+03 5.930042e+03 6.234266e+03 6.395869e+03
3.5 6.064802e+03 6.013313e+03 6.287963e+03 6.339451e+03
4.5 6.140840e+03 6.082715e+03 6.287959e+03 6.346084e+03
5.5 6.072093e+03 6.140935e+03 6.259035e+03 6.190193e+03
6.5 6.161485e+03 6.167897e+03 6.232853e+03 6.226441e+03
7.5 6.313232e+03 6.262518e+03 6.232834e+03 6.283549e+03
0.1 6.236153e+03 6.318458e+03 6.232717e+03 6.150412e+03
1.1 6.199386e+03 6.309216e+03 6.232700e+03 6.122870e+03
2.1 6.206351e+03 6.343845e+03 6.232698e+03 6.095204e+03
3.1 6.313397e+03 6.394944e+03 6.264369e+03 6.182822e+03
4.1 6.555090e+03 6.446501e+03 6.315311e+03 6.423901e+03
5.1 6.400718e+03 6.374499e+03 6.311166e+03 6.337385e+03
6.1 6.433693e+03 6.245546e+03 6.256072e+03 6.444219e+03
7.1 6.103148e+03 6.129170e+03 6.232655e+03 6.206633e+03
0.5 5.979327e+03 6.064534e+03 6.232654e+03 6.147447e+03
1.5 5.978899e+03 5.992634e+03 6.232660e+03 6.218924e+03
2.5 5.986585e+03 5.927669e+03 6.234046e+03 6.292962e+03
3.5 6.049530e+03 6.012798e+03 6.287762e+03 6.324494e+03
4.5 6.236318e+03 6.085872e+03 6.287773e+03 6.438219e+03
5.5 6.089042e+03 6.144229e+03 6.258867e+03 6.203680e+03
6.5 6.142303e+03 6.171765e+03 6.232716e+03 6.203254e+03
7.5 6.099937e+03 6.266509e+03 6.232731e+03 6.066159e+03
0.0 6.372184e+03 6.331007e+03 6.232983e+03 6.274160e+03
1.0 6.345249e+03 6.309999e+03 6.233027e+03 6.268277e+03
2.0 6.405817e+03 6.340689e+03 6.233092e+03 6.298219e+03
3.0 6.437404e+03 6.392163e+03 6.262087e+03 6.307329e+03
4.0 6.441047e+03 6.450465e+03 6.315880e+03 6.306462e+03
5.0 6.214885e+03 6.377332e+03 6.314604e+03 6.152158e+03
6.0 6.002682e+03 6.253061e+03 6.259645e+03 6.009265e+03
7.0 6.081850e+03 6.134018e+03 6.233630e+03 6.181462e+03
0.5 5.997880e+03 6.064136e+03 6.234020e+03 6.167763e+03
1.5 6.066909e+03 5.991825e+03 6.234264e+03 6.309348e+03
2.5 5.856892e+03 5.926305e+03 6.235921e+03 6.166508e+03
3.5 5.884132e+03 6.008980e+03 6.289948e+03 6.165100e+03
4.5 5.962560e+03 6.081107e+03 6.290309e+03 6.171761e+03
5.5 6.036718e+03 6.139991e+03 6.261793e+03 6.158520e+03
6.5 6.142464e+03 6.164490e+03 6.236077e+03 6.214052e+03
7.5 6.329477e+03 6.257497e+03 6.236573e+03 6.308552e+03
