0.5 9.489106e+03 9.463371e+03 9.448359e+03 9.474094e+03
1.5 9.429804e+03 9.421289e+03 9.447654e+03 9.456169e+03
2.5 9.421150e+03 9.425160e+03 9.447042e+03 9.443032e+03
3.5 9.420808e+03 9.433982e+03 9.460292e+03 9.447118e+03
4.5 9.414181e+03 9.433369e+03 9.474337e+03 9.455149e+03
5.5 9.447789e+03 9.426136e+03 9.477568e+03 9.499221e+03
6.5 9.445405e+03 9.455529e+03 9.477235e+03 9.467112e+03
7.5 9.390207e+03 9.486096e+03 9.476967e+03 9.381079e+03
8.5 9.410820e+03 9.485509e+03 9.476758e+03 9.402069e+03
0.2 9.421150e+03 9.425160e+03 9.447042e+03 9.443032e+03
1.2 9.420808e+03 9.433982e+03 9.460292e+03 9.447118e+03
2.2 9.414181e+03 9.433369e+03 9.474337e+03 9.455149e+03
3.2 9.447789e+03 9.426136e+03 9.477568e+03 9.499221e+03
4.2 9.445405e+03 9.455529e+03 9.477235e+03 9.467112e+03
5.2 9.390207e+03 9.486096e+03 9.476967e+03 9.381079e+03
6.2 9.410820e+03 9.485509e+03 9.476758e+03 9.402069e+03
7.2 9.494555e+03 9.476610e+03 9.474426e+03 9.492372e+03
8.2 9.474942e+03 9.481703e+03 9.476491e+03 9.469730e+03
0.9 9.447789e+03 9.426136e+03 9.477568e+03 9.499221e+03
1.9 9.445405e+03 9.455529e+03 9.477235e+03 9.467112e+03
2.9 9.390207e+03 9.486096e+03 9.476967e+03 9.381079e+03
3.9 9.410820e+03 9.485509e+03 9.476758e+03 9.402069e+03
4.9 9.494555e+03 9.476610e+03 9.474426e+03 9.492372e+03
5.9 9.474942e+03 9.481703e+03 9.476491e+03 9.469730e+03
6.9 9.484201e+03 9.487235e+03 9.475696e+03 9.472662e+03
7.9 9.483367e+03 9.478544e+03 9.476388e+03 9.481211e+03
8.9 9.450896e+03 9.477201e+03 9.476384e+03 9.450079e+03
0.6 9.390207e+03 9.486096e+03 9.476967e+03 9.381079e+03
1.6 9.410820e+03 9.485509e+03 9.476758e+03 9.402069e+03
2.6 9.494555e+03 9.476610e+03 9.474426e+03 9.492372e+03
3.6 9.474942e+03 9.481703e+03 9.476491e+03 9.469730e+03
4.6 9.484201e+03 9.487235e+03 9.475696e+03 9.472662e+03
5.6 9.483367e+03 9.478544e+03 9.476388e+03 9.481211e+03
6.6 9.450896e+03 9.477201e+03 9.476384e+03 9.450079e+03
7.6 9.453051e+03 9.476011e+03 9.476406e+03 9.453447e+03
8.6 9.488016e+03 9.474962e+03 9.476449e+03 9.489503e+03
0.3 9.494555e+03 9.476610e+03 9.474426e+03 9.492372e+03
1.3 9.474942e+03 9.481703e+03 9.476491e+03 9.469730e+03
2.3 9.484201e+03 9.487235e+03 9.475696e+03 9.472662e+03
3.3 9.483367e+03 9.478544e+03 9.476388e+03 9.481211e+03
4.3 9.450896e+03 9.477201e+03 9.476384e+03 9.450079e+03
5.3 9.453051e+03 9.476011e+03 9.476406e+03 9.453447e+03
6.3 9.488016e+03 9.474962e+03 9.476449e+03 9.489503e+03
7.3 9.516833e+03 9.467007e+03 9.475780e+03 9.525606e+03
8.3 9.484632e+03 9.473250e+03 9.476571e+03 9.487953e+03
1.0 9.483367e+03 9.478544e+03 9.476388e+03 9.481211e+03
2.0 9.450896e+03 9.477201e+03 9.476384e+03 9.450079e+03
3.0 9.453051e+03 9.476011e+03 9.476406e+03 9.453447e+03
4.0 9.488016e+03 9.474962e+03 9.476449e+03 9.489503e+03
5.0 9.516833e+03 9.467007e+03 9.475780e+03 9.525606e+03
6.0 9.484632e+03 9.473250e+03 9.476571e+03 9.487953e+03
7.0 9.438905e+03 9.477111e+03 9.474468e+03 9.436262e+03
8.0 9.454797e+03 9.500410e+03 9.476719e+03 9.431106e+03
9.0 9.550616e+03 9.534716e+03 9.476795e+03 9.492695e+03
0.7 9.453051e+03 9.476011e+03 9.476406e+03 9.453447e+03
1.7 9.488016e+03 9.474962e+03 9.476449e+03 9.489503e+03
2.7 9.516833e+03 9.467007e+03 9.475780e+03 9.525606e+03
3.7 9.484632e+03 9.473250e+03 9.476571e+03 9.487953e+03
4.7 9.438905e+03 9.477111e+03 9.474468e+03 9.436262e+03
5.7 9.454797e+03 9.500410e+03 9.476719e+03 9.431106e+03
6.7 9.550616e+03 9.534716e+03 9.476795e+03 9.492695e+03
7.7 9.588529e+03 9.553654e+03 9.468892e+03 9.503767e+03
8.7 9.598364e+03 9.570895e+03 9.454459e+03 9.481928e+03
0.4 9.516833e+03 9.467007e+03 9.475780e+03 9.525606e+03
1.4 9.484632e+03 9.473250e+03 9.476571e+03 9.487953e+03
2.4 9.438905e+03 9.477111e+03 9.474468e+03 9.436262e+03
3.4 9.454797e+03 9.500410e+03 9.476719e+03 9.431106e+03
4.4 9.550616e+03 9.534716e+03 9.476795e+03 9.492695e+03
5.4 9.588529e+03 9.553654e+03 9.468892e+03 9.503767e+03
6.4 9.598364e+03 9.570895e+03 9.454459e+03 9.481928e+03
7.4 9.518091e+03 9.551394e+03 9.445096e+03 9.411793e+03
8.4 9.485753e+03 9.489543e+03 9.445153e+03 9.441363e+03
0.5 9.469004e+03 9.424649e+03 9.445305e+03 9.489660e+03
1.5 9.445227e+03 9.385889e+03 9.445323e+03 9.504662e+03
2.5 9.433875e+03 9.392879e+03 9.445335e+03 9.486331e+03
3.5 9.445524e+03 9.405955e+03 9.459479e+03 9.499048e+03
4.5 9.441946e+03 9.409040e+03 9.473983e+03 9.506888e+03
5.5 9.433229e+03 9.404750e+03 9.477247e+03 9.505726e+03
6.5 9.487521e+03 9.436506e+03 9.477248e+03 9.528263e+03
7.5 9.510658e+03 9.467963e+03 9.476886e+03 9.519581e+03
8.5 9.497159e+03 9.468687e+03 9.476887e+03 9.505359e+03
0.2 9.433875e+03 9.392879e+03 9.445335e+03 9.486331e+03
1.2 9.445524e+03 9.405955e+03 9.459479e+03 9.499048e+03
2.2 9.441946e+03 9.409040e+03 9.473983e+03 9.506888e+03
3.2 9.433229e+03 9.404750e+03 9.477247e+03 9.505726e+03
4.2 9.487521e+03 9.436506e+03 9.477248e+03 9.528263e+03
5.2 9.510658e+03 9.467963e+03 9.476886e+03 9.519581e+03
6.2 9.497159e+03 9.468687e+03 9.476887e+03 9.505359e+03
7.2 9.494997e+03 9.460295e+03 9.475075e+03 9.509777e+03
8.2 9.505444e+03 9.467138e+03 9.477254e+03 9.515560e+03
0.9 9.433229e+03 9.404750e+03 9.477247e+03 9.505726e+03
1.9 9.487521e+03 9.436506e+03 9.477248e+03 9.528263e+03
2.9 9.510658e+03 9.467963e+03 9.476886e+03 9.519581e+03
3.9 9.497159e+03 9.468687e+03 9.476887e+03 9.505359e+03
4.9 9.494997e+03 9.460295e+03 9.475075e+03 9.509777e+03
5.9 9.505444e+03 9.467138e+03 9.477254e+03 9.515560e+03
6.9 9.485168e+03 9.475256e+03 9.476535e+03 9.486447e+03
7.9 9.467863e+03 9.471151e+03 9.477632e+03 9.474344e+03
8.9 9.456376e+03 9.471110e+03 9.477645e+03 9.462912e+03
0.6 9.510658e+03 9.467963e+03 9.476886e+03 9.519581e+03
1.6 9.497159e+03 9.468687e+03 9.476887e+03 9.505359e+03
2.6 9.494997e+03 9.460295e+03 9.475075e+03 9.509777e+03
3.6 9.505444e+03 9.467138e+03 9.477254e+03 9.515560e+03
4.6 9.485168e+03 9.475256e+03 9.476535e+03 9.486447e+03
5.6 9.467863e+03 9.471151e+03 9.477632e+03 9.474344e+03
6.6 9.456376e+03 9.471110e+03 9.477645e+03 9.462912e+03
7.6 9.469101e+03 9.468795e+03 9.476570e+03 9.476876e+03
8.6 9.460922e+03 9.468765e+03 9.476581e+03 9.468739e+03
0.3 9.494997e+03 9.460295e+03 9.475075e+03 9.509777e+03
1.3 9.505444e+03 9.467138e+03 9.477254e+03 9.515560e+03
2.3 9.485168e+03 9.475256e+03 9.476535e+03 9.486447e+03
3.3 9.467863e+03 9.471151e+03 9.477632e+03 9.474344e+03
4.3 9.456376e+03 9.471110e+03 9.477645e+03 9.462912e+03
5.3 9.469101e+03 9.468795e+03 9.476570e+03 9.476876e+03
6.3 9.460922e+03 9.468765e+03 9.476581e+03 9.468739e+03
7.3 9.462452e+03 9.461282e+03 9.476232e+03 9.477401e+03
8.3 9.496408e+03 9.467085e+03 9.477328e+03 9.506651e+03
0.9 9.467863e+03 9.471151e+03 9.477632e+03 9.474344e+03
1.9 9.456376e+03 9.471110e+03 9.477645e+03 9.462912e+03
2.9 9.469101e+03 9.468795e+03 9.476570e+03 9.476876e+03
3.9 9.460922e+03 9.468765e+03 9.476581e+03 9.468739e+03
4.9 9.462452e+03 9.461282e+03 9.476232e+03 9.477401e+03
5.9 9.496408e+03 9.467085e+03 9.477328e+03 9.506651e+03
6.9 9.473735e+03 9.472269e+03 9.475526e+03 9.476992e+03
7.9 9.459646e+03 9.496357e+03 9.477351e+03 9.440641e+03
8.9 9.473722e+03 9.530854e+03 9.477364e+03 9.420232e+03
0.7 9.469101e+03 9.468795e+03 9.476570e+03 9.476876e+03
1.7 9.460922e+03 9.468765e+03 9.476581e+03 9.468739e+03
2.7 9.462452e+03 9.461282e+03 9.476232e+03 9.477401e+03
3.7 9.496408e+03 9.467085e+03 9.477328e+03 9.506651e+03
4.7 9.473735e+03 9.472269e+03 9.475526e+03 9.476992e+03
5.7 9.459646e+03 9.496357e+03 9.477351e+03 9.440641e+03
6.7 9.473722e+03 9.530854e+03 9.477364e+03 9.420232e+03
7.7 9.531044e+03 9.550674e+03 9.469766e+03 9.450136e+03
8.7 9.573409e+03 9.569167e+03 9.455282e+03 9.459524e+03
0.3 9.462452e+03 9.461282e+03 9.476232e+03 9.477401e+03
1.3 9.496408e+03 9.467085e+03 9.477328e+03 9.506651e+03
2.3 9.473735e+03 9.472269e+03 9.475526e+03 9.476992e+03
3.3 9.459646e+03 9.496357e+03 9.477351e+03 9.440641e+03
4.3 9.473722e+03 9.530854e+03 9.477364e+03 9.420232e+03
5.3 9.531044e+03 9.550674e+03 9.469766e+03 9.450136e+03
6.3 9.573409e+03 9.569167e+03 9.455282e+03 9.459524e+03
7.3 9.591282e+03 9.550479e+03 9.445508e+03 9.486311e+03
8.3 9.494675e+03 9.489685e+03 9.445519e+03 9.450509e+03
0.5 9.384517e+03 9.422886e+03 9.445525e+03 9.407156e+03
1.5 9.417755e+03 9.384248e+03 9.445516e+03 9.479023e+03
2.5 9.428867e+03 9.392338e+03 9.445506e+03 9.482035e+03
3.5 9.403183e+03 9.406873e+03 9.459996e+03 9.456306e+03
4.5 9.371591e+03 9.410062e+03 9.474483e+03 9.436012e+03
5.5 9.377879e+03 9.406930e+03 9.477003e+03 9.447952e+03
6.5 9.399616e+03 9.438785e+03 9.476985e+03 9.437815e+03
7.5 9.415139e+03 9.468187e+03 9.476240e+03 9.423192e+03
8.5 9.419366e+03 9.468195e+03 9.476221e+03 9.427391e+03
0.2 9.428867e+03 9.392338e+03 9.445506e+03 9.482035e+03
1.2 9.403183e+03 9.406873e+03 9.459996e+03 9.456306e+03
2.2 9.371591e+03 9.410062e+03 9.474483e+03 9.436012e+03
3.2 9.377879e+03 9.406930e+03 9.477003e+03 9.447952e+03
4.2 9.399616e+03 9.438785e+03 9.476985e+03 9.437815e+03
5.2 9.415139e+03 9.468187e+03 9.476240e+03 9.423192e+03
6.2 9.419366e+03 9.468195e+03 9.476221e+03 9.427391e+03
7.2 9.449194e+03 9.460871e+03 9.474389e+03 9.462712e+03
8.2 9.459094e+03 9.466386e+03 9.476909e+03 9.469617e+03
0.8 9.377879e+03 9.406930e+03 9.477003e+03 9.447952e+03
1.8 9.399616e+03 9.438785e+03 9.476985e+03 9.437815e+03
2.8 9.415139e+03 9.468187e+03 9.476240e+03 9.423192e+03
3.8 9.419366e+03 9.468195e+03 9.476221e+03 9.427391e+03
4.8 9.449194e+03 9.460871e+03 9.474389e+03 9.462712e+03
5.8 9.459094e+03 9.466386e+03 9.476909e+03 9.469617e+03
6.8 9.476036e+03 9.473336e+03 9.476890e+03 9.479591e+03
7.8 9.490096e+03 9.468384e+03 9.477233e+03 9.498945e+03
8.8 9.465009e+03 9.468417e+03 9.477212e+03 9.473804e+03
0.5 9.415139e+03 9.468187e+03 9.476240e+03 9.423192e+03
1.5 9.419366e+03 9.468195e+03 9.476221e+03 9.427391e+03
2.5 9.449194e+03 9.460871e+03 9.474389e+03 9.462712e+03
3.5 9.459094e+03 9.466386e+03 9.476909e+03 9.469617e+03
4.5 9.476036e+03 9.473336e+03 9.476890e+03 9.479591e+03
5.5 9.490096e+03 9.468384e+03 9.477233e+03 9.498945e+03
6.5 9.465009e+03 9.468417e+03 9.477212e+03 9.473804e+03
7.5 9.468154e+03 9.468449e+03 9.477194e+03 9.476900e+03
8.5 9.490705e+03 9.469277e+03 9.477177e+03 9.498606e+03
0.2 9.449194e+03 9.460871e+03 9.474389e+03 9.462712e+03
1.2 9.459094e+03 9.466386e+03 9.476909e+03 9.469617e+03
2.2 9.476036e+03 9.473336e+03 9.476890e+03 9.479591e+03
3.2 9.490096e+03 9.468384e+03 9.477233e+03 9.498945e+03
4.2 9.465009e+03 9.468417e+03 9.477212e+03 9.473804e+03
5.2 9.468154e+03 9.468449e+03 9.477194e+03 9.476900e+03
6.2 9.490705e+03 9.469277e+03 9.477177e+03 9.498606e+03
7.2 9.498408e+03 9.462002e+03 9.475348e+03 9.511754e+03
8.2 9.513821e+03 9.469427e+03 9.477143e+03 9.521537e+03
0.9 9.490096e+03 9.468384e+03 9.477233e+03 9.498945e+03
1.9 9.465009e+03 9.468417e+03 9.477212e+03 9.473804e+03
2.9 9.468154e+03 9.468449e+03 9.477194e+03 9.476900e+03
3.9 9.490705e+03 9.469277e+03 9.477177e+03 9.498606e+03
4.9 9.498408e+03 9.462002e+03 9.475348e+03 9.511754e+03
5.9 9.513821e+03 9.469427e+03 9.477143e+03 9.521537e+03
6.9 9.503925e+03 9.476066e+03 9.476035e+03 9.503894e+03
7.9 9.519761e+03 9.496027e+03 9.477097e+03 9.500831e+03
8.9 9.543315e+03 9.530103e+03 9.477066e+03 9.490278e+03
0.6 9.468154e+03 9.468449e+03 9.477194e+03 9.476900e+03
1.6 9.490705e+03 9.469277e+03 9.477177e+03 9.498606e+03
2.6 9.498408e+03 9.462002e+03 9.475348e+03 9.511754e+03
3.6 9.513821e+03 9.469427e+03 9.477143e+03 9.521537e+03
4.6 9.503925e+03 9.476066e+03 9.476035e+03 9.503894e+03
5.6 9.519761e+03 9.496027e+03 9.477097e+03 9.500831e+03
6.6 9.543315e+03 9.530103e+03 9.477066e+03 9.490278e+03
7.6 9.608957e+03 9.551042e+03 9.470140e+03 9.528055e+03
8.6 9.619403e+03 9.571543e+03 9.455590e+03 9.503450e+03
0.3 9.498408e+03 9.462002e+03 9.475348e+03 9.511754e+03
1.3 9.513821e+03 9.469427e+03 9.477143e+03 9.521537e+03
2.3 9.503925e+03 9.476066e+03 9.476035e+03 9.503894e+03
3.3 9.519761e+03 9.496027e+03 9.477097e+03 9.500831e+03
4.3 9.543315e+03 9.530103e+03 9.477066e+03 9.490278e+03
5.3 9.608957e+03 9.551042e+03 9.470140e+03 9.528055e+03
6.3 9.619403e+03 9.571543e+03 9.455590e+03 9.503450e+03
7.3 9.487393e+03 9.554119e+03 9.445014e+03 9.378289e+03
8.3 9.428479e+03 9.495174e+03 9.444934e+03 9.378239e+03
0.5 9.380553e+03 9.426353e+03 9.444376e+03 9.398575e+03
1.5 9.349616e+03 9.388084e+03 9.444163e+03 9.405695e+03
2.5 9.331140e+03 9.395562e+03 9.443916e+03 9.379494e+03
3.5 9.357690e+03 9.410477e+03 9.458133e+03 9.405346e+03
4.5 9.387848e+03 9.415031e+03 9.472310e+03 9.445127e+03
5.5 9.425725e+03 9.410648e+03 9.474844e+03 9.489922e+03
6.5 9.438958e+03 9.442848e+03 9.474434e+03 9.470543e+03
7.5 9.449016e+03 9.475692e+03 9.473615e+03 9.446939e+03
8.5 9.429369e+03 9.475968e+03 9.473113e+03 9.426514e+03
0.2 9.331140e+03 9.395562e+03 9.443916e+03 9.379494e+03
1.2 9.357690e+03 9.410477e+03 9.458133e+03 9.405346e+03
2.2 9.387848e+03 9.415031e+03 9.472310e+03 9.445127e+03
3.2 9.425725e+03 9.410648e+03 9.474844e+03 9.489922e+03
4.2 9.438958e+03 9.442848e+03 9.474434e+03 9.470543e+03
5.2 9.449016e+03 9.475692e+03 9.473615e+03 9.446939e+03
6.2 9.429369e+03 9.475968e+03 9.473113e+03 9.426514e+03
7.2 9.418937e+03 9.467063e+03 9.470751e+03 9.422625e+03
8.2 9.459184e+03 9.474525e+03 9.471966e+03 9.456625e+03
0.9 9.425725e+03 9.410648e+03 9.474844e+03 9.489922e+03
1.9 9.438958e+03 9.442848e+03 9.474434e+03 9.470543e+03
2.9 9.449016e+03 9.475692e+03 9.473615e+03 9.446939e+03
3.9 9.429369e+03 9.475968e+03 9.473113e+03 9.426514e+03
4.9 9.418937e+03 9.467063e+03 9.470751e+03 9.422625e+03
5.9 9.459184e+03 9.474525e+03 9.471966e+03 9.456625e+03
6.9 9.503278e+03 9.481746e+03 9.470599e+03 9.492131e+03
7.9 9.520490e+03 9.475835e+03 9.471009e+03 9.515665e+03
8.9 9.512666e+03 9.475672e+03 9.470296e+03 9.507290e+03
0.6 9.449016e+03 9.475692e+03 9.473615e+03 9.446939e+03
1.6 9.429369e+03 9.475968e+03 9.473113e+03 9.426514e+03
2.6 9.418937e+03 9.467063e+03 9.470751e+03 9.422625e+03
3.6 9.459184e+03 9.474525e+03 9.471966e+03 9.456625e+03
4.6 9.503278e+03 9.481746e+03 9.470599e+03 9.492131e+03
5.6 9.520490e+03 9.475835e+03 9.471009e+03 9.515665e+03
6.6 9.512666e+03 9.475672e+03 9.470296e+03 9.507290e+03
7.6 9.507405e+03 9.474896e+03 9.469178e+03 9.501688e+03
8.6 9.493584e+03 9.474627e+03 9.468383e+03 9.487340e+03
0.3 9.418937e+03 9.467063e+03 9.470751e+03 9.422625e+03
1.3 9.459184e+03 9.474525e+03 9.471966e+03 9.456625e+03
2.3 9.503278e+03 9.481746e+03 9.470599e+03 9.492131e+03
3.3 9.520490e+03 9.475835e+03 9.471009e+03 9.515665e+03
4.3 9.512666e+03 9.475672e+03 9.470296e+03 9.507290e+03
5.3 9.507405e+03 9.474896e+03 9.469178e+03 9.501688e+03
6.3 9.493584e+03 9.474627e+03 9.468383e+03 9.487340e+03
7.3 9.472150e+03 9.469187e+03 9.466825e+03 9.469787e+03
8.3 9.484266e+03 9.475294e+03 9.467044e+03 9.476016e+03
1.0 9.520490e+03 9.475835e+03 9.471009e+03 9.515665e+03
2.0 9.512666e+03 9.475672e+03 9.470296e+03 9.507290e+03
3.0 9.507405e+03 9.474896e+03 9.469178e+03 9.501688e+03
4.0 9.493584e+03 9.474627e+03 9.468383e+03 9.487340e+03
5.0 9.472150e+03 9.469187e+03 9.466825e+03 9.469787e+03
6.0 9.484266e+03 9.475294e+03 9.467044e+03 9.476016e+03
0.6 9.507405e+03 9.474896e+03 9.469178e+03 9.501688e+03
1.6 9.493584e+03 9.474627e+03 9.468383e+03 9.487340e+03
2.6 9.472150e+03 9.469187e+03 9.466825e+03 9.469787e+03
3.6 9.484266e+03 9.475294e+03 9.467044e+03 9.476016e+03
0.3 9.472150e+03 9.469187e+03 9.466825e+03 9.469787e+03
1.3 9.484266e+03 9.475294e+03 9.467044e+03 9.476016e+03
