0.5 6.076589e+03 6.103634e+03 6.333544e+03 6.306499e+03
1.5 5.937485e+03 6.026590e+03 6.265038e+03 6.175933e+03
2.5 6.019522e+03 6.098884e+03 6.216888e+03 6.137527e+03
3.5 6.138425e+03 6.154754e+03 6.213042e+03 6.196713e+03
4.5 6.270798e+03 6.202232e+03 6.222683e+03 6.291249e+03
5.5 6.315536e+03 6.220531e+03 6.211646e+03 6.306651e+03
6.5 6.370035e+03 6.307778e+03 6.210722e+03 6.272978e+03
7.5 6.238508e+03 6.363130e+03 6.209682e+03 6.085060e+03
8.5 6.198961e+03 6.361655e+03 6.208552e+03 6.045858e+03
0.2 6.019522e+03 6.098884e+03 6.216888e+03 6.137527e+03
1.2 6.138425e+03 6.154754e+03 6.213042e+03 6.196713e+03
2.2 6.270798e+03 6.202232e+03 6.222683e+03 6.291249e+03
3.2 6.315536e+03 6.220531e+03 6.211646e+03 6.306651e+03
4.2 6.370035e+03 6.307778e+03 6.210722e+03 6.272978e+03
5.2 6.238508e+03 6.363130e+03 6.209682e+03 6.085060e+03
6.2 6.198961e+03 6.361655e+03 6.208552e+03 6.045858e+03
7.2 6.447645e+03 6.330925e+03 6.207355e+03 6.324074e+03
8.2 6.354371e+03 6.351249e+03 6.206113e+03 6.209235e+03
0.9 6.315536e+03 6.220531e+03 6.211646e+03 6.306651e+03
1.9 6.370035e+03 6.307778e+03 6.210722e+03 6.272978e+03
2.9 6.238508e+03 6.363130e+03 6.209682e+03 6.085060e+03
3.9 6.198961e+03 6.361655e+03 6.208552e+03 6.045858e+03
4.9 6.447645e+03 6.330925e+03 6.207355e+03 6.324074e+03
5.9 6.354371e+03 6.351249e+03 6.206113e+03 6.209235e+03
6.9 6.403783e+03 6.356988e+03 6.218511e+03 6.265306e+03
7.9 6.324625e+03 6.343259e+03 6.203548e+03 6.184914e+03
8.9 6.283540e+03 6.340096e+03 6.202273e+03 6.145717e+03
0.6 6.238508e+03 6.363130e+03 6.209682e+03 6.085060e+03
1.6 6.198961e+03 6.361655e+03 6.208552e+03 6.045858e+03
2.6 6.447645e+03 6.330925e+03 6.207355e+03 6.324074e+03
3.6 6.354371e+03 6.351249e+03 6.206113e+03 6.209235e+03
4.6 6.403783e+03 6.356988e+03 6.218511e+03 6.265306e+03
5.6 6.324625e+03 6.343259e+03 6.203548e+03 6.184914e+03
6.6 6.283540e+03 6.340096e+03 6.202273e+03 6.145717e+03
7.6 6.324038e+03 6.337423e+03 6.201036e+03 6.187651e+03
8.6 6.330402e+03 6.335185e+03 6.199851e+03 6.195068e+03
0.3 6.447645e+03 6.330925e+03 6.207355e+03 6.324074e+03
1.3 6.354371e+03 6.351249e+03 6.206113e+03 6.209235e+03
2.3 6.403783e+03 6.356988e+03 6.218511e+03 6.265306e+03
3.3 6.324625e+03 6.343259e+03 6.203548e+03 6.184914e+03
4.3 6.283540e+03 6.340096e+03 6.202273e+03 6.145717e+03
5.3 6.324038e+03 6.337423e+03 6.201036e+03 6.187651e+03
6.3 6.330402e+03 6.335185e+03 6.199851e+03 6.195068e+03
7.3 6.419116e+03 6.310688e+03 6.198727e+03 6.307155e+03
8.3 6.388301e+03 6.331810e+03 6.197673e+03 6.254164e+03
1.0 6.324625e+03 6.343259e+03 6.203548e+03 6.184914e+03
2.0 6.283540e+03 6.340096e+03 6.202273e+03 6.145717e+03
3.0 6.324038e+03 6.337423e+03 6.201036e+03 6.187651e+03
4.0 6.330402e+03 6.335185e+03 6.199851e+03 6.195068e+03
5.0 6.419116e+03 6.310688e+03 6.198727e+03 6.307155e+03
6.0 6.388301e+03 6.331810e+03 6.197673e+03 6.254164e+03
7.0 6.202232e+03 6.325331e+03 6.210370e+03 6.087271e+03
8.0 6.370126e+03 6.313875e+03 6.267583e+03 6.323834e+03
9.0 6.287770e+03 6.349644e+03 6.335136e+03 6.273263e+03
0.7 6.324038e+03 6.337423e+03 6.201036e+03 6.187651e+03
1.7 6.330402e+03 6.335185e+03 6.199851e+03 6.195068e+03
2.7 6.419116e+03 6.310688e+03 6.198727e+03 6.307155e+03
3.7 6.388301e+03 6.331810e+03 6.197673e+03 6.254164e+03
4.7 6.202232e+03 6.325331e+03 6.210370e+03 6.087271e+03
5.7 6.370126e+03 6.313875e+03 6.267583e+03 6.323834e+03
6.7 6.287770e+03 6.349644e+03 6.335136e+03 6.273263e+03
7.7 6.412676e+03 6.399865e+03 6.344669e+03 6.357480e+03
8.7 6.670522e+03 6.447467e+03 6.344031e+03 6.567086e+03
0.4 6.419116e+03 6.310688e+03 6.198727e+03 6.307155e+03
1.4 6.388301e+03 6.331810e+03 6.197673e+03 6.254164e+03
2.4 6.202232e+03 6.325331e+03 6.210370e+03 6.087271e+03
3.4 6.370126e+03 6.313875e+03 6.267583e+03 6.323834e+03
4.4 6.287770e+03 6.349644e+03 6.335136e+03 6.273263e+03
5.4 6.412676e+03 6.399865e+03 6.344669e+03 6.357480e+03
6.4 6.670522e+03 6.447467e+03 6.344031e+03 6.567086e+03
7.4 6.304650e+03 6.375538e+03 6.343478e+03 6.272590e+03
8.4 6.216551e+03 6.243795e+03 6.343005e+03 6.315761e+03
0.5 6.112329e+03 5.995169e+03 6.309342e+03 6.426502e+03
1.5 6.091646e+03 5.930042e+03 6.240825e+03 6.402428e+03
2.5 6.064802e+03 6.013313e+03 6.192846e+03 6.244334e+03
3.5 6.140840e+03 6.082715e+03 6.191026e+03 6.249151e+03
4.5 6.072093e+03 6.140935e+03 6.202897e+03 6.134055e+03
5.5 6.161485e+03 6.167897e+03 6.192565e+03 6.186154e+03
6.5 6.313232e+03 6.262518e+03 6.192496e+03 6.243210e+03
7.5 6.442248e+03 6.321040e+03 6.190720e+03 6.311928e+03
8.5 6.482763e+03 6.323247e+03 6.190651e+03 6.350167e+03
0.2 6.064802e+03 6.013313e+03 6.192846e+03 6.244334e+03
1.2 6.140840e+03 6.082715e+03 6.191026e+03 6.249151e+03
2.2 6.072093e+03 6.140935e+03 6.202897e+03 6.134055e+03
3.2 6.161485e+03 6.167897e+03 6.192565e+03 6.186154e+03
4.2 6.313232e+03 6.262518e+03 6.192496e+03 6.243210e+03
5.2 6.442248e+03 6.321040e+03 6.190720e+03 6.311928e+03
6.2 6.482763e+03 6.323247e+03 6.190651e+03 6.350167e+03
7.2 6.356833e+03 6.295631e+03 6.188866e+03 6.250067e+03
8.2 6.373512e+03 6.320703e+03 6.188780e+03 6.241589e+03
0.9 6.161485e+03 6.167897e+03 6.192565e+03 6.186154e+03
1.9 6.313232e+03 6.262518e+03 6.192496e+03 6.243210e+03
2.9 6.442248e+03 6.321040e+03 6.190720e+03 6.311928e+03
3.9 6.482763e+03 6.323247e+03 6.190651e+03 6.350167e+03
4.9 6.356833e+03 6.295631e+03 6.188866e+03 6.250067e+03
5.9 6.373512e+03 6.320703e+03 6.188780e+03 6.241589e+03
6.9 6.362231e+03 6.332338e+03 6.204072e+03 6.233966e+03
7.9 6.414993e+03 6.329893e+03 6.193736e+03 6.278836e+03
8.9 6.214904e+03 6.329862e+03 6.193660e+03 6.078703e+03
0.6 6.442248e+03 6.321040e+03 6.190720e+03 6.311928e+03
1.6 6.482763e+03 6.323247e+03 6.190651e+03 6.350167e+03
2.6 6.356833e+03 6.295631e+03 6.188866e+03 6.250067e+03
3.6 6.373512e+03 6.320703e+03 6.188780e+03 6.241589e+03
4.6 6.362231e+03 6.332338e+03 6.204072e+03 6.233966e+03
5.6 6.414993e+03 6.329893e+03 6.193736e+03 6.278836e+03
6.6 6.214904e+03 6.329862e+03 6.193660e+03 6.078703e+03
7.6 6.301971e+03 6.323321e+03 6.190162e+03 6.168812e+03
8.6 6.289195e+03 6.323326e+03 6.190074e+03 6.155942e+03
0.3 6.356833e+03 6.295631e+03 6.188866e+03 6.250067e+03
1.3 6.373512e+03 6.320703e+03 6.188780e+03 6.241589e+03
2.3 6.362231e+03 6.332338e+03 6.204072e+03 6.233966e+03
3.3 6.414993e+03 6.329893e+03 6.193736e+03 6.278836e+03
4.3 6.214904e+03 6.329862e+03 6.193660e+03 6.078703e+03
5.3 6.301971e+03 6.323321e+03 6.190162e+03 6.168812e+03
6.3 6.289195e+03 6.323326e+03 6.190074e+03 6.155942e+03
7.3 6.222255e+03 6.300171e+03 6.189988e+03 6.112072e+03
8.3 6.271316e+03 6.319889e+03 6.189928e+03 6.141355e+03
0.9 6.414993e+03 6.329893e+03 6.193736e+03 6.278836e+03
1.9 6.214904e+03 6.329862e+03 6.193660e+03 6.078703e+03
2.9 6.301971e+03 6.323321e+03 6.190162e+03 6.168812e+03
3.9 6.289195e+03 6.323326e+03 6.190074e+03 6.155942e+03
4.9 6.222255e+03 6.300171e+03 6.189988e+03 6.112072e+03
5.9 6.271316e+03 6.319889e+03 6.189928e+03 6.141355e+03
6.9 6.236153e+03 6.318458e+03 6.203533e+03 6.121228e+03
7.9 6.199386e+03 6.309216e+03 6.259853e+03 6.150023e+03
8.9 6.206351e+03 6.343845e+03 6.328135e+03 6.190641e+03
0.7 6.301971e+03 6.323321e+03 6.190162e+03 6.168812e+03
1.7 6.289195e+03 6.323326e+03 6.190074e+03 6.155942e+03
2.7 6.222255e+03 6.300171e+03 6.189988e+03 6.112072e+03
3.7 6.271316e+03 6.319889e+03 6.189928e+03 6.141355e+03
4.7 6.236153e+03 6.318458e+03 6.203533e+03 6.121228e+03
5.7 6.199386e+03 6.309216e+03 6.259853e+03 6.150023e+03
6.7 6.206351e+03 6.343845e+03 6.328135e+03 6.190641e+03
7.7 6.313397e+03 6.394944e+03 6.340035e+03 6.258489e+03
8.7 6.555090e+03 6.446501e+03 6.339988e+03 6.448578e+03
0.3 6.222255e+03 6.300171e+03 6.189988e+03 6.112072e+03
1.3 6.271316e+03 6.319889e+03 6.189928e+03 6.141355e+03
2.3 6.236153e+03 6.318458e+03 6.203533e+03 6.121228e+03
3.3 6.199386e+03 6.309216e+03 6.259853e+03 6.150023e+03
4.3 6.206351e+03 6.343845e+03 6.328135e+03 6.190641e+03
5.3 6.313397e+03 6.394944e+03 6.340035e+03 6.258489e+03
6.3 6.555090e+03 6.446501e+03 6.339988e+03 6.448578e+03
7.3 6.400718e+03 6.374499e+03 6.339960e+03 6.366179e+03
8.3 6.433693e+03 6.245546e+03 6.339952e+03 6.528099e+03
0.5 5.978899e+03 5.992634e+03 6.305935e+03 6.292199e+03
1.5 5.986585e+03 5.927669e+03 6.237658e+03 6.296574e+03
2.5 6.049530e+03 6.012798e+03 6.191597e+03 6.228329e+03
3.5 6.236318e+03 6.085872e+03 6.191690e+03 6.342136e+03
4.5 6.089042e+03 6.144229e+03 6.203752e+03 6.148565e+03
5.5 6.142303e+03 6.171765e+03 6.195310e+03 6.165847e+03
6.5 6.099937e+03 6.266509e+03 6.195415e+03 6.028842e+03
7.5 6.123364e+03 6.319217e+03 6.192101e+03 5.996248e+03
8.5 6.201320e+03 6.319109e+03 6.192208e+03 6.074419e+03
0.2 6.049530e+03 6.012798e+03 6.191597e+03 6.228329e+03
1.2 6.236318e+03 6.085872e+03 6.191690e+03 6.342136e+03
2.2 6.089042e+03 6.144229e+03 6.203752e+03 6.148565e+03
3.2 6.142303e+03 6.171765e+03 6.195310e+03 6.165847e+03
4.2 6.099937e+03 6.266509e+03 6.195415e+03 6.028842e+03
5.2 6.123364e+03 6.319217e+03 6.192101e+03 5.996248e+03
6.2 6.201320e+03 6.319109e+03 6.192208e+03 6.074419e+03
7.2 6.214886e+03 6.293246e+03 6.192326e+03 6.113966e+03
8.2 6.373084e+03 6.316094e+03 6.190746e+03 6.247735e+03
0.8 6.142303e+03 6.171765e+03 6.195310e+03 6.165847e+03
1.8 6.099937e+03 6.266509e+03 6.195415e+03 6.028842e+03
2.8 6.123364e+03 6.319217e+03 6.192101e+03 5.996248e+03
3.8 6.201320e+03 6.319109e+03 6.192208e+03 6.074419e+03
4.8 6.214886e+03 6.293246e+03 6.192326e+03 6.113966e+03
5.8 6.373084e+03 6.316094e+03 6.190746e+03 6.247735e+03
6.8 6.292095e+03 6.327978e+03 6.202835e+03 6.166951e+03
7.8 6.523004e+03 6.322534e+03 6.190994e+03 6.391465e+03
8.8 6.304437e+03 6.322480e+03 6.191119e+03 6.173077e+03
0.5 6.123364e+03 6.319217e+03 6.192101e+03 5.996248e+03
1.5 6.201320e+03 6.319109e+03 6.192208e+03 6.074419e+03
2.5 6.214886e+03 6.293246e+03 6.192326e+03 6.113966e+03
3.5 6.373084e+03 6.316094e+03 6.190746e+03 6.247735e+03
4.5 6.292095e+03 6.327978e+03 6.202835e+03 6.166951e+03
5.5 6.523004e+03 6.322534e+03 6.190994e+03 6.391465e+03
6.5 6.304437e+03 6.322480e+03 6.191119e+03 6.173077e+03
7.5 6.296513e+03 6.322422e+03 6.191251e+03 6.165343e+03
8.5 6.305604e+03 6.324748e+03 6.191398e+03 6.172254e+03
0.2 6.214886e+03 6.293246e+03 6.192326e+03 6.113966e+03
1.2 6.373084e+03 6.316094e+03 6.190746e+03 6.247735e+03
2.2 6.292095e+03 6.327978e+03 6.202835e+03 6.166951e+03
3.2 6.523004e+03 6.322534e+03 6.190994e+03 6.391465e+03
4.2 6.304437e+03 6.322480e+03 6.191119e+03 6.173077e+03
5.2 6.296513e+03 6.322422e+03 6.191251e+03 6.165343e+03
6.2 6.305604e+03 6.324748e+03 6.191398e+03 6.172254e+03
7.2 6.411281e+03 6.298988e+03 6.191567e+03 6.303859e+03
8.2 6.454443e+03 6.324759e+03 6.191766e+03 6.321450e+03
0.9 6.523004e+03 6.322534e+03 6.190994e+03 6.391465e+03
1.9 6.304437e+03 6.322480e+03 6.191119e+03 6.173077e+03
2.9 6.296513e+03 6.322422e+03 6.191251e+03 6.165343e+03
3.9 6.305604e+03 6.324748e+03 6.191398e+03 6.172254e+03
4.9 6.411281e+03 6.298988e+03 6.191567e+03 6.303859e+03
5.9 6.454443e+03 6.324759e+03 6.191766e+03 6.321450e+03
6.9 6.372184e+03 6.331007e+03 6.205672e+03 6.246849e+03
7.9 6.345249e+03 6.309999e+03 6.258925e+03 6.294175e+03
8.9 6.405817e+03 6.340689e+03 6.327617e+03 6.392745e+03
0.6 6.296513e+03 6.322422e+03 6.191251e+03 6.165343e+03
1.6 6.305604e+03 6.324748e+03 6.191398e+03 6.172254e+03
2.6 6.411281e+03 6.298988e+03 6.191567e+03 6.303859e+03
3.6 6.454443e+03 6.324759e+03 6.191766e+03 6.321450e+03
4.6 6.372184e+03 6.331007e+03 6.205672e+03 6.246849e+03
5.6 6.345249e+03 6.309999e+03 6.258925e+03 6.294175e+03
6.6 6.405817e+03 6.340689e+03 6.327617e+03 6.392745e+03
7.6 6.437404e+03 6.392163e+03 6.343410e+03 6.388652e+03
8.6 6.441047e+03 6.450465e+03 6.343914e+03 6.334496e+03
0.3 6.411281e+03 6.298988e+03 6.191567e+03 6.303859e+03
1.3 6.454443e+03 6.324759e+03 6.191766e+03 6.321450e+03
2.3 6.372184e+03 6.331007e+03 6.205672e+03 6.246849e+03
3.3 6.345249e+03 6.309999e+03 6.258925e+03 6.294175e+03
4.3 6.405817e+03 6.340689e+03 6.327617e+03 6.392745e+03
5.3 6.437404e+03 6.392163e+03 6.343410e+03 6.388652e+03
6.3 6.441047e+03 6.450465e+03 6.343914e+03 6.334496e+03
7.3 6.214885e+03 6.377332e+03 6.344519e+03 6.182072e+03
8.3 6.002682e+03 6.253061e+03 6.345236e+03 6.094857e+03
0.5 6.066909e+03 5.991825e+03 6.315275e+03 6.390359e+03
1.5 5.856892e+03 5.926305e+03 6.248353e+03 6.178940e+03
2.5 5.884132e+03 6.008980e+03 6.202109e+03 6.077261e+03
3.5 5.962560e+03 6.081107e+03 6.203892e+03 6.085344e+03
4.5 6.036718e+03 6.139991e+03 6.219526e+03 6.116252e+03
5.5 6.142464e+03 6.164490e+03 6.209706e+03 6.187680e+03
6.5 6.329477e+03 6.257497e+03 6.212031e+03 6.284011e+03
7.5 6.331591e+03 6.315745e+03 6.214538e+03 6.230383e+03
8.5 6.329707e+03 6.313195e+03 6.217217e+03 6.233729e+03
0.2 5.884132e+03 6.008980e+03 6.202109e+03 6.077261e+03
1.2 5.962560e+03 6.081107e+03 6.203892e+03 6.085344e+03
2.2 6.036718e+03 6.139991e+03 6.219526e+03 6.116252e+03
3.2 6.142464e+03 6.164490e+03 6.209706e+03 6.187680e+03
4.2 6.329477e+03 6.257497e+03 6.212031e+03 6.284011e+03
5.2 6.331591e+03 6.315745e+03 6.214538e+03 6.230383e+03
6.2 6.329707e+03 6.313195e+03 6.217217e+03 6.233729e+03
7.2 6.091121e+03 6.280417e+03 6.218337e+03 6.029041e+03
8.2 6.223624e+03 6.302783e+03 6.221291e+03 6.142132e+03
0.9 6.142464e+03 6.164490e+03 6.209706e+03 6.187680e+03
1.9 6.329477e+03 6.257497e+03 6.212031e+03 6.284011e+03
2.9 6.331591e+03 6.315745e+03 6.214538e+03 6.230383e+03
3.9 6.329707e+03 6.313195e+03 6.217217e+03 6.233729e+03
4.9 6.091121e+03 6.280417e+03 6.218337e+03 6.029041e+03
5.9 6.223624e+03 6.302783e+03 6.221291e+03 6.142132e+03
6.9 6.300515e+03 6.308941e+03 6.238055e+03 6.229629e+03
7.9 6.296119e+03 6.298092e+03 6.229317e+03 6.227344e+03
8.9 6.338565e+03 6.293294e+03 6.232665e+03 6.277936e+03
0.6 6.331591e+03 6.315745e+03 6.214538e+03 6.230383e+03
1.6 6.329707e+03 6.313195e+03 6.217217e+03 6.233729e+03
2.6 6.091121e+03 6.280417e+03 6.218337e+03 6.029041e+03
3.6 6.223624e+03 6.302783e+03 6.221291e+03 6.142132e+03
4.6 6.300515e+03 6.308941e+03 6.238055e+03 6.229629e+03
5.6 6.296119e+03 6.298092e+03 6.229317e+03 6.227344e+03
6.6 6.338565e+03 6.293294e+03 6.232665e+03 6.277936e+03
7.6 6.286097e+03 6.286969e+03 6.234413e+03 6.233540e+03
8.6 6.388436e+03 6.281461e+03 6.237964e+03 6.344939e+03
0.3 6.091121e+03 6.280417e+03 6.218337e+03 6.029041e+03
1.3 6.223624e+03 6.302783e+03 6.221291e+03 6.142132e+03
2.3 6.300515e+03 6.308941e+03 6.238055e+03 6.229629e+03
3.3 6.296119e+03 6.298092e+03 6.229317e+03 6.227344e+03
4.3 6.338565e+03 6.293294e+03 6.232665e+03 6.277936e+03
5.3 6.286097e+03 6.286969e+03 6.234413e+03 6.233540e+03
6.3 6.388436e+03 6.281461e+03 6.237964e+03 6.344939e+03
7.3 6.372411e+03 6.256286e+03 6.245013e+03 6.361138e+03
8.3 6.345443e+03 6.272039e+03 6.248704e+03 6.322109e+03
1.0 6.296119e+03 6.298092e+03 6.229317e+03 6.227344e+03
2.0 6.338565e+03 6.293294e+03 6.232665e+03 6.277936e+03
3.0 6.286097e+03 6.286969e+03 6.234413e+03 6.233540e+03
4.0 6.388436e+03 6.281461e+03 6.237964e+03 6.344939e+03
5.0 6.372411e+03 6.256286e+03 6.245013e+03 6.361138e+03
6.0 6.345443e+03 6.272039e+03 6.248704e+03 6.322109e+03
0.6 6.286097e+03 6.286969e+03 6.234413e+03 6.233540e+03
1.6 6.388436e+03 6.281461e+03 6.237964e+03 6.344939e+03
2.6 6.372411e+03 6.256286e+03 6.245013e+03 6.361138e+03
3.6 6.345443e+03 6.272039e+03 6.248704e+03 6.322109e+03
0.3 6.372411e+03 6.256286e+03 6.245013e+03 6.361138e+03
1.3 6.345443e+03 6.272039e+03 6.248704e+03 6.322109e+03
