0.5 6.372148e+03 6.185202e+03 6.226216e+03 6.413163e+03
1.5 6.076589e+03 6.103634e+03 6.187598e+03 6.160554e+03
2.5 5.937485e+03 6.026590e+03 6.188862e+03 6.099757e+03
3.5 6.019522e+03 6.098884e+03 6.265688e+03 6.186327e+03
4.5 6.138425e+03 6.154754e+03 6.265044e+03 6.248716e+03
5.5 6.270798e+03 6.202232e+03 6.264560e+03 6.333127e+03
6.5 6.315536e+03 6.220531e+03 6.264234e+03 6.359239e+03
7.5 6.370035e+03 6.307778e+03 6.263981e+03 6.326237e+03
0.1 6.202232e+03 6.325331e+03 6.255799e+03 6.132700e+03
1.1 6.370126e+03 6.313875e+03 6.176312e+03 6.232564e+03
2.1 6.287770e+03 6.349644e+03 6.144541e+03 6.082667e+03
3.1 6.412676e+03 6.399865e+03 6.192297e+03 6.205109e+03
4.1 6.670522e+03 6.447467e+03 6.263906e+03 6.486961e+03
5.1 6.304650e+03 6.375538e+03 6.263924e+03 6.193036e+03
6.1 6.216551e+03 6.243795e+03 6.263932e+03 6.236689e+03
7.1 6.177587e+03 6.128334e+03 6.263932e+03 6.313185e+03
0.5 6.082897e+03 6.065553e+03 6.222151e+03 6.239496e+03
1.5 6.112329e+03 5.995169e+03 6.184349e+03 6.301509e+03
2.5 6.091646e+03 5.930042e+03 6.186310e+03 6.347913e+03
3.5 6.064802e+03 6.013313e+03 6.263847e+03 6.315335e+03
4.5 6.140840e+03 6.082715e+03 6.263847e+03 6.321973e+03
5.5 6.072093e+03 6.140935e+03 6.263843e+03 6.195001e+03
6.5 6.161485e+03 6.167897e+03 6.263822e+03 6.257410e+03
7.5 6.313232e+03 6.262518e+03 6.263802e+03 6.314516e+03
0.1 6.236153e+03 6.318458e+03 6.257876e+03 6.175571e+03
1.1 6.199386e+03 6.309216e+03 6.178337e+03 6.068507e+03
2.1 6.206351e+03 6.343845e+03 6.144550e+03 6.007055e+03
3.1 6.313397e+03 6.394944e+03 6.190294e+03 6.108747e+03
4.1 6.555090e+03 6.446501e+03 6.263870e+03 6.372460e+03
5.1 6.400718e+03 6.374499e+03 6.263869e+03 6.290089e+03
6.1 6.433693e+03 6.245546e+03 6.263863e+03 6.452010e+03
7.1 6.103148e+03 6.129170e+03 6.263851e+03 6.237830e+03
0.5 5.979327e+03 6.064534e+03 6.222056e+03 6.136849e+03
1.5 5.978899e+03 5.992634e+03 6.184249e+03 6.170513e+03
2.5 5.986585e+03 5.927669e+03 6.186207e+03 6.245123e+03
3.5 6.049530e+03 6.012798e+03 6.263725e+03 6.300457e+03
4.5 6.236318e+03 6.085872e+03 6.263693e+03 6.414139e+03
5.5 6.089042e+03 6.144229e+03 6.263659e+03 6.208473e+03
6.5 6.142303e+03 6.171765e+03 6.263624e+03 6.234161e+03
7.5 6.099937e+03 6.266509e+03 6.263588e+03 6.097016e+03
0.0 6.372184e+03 6.331007e+03 6.260876e+03 6.302053e+03
1.0 6.345249e+03 6.309999e+03 6.181205e+03 6.216455e+03
2.0 6.405817e+03 6.340689e+03 6.143283e+03 6.208410e+03
3.0 6.437404e+03 6.392163e+03 6.184869e+03 6.230110e+03
4.0 6.441047e+03 6.450465e+03 6.262215e+03 6.252796e+03
5.0 6.214885e+03 6.377332e+03 6.261978e+03 6.099532e+03
6.0 6.002682e+03 6.253061e+03 6.261704e+03 6.011325e+03
7.0 6.081850e+03 6.134018e+03 6.261390e+03 6.209222e+03
0.5 5.997880e+03 6.064136e+03 6.218872e+03 6.152615e+03
1.5 6.066909e+03 5.991825e+03 6.180639e+03 6.255723e+03
2.5 5.856892e+03 5.926305e+03 6.182125e+03 6.112712e+03
3.5 5.884132e+03 6.008980e+03 6.259118e+03 6.134270e+03
4.5 5.962560e+03 6.081107e+03 6.258509e+03 6.139962e+03
5.5 6.036718e+03 6.139991e+03 6.257846e+03 6.154572e+03
6.5 6.142464e+03 6.164490e+03 6.257128e+03 6.235102e+03
7.5 6.329477e+03 6.257497e+03 6.256355e+03 6.328335e+03
