0.5 8.430001e+03 8.387904e+03 8.461678e+03 8.503776e+03
1.5 8.438837e+03 8.449711e+03 8.461646e+03 8.450771e+03
2.5 8.515848e+03 8.504907e+03 8.461611e+03 8.472552e+03
3.5 8.512307e+03 8.481143e+03 8.461574e+03 8.492738e+03
4.5 8.482452e+03 8.464175e+03 8.461534e+03 8.479811e+03
5.5 8.424073e+03 8.440192e+03 8.472829e+03 8.456710e+03
6.5 8.483816e+03 8.459253e+03 8.483041e+03 8.507604e+03
7.5 8.456892e+03 8.482785e+03 8.482452e+03 8.456559e+03
0.1 8.444666e+03 8.484376e+03 8.460678e+03 8.420968e+03
1.1 8.466350e+03 8.509881e+03 8.460617e+03 8.417086e+03
2.1 8.448379e+03 8.483971e+03 8.460560e+03 8.424967e+03
3.1 8.526461e+03 8.448124e+03 8.460506e+03 8.538843e+03
4.1 8.448608e+03 8.410630e+03 8.460456e+03 8.498434e+03
5.1 8.455977e+03 8.420787e+03 8.462570e+03 8.497760e+03
6.1 8.437088e+03 8.411027e+03 8.484124e+03 8.510185e+03
7.1 8.389511e+03 8.391521e+03 8.492726e+03 8.490716e+03
0.5 8.390753e+03 8.396125e+03 8.460272e+03 8.454900e+03
1.5 8.480413e+03 8.459702e+03 8.460249e+03 8.480959e+03
2.5 8.493357e+03 8.515113e+03 8.460230e+03 8.438473e+03
3.5 8.501042e+03 8.491391e+03 8.460214e+03 8.469866e+03
4.5 8.467267e+03 8.472443e+03 8.460203e+03 8.455027e+03
5.5 8.430867e+03 8.446951e+03 8.471533e+03 8.455449e+03
6.5 8.423029e+03 8.467001e+03 8.481786e+03 8.437813e+03
7.5 8.487984e+03 8.490314e+03 8.481243e+03 8.478913e+03
0.1 8.468658e+03 8.484206e+03 8.460144e+03 8.444596e+03
1.1 8.468508e+03 8.512500e+03 8.460139e+03 8.416148e+03
2.1 8.473321e+03 8.488176e+03 8.460134e+03 8.445279e+03
3.1 8.477166e+03 8.451706e+03 8.460130e+03 8.485589e+03
4.1 8.273300e+03 8.412296e+03 8.460128e+03 8.321132e+03
5.1 8.569747e+03 8.422468e+03 8.461749e+03 8.609028e+03
6.1 8.455040e+03 8.413084e+03 8.483345e+03 8.525301e+03
7.1 8.390636e+03 8.393635e+03 8.492519e+03 8.489520e+03
0.5 8.391009e+03 8.397312e+03 8.460121e+03 8.453819e+03
1.5 8.425015e+03 8.462175e+03 8.460121e+03 8.422961e+03
2.5 8.533025e+03 8.517462e+03 8.460123e+03 8.475686e+03
3.5 8.533132e+03 8.492222e+03 8.460125e+03 8.501035e+03
4.5 8.470285e+03 8.471242e+03 8.460128e+03 8.459171e+03
5.5 8.447795e+03 8.445668e+03 8.471470e+03 8.473597e+03
6.5 8.439956e+03 8.465853e+03 8.481733e+03 8.455836e+03
7.5 8.500298e+03 8.489088e+03 8.481199e+03 8.492409e+03
0.0 8.538483e+03 8.480065e+03 8.460209e+03 8.518627e+03
1.0 8.619813e+03 8.510960e+03 8.460211e+03 8.569063e+03
2.0 8.517936e+03 8.490351e+03 8.460214e+03 8.487799e+03
3.0 8.503718e+03 8.453116e+03 8.460220e+03 8.510822e+03
4.0 8.261169e+03 8.410282e+03 8.460231e+03 8.311118e+03
5.0 8.376158e+03 8.420805e+03 8.460785e+03 8.416138e+03
6.0 8.337507e+03 8.412393e+03 8.482399e+03 8.407514e+03
7.0 8.385552e+03 8.393204e+03 8.492678e+03 8.485026e+03
0.5 8.371528e+03 8.395058e+03 8.460348e+03 8.436818e+03
1.5 8.411627e+03 8.459533e+03 8.460394e+03 8.412488e+03
2.5 8.449134e+03 8.514377e+03 8.460450e+03 8.395206e+03
3.5 8.467167e+03 8.490052e+03 8.460517e+03 8.437633e+03
4.5 8.488255e+03 8.468497e+03 8.460598e+03 8.480356e+03
5.5 8.456103e+03 8.440855e+03 8.472030e+03 8.487278e+03
6.5 8.483056e+03 8.462647e+03 8.482399e+03 8.502808e+03
7.5 8.454960e+03 8.485089e+03 8.481985e+03 8.451857e+03
