0.5 9.807806e+03 9.812190e+03 9.811720e+03 9.807336e+03
1.5 9.884677e+03 9.870993e+03 9.809981e+03 9.823664e+03
2.5 9.941516e+03 9.865658e+03 9.808388e+03 9.884245e+03
3.5 9.934417e+03 9.842489e+03 9.806936e+03 9.898864e+03
4.5 9.783734e+03 9.803373e+03 9.805620e+03 9.785981e+03
5.5 9.831010e+03 9.813058e+03 9.814038e+03 9.831991e+03
6.5 9.795016e+03 9.834654e+03 9.834318e+03 9.794680e+03
7.5 9.733472e+03 9.837549e+03 9.848300e+03 9.744222e+03
8.5 9.823218e+03 9.839212e+03 9.848509e+03 9.832514e+03
0.2 9.941516e+03 9.865658e+03 9.808388e+03 9.884245e+03
1.2 9.934417e+03 9.842489e+03 9.806936e+03 9.898864e+03
2.2 9.783734e+03 9.803373e+03 9.805620e+03 9.785981e+03
3.2 9.831010e+03 9.813058e+03 9.814038e+03 9.831991e+03
4.2 9.795016e+03 9.834654e+03 9.834318e+03 9.794680e+03
5.2 9.733472e+03 9.837549e+03 9.848300e+03 9.744222e+03
6.2 9.823218e+03 9.839212e+03 9.848509e+03 9.832514e+03
7.2 9.796553e+03 9.840822e+03 9.844554e+03 9.800285e+03
8.2 9.829037e+03 9.840445e+03 9.847104e+03 9.835697e+03
0.9 9.831010e+03 9.813058e+03 9.814038e+03 9.831991e+03
1.9 9.795016e+03 9.834654e+03 9.834318e+03 9.794680e+03
2.9 9.733472e+03 9.837549e+03 9.848300e+03 9.744222e+03
3.9 9.823218e+03 9.839212e+03 9.848509e+03 9.832514e+03
4.9 9.796553e+03 9.840822e+03 9.844554e+03 9.800285e+03
5.9 9.829037e+03 9.840445e+03 9.847104e+03 9.835697e+03
6.9 9.848480e+03 9.830558e+03 9.846545e+03 9.864467e+03
7.9 9.865618e+03 9.841728e+03 9.846072e+03 9.869962e+03
8.9 9.758538e+03 9.842347e+03 9.845675e+03 9.761867e+03
0.6 9.733472e+03 9.837549e+03 9.848300e+03 9.744222e+03
1.6 9.823218e+03 9.839212e+03 9.848509e+03 9.832514e+03
2.6 9.796553e+03 9.840822e+03 9.844554e+03 9.800285e+03
3.6 9.829037e+03 9.840445e+03 9.847104e+03 9.835697e+03
4.6 9.848480e+03 9.830558e+03 9.846545e+03 9.864467e+03
5.6 9.865618e+03 9.841728e+03 9.846072e+03 9.869962e+03
6.6 9.758538e+03 9.842347e+03 9.845675e+03 9.761867e+03
7.6 9.752508e+03 9.842938e+03 9.845349e+03 9.754919e+03
8.6 9.853791e+03 9.843500e+03 9.845086e+03 9.855377e+03
0.3 9.796553e+03 9.840822e+03 9.844554e+03 9.800285e+03
1.3 9.829037e+03 9.840445e+03 9.847104e+03 9.835697e+03
2.3 9.848480e+03 9.830558e+03 9.846545e+03 9.864467e+03
3.3 9.865618e+03 9.841728e+03 9.846072e+03 9.869962e+03
4.3 9.758538e+03 9.842347e+03 9.845675e+03 9.761867e+03
5.3 9.752508e+03 9.842938e+03 9.845349e+03 9.754919e+03
6.3 9.853791e+03 9.843500e+03 9.845086e+03 9.855377e+03
7.3 9.953465e+03 9.841167e+03 9.840610e+03 9.952907e+03
8.3 9.888702e+03 9.844537e+03 9.844719e+03 9.888884e+03
1.0 9.865618e+03 9.841728e+03 9.846072e+03 9.869962e+03
2.0 9.758538e+03 9.842347e+03 9.845675e+03 9.761867e+03
3.0 9.752508e+03 9.842938e+03 9.845349e+03 9.754919e+03
4.0 9.853791e+03 9.843500e+03 9.845086e+03 9.855377e+03
5.0 9.953465e+03 9.841167e+03 9.840610e+03 9.952907e+03
6.0 9.888702e+03 9.844537e+03 9.844719e+03 9.888884e+03
7.0 9.804821e+03 9.843953e+03 9.844597e+03 9.805465e+03
8.0 9.775432e+03 9.856230e+03 9.844508e+03 9.763709e+03
9.0 9.826574e+03 9.823675e+03 9.844446e+03 9.847345e+03
0.7 9.752508e+03 9.842938e+03 9.845349e+03 9.754919e+03
1.7 9.853791e+03 9.843500e+03 9.845086e+03 9.855377e+03
2.7 9.953465e+03 9.841167e+03 9.840610e+03 9.952907e+03
3.7 9.888702e+03 9.844537e+03 9.844719e+03 9.888884e+03
4.7 9.804821e+03 9.843953e+03 9.844597e+03 9.805465e+03
5.7 9.775432e+03 9.856230e+03 9.844508e+03 9.763709e+03
6.7 9.826574e+03 9.823675e+03 9.844446e+03 9.847345e+03
7.7 9.867980e+03 9.801237e+03 9.844404e+03 9.911148e+03
8.7 9.802735e+03 9.785692e+03 9.844379e+03 9.861423e+03
0.4 9.953465e+03 9.841167e+03 9.840610e+03 9.952907e+03
1.4 9.888702e+03 9.844537e+03 9.844719e+03 9.888884e+03
2.4 9.804821e+03 9.843953e+03 9.844597e+03 9.805465e+03
3.4 9.775432e+03 9.856230e+03 9.844508e+03 9.763709e+03
4.4 9.826574e+03 9.823675e+03 9.844446e+03 9.847345e+03
5.4 9.867980e+03 9.801237e+03 9.844404e+03 9.911148e+03
6.4 9.802735e+03 9.785692e+03 9.844379e+03 9.861423e+03
7.4 9.876480e+03 9.799417e+03 9.840097e+03 9.917161e+03
8.4 9.754599e+03 9.776488e+03 9.821947e+03 9.800058e+03
0.5 9.813401e+03 9.826239e+03 9.797400e+03 9.784562e+03
1.5 9.853396e+03 9.884768e+03 9.797395e+03 9.766023e+03
2.5 9.883969e+03 9.879050e+03 9.797387e+03 9.802306e+03
3.5 9.912268e+03 9.853280e+03 9.797374e+03 9.856362e+03
4.5 9.826189e+03 9.812232e+03 9.797356e+03 9.811313e+03
5.5 9.741598e+03 9.822677e+03 9.807474e+03 9.726394e+03
6.5 9.871338e+03 9.843742e+03 9.828795e+03 9.856391e+03
7.5 9.948563e+03 9.848286e+03 9.843714e+03 9.943992e+03
8.5 9.814491e+03 9.848868e+03 9.844229e+03 9.809852e+03
0.2 9.883969e+03 9.879050e+03 9.797387e+03 9.802306e+03
1.2 9.912268e+03 9.853280e+03 9.797374e+03 9.856362e+03
2.2 9.826189e+03 9.812232e+03 9.797356e+03 9.811313e+03
3.2 9.741598e+03 9.822677e+03 9.807474e+03 9.726394e+03
4.2 9.871338e+03 9.843742e+03 9.828795e+03 9.856391e+03
5.2 9.948563e+03 9.848286e+03 9.843714e+03 9.943992e+03
6.2 9.814491e+03 9.848868e+03 9.844229e+03 9.809852e+03
7.2 9.834185e+03 9.850181e+03 9.840477e+03 9.824480e+03
8.2 9.850324e+03 9.849232e+03 9.843664e+03 9.844757e+03
0.9 9.741598e+03 9.822677e+03 9.807474e+03 9.726394e+03
1.9 9.871338e+03 9.843742e+03 9.828795e+03 9.856391e+03
2.9 9.948563e+03 9.848286e+03 9.843714e+03 9.943992e+03
3.9 9.814491e+03 9.848868e+03 9.844229e+03 9.809852e+03
4.9 9.834185e+03 9.850181e+03 9.840477e+03 9.824480e+03
5.9 9.850324e+03 9.849232e+03 9.843664e+03 9.844757e+03
6.9 9.712312e+03 9.837253e+03 9.843653e+03 9.718711e+03
7.9 9.836410e+03 9.844657e+03 9.844179e+03 9.835932e+03
8.9 9.790847e+03 9.844684e+03 9.844177e+03 9.790340e+03
0.6 9.948563e+03 9.848286e+03 9.843714e+03 9.943992e+03
1.6 9.814491e+03 9.848868e+03 9.844229e+03 9.809852e+03
2.6 9.834185e+03 9.850181e+03 9.840477e+03 9.824480e+03
3.6 9.850324e+03 9.849232e+03 9.843664e+03 9.844757e+03
4.6 9.712312e+03 9.837253e+03 9.843653e+03 9.718711e+03
5.6 9.836410e+03 9.844657e+03 9.844179e+03 9.835932e+03
6.6 9.790847e+03 9.844684e+03 9.844177e+03 9.790340e+03
7.6 9.800376e+03 9.850336e+03 9.844714e+03 9.794754e+03
8.6 9.793145e+03 9.850382e+03 9.844724e+03 9.787486e+03
0.3 9.834185e+03 9.850181e+03 9.840477e+03 9.824480e+03
1.3 9.850324e+03 9.849232e+03 9.843664e+03 9.844757e+03
2.3 9.712312e+03 9.837253e+03 9.843653e+03 9.718711e+03
3.3 9.836410e+03 9.844657e+03 9.844179e+03 9.835932e+03
4.3 9.790847e+03 9.844684e+03 9.844177e+03 9.790340e+03
5.3 9.800376e+03 9.850336e+03 9.844714e+03 9.794754e+03
6.3 9.793145e+03 9.850382e+03 9.844724e+03 9.787486e+03
7.3 9.750858e+03 9.846325e+03 9.839934e+03 9.744467e+03
8.3 9.824503e+03 9.847449e+03 9.843142e+03 9.820196e+03
0.9 9.836410e+03 9.844657e+03 9.844179e+03 9.835932e+03
1.9 9.790847e+03 9.844684e+03 9.844177e+03 9.790340e+03
2.9 9.800376e+03 9.850336e+03 9.844714e+03 9.794754e+03
3.9 9.793145e+03 9.850382e+03 9.844724e+03 9.787486e+03
4.9 9.750858e+03 9.846325e+03 9.839934e+03 9.744467e+03
5.9 9.824503e+03 9.847449e+03 9.843142e+03 9.820196e+03
6.9 9.845274e+03 9.844068e+03 9.843149e+03 9.844355e+03
7.9 9.875145e+03 9.859225e+03 9.844227e+03 9.860147e+03
8.9 9.794275e+03 9.827990e+03 9.844243e+03 9.810528e+03
0.7 9.800376e+03 9.850336e+03 9.844714e+03 9.794754e+03
1.7 9.793145e+03 9.850382e+03 9.844724e+03 9.787486e+03
2.7 9.750858e+03 9.846325e+03 9.839934e+03 9.744467e+03
3.7 9.824503e+03 9.847449e+03 9.843142e+03 9.820196e+03
4.7 9.845274e+03 9.844068e+03 9.843149e+03 9.844355e+03
5.7 9.875145e+03 9.859225e+03 9.844227e+03 9.860147e+03
6.7 9.794275e+03 9.827990e+03 9.844243e+03 9.810528e+03
7.7 9.832159e+03 9.804256e+03 9.844261e+03 9.872164e+03
8.7 9.698438e+03 9.787192e+03 9.844279e+03 9.755525e+03
0.3 9.750858e+03 9.846325e+03 9.839934e+03 9.744467e+03
1.3 9.824503e+03 9.847449e+03 9.843142e+03 9.820196e+03
2.3 9.845274e+03 9.844068e+03 9.843149e+03 9.844355e+03
3.3 9.875145e+03 9.859225e+03 9.844227e+03 9.860147e+03
4.3 9.794275e+03 9.827990e+03 9.844243e+03 9.810528e+03
5.3 9.832159e+03 9.804256e+03 9.844261e+03 9.872164e+03
6.3 9.698438e+03 9.787192e+03 9.844279e+03 9.755525e+03
7.3 9.860581e+03 9.801477e+03 9.840031e+03 9.899135e+03
8.3 9.895388e+03 9.778850e+03 9.822445e+03 9.938983e+03
0.5 9.856277e+03 9.828745e+03 9.797430e+03 9.824963e+03
1.5 9.932136e+03 9.887147e+03 9.797433e+03 9.842421e+03
2.5 9.936114e+03 9.879838e+03 9.797434e+03 9.853710e+03
3.5 9.748117e+03 9.851782e+03 9.797429e+03 9.693764e+03
4.5 9.847543e+03 9.810646e+03 9.797420e+03 9.834317e+03
5.5 9.765665e+03 9.821449e+03 9.808080e+03 9.752296e+03
6.5 9.878551e+03 9.842437e+03 9.829408e+03 9.865522e+03
7.5 9.888926e+03 9.848562e+03 9.843798e+03 9.884161e+03
8.5 9.799349e+03 9.848528e+03 9.843777e+03 9.794597e+03
0.2 9.936114e+03 9.879838e+03 9.797434e+03 9.853710e+03
1.2 9.748117e+03 9.851782e+03 9.797429e+03 9.693764e+03
2.2 9.847543e+03 9.810646e+03 9.797420e+03 9.834317e+03
3.2 9.765665e+03 9.821449e+03 9.808080e+03 9.752296e+03
4.2 9.878551e+03 9.842437e+03 9.829408e+03 9.865522e+03
5.2 9.888926e+03 9.848562e+03 9.843798e+03 9.884161e+03
6.2 9.799349e+03 9.848528e+03 9.843777e+03 9.794597e+03
7.2 9.811041e+03 9.848266e+03 9.840020e+03 9.802795e+03
8.2 9.862514e+03 9.847483e+03 9.842667e+03 9.857698e+03
0.8 9.765665e+03 9.821449e+03 9.808080e+03 9.752296e+03
1.8 9.878551e+03 9.842437e+03 9.829408e+03 9.865522e+03
2.8 9.888926e+03 9.848562e+03 9.843798e+03 9.884161e+03
3.8 9.799349e+03 9.848528e+03 9.843777e+03 9.794597e+03
4.8 9.811041e+03 9.848266e+03 9.840020e+03 9.802795e+03
5.8 9.862514e+03 9.847483e+03 9.842667e+03 9.857698e+03
6.8 9.859176e+03 9.837005e+03 9.842648e+03 9.864819e+03
7.8 9.933105e+03 9.847768e+03 9.843698e+03 9.929036e+03
8.8 9.816729e+03 9.847731e+03 9.843684e+03 9.812682e+03
0.5 9.888926e+03 9.848562e+03 9.843798e+03 9.884161e+03
1.5 9.799349e+03 9.848528e+03 9.843777e+03 9.794597e+03
2.5 9.811041e+03 9.848266e+03 9.840020e+03 9.802795e+03
3.5 9.862514e+03 9.847483e+03 9.842667e+03 9.857698e+03
4.5 9.859176e+03 9.837005e+03 9.842648e+03 9.864819e+03
5.5 9.933105e+03 9.847768e+03 9.843698e+03 9.929036e+03
6.5 9.816729e+03 9.847731e+03 9.843684e+03 9.812682e+03
7.5 9.944879e+03 9.847689e+03 9.843669e+03 9.940859e+03
8.5 9.864805e+03 9.848174e+03 9.844189e+03 9.860819e+03
0.2 9.811041e+03 9.848266e+03 9.840020e+03 9.802795e+03
1.2 9.862514e+03 9.847483e+03 9.842667e+03 9.857698e+03
2.2 9.859176e+03 9.837005e+03 9.842648e+03 9.864819e+03
3.2 9.933105e+03 9.847768e+03 9.843698e+03 9.929036e+03
4.2 9.816729e+03 9.847731e+03 9.843684e+03 9.812682e+03
5.2 9.944879e+03 9.847689e+03 9.843669e+03 9.940859e+03
6.2 9.864805e+03 9.848174e+03 9.844189e+03 9.860819e+03
7.2 9.920657e+03 9.847889e+03 9.840444e+03 9.913213e+03
8.2 1.000361e+04 9.848066e+03 9.844176e+03 9.999719e+03
0.9 9.933105e+03 9.847768e+03 9.843698e+03 9.929036e+03
1.9 9.816729e+03 9.847731e+03 9.843684e+03 9.812682e+03
2.9 9.944879e+03 9.847689e+03 9.843669e+03 9.940859e+03
3.9 9.864805e+03 9.848174e+03 9.844189e+03 9.860819e+03
4.9 9.920657e+03 9.847889e+03 9.840444e+03 9.913213e+03
5.9 1.000361e+04 9.848066e+03 9.844176e+03 9.999719e+03
6.9 9.905427e+03 9.839855e+03 9.844176e+03 9.909747e+03
7.9 9.866908e+03 9.858219e+03 9.844178e+03 9.852867e+03
8.9 9.878203e+03 9.830197e+03 9.844181e+03 9.892188e+03
0.6 9.944879e+03 9.847689e+03 9.843669e+03 9.940859e+03
1.6 9.864805e+03 9.848174e+03 9.844189e+03 9.860819e+03
2.6 9.920657e+03 9.847889e+03 9.840444e+03 9.913213e+03
3.6 1.000361e+04 9.848066e+03 9.844176e+03 9.999719e+03
4.6 9.905427e+03 9.839855e+03 9.844176e+03 9.909747e+03
5.6 9.866908e+03 9.858219e+03 9.844178e+03 9.852867e+03
6.6 9.878203e+03 9.830197e+03 9.844181e+03 9.892188e+03
7.6 9.880521e+03 9.804373e+03 9.844182e+03 9.920330e+03
8.6 9.613423e+03 9.784705e+03 9.844178e+03 9.672895e+03
0.3 9.920657e+03 9.847889e+03 9.840444e+03 9.913213e+03
1.3 1.000361e+04 9.848066e+03 9.844176e+03 9.999719e+03
2.3 9.905427e+03 9.839855e+03 9.844176e+03 9.909747e+03
3.3 9.866908e+03 9.858219e+03 9.844178e+03 9.852867e+03
4.3 9.878203e+03 9.830197e+03 9.844181e+03 9.892188e+03
5.3 9.880521e+03 9.804373e+03 9.844182e+03 9.920330e+03
6.3 9.613423e+03 9.784705e+03 9.844178e+03 9.672895e+03
7.3 9.754643e+03 9.800453e+03 9.839898e+03 9.794088e+03
8.3 9.673126e+03 9.778672e+03 9.823335e+03 9.717788e+03
0.5 9.803431e+03 9.825991e+03 9.796889e+03 9.774329e+03
1.5 9.796938e+03 9.883967e+03 9.796736e+03 9.709708e+03
2.5 9.811890e+03 9.877663e+03 9.796541e+03 9.730767e+03
3.5 9.848376e+03 9.849066e+03 9.796299e+03 9.795609e+03
4.5 9.851006e+03 9.805837e+03 9.796006e+03 9.841174e+03
5.5 9.751629e+03 9.818258e+03 9.806329e+03 9.739699e+03
6.5 9.820407e+03 9.838520e+03 9.827263e+03 9.809150e+03
7.5 9.822382e+03 9.840704e+03 9.841727e+03 9.823405e+03
8.5 9.863174e+03 9.839815e+03 9.841177e+03 9.864536e+03
0.2 9.811890e+03 9.877663e+03 9.796541e+03 9.730767e+03
1.2 9.848376e+03 9.849066e+03 9.796299e+03 9.795609e+03
2.2 9.851006e+03 9.805837e+03 9.796006e+03 9.841174e+03
3.2 9.751629e+03 9.818258e+03 9.806329e+03 9.739699e+03
4.2 9.820407e+03 9.838520e+03 9.827263e+03 9.809150e+03
5.2 9.822382e+03 9.840704e+03 9.841727e+03 9.823405e+03
6.2 9.863174e+03 9.839815e+03 9.841177e+03 9.864536e+03
7.2 9.761134e+03 9.839582e+03 9.836283e+03 9.757834e+03
8.2 9.864429e+03 9.838809e+03 9.839314e+03 9.864933e+03
0.9 9.751629e+03 9.818258e+03 9.806329e+03 9.739699e+03
1.9 9.820407e+03 9.838520e+03 9.827263e+03 9.809150e+03
2.9 9.822382e+03 9.840704e+03 9.841727e+03 9.823405e+03
3.9 9.863174e+03 9.839815e+03 9.841177e+03 9.864536e+03
4.9 9.761134e+03 9.839582e+03 9.836283e+03 9.757834e+03
5.9 9.864429e+03 9.838809e+03 9.839314e+03 9.864933e+03
6.9 9.896417e+03 9.827233e+03 9.838527e+03 9.907710e+03
7.9 9.876747e+03 9.834483e+03 9.837655e+03 9.879919e+03
8.9 9.814312e+03 9.833338e+03 9.836699e+03 9.817674e+03
0.6 9.822382e+03 9.840704e+03 9.841727e+03 9.823405e+03
1.6 9.863174e+03 9.839815e+03 9.841177e+03 9.864536e+03
2.6 9.761134e+03 9.839582e+03 9.836283e+03 9.757834e+03
3.6 9.864429e+03 9.838809e+03 9.839314e+03 9.864933e+03
4.6 9.896417e+03 9.827233e+03 9.838527e+03 9.907710e+03
5.6 9.876747e+03 9.834483e+03 9.837655e+03 9.879919e+03
6.6 9.814312e+03 9.833338e+03 9.836699e+03 9.817674e+03
7.6 9.879792e+03 9.834898e+03 9.836206e+03 9.881100e+03
8.6 9.901417e+03 9.833726e+03 9.835118e+03 9.902810e+03
0.3 9.761134e+03 9.839582e+03 9.836283e+03 9.757834e+03
1.3 9.864429e+03 9.838809e+03 9.839314e+03 9.864933e+03
2.3 9.896417e+03 9.827233e+03 9.838527e+03 9.907710e+03
3.3 9.876747e+03 9.834483e+03 9.837655e+03 9.879919e+03
4.3 9.814312e+03 9.833338e+03 9.836699e+03 9.817674e+03
5.3 9.879792e+03 9.834898e+03 9.836206e+03 9.881100e+03
6.3 9.901417e+03 9.833726e+03 9.835118e+03 9.902810e+03
7.3 9.813261e+03 9.826693e+03 9.829683e+03 9.816250e+03
8.3 9.839518e+03 9.827091e+03 9.832169e+03 9.844596e+03
1.0 9.876747e+03 9.834483e+03 9.837655e+03 9.879919e+03
2.0 9.814312e+03 9.833338e+03 9.836699e+03 9.817674e+03
3.0 9.879792e+03 9.834898e+03 9.836206e+03 9.881100e+03
4.0 9.901417e+03 9.833726e+03 9.835118e+03 9.902810e+03
5.0 9.813261e+03 9.826693e+03 9.829683e+03 9.816250e+03
6.0 9.839518e+03 9.827091e+03 9.832169e+03 9.844596e+03
0.6 9.879792e+03 9.834898e+03 9.836206e+03 9.881100e+03
1.6 9.901417e+03 9.833726e+03 9.835118e+03 9.902810e+03
2.6 9.813261e+03 9.826693e+03 9.829683e+03 9.816250e+03
3.6 9.839518e+03 9.827091e+03 9.832169e+03 9.844596e+03
0.3 9.813261e+03 9.826693e+03 9.829683e+03 9.816250e+03
1.3 9.839518e+03 9.827091e+03 9.832169e+03 9.844596e+03
