0.5 8.955353e+03 8.920618e+03 8.981856e+03 9.016592e+03
1.5 8.903785e+03 8.885978e+03 8.951482e+03 8.969289e+03
2.5 8.887218e+03 8.914989e+03 8.930134e+03 8.902363e+03
3.5 8.878585e+03 8.896392e+03 8.928428e+03 8.910621e+03
4.5 8.861140e+03 8.866397e+03 8.932703e+03 8.927446e+03
5.5 8.907595e+03 8.873766e+03 8.927810e+03 8.961638e+03
6.5 8.938060e+03 8.946967e+03 8.927400e+03 8.918492e+03
7.5 8.884136e+03 8.980007e+03 8.926939e+03 8.831068e+03
8.5 8.862223e+03 8.980334e+03 8.926438e+03 8.808327e+03
0.2 8.887218e+03 8.914989e+03 8.930134e+03 8.902363e+03
1.2 8.878585e+03 8.896392e+03 8.928428e+03 8.910621e+03
2.2 8.861140e+03 8.866397e+03 8.932703e+03 8.927446e+03
3.2 8.907595e+03 8.873766e+03 8.927810e+03 8.961638e+03
4.2 8.938060e+03 8.946967e+03 8.927400e+03 8.918492e+03
5.2 8.884136e+03 8.980007e+03 8.926939e+03 8.831068e+03
6.2 8.862223e+03 8.980334e+03 8.926438e+03 8.808327e+03
7.2 8.968360e+03 8.967311e+03 8.925907e+03 8.926955e+03
8.2 8.981463e+03 8.974082e+03 8.925356e+03 8.932737e+03
0.9 8.907595e+03 8.873766e+03 8.927810e+03 8.961638e+03
1.9 8.938060e+03 8.946967e+03 8.927400e+03 8.918492e+03
2.9 8.884136e+03 8.980007e+03 8.926939e+03 8.831068e+03
3.9 8.862223e+03 8.980334e+03 8.926438e+03 8.808327e+03
4.9 8.968360e+03 8.967311e+03 8.925907e+03 8.926955e+03
5.9 8.981463e+03 8.974082e+03 8.925356e+03 8.932737e+03
6.9 8.969803e+03 8.978073e+03 8.930853e+03 8.922583e+03
7.9 8.988036e+03 8.968941e+03 8.924219e+03 8.943314e+03
8.9 8.975139e+03 8.966770e+03 8.923654e+03 8.932022e+03
0.6 8.884136e+03 8.980007e+03 8.926939e+03 8.831068e+03
1.6 8.862223e+03 8.980334e+03 8.926438e+03 8.808327e+03
2.6 8.968360e+03 8.967311e+03 8.925907e+03 8.926955e+03
3.6 8.981463e+03 8.974082e+03 8.925356e+03 8.932737e+03
4.6 8.969803e+03 8.978073e+03 8.930853e+03 8.922583e+03
5.6 8.988036e+03 8.968941e+03 8.924219e+03 8.943314e+03
6.6 8.975139e+03 8.966770e+03 8.923654e+03 8.932022e+03
7.6 8.949289e+03 8.964844e+03 8.923105e+03 8.907550e+03
8.6 8.977139e+03 8.963150e+03 8.922580e+03 8.936569e+03
0.3 8.968360e+03 8.967311e+03 8.925907e+03 8.926955e+03
1.3 8.981463e+03 8.974082e+03 8.925356e+03 8.932737e+03
2.3 8.969803e+03 8.978073e+03 8.930853e+03 8.922583e+03
3.3 8.988036e+03 8.968941e+03 8.924219e+03 8.943314e+03
4.3 8.975139e+03 8.966770e+03 8.923654e+03 8.932022e+03
5.3 8.949289e+03 8.964844e+03 8.923105e+03 8.907550e+03
6.3 8.977139e+03 8.963150e+03 8.922580e+03 8.936569e+03
7.3 9.027977e+03 8.946768e+03 8.922081e+03 9.003290e+03
8.3 9.004019e+03 8.960395e+03 8.921614e+03 8.965238e+03
1.0 8.988036e+03 8.968941e+03 8.924219e+03 8.943314e+03
2.0 8.975139e+03 8.966770e+03 8.923654e+03 8.932022e+03
3.0 8.949289e+03 8.964844e+03 8.923105e+03 8.907550e+03
4.0 8.977139e+03 8.963150e+03 8.922580e+03 8.936569e+03
5.0 9.027977e+03 8.946768e+03 8.922081e+03 9.003290e+03
6.0 9.004019e+03 8.960395e+03 8.921614e+03 8.965238e+03
7.0 8.942529e+03 8.966623e+03 8.927244e+03 8.903149e+03
8.0 8.951397e+03 8.983214e+03 8.952611e+03 8.920795e+03
9.0 8.980590e+03 9.010197e+03 8.982562e+03 8.952955e+03
0.7 8.949289e+03 8.964844e+03 8.923105e+03 8.907550e+03
1.7 8.977139e+03 8.963150e+03 8.922580e+03 8.936569e+03
2.7 9.027977e+03 8.946768e+03 8.922081e+03 9.003290e+03
3.7 9.004019e+03 8.960395e+03 8.921614e+03 8.965238e+03
4.7 8.942529e+03 8.966623e+03 8.927244e+03 8.903149e+03
5.7 8.951397e+03 8.983214e+03 8.952611e+03 8.920795e+03
6.7 8.980590e+03 9.010197e+03 8.982562e+03 8.952955e+03
7.7 9.071513e+03 9.055277e+03 8.986789e+03 9.003024e+03
8.7 9.121497e+03 9.118739e+03 8.986506e+03 8.989264e+03
0.4 9.027977e+03 8.946768e+03 8.922081e+03 9.003290e+03
1.4 9.004019e+03 8.960395e+03 8.921614e+03 8.965238e+03
2.4 8.942529e+03 8.966623e+03 8.927244e+03 8.903149e+03
3.4 8.951397e+03 8.983214e+03 8.952611e+03 8.920795e+03
4.4 8.980590e+03 9.010197e+03 8.982562e+03 8.952955e+03
5.4 9.071513e+03 9.055277e+03 8.986789e+03 9.003024e+03
6.4 9.121497e+03 9.118739e+03 8.986506e+03 8.989264e+03
7.4 9.060859e+03 9.107702e+03 8.986261e+03 8.939418e+03
8.4 8.992749e+03 9.008551e+03 8.986051e+03 8.970249e+03
0.5 8.948070e+03 8.857492e+03 8.971126e+03 9.061704e+03
1.5 8.936237e+03 8.828473e+03 8.940747e+03 9.048511e+03
2.5 8.898734e+03 8.862768e+03 8.919474e+03 8.955440e+03
3.5 8.912595e+03 8.849551e+03 8.918667e+03 8.981712e+03
4.5 8.891634e+03 8.824885e+03 8.923930e+03 8.990679e+03
5.5 8.884348e+03 8.838705e+03 8.919350e+03 8.964993e+03
6.5 8.960884e+03 8.915805e+03 8.919319e+03 8.964398e+03
7.5 8.973912e+03 8.952085e+03 8.918532e+03 8.940359e+03
8.5 8.979190e+03 8.953919e+03 8.918501e+03 8.943771e+03
0.2 8.898734e+03 8.862768e+03 8.919474e+03 8.955440e+03
1.2 8.912595e+03 8.849551e+03 8.918667e+03 8.981712e+03
2.2 8.891634e+03 8.824885e+03 8.923930e+03 8.990679e+03
3.2 8.884348e+03 8.838705e+03 8.919350e+03 8.964993e+03
4.2 8.960884e+03 8.915805e+03 8.919319e+03 8.964398e+03
5.2 8.973912e+03 8.952085e+03 8.918532e+03 8.940359e+03
6.2 8.979190e+03 8.953919e+03 8.918501e+03 8.943771e+03
7.2 8.990185e+03 8.941047e+03 8.917709e+03 8.966848e+03
8.2 9.002378e+03 8.950707e+03 8.917671e+03 8.969342e+03
0.9 8.884348e+03 8.838705e+03 8.919350e+03 8.964993e+03
1.9 8.960884e+03 8.915805e+03 8.919319e+03 8.964398e+03
2.9 8.973912e+03 8.952085e+03 8.918532e+03 8.940359e+03
3.9 8.979190e+03 8.953919e+03 8.918501e+03 8.943771e+03
4.9 8.990185e+03 8.941047e+03 8.917709e+03 8.966848e+03
5.9 9.002378e+03 8.950707e+03 8.917671e+03 8.969342e+03
6.9 8.973788e+03 8.958074e+03 8.924451e+03 8.940166e+03
7.9 8.962611e+03 8.954450e+03 8.919869e+03 8.928030e+03
8.9 8.934793e+03 8.954381e+03 8.919835e+03 8.900248e+03
0.6 8.973912e+03 8.952085e+03 8.918532e+03 8.940359e+03
1.6 8.979190e+03 8.953919e+03 8.918501e+03 8.943771e+03
2.6 8.990185e+03 8.941047e+03 8.917709e+03 8.966848e+03
3.6 9.002378e+03 8.950707e+03 8.917671e+03 8.969342e+03
4.6 8.973788e+03 8.958074e+03 8.924451e+03 8.940166e+03
5.6 8.962611e+03 8.954450e+03 8.919869e+03 8.928030e+03
6.6 8.934793e+03 8.954381e+03 8.919835e+03 8.900248e+03
7.6 8.945767e+03 8.955703e+03 8.918284e+03 8.908347e+03
8.6 8.945750e+03 8.955670e+03 8.918245e+03 8.908324e+03
0.3 8.990185e+03 8.941047e+03 8.917709e+03 8.966848e+03
1.3 9.002378e+03 8.950707e+03 8.917671e+03 8.969342e+03
2.3 8.973788e+03 8.958074e+03 8.924451e+03 8.940166e+03
3.3 8.962611e+03 8.954450e+03 8.919869e+03 8.928030e+03
4.3 8.934793e+03 8.954381e+03 8.919835e+03 8.900248e+03
5.3 8.945767e+03 8.955703e+03 8.918284e+03 8.908347e+03
6.3 8.945750e+03 8.955670e+03 8.918245e+03 8.908324e+03
7.3 8.926451e+03 8.938487e+03 8.918207e+03 8.906170e+03
8.3 8.964704e+03 8.949154e+03 8.918180e+03 8.933731e+03
0.9 8.962611e+03 8.954450e+03 8.919869e+03 8.928030e+03
1.9 8.934793e+03 8.954381e+03 8.919835e+03 8.900248e+03
2.9 8.945767e+03 8.955703e+03 8.918284e+03 8.908347e+03
3.9 8.945750e+03 8.955670e+03 8.918245e+03 8.908324e+03
4.9 8.926451e+03 8.938487e+03 8.918207e+03 8.906170e+03
5.9 8.964704e+03 8.949154e+03 8.918180e+03 8.933731e+03
6.9 8.960725e+03 8.956289e+03 8.924212e+03 8.928648e+03
7.9 8.942094e+03 8.977240e+03 8.949183e+03 8.914037e+03
8.9 8.935202e+03 9.004866e+03 8.979458e+03 8.909795e+03
0.7 8.945767e+03 8.955703e+03 8.918284e+03 8.908347e+03
1.7 8.945750e+03 8.955670e+03 8.918245e+03 8.908324e+03
2.7 8.926451e+03 8.938487e+03 8.918207e+03 8.906170e+03
3.7 8.964704e+03 8.949154e+03 8.918180e+03 8.933731e+03
4.7 8.960725e+03 8.956289e+03 8.924212e+03 8.928648e+03
5.7 8.942094e+03 8.977240e+03 8.949183e+03 8.914037e+03
6.7 8.935202e+03 9.004866e+03 8.979458e+03 8.909795e+03
7.7 9.016550e+03 9.049643e+03 8.984734e+03 8.951642e+03
8.7 9.145978e+03 9.115106e+03 8.984714e+03 9.015585e+03
0.3 8.926451e+03 8.938487e+03 8.918207e+03 8.906170e+03
1.3 8.964704e+03 8.949154e+03 8.918180e+03 8.933731e+03
2.3 8.960725e+03 8.956289e+03 8.924212e+03 8.928648e+03
3.3 8.942094e+03 8.977240e+03 8.949183e+03 8.914037e+03
4.3 8.935202e+03 9.004866e+03 8.979458e+03 8.909795e+03
5.3 9.016550e+03 9.049643e+03 8.984734e+03 8.951642e+03
6.3 9.145978e+03 9.115106e+03 8.984714e+03 9.015585e+03
7.3 9.223491e+03 9.105698e+03 8.984701e+03 9.102494e+03
8.3 9.073744e+03 9.008929e+03 8.984697e+03 9.049512e+03
0.5 8.776630e+03 8.855559e+03 8.969615e+03 8.890686e+03
1.5 8.835439e+03 8.826737e+03 8.939342e+03 8.948044e+03
2.5 8.878970e+03 8.861967e+03 8.918920e+03 8.935924e+03
3.5 8.867079e+03 8.849350e+03 8.918961e+03 8.936690e+03
4.5 8.795069e+03 8.824839e+03 8.924309e+03 8.894539e+03
5.5 8.822809e+03 8.842155e+03 8.920566e+03 8.901221e+03
6.5 8.858012e+03 8.919411e+03 8.920613e+03 8.859214e+03
7.5 8.865828e+03 8.953444e+03 8.919144e+03 8.831528e+03
8.5 8.879577e+03 8.953449e+03 8.919191e+03 8.845319e+03
0.2 8.878970e+03 8.861967e+03 8.918920e+03 8.935924e+03
1.2 8.867079e+03 8.849350e+03 8.918961e+03 8.936690e+03
2.2 8.795069e+03 8.824839e+03 8.924309e+03 8.894539e+03
3.2 8.822809e+03 8.842155e+03 8.920566e+03 8.901221e+03
4.2 8.858012e+03 8.919411e+03 8.920613e+03 8.859214e+03
5.2 8.865828e+03 8.953444e+03 8.919144e+03 8.831528e+03
6.2 8.879577e+03 8.953449e+03 8.919191e+03 8.845319e+03
7.2 8.912187e+03 8.941442e+03 8.919243e+03 8.889989e+03
8.2 8.922487e+03 8.948191e+03 8.918543e+03 8.892839e+03
0.8 8.822809e+03 8.842155e+03 8.920566e+03 8.901221e+03
1.8 8.858012e+03 8.919411e+03 8.920613e+03 8.859214e+03
2.8 8.865828e+03 8.953444e+03 8.919144e+03 8.831528e+03
3.8 8.879577e+03 8.953449e+03 8.919191e+03 8.845319e+03
4.8 8.912187e+03 8.941442e+03 8.919243e+03 8.889989e+03
5.8 8.922487e+03 8.948191e+03 8.918543e+03 8.892839e+03
6.8 8.940721e+03 8.953519e+03 8.923903e+03 8.911104e+03
7.8 8.984505e+03 8.951825e+03 8.918653e+03 8.951332e+03
8.8 8.959333e+03 8.951873e+03 8.918708e+03 8.926169e+03
0.5 8.865828e+03 8.953444e+03 8.919144e+03 8.831528e+03
1.5 8.879577e+03 8.953449e+03 8.919191e+03 8.845319e+03
2.5 8.912187e+03 8.941442e+03 8.919243e+03 8.889989e+03
3.5 8.922487e+03 8.948191e+03 8.918543e+03 8.892839e+03
4.5 8.940721e+03 8.953519e+03 8.923903e+03 8.911104e+03
5.5 8.984505e+03 8.951825e+03 8.918653e+03 8.951332e+03
6.5 8.959333e+03 8.951873e+03 8.918708e+03 8.926169e+03
7.5 8.957842e+03 8.951912e+03 8.918767e+03 8.924697e+03
8.5 8.972217e+03 8.953897e+03 8.918832e+03 8.937151e+03
0.2 8.912187e+03 8.941442e+03 8.919243e+03 8.889989e+03
1.2 8.922487e+03 8.948191e+03 8.918543e+03 8.892839e+03
2.2 8.940721e+03 8.953519e+03 8.923903e+03 8.911104e+03
3.2 8.984505e+03 8.951825e+03 8.918653e+03 8.951332e+03
4.2 8.959333e+03 8.951873e+03 8.918708e+03 8.926169e+03
5.2 8.957842e+03 8.951912e+03 8.918767e+03 8.924697e+03
6.2 8.972217e+03 8.953897e+03 8.918832e+03 8.937151e+03
7.2 8.985107e+03 8.941956e+03 8.918907e+03 8.962058e+03
8.2 9.003081e+03 8.954074e+03 8.918995e+03 8.968001e+03
0.9 8.984505e+03 8.951825e+03 8.918653e+03 8.951332e+03
1.9 8.959333e+03 8.951873e+03 8.918708e+03 8.926169e+03
2.9 8.957842e+03 8.951912e+03 8.918767e+03 8.924697e+03
3.9 8.972217e+03 8.953897e+03 8.918832e+03 8.937151e+03
4.9 8.985107e+03 8.941956e+03 8.918907e+03 8.962058e+03
5.9 9.003081e+03 8.954074e+03 8.918995e+03 8.968001e+03
6.9 9.000672e+03 8.961071e+03 8.925161e+03 8.964762e+03
7.9 8.999556e+03 8.977461e+03 8.948772e+03 8.970867e+03
8.9 9.023357e+03 9.004998e+03 8.979229e+03 8.997587e+03
0.6 8.957842e+03 8.951912e+03 8.918767e+03 8.924697e+03
1.6 8.972217e+03 8.953897e+03 8.918832e+03 8.937151e+03
2.6 8.985107e+03 8.941956e+03 8.918907e+03 8.962058e+03
3.6 9.003081e+03 8.954074e+03 8.918995e+03 8.968001e+03
4.6 9.000672e+03 8.961071e+03 8.925161e+03 8.964762e+03
5.6 8.999556e+03 8.977461e+03 8.948772e+03 8.970867e+03
6.6 9.023357e+03 9.004998e+03 8.979229e+03 8.997587e+03
7.6 9.098180e+03 9.048069e+03 8.986231e+03 9.036341e+03
8.6 9.146644e+03 9.116687e+03 8.986454e+03 9.016411e+03
0.3 8.985107e+03 8.941956e+03 8.918907e+03 8.962058e+03
1.3 9.003081e+03 8.954074e+03 8.918995e+03 8.968001e+03
2.3 9.000672e+03 8.961071e+03 8.925161e+03 8.964762e+03
3.3 8.999556e+03 8.977461e+03 8.948772e+03 8.970867e+03
4.3 9.023357e+03 9.004998e+03 8.979229e+03 8.997587e+03
5.3 9.098180e+03 9.048069e+03 8.986231e+03 9.036341e+03
6.3 9.146644e+03 9.116687e+03 8.986454e+03 9.016411e+03
7.3 9.079520e+03 9.109882e+03 8.986722e+03 8.956361e+03
8.3 8.920539e+03 9.017354e+03 8.987040e+03 8.890226e+03
0.5 8.845214e+03 8.860149e+03 8.973756e+03 8.958821e+03
1.5 8.795263e+03 8.831798e+03 8.944085e+03 8.907550e+03
2.5 8.742854e+03 8.866740e+03 8.923581e+03 8.799695e+03
3.5 8.751165e+03 8.854588e+03 8.924371e+03 8.820948e+03
4.5 8.791938e+03 8.831282e+03 8.931303e+03 8.891959e+03
5.5 8.852801e+03 8.847182e+03 8.926949e+03 8.932568e+03
6.5 8.901524e+03 8.924817e+03 8.927980e+03 8.904688e+03
7.5 8.917240e+03 8.962303e+03 8.929092e+03 8.884029e+03
8.5 8.929962e+03 8.962539e+03 8.930280e+03 8.897703e+03
0.2 8.742854e+03 8.866740e+03 8.923581e+03 8.799695e+03
1.2 8.751165e+03 8.854588e+03 8.924371e+03 8.820948e+03
2.2 8.791938e+03 8.831282e+03 8.931303e+03 8.891959e+03
3.2 8.852801e+03 8.847182e+03 8.926949e+03 8.932568e+03
4.2 8.901524e+03 8.924817e+03 8.927980e+03 8.904688e+03
5.2 8.917240e+03 8.962303e+03 8.929092e+03 8.884029e+03
6.2 8.929962e+03 8.962539e+03 8.930280e+03 8.897703e+03
7.2 8.884169e+03 8.947954e+03 8.930776e+03 8.866991e+03
8.2 8.920232e+03 8.959966e+03 8.932086e+03 8.892351e+03
0.9 8.852801e+03 8.847182e+03 8.926949e+03 8.932568e+03
1.9 8.901524e+03 8.924817e+03 8.927980e+03 8.904688e+03
2.9 8.917240e+03 8.962303e+03 8.929092e+03 8.884029e+03
3.9 8.929962e+03 8.962539e+03 8.930280e+03 8.897703e+03
4.9 8.884169e+03 8.947954e+03 8.930776e+03 8.866991e+03
5.9 8.920232e+03 8.959966e+03 8.932086e+03 8.892351e+03
6.9 8.966225e+03 8.966500e+03 8.939519e+03 8.939244e+03
7.9 9.005799e+03 8.959884e+03 8.935644e+03 8.981560e+03
8.9 9.018937e+03 8.959354e+03 8.937129e+03 8.996712e+03
0.6 8.917240e+03 8.962303e+03 8.929092e+03 8.884029e+03
1.6 8.929962e+03 8.962539e+03 8.930280e+03 8.897703e+03
2.6 8.884169e+03 8.947954e+03 8.930776e+03 8.866991e+03
3.6 8.920232e+03 8.959966e+03 8.932086e+03 8.892351e+03
4.6 8.966225e+03 8.966500e+03 8.939519e+03 8.939244e+03
5.6 9.005799e+03 8.959884e+03 8.935644e+03 8.981560e+03
6.6 9.018937e+03 8.959354e+03 8.937129e+03 8.996712e+03
7.6 9.025271e+03 8.960235e+03 8.937904e+03 9.002940e+03
8.6 9.010575e+03 8.959537e+03 8.939478e+03 8.990517e+03
0.3 8.884169e+03 8.947954e+03 8.930776e+03 8.866991e+03
1.3 8.920232e+03 8.959966e+03 8.932086e+03 8.892351e+03
2.3 8.966225e+03 8.966500e+03 8.939519e+03 8.939244e+03
3.3 9.005799e+03 8.959884e+03 8.935644e+03 8.981560e+03
4.3 9.018937e+03 8.959354e+03 8.937129e+03 8.996712e+03
5.3 9.025271e+03 8.960235e+03 8.937904e+03 9.002940e+03
6.3 9.010575e+03 8.959537e+03 8.939478e+03 8.990517e+03
7.3 8.983759e+03 8.945300e+03 8.942603e+03 8.981063e+03
8.3 8.968549e+03 8.956944e+03 8.944240e+03 8.955845e+03
1.0 9.005799e+03 8.959884e+03 8.935644e+03 8.981560e+03
2.0 9.018937e+03 8.959354e+03 8.937129e+03 8.996712e+03
3.0 9.025271e+03 8.960235e+03 8.937904e+03 9.002940e+03
4.0 9.010575e+03 8.959537e+03 8.939478e+03 8.990517e+03
5.0 8.983759e+03 8.945300e+03 8.942603e+03 8.981063e+03
6.0 8.968549e+03 8.956944e+03 8.944240e+03 8.955845e+03
0.6 9.025271e+03 8.960235e+03 8.937904e+03 9.002940e+03
1.6 9.010575e+03 8.959537e+03 8.939478e+03 8.990517e+03
2.6 8.983759e+03 8.945300e+03 8.942603e+03 8.981063e+03
3.6 8.968549e+03 8.956944e+03 8.944240e+03 8.955845e+03
0.3 8.983759e+03 8.945300e+03 8.942603e+03 8.981063e+03
1.3 8.968549e+03 8.956944e+03 8.944240e+03 8.955845e+03
