0.5 8.439239e+03 8.450117e+03 8.447412e+03 8.436534e+03
1.5 8.516249e+03 8.505314e+03 8.445471e+03 8.456406e+03
2.5 8.512712e+03 8.481540e+03 8.443695e+03 8.474866e+03
3.5 8.482852e+03 8.464574e+03 8.442075e+03 8.460353e+03
4.5 8.424474e+03 8.440592e+03 8.440606e+03 8.424488e+03
5.5 8.484220e+03 8.459656e+03 8.449998e+03 8.474562e+03
6.5 8.457293e+03 8.483190e+03 8.472621e+03 8.446725e+03
7.5 8.420882e+03 8.479117e+03 8.488219e+03 8.429984e+03
8.5 8.474007e+03 8.480667e+03 8.488452e+03 8.481792e+03
0.2 8.512712e+03 8.481540e+03 8.443695e+03 8.474866e+03
1.2 8.482852e+03 8.464574e+03 8.442075e+03 8.460353e+03
2.2 8.424474e+03 8.440592e+03 8.440606e+03 8.424488e+03
3.2 8.484220e+03 8.459656e+03 8.449998e+03 8.474562e+03
4.2 8.457293e+03 8.483190e+03 8.472621e+03 8.446725e+03
5.2 8.420882e+03 8.479117e+03 8.488219e+03 8.429984e+03
6.2 8.474007e+03 8.480667e+03 8.488452e+03 8.481792e+03
7.2 8.514878e+03 8.480636e+03 8.484041e+03 8.518283e+03
8.2 8.516207e+03 8.481508e+03 8.486886e+03 8.521584e+03
0.9 8.484220e+03 8.459656e+03 8.449998e+03 8.474562e+03
1.9 8.457293e+03 8.483190e+03 8.472621e+03 8.446725e+03
2.9 8.420882e+03 8.479117e+03 8.488219e+03 8.429984e+03
3.9 8.474007e+03 8.480667e+03 8.488452e+03 8.481792e+03
4.9 8.514878e+03 8.480636e+03 8.484041e+03 8.518283e+03
5.9 8.516207e+03 8.481508e+03 8.486886e+03 8.521584e+03
6.9 8.473548e+03 8.471653e+03 8.486262e+03 8.488157e+03
7.9 8.507317e+03 8.482502e+03 8.485733e+03 8.510548e+03
8.9 8.455655e+03 8.483007e+03 8.485292e+03 8.457939e+03
0.6 8.420882e+03 8.479117e+03 8.488219e+03 8.429984e+03
1.6 8.474007e+03 8.480667e+03 8.488452e+03 8.481792e+03
2.6 8.514878e+03 8.480636e+03 8.484041e+03 8.518283e+03
3.6 8.516207e+03 8.481508e+03 8.486886e+03 8.521584e+03
4.6 8.473548e+03 8.471653e+03 8.486262e+03 8.488157e+03
5.6 8.507317e+03 8.482502e+03 8.485733e+03 8.510548e+03
6.6 8.455655e+03 8.483007e+03 8.485292e+03 8.457939e+03
7.6 8.457806e+03 8.483507e+03 8.484928e+03 8.459227e+03
8.6 8.484850e+03 8.483996e+03 8.484634e+03 8.485489e+03
0.3 8.514878e+03 8.480636e+03 8.484041e+03 8.518283e+03
1.3 8.516207e+03 8.481508e+03 8.486886e+03 8.521584e+03
2.3 8.473548e+03 8.471653e+03 8.486262e+03 8.488157e+03
3.3 8.507317e+03 8.482502e+03 8.485733e+03 8.510548e+03
4.3 8.455655e+03 8.483007e+03 8.485292e+03 8.457939e+03
5.3 8.457806e+03 8.483507e+03 8.484928e+03 8.459227e+03
6.3 8.484850e+03 8.483996e+03 8.484634e+03 8.485489e+03
7.3 8.514359e+03 8.480757e+03 8.479640e+03 8.513242e+03
8.3 8.466028e+03 8.484929e+03 8.484224e+03 8.465323e+03
1.0 8.507317e+03 8.482502e+03 8.485733e+03 8.510548e+03
2.0 8.455655e+03 8.483007e+03 8.485292e+03 8.457939e+03
3.0 8.457806e+03 8.483507e+03 8.484928e+03 8.459227e+03
4.0 8.484850e+03 8.483996e+03 8.484634e+03 8.485489e+03
5.0 8.514359e+03 8.480757e+03 8.479640e+03 8.513242e+03
6.0 8.466028e+03 8.484929e+03 8.484224e+03 8.465323e+03
7.0 8.445070e+03 8.484780e+03 8.484088e+03 8.444378e+03
8.0 8.466755e+03 8.510296e+03 8.483989e+03 8.440448e+03
9.0 8.448777e+03 8.484389e+03 8.483920e+03 8.448308e+03
0.7 8.457806e+03 8.483507e+03 8.484928e+03 8.459227e+03
1.7 8.484850e+03 8.483996e+03 8.484634e+03 8.485489e+03
2.7 8.514359e+03 8.480757e+03 8.479640e+03 8.513242e+03
3.7 8.466028e+03 8.484929e+03 8.484224e+03 8.465323e+03
4.7 8.445070e+03 8.484780e+03 8.484088e+03 8.444378e+03
5.7 8.466755e+03 8.510296e+03 8.483989e+03 8.440448e+03
6.7 8.448777e+03 8.484389e+03 8.483920e+03 8.448308e+03
7.7 8.526865e+03 8.448534e+03 8.483874e+03 8.562204e+03
8.7 8.449004e+03 8.411029e+03 8.483846e+03 8.521820e+03
0.4 8.514359e+03 8.480757e+03 8.479640e+03 8.513242e+03
1.4 8.466028e+03 8.484929e+03 8.484224e+03 8.465323e+03
2.4 8.445070e+03 8.484780e+03 8.484088e+03 8.444378e+03
3.4 8.466755e+03 8.510296e+03 8.483989e+03 8.440448e+03
4.4 8.448777e+03 8.484389e+03 8.483920e+03 8.448308e+03
5.4 8.526865e+03 8.448534e+03 8.483874e+03 8.562204e+03
6.4 8.449004e+03 8.411029e+03 8.483846e+03 8.521820e+03
7.4 8.456383e+03 8.421184e+03 8.479068e+03 8.514267e+03
8.4 8.437492e+03 8.411425e+03 8.458821e+03 8.484887e+03
0.5 8.480818e+03 8.460107e+03 8.431436e+03 8.452147e+03
1.5 8.493761e+03 8.515519e+03 8.431431e+03 8.409673e+03
2.5 8.501445e+03 8.491787e+03 8.431422e+03 8.441080e+03
3.5 8.467669e+03 8.472841e+03 8.431407e+03 8.426236e+03
4.5 8.431267e+03 8.447351e+03 8.431388e+03 8.415304e+03
5.5 8.423434e+03 8.467404e+03 8.442675e+03 8.398705e+03
6.5 8.488388e+03 8.490718e+03 8.466460e+03 8.464131e+03
7.5 8.467556e+03 8.488315e+03 8.483104e+03 8.462344e+03
8.5 8.456280e+03 8.488953e+03 8.483678e+03 8.451005e+03
0.2 8.501445e+03 8.491787e+03 8.431422e+03 8.441080e+03
1.2 8.467669e+03 8.472841e+03 8.431407e+03 8.426236e+03
2.2 8.431267e+03 8.447351e+03 8.431388e+03 8.415304e+03
3.2 8.423434e+03 8.467404e+03 8.442675e+03 8.398705e+03
4.2 8.488388e+03 8.490718e+03 8.466460e+03 8.464131e+03
5.2 8.467556e+03 8.488315e+03 8.483104e+03 8.462344e+03
6.2 8.456280e+03 8.488953e+03 8.483678e+03 8.451005e+03
7.2 8.463752e+03 8.488877e+03 8.479492e+03 8.454367e+03
8.2 8.480292e+03 8.489355e+03 8.483048e+03 8.473985e+03
0.9 8.423434e+03 8.467404e+03 8.442675e+03 8.398705e+03
1.9 8.488388e+03 8.490718e+03 8.466460e+03 8.464131e+03
2.9 8.467556e+03 8.488315e+03 8.483104e+03 8.462344e+03
3.9 8.456280e+03 8.488953e+03 8.483678e+03 8.451005e+03
4.9 8.463752e+03 8.488877e+03 8.479492e+03 8.454367e+03
5.9 8.480292e+03 8.489355e+03 8.483048e+03 8.473985e+03
6.9 8.441922e+03 8.477627e+03 8.483035e+03 8.447330e+03
7.9 8.439794e+03 8.485216e+03 8.483622e+03 8.438200e+03
8.9 8.460282e+03 8.485247e+03 8.483620e+03 8.458655e+03
0.6 8.467556e+03 8.488315e+03 8.483104e+03 8.462344e+03
1.6 8.456280e+03 8.488953e+03 8.483678e+03 8.451005e+03
2.6 8.463752e+03 8.488877e+03 8.479492e+03 8.454367e+03
3.6 8.480292e+03 8.489355e+03 8.483048e+03 8.473985e+03
4.6 8.441922e+03 8.477627e+03 8.483035e+03 8.447330e+03
5.6 8.439794e+03 8.485216e+03 8.483622e+03 8.438200e+03
6.6 8.460282e+03 8.485247e+03 8.483620e+03 8.458655e+03
7.6 8.443757e+03 8.490300e+03 8.484219e+03 8.437676e+03
8.6 8.472140e+03 8.490350e+03 8.484230e+03 8.466020e+03
0.3 8.463752e+03 8.488877e+03 8.479492e+03 8.454367e+03
1.3 8.480292e+03 8.489355e+03 8.483048e+03 8.473985e+03
2.3 8.441922e+03 8.477627e+03 8.483035e+03 8.447330e+03
3.3 8.439794e+03 8.485216e+03 8.483622e+03 8.438200e+03
4.3 8.460282e+03 8.485247e+03 8.483620e+03 8.458655e+03
5.3 8.443757e+03 8.490300e+03 8.484219e+03 8.437676e+03
6.3 8.472140e+03 8.490350e+03 8.484230e+03 8.466020e+03
7.3 8.474772e+03 8.485562e+03 8.478887e+03 8.468097e+03
8.3 8.480001e+03 8.487587e+03 8.482465e+03 8.474879e+03
0.9 8.439794e+03 8.485216e+03 8.483622e+03 8.438200e+03
1.9 8.460282e+03 8.485247e+03 8.483620e+03 8.458655e+03
2.9 8.443757e+03 8.490300e+03 8.484219e+03 8.437676e+03
3.9 8.472140e+03 8.490350e+03 8.484230e+03 8.466020e+03
4.9 8.474772e+03 8.485562e+03 8.478887e+03 8.468097e+03
5.9 8.480001e+03 8.487587e+03 8.482465e+03 8.474879e+03
6.9 8.469064e+03 8.484610e+03 8.482473e+03 8.466927e+03
7.9 8.468909e+03 8.512914e+03 8.483676e+03 8.439670e+03
8.9 8.473727e+03 8.488594e+03 8.483694e+03 8.468827e+03
0.7 8.443757e+03 8.490300e+03 8.484219e+03 8.437676e+03
1.7 8.472140e+03 8.490350e+03 8.484230e+03 8.466020e+03
2.7 8.474772e+03 8.485562e+03 8.478887e+03 8.468097e+03
3.7 8.480001e+03 8.487587e+03 8.482465e+03 8.474879e+03
4.7 8.469064e+03 8.484610e+03 8.482473e+03 8.466927e+03
5.7 8.468909e+03 8.512914e+03 8.483676e+03 8.439670e+03
6.7 8.473727e+03 8.488594e+03 8.483694e+03 8.468827e+03
7.7 8.477568e+03 8.452117e+03 8.483713e+03 8.509164e+03
8.7 8.273684e+03 8.412695e+03 8.483734e+03 8.344723e+03
0.3 8.474772e+03 8.485562e+03 8.478887e+03 8.468097e+03
1.3 8.480001e+03 8.487587e+03 8.482465e+03 8.474879e+03
2.3 8.469064e+03 8.484610e+03 8.482473e+03 8.466927e+03
3.3 8.468909e+03 8.512914e+03 8.483676e+03 8.439670e+03
4.3 8.473727e+03 8.488594e+03 8.483694e+03 8.468827e+03
5.3 8.477568e+03 8.452117e+03 8.483713e+03 8.509164e+03
6.3 8.273684e+03 8.412695e+03 8.483734e+03 8.344723e+03
7.3 8.570160e+03 8.422866e+03 8.478995e+03 8.626288e+03
8.3 8.455436e+03 8.413482e+03 8.459376e+03 8.501330e+03
0.5 8.425413e+03 8.462580e+03 8.431471e+03 8.394303e+03
1.5 8.533427e+03 8.517869e+03 8.431473e+03 8.447031e+03
2.5 8.533534e+03 8.492619e+03 8.431474e+03 8.472389e+03
3.5 8.470684e+03 8.471640e+03 8.431470e+03 8.430514e+03
4.5 8.448193e+03 8.446068e+03 8.431459e+03 8.433585e+03
5.5 8.440356e+03 8.466256e+03 8.443351e+03 8.417451e+03
6.5 8.500698e+03 8.489492e+03 8.467144e+03 8.478350e+03
7.5 8.488146e+03 8.488366e+03 8.483197e+03 8.482977e+03
8.5 8.471874e+03 8.488330e+03 8.483174e+03 8.466717e+03
0.2 8.533534e+03 8.492619e+03 8.431474e+03 8.472389e+03
1.2 8.470684e+03 8.471640e+03 8.431470e+03 8.430514e+03
2.2 8.448193e+03 8.446068e+03 8.431459e+03 8.433585e+03
3.2 8.440356e+03 8.466256e+03 8.443351e+03 8.417451e+03
4.2 8.500698e+03 8.489492e+03 8.467144e+03 8.478350e+03
5.2 8.488146e+03 8.488366e+03 8.483197e+03 8.482977e+03
6.2 8.471874e+03 8.488330e+03 8.483174e+03 8.466717e+03
7.2 8.488512e+03 8.486753e+03 8.478982e+03 8.480742e+03
8.2 8.509757e+03 8.487451e+03 8.481936e+03 8.504241e+03
0.8 8.440356e+03 8.466256e+03 8.443351e+03 8.417451e+03
1.8 8.500698e+03 8.489492e+03 8.467144e+03 8.478350e+03
2.8 8.488146e+03 8.488366e+03 8.483197e+03 8.482977e+03
3.8 8.471874e+03 8.488330e+03 8.483174e+03 8.466717e+03
4.8 8.488512e+03 8.486753e+03 8.478982e+03 8.480742e+03
5.8 8.509757e+03 8.487451e+03 8.481936e+03 8.504241e+03
6.8 8.523043e+03 8.477446e+03 8.481914e+03 8.527512e+03
7.8 8.523180e+03 8.488031e+03 8.483086e+03 8.518235e+03
8.8 8.490998e+03 8.487992e+03 8.483070e+03 8.486075e+03
0.5 8.488146e+03 8.488366e+03 8.483197e+03 8.482977e+03
1.5 8.471874e+03 8.488330e+03 8.483174e+03 8.466717e+03
2.5 8.488512e+03 8.486753e+03 8.478982e+03 8.480742e+03
3.5 8.509757e+03 8.487451e+03 8.481936e+03 8.504241e+03
4.5 8.523043e+03 8.477446e+03 8.481914e+03 8.527512e+03
5.5 8.523180e+03 8.488031e+03 8.483086e+03 8.518235e+03
6.5 8.490998e+03 8.487992e+03 8.483070e+03 8.486075e+03
7.5 8.517537e+03 8.487953e+03 8.483054e+03 8.512638e+03
8.5 8.495995e+03 8.488505e+03 8.483633e+03 8.491123e+03
0.2 8.488512e+03 8.486753e+03 8.478982e+03 8.480742e+03
1.2 8.509757e+03 8.487451e+03 8.481936e+03 8.504241e+03
2.2 8.523043e+03 8.477446e+03 8.481914e+03 8.527512e+03
3.2 8.523180e+03 8.488031e+03 8.483086e+03 8.518235e+03
4.2 8.490998e+03 8.487992e+03 8.483070e+03 8.486075e+03
5.2 8.517537e+03 8.487953e+03 8.483054e+03 8.512638e+03
6.2 8.495995e+03 8.488505e+03 8.483633e+03 8.491123e+03
7.2 8.527394e+03 8.486909e+03 8.479456e+03 8.519940e+03
8.2 8.545624e+03 8.488411e+03 8.483619e+03 8.540832e+03
0.9 8.523180e+03 8.488031e+03 8.483086e+03 8.518235e+03
1.9 8.490998e+03 8.487992e+03 8.483070e+03 8.486075e+03
2.9 8.517537e+03 8.487953e+03 8.483054e+03 8.512638e+03
3.9 8.495995e+03 8.488505e+03 8.483633e+03 8.491123e+03
4.9 8.527394e+03 8.486909e+03 8.479456e+03 8.519940e+03
5.9 8.545624e+03 8.488411e+03 8.483619e+03 8.540832e+03
6.9 8.538885e+03 8.480468e+03 8.483619e+03 8.542035e+03
7.9 8.620224e+03 8.511374e+03 8.483621e+03 8.592471e+03
8.9 8.518446e+03 8.490770e+03 8.483624e+03 8.511301e+03
0.6 8.517537e+03 8.487953e+03 8.483054e+03 8.512638e+03
1.6 8.495995e+03 8.488505e+03 8.483633e+03 8.491123e+03
2.6 8.527394e+03 8.486909e+03 8.479456e+03 8.519940e+03
3.6 8.545624e+03 8.488411e+03 8.483619e+03 8.540832e+03
4.6 8.538885e+03 8.480468e+03 8.483619e+03 8.542035e+03
5.6 8.620224e+03 8.511374e+03 8.483621e+03 8.592471e+03
6.6 8.518446e+03 8.490770e+03 8.483624e+03 8.511301e+03
7.6 8.504114e+03 8.453527e+03 8.483625e+03 8.534212e+03
8.6 8.261554e+03 8.410682e+03 8.483621e+03 8.334493e+03
0.3 8.527394e+03 8.486909e+03 8.479456e+03 8.519940e+03
1.3 8.545624e+03 8.488411e+03 8.483619e+03 8.540832e+03
2.3 8.538885e+03 8.480468e+03 8.483619e+03 8.542035e+03
3.3 8.620224e+03 8.511374e+03 8.483621e+03 8.592471e+03
4.3 8.518446e+03 8.490770e+03 8.483624e+03 8.511301e+03
5.3 8.504114e+03 8.453527e+03 8.483625e+03 8.534212e+03
6.3 8.261554e+03 8.410682e+03 8.483621e+03 8.334493e+03
7.3 8.376554e+03 8.421203e+03 8.478847e+03 8.434198e+03
8.3 8.337901e+03 8.412791e+03 8.460369e+03 8.385478e+03
0.5 8.412021e+03 8.459938e+03 8.430866e+03 8.382949e+03
1.5 8.449533e+03 8.514784e+03 8.430696e+03 8.365445e+03
2.5 8.467568e+03 8.490448e+03 8.430478e+03 8.407599e+03
3.5 8.488654e+03 8.468895e+03 8.430209e+03 8.449968e+03
4.5 8.456503e+03 8.441256e+03 8.429882e+03 8.445129e+03
5.5 8.483461e+03 8.463049e+03 8.441397e+03 8.461809e+03
6.5 8.455365e+03 8.485494e+03 8.464752e+03 8.434622e+03
7.5 8.478185e+03 8.480720e+03 8.480887e+03 8.478352e+03
8.5 8.448827e+03 8.479732e+03 8.480274e+03 8.449369e+03
0.2 8.467568e+03 8.490448e+03 8.430478e+03 8.407599e+03
1.2 8.488654e+03 8.468895e+03 8.430209e+03 8.449968e+03
2.2 8.456503e+03 8.441256e+03 8.429882e+03 8.445129e+03
3.2 8.483461e+03 8.463049e+03 8.441397e+03 8.461809e+03
4.2 8.455365e+03 8.485494e+03 8.464752e+03 8.434622e+03
5.2 8.478185e+03 8.480720e+03 8.480887e+03 8.478352e+03
6.2 8.448827e+03 8.479732e+03 8.480274e+03 8.449369e+03
7.2 8.449590e+03 8.477933e+03 8.474813e+03 8.446471e+03
8.2 8.489371e+03 8.478333e+03 8.478195e+03 8.489233e+03
0.9 8.483461e+03 8.463049e+03 8.441397e+03 8.461809e+03
1.9 8.455365e+03 8.485494e+03 8.464752e+03 8.434622e+03
2.9 8.478185e+03 8.480720e+03 8.480887e+03 8.478352e+03
3.9 8.448827e+03 8.479732e+03 8.480274e+03 8.449369e+03
4.9 8.449590e+03 8.477933e+03 8.474813e+03 8.446471e+03
5.9 8.489371e+03 8.478333e+03 8.478195e+03 8.489233e+03
6.9 8.493759e+03 8.466788e+03 8.477317e+03 8.504288e+03
7.9 8.538567e+03 8.473936e+03 8.476344e+03 8.540975e+03
8.9 8.508366e+03 8.472620e+03 8.475278e+03 8.511024e+03
0.6 8.478185e+03 8.480720e+03 8.480887e+03 8.478352e+03
1.6 8.448827e+03 8.479732e+03 8.480274e+03 8.449369e+03
2.6 8.449590e+03 8.477933e+03 8.474813e+03 8.446471e+03
3.6 8.489371e+03 8.478333e+03 8.478195e+03 8.489233e+03
4.6 8.493759e+03 8.466788e+03 8.477317e+03 8.504288e+03
5.6 8.538567e+03 8.473936e+03 8.476344e+03 8.540975e+03
6.6 8.508366e+03 8.472620e+03 8.475278e+03 8.511024e+03
7.6 8.494105e+03 8.473796e+03 8.474728e+03 8.495038e+03
8.6 8.474213e+03 8.472398e+03 8.473514e+03 8.475329e+03
0.3 8.449590e+03 8.477933e+03 8.474813e+03 8.446471e+03
1.3 8.489371e+03 8.478333e+03 8.478195e+03 8.489233e+03
2.3 8.493759e+03 8.466788e+03 8.477317e+03 8.504288e+03
3.3 8.538567e+03 8.473936e+03 8.476344e+03 8.540975e+03
4.3 8.508366e+03 8.472620e+03 8.475278e+03 8.511024e+03
5.3 8.494105e+03 8.473796e+03 8.474728e+03 8.495038e+03
6.3 8.474213e+03 8.472398e+03 8.473514e+03 8.475329e+03
7.3 8.465639e+03 8.464417e+03 8.467450e+03 8.468672e+03
8.3 8.472164e+03 8.465527e+03 8.470224e+03 8.476861e+03
1.0 8.538567e+03 8.473936e+03 8.476344e+03 8.540975e+03
2.0 8.508366e+03 8.472620e+03 8.475278e+03 8.511024e+03
3.0 8.494105e+03 8.473796e+03 8.474728e+03 8.495038e+03
4.0 8.474213e+03 8.472398e+03 8.473514e+03 8.475329e+03
5.0 8.465639e+03 8.464417e+03 8.467450e+03 8.468672e+03
6.0 8.472164e+03 8.465527e+03 8.470224e+03 8.476861e+03
0.6 8.494105e+03 8.473796e+03 8.474728e+03 8.495038e+03
1.6 8.474213e+03 8.472398e+03 8.473514e+03 8.475329e+03
2.6 8.465639e+03 8.464417e+03 8.467450e+03 8.468672e+03
3.6 8.472164e+03 8.465527e+03 8.470224e+03 8.476861e+03
0.3 8.465639e+03 8.464417e+03 8.467450e+03 8.468672e+03
1.3 8.472164e+03 8.465527e+03 8.470224e+03 8.476861e+03
