0.5 8.963285e+03 8.928556e+03 8.892280e+03 8.927009e+03
1.5 8.911793e+03 8.893887e+03 8.885944e+03 8.903851e+03
2.5 8.895128e+03 8.922954e+03 8.880145e+03 8.852319e+03
3.5 8.886502e+03 8.904336e+03 8.874857e+03 8.857023e+03
4.5 8.869099e+03 8.874309e+03 8.870062e+03 8.864852e+03
5.5 8.915463e+03 8.881677e+03 8.900723e+03 8.934509e+03
6.5 8.946006e+03 8.954926e+03 8.974580e+03 8.965660e+03
7.5 8.892123e+03 8.987993e+03 9.025503e+03 8.929632e+03
8.5 8.870174e+03 8.988320e+03 9.026263e+03 8.908117e+03
0.2 8.895128e+03 8.922954e+03 8.880145e+03 8.852319e+03
1.2 8.886502e+03 8.904336e+03 8.874857e+03 8.857023e+03
2.2 8.869099e+03 8.874309e+03 8.870062e+03 8.864852e+03
3.2 8.915463e+03 8.881677e+03 8.900723e+03 8.934509e+03
4.2 8.946006e+03 8.954926e+03 8.974580e+03 8.965660e+03
5.2 8.892123e+03 8.987993e+03 9.025503e+03 8.929632e+03
6.2 8.870174e+03 8.988320e+03 9.026263e+03 8.908117e+03
7.2 8.976361e+03 8.975291e+03 9.011862e+03 9.012932e+03
8.2 8.989423e+03 8.982065e+03 9.021149e+03 9.028507e+03
0.9 8.915463e+03 8.881677e+03 8.900723e+03 8.934509e+03
1.9 8.946006e+03 8.954926e+03 8.974580e+03 8.965660e+03
2.9 8.892123e+03 8.987993e+03 9.025503e+03 8.929632e+03
3.9 8.870174e+03 8.988320e+03 9.026263e+03 8.908117e+03
4.9 8.976361e+03 8.975291e+03 9.011862e+03 9.012932e+03
5.9 8.989423e+03 8.982065e+03 9.021149e+03 9.028507e+03
6.9 8.977773e+03 8.986060e+03 9.019113e+03 9.010826e+03
7.9 8.995955e+03 8.976920e+03 9.017387e+03 9.036423e+03
8.9 8.983151e+03 8.974748e+03 9.015945e+03 9.024348e+03
0.6 8.892123e+03 8.987993e+03 9.025503e+03 8.929632e+03
1.6 8.870174e+03 8.988320e+03 9.026263e+03 8.908117e+03
2.6 8.976361e+03 8.975291e+03 9.011862e+03 9.012932e+03
3.6 8.989423e+03 8.982065e+03 9.021149e+03 9.028507e+03
4.6 8.977773e+03 8.986060e+03 9.019113e+03 9.010826e+03
5.6 8.995955e+03 8.976920e+03 9.017387e+03 9.036423e+03
6.6 8.983151e+03 8.974748e+03 9.015945e+03 9.024348e+03
7.6 8.957228e+03 8.972820e+03 9.014758e+03 8.999166e+03
8.6 8.985191e+03 8.971124e+03 9.013800e+03 9.027866e+03
0.3 8.976361e+03 8.975291e+03 9.011862e+03 9.012932e+03
1.3 8.989423e+03 8.982065e+03 9.021149e+03 9.028507e+03
2.3 8.977773e+03 8.986060e+03 9.019113e+03 9.010826e+03
3.3 8.995955e+03 8.976920e+03 9.017387e+03 9.036423e+03
4.3 8.983151e+03 8.974748e+03 9.015945e+03 9.024348e+03
5.3 8.957228e+03 8.972820e+03 9.014758e+03 8.999166e+03
6.3 8.985191e+03 8.971124e+03 9.013800e+03 9.027866e+03
7.3 9.035964e+03 8.954732e+03 8.997495e+03 9.078727e+03
8.3 9.012039e+03 8.968368e+03 9.012460e+03 9.056131e+03
1.0 8.995955e+03 8.976920e+03 9.017387e+03 9.036423e+03
2.0 8.983151e+03 8.974748e+03 9.015945e+03 9.024348e+03
3.0 8.957228e+03 8.972820e+03 9.014758e+03 8.999166e+03
4.0 8.985191e+03 8.971124e+03 9.013800e+03 9.027866e+03
5.0 9.035964e+03 8.954732e+03 8.997495e+03 9.078727e+03
6.0 9.012039e+03 8.968368e+03 9.012460e+03 9.056131e+03
7.0 8.950471e+03 8.974598e+03 9.012017e+03 8.987890e+03
8.0 8.959296e+03 8.991161e+03 9.011692e+03 8.979827e+03
9.0 8.988524e+03 9.018151e+03 9.011465e+03 8.981838e+03
0.7 8.957228e+03 8.972820e+03 9.014758e+03 8.999166e+03
1.7 8.985191e+03 8.971124e+03 9.013800e+03 9.027866e+03
2.7 9.035964e+03 8.954732e+03 8.997495e+03 9.078727e+03
3.7 9.012039e+03 8.968368e+03 9.012460e+03 9.056131e+03
4.7 8.950471e+03 8.974598e+03 9.012017e+03 8.987890e+03
5.7 8.959296e+03 8.991161e+03 9.011692e+03 8.979827e+03
6.7 8.988524e+03 9.018151e+03 9.011465e+03 8.981838e+03
7.7 9.079513e+03 9.063295e+03 9.011316e+03 9.027534e+03
8.7 9.129675e+03 9.126848e+03 9.011225e+03 9.014052e+03
0.4 9.035964e+03 8.954732e+03 8.997495e+03 9.078727e+03
1.4 9.012039e+03 8.968368e+03 9.012460e+03 9.056131e+03
2.4 8.950471e+03 8.974598e+03 9.012017e+03 8.987890e+03
3.4 8.959296e+03 8.991161e+03 9.011692e+03 8.979827e+03
4.4 8.988524e+03 9.018151e+03 9.011465e+03 8.981838e+03
5.4 9.079513e+03 9.063295e+03 9.011316e+03 9.027534e+03
6.4 9.129675e+03 9.126848e+03 9.011225e+03 9.014052e+03
7.4 9.068904e+03 9.115809e+03 8.995628e+03 8.948724e+03
8.4 9.000852e+03 9.016586e+03 8.929527e+03 8.913793e+03
0.5 8.956009e+03 8.865387e+03 8.840125e+03 8.930747e+03
1.5 8.944128e+03 8.836342e+03 8.840109e+03 8.947896e+03
2.5 8.906637e+03 8.870698e+03 8.840078e+03 8.876017e+03
3.5 8.920542e+03 8.857462e+03 8.840031e+03 8.903111e+03
4.5 8.899597e+03 8.832768e+03 8.839967e+03 8.906795e+03
5.5 8.892278e+03 8.846591e+03 8.876814e+03 8.922501e+03
6.5 8.968827e+03 8.923741e+03 8.954467e+03 8.999553e+03
7.5 8.981913e+03 8.960051e+03 9.008802e+03 9.030664e+03
8.5 8.987227e+03 8.961887e+03 9.010677e+03 9.036017e+03
0.2 8.906637e+03 8.870698e+03 8.840078e+03 8.876017e+03
1.2 8.920542e+03 8.857462e+03 8.840031e+03 8.903111e+03
2.2 8.899597e+03 8.832768e+03 8.839967e+03 8.906795e+03
3.2 8.892278e+03 8.846591e+03 8.876814e+03 8.922501e+03
4.2 8.968827e+03 8.923741e+03 8.954467e+03 8.999553e+03
5.2 8.981913e+03 8.960051e+03 9.008802e+03 9.030664e+03
6.2 8.987227e+03 8.961887e+03 9.010677e+03 9.036017e+03
7.2 8.998178e+03 8.949007e+03 8.997011e+03 9.046182e+03
8.2 9.010292e+03 8.958672e+03 9.008619e+03 9.060240e+03
0.9 8.892278e+03 8.846591e+03 8.876814e+03 8.922501e+03
1.9 8.968827e+03 8.923741e+03 8.954467e+03 8.999553e+03
2.9 8.981913e+03 8.960051e+03 9.008802e+03 9.030664e+03
3.9 8.987227e+03 8.961887e+03 9.010677e+03 9.036017e+03
4.9 8.998178e+03 8.949007e+03 8.997011e+03 9.046182e+03
5.9 9.010292e+03 8.958672e+03 9.008619e+03 9.060240e+03
6.9 8.981686e+03 8.966046e+03 9.008578e+03 9.024218e+03
7.9 8.970565e+03 8.962418e+03 9.010495e+03 9.018642e+03
8.9 8.942747e+03 8.962348e+03 9.010487e+03 8.990886e+03
0.6 8.981913e+03 8.960051e+03 9.008802e+03 9.030664e+03
1.6 8.987227e+03 8.961887e+03 9.010677e+03 9.036017e+03
2.6 8.998178e+03 8.949007e+03 8.997011e+03 9.046182e+03
3.6 9.010292e+03 8.958672e+03 9.008619e+03 9.060240e+03
4.6 8.981686e+03 8.966046e+03 9.008578e+03 9.024218e+03
5.6 8.970565e+03 8.962418e+03 9.010495e+03 9.018642e+03
6.6 8.942747e+03 8.962348e+03 9.010487e+03 8.990886e+03
7.6 8.953715e+03 8.963672e+03 9.012444e+03 9.002487e+03
8.6 8.953727e+03 8.963639e+03 9.012479e+03 9.002567e+03
0.3 8.998178e+03 8.949007e+03 8.997011e+03 9.046182e+03
1.3 9.010292e+03 8.958672e+03 9.008619e+03 9.060240e+03
2.3 8.981686e+03 8.966046e+03 9.008578e+03 9.024218e+03
3.3 8.970565e+03 8.962418e+03 9.010495e+03 9.018642e+03
4.3 8.942747e+03 8.962348e+03 9.010487e+03 8.990886e+03
5.3 8.953715e+03 8.963672e+03 9.012444e+03 9.002487e+03
6.3 8.953727e+03 8.963639e+03 9.012479e+03 9.002567e+03
7.3 8.934439e+03 8.946445e+03 8.995035e+03 8.983029e+03
8.3 8.972727e+03 8.957118e+03 9.006716e+03 9.022326e+03
0.9 8.970565e+03 8.962418e+03 9.010495e+03 9.018642e+03
1.9 8.942747e+03 8.962348e+03 9.010487e+03 8.990886e+03
2.9 8.953715e+03 8.963672e+03 9.012444e+03 9.002487e+03
3.9 8.953727e+03 8.963639e+03 9.012479e+03 9.002567e+03
4.9 8.934439e+03 8.946445e+03 8.995035e+03 8.983029e+03
5.9 8.972727e+03 8.957118e+03 9.006716e+03 9.022326e+03
6.9 8.968719e+03 8.964258e+03 9.006742e+03 9.011203e+03
7.9 8.949950e+03 8.985183e+03 9.010670e+03 8.975437e+03
8.9 8.943166e+03 9.012816e+03 9.010728e+03 8.941079e+03
0.7 8.953715e+03 8.963672e+03 9.012444e+03 9.002487e+03
1.7 8.953727e+03 8.963639e+03 9.012479e+03 9.002567e+03
2.7 8.934439e+03 8.946445e+03 8.995035e+03 8.983029e+03
3.7 8.972727e+03 8.957118e+03 9.006716e+03 9.022326e+03
4.7 8.968719e+03 8.964258e+03 9.006742e+03 9.011203e+03
5.7 8.949950e+03 8.985183e+03 9.010670e+03 8.975437e+03
6.7 8.943166e+03 9.012816e+03 9.010728e+03 8.941079e+03
7.7 9.024529e+03 9.057654e+03 9.010792e+03 8.977666e+03
8.7 9.154095e+03 9.123211e+03 9.010859e+03 9.041743e+03
0.3 8.934439e+03 8.946445e+03 8.995035e+03 8.983029e+03
1.3 8.972727e+03 8.957118e+03 9.006716e+03 9.022326e+03
2.3 8.968719e+03 8.964258e+03 9.006742e+03 9.011203e+03
3.3 8.949950e+03 8.985183e+03 9.010670e+03 8.975437e+03
4.3 8.943166e+03 9.012816e+03 9.010728e+03 8.941079e+03
5.3 9.024529e+03 9.057654e+03 9.010792e+03 8.977666e+03
6.3 9.154095e+03 9.123211e+03 9.010859e+03 9.041743e+03
7.3 9.231616e+03 9.113803e+03 8.995387e+03 9.113200e+03
8.3 9.081860e+03 9.016964e+03 8.931338e+03 8.996234e+03
0.5 8.784468e+03 8.863452e+03 8.840237e+03 8.761253e+03
1.5 8.843397e+03 8.834605e+03 8.840246e+03 8.849038e+03
2.5 8.886812e+03 8.869895e+03 8.840249e+03 8.857166e+03
3.5 8.875045e+03 8.857261e+03 8.840234e+03 8.858018e+03
4.5 8.803020e+03 8.832722e+03 8.840200e+03 8.810498e+03
5.5 8.830685e+03 8.850044e+03 8.879022e+03 8.859663e+03
6.5 8.865903e+03 8.927350e+03 8.956700e+03 8.895252e+03
7.5 8.873722e+03 8.961412e+03 9.009106e+03 8.921416e+03
8.5 8.887483e+03 8.961417e+03 9.009030e+03 8.935096e+03
0.2 8.886812e+03 8.869895e+03 8.840249e+03 8.857166e+03
1.2 8.875045e+03 8.857261e+03 8.840234e+03 8.858018e+03
2.2 8.803020e+03 8.832722e+03 8.840200e+03 8.810498e+03
3.2 8.830685e+03 8.850044e+03 8.879022e+03 8.859663e+03
4.2 8.865903e+03 8.927350e+03 8.956700e+03 8.895252e+03
5.2 8.873722e+03 8.961412e+03 9.009106e+03 8.921416e+03
6.2 8.887483e+03 8.961417e+03 9.009030e+03 8.935096e+03
7.2 8.920137e+03 8.949403e+03 8.995347e+03 8.966082e+03
8.2 8.930343e+03 8.956154e+03 9.004989e+03 8.979178e+03
0.8 8.830685e+03 8.850044e+03 8.879022e+03 8.859663e+03
1.8 8.865903e+03 8.927350e+03 8.956700e+03 8.895252e+03
2.8 8.873722e+03 8.961412e+03 9.009106e+03 8.921416e+03
3.8 8.887483e+03 8.961417e+03 9.009030e+03 8.935096e+03
4.8 8.920137e+03 8.949403e+03 8.995347e+03 8.966082e+03
5.8 8.930343e+03 8.956154e+03 9.004989e+03 8.979178e+03
6.8 8.948640e+03 8.961487e+03 9.004919e+03 8.992072e+03
7.8 8.992569e+03 8.959791e+03 9.008745e+03 9.041523e+03
8.8 8.967258e+03 8.959838e+03 9.008692e+03 9.016112e+03
0.5 8.873722e+03 8.961412e+03 9.009106e+03 8.921416e+03
1.5 8.887483e+03 8.961417e+03 9.009030e+03 8.935096e+03
2.5 8.920137e+03 8.949403e+03 8.995347e+03 8.966082e+03
3.5 8.930343e+03 8.956154e+03 9.004989e+03 8.979178e+03
4.5 8.948640e+03 8.961487e+03 9.004919e+03 8.992072e+03
5.5 8.992569e+03 8.959791e+03 9.008745e+03 9.041523e+03
6.5 8.967258e+03 8.959838e+03 9.008692e+03 9.016112e+03
7.5 8.965787e+03 8.959877e+03 9.008638e+03 9.014548e+03
8.5 8.980348e+03 8.961864e+03 9.010530e+03 9.029014e+03
0.2 8.920137e+03 8.949403e+03 8.995347e+03 8.966082e+03
1.2 8.930343e+03 8.956154e+03 9.004989e+03 8.979178e+03
2.2 8.948640e+03 8.961487e+03 9.004919e+03 8.992072e+03
3.2 8.992569e+03 8.959791e+03 9.008745e+03 9.041523e+03
4.2 8.967258e+03 8.959838e+03 9.008692e+03 9.016112e+03
5.2 8.965787e+03 8.959877e+03 9.008638e+03 9.014548e+03
6.2 8.980348e+03 8.961864e+03 9.010530e+03 9.029014e+03
7.2 8.993042e+03 8.949916e+03 8.996892e+03 9.040018e+03
8.2 9.011026e+03 8.962041e+03 9.010483e+03 9.059468e+03
0.9 8.992569e+03 8.959791e+03 9.008745e+03 9.041523e+03
1.9 8.967258e+03 8.959838e+03 9.008692e+03 9.016112e+03
2.9 8.965787e+03 8.959877e+03 9.008638e+03 9.014548e+03
3.9 8.980348e+03 8.961864e+03 9.010530e+03 9.029014e+03
4.9 8.993042e+03 8.949916e+03 8.996892e+03 9.040018e+03
5.9 9.011026e+03 8.962041e+03 9.010483e+03 9.059468e+03
6.9 9.008725e+03 8.969044e+03 9.010483e+03 9.050164e+03
7.9 9.007585e+03 8.985406e+03 9.010492e+03 9.032671e+03
8.9 9.031168e+03 9.012948e+03 9.010502e+03 9.028722e+03
0.6 8.965787e+03 8.959877e+03 9.008638e+03 9.014548e+03
1.6 8.980348e+03 8.961864e+03 9.010530e+03 9.029014e+03
2.6 8.993042e+03 8.949916e+03 8.996892e+03 9.040018e+03
3.6 9.011026e+03 8.962041e+03 9.010483e+03 9.059468e+03
4.6 9.008725e+03 8.969044e+03 9.010483e+03 9.050164e+03
5.6 9.007585e+03 8.985406e+03 9.010492e+03 9.032671e+03
6.6 9.031168e+03 9.012948e+03 9.010502e+03 9.028722e+03
7.6 9.106270e+03 9.056076e+03 9.010505e+03 9.060699e+03
8.6 9.154787e+03 9.124792e+03 9.010491e+03 9.040486e+03
0.3 8.993042e+03 8.949916e+03 8.996892e+03 9.040018e+03
1.3 9.011026e+03 8.962041e+03 9.010483e+03 9.059468e+03
2.3 9.008725e+03 8.969044e+03 9.010483e+03 9.050164e+03
3.3 9.007585e+03 8.985406e+03 9.010492e+03 9.032671e+03
4.3 9.031168e+03 9.012948e+03 9.010502e+03 9.028722e+03
5.3 9.106270e+03 9.056076e+03 9.010505e+03 9.060699e+03
6.3 9.154787e+03 9.124792e+03 9.010491e+03 9.040486e+03
7.3 9.087667e+03 9.117989e+03 8.994904e+03 8.964581e+03
8.3 8.928534e+03 9.025395e+03 8.934580e+03 8.837719e+03
0.5 8.853028e+03 8.868045e+03 8.838265e+03 8.823247e+03
1.5 8.803212e+03 8.839668e+03 8.837707e+03 8.801251e+03
2.5 8.750649e+03 8.874671e+03 8.836998e+03 8.712976e+03
3.5 8.759074e+03 8.862501e+03 8.836118e+03 8.732691e+03
4.5 8.799749e+03 8.839169e+03 8.835049e+03 8.795629e+03
5.5 8.860672e+03 8.855074e+03 8.872644e+03 8.878243e+03
6.5 8.909430e+03 8.932759e+03 8.948889e+03 8.925560e+03
7.5 8.925308e+03 8.970276e+03 9.001565e+03 8.956597e+03
8.5 8.937883e+03 8.970512e+03 8.999563e+03 8.966934e+03
0.2 8.750649e+03 8.874671e+03 8.836998e+03 8.712976e+03
1.2 8.759074e+03 8.862501e+03 8.836118e+03 8.732691e+03
2.2 8.799749e+03 8.839169e+03 8.835049e+03 8.795629e+03
3.2 8.860672e+03 8.855074e+03 8.872644e+03 8.878243e+03
4.2 8.909430e+03 8.932759e+03 8.948889e+03 8.925560e+03
5.2 8.925308e+03 8.970276e+03 9.001565e+03 8.956597e+03
6.2 8.937883e+03 8.970512e+03 8.999563e+03 8.966934e+03
7.2 8.892045e+03 8.955919e+03 8.981736e+03 8.917863e+03
8.2 8.928139e+03 8.967938e+03 8.992776e+03 8.952977e+03
0.9 8.860672e+03 8.855074e+03 8.872644e+03 8.878243e+03
1.9 8.909430e+03 8.932759e+03 8.948889e+03 8.925560e+03
2.9 8.925308e+03 8.970276e+03 9.001565e+03 8.956597e+03
3.9 8.937883e+03 8.970512e+03 8.999563e+03 8.966934e+03
4.9 8.892045e+03 8.955919e+03 8.981736e+03 8.917863e+03
5.9 8.928139e+03 8.967938e+03 8.992776e+03 8.952977e+03
6.9 8.974207e+03 8.974478e+03 8.989910e+03 8.989638e+03
7.9 9.013907e+03 8.967856e+03 8.986734e+03 9.032785e+03
8.9 9.026841e+03 8.967326e+03 8.983254e+03 9.042768e+03
0.6 8.925308e+03 8.970276e+03 9.001565e+03 8.956597e+03
1.6 8.937883e+03 8.970512e+03 8.999563e+03 8.966934e+03
2.6 8.892045e+03 8.955919e+03 8.981736e+03 8.917863e+03
3.6 8.928139e+03 8.967938e+03 8.992776e+03 8.952977e+03
4.6 8.974207e+03 8.974478e+03 8.989910e+03 8.989638e+03
5.6 9.013907e+03 8.967856e+03 8.986734e+03 9.032785e+03
6.6 9.026841e+03 8.967326e+03 8.983254e+03 9.042768e+03
7.6 9.033230e+03 8.968208e+03 8.981459e+03 9.046481e+03
8.6 9.018552e+03 8.967509e+03 8.977496e+03 9.028539e+03
0.3 8.892045e+03 8.955919e+03 8.981736e+03 8.917863e+03
1.3 8.928139e+03 8.967938e+03 8.992776e+03 8.952977e+03
2.3 8.974207e+03 8.974478e+03 8.989910e+03 8.989638e+03
3.3 9.013907e+03 8.967856e+03 8.986734e+03 9.032785e+03
4.3 9.026841e+03 8.967326e+03 8.983254e+03 9.042768e+03
5.3 9.033230e+03 8.968208e+03 8.981459e+03 9.046481e+03
6.3 9.018552e+03 8.967509e+03 8.977496e+03 9.028539e+03
7.3 8.991831e+03 8.953264e+03 8.957699e+03 8.996266e+03
8.3 8.976625e+03 8.964915e+03 8.966755e+03 8.978465e+03
1.0 9.013907e+03 8.967856e+03 8.986734e+03 9.032785e+03
2.0 9.026841e+03 8.967326e+03 8.983254e+03 9.042768e+03
3.0 9.033230e+03 8.968208e+03 8.981459e+03 9.046481e+03
4.0 9.018552e+03 8.967509e+03 8.977496e+03 9.028539e+03
5.0 8.991831e+03 8.953264e+03 8.957699e+03 8.996266e+03
6.0 8.976625e+03 8.964915e+03 8.966755e+03 8.978465e+03
0.6 9.033230e+03 8.968208e+03 8.981459e+03 9.046481e+03
1.6 9.018552e+03 8.967509e+03 8.977496e+03 9.028539e+03
2.6 8.991831e+03 8.953264e+03 8.957699e+03 8.996266e+03
3.6 8.976625e+03 8.964915e+03 8.966755e+03 8.978465e+03
0.3 8.991831e+03 8.953264e+03 8.957699e+03 8.996266e+03
1.3 8.976625e+03 8.964915e+03 8.966755e+03 8.978465e+03
