0.5 9.793794e+03 9.752854e+03 9.825367e+03 9.866307e+03
1.5 9.807324e+03 9.811678e+03 9.825347e+03 9.820993e+03
2.5 9.884190e+03 9.870488e+03 9.825327e+03 9.839029e+03
3.5 9.941025e+03 9.865211e+03 9.825305e+03 9.901119e+03
4.5 9.933928e+03 9.842022e+03 9.825281e+03 9.917186e+03
5.5 9.783255e+03 9.802887e+03 9.832048e+03 9.812416e+03
6.5 9.830527e+03 9.812568e+03 9.838167e+03 9.856126e+03
7.5 9.794535e+03 9.834162e+03 9.837814e+03 9.798188e+03
0.1 9.804339e+03 9.843474e+03 9.824767e+03 9.785632e+03
1.1 9.774953e+03 9.855669e+03 9.824731e+03 9.744015e+03
2.1 9.826091e+03 9.823079e+03 9.824697e+03 9.827709e+03
3.1 9.867496e+03 9.800684e+03 9.824664e+03 9.891477e+03
4.1 9.802253e+03 9.785208e+03 9.824634e+03 9.841679e+03
5.1 9.875995e+03 9.798948e+03 9.825901e+03 9.902948e+03
6.1 9.754120e+03 9.776025e+03 9.838816e+03 9.816911e+03
7.1 9.750156e+03 9.752882e+03 9.843970e+03 9.841244e+03
0.5 9.702806e+03 9.765604e+03 9.824524e+03 9.761726e+03
1.5 9.812918e+03 9.825734e+03 9.824510e+03 9.811695e+03
2.5 9.852912e+03 9.884269e+03 9.824499e+03 9.793142e+03
3.5 9.883481e+03 9.878608e+03 9.824490e+03 9.829363e+03
4.5 9.911779e+03 9.852817e+03 9.824483e+03 9.883445e+03
5.5 9.825707e+03 9.811750e+03 9.831272e+03 9.845228e+03
6.5 9.741116e+03 9.822192e+03 9.837415e+03 9.756340e+03
7.5 9.870853e+03 9.843254e+03 9.837090e+03 9.864689e+03
0.1 9.844795e+03 9.843591e+03 9.824447e+03 9.825651e+03
1.1 9.874661e+03 9.858666e+03 9.824445e+03 9.840439e+03
2.1 9.793800e+03 9.827394e+03 9.824442e+03 9.790847e+03
3.1 9.831679e+03 9.803701e+03 9.824439e+03 9.852417e+03
4.1 9.697966e+03 9.786708e+03 9.824438e+03 9.735696e+03
5.1 9.860101e+03 9.801008e+03 9.825409e+03 9.884502e+03
6.1 9.894907e+03 9.778387e+03 9.838349e+03 9.954870e+03
7.1 9.796010e+03 9.754912e+03 9.843846e+03 9.884944e+03
0.5 9.757774e+03 9.766759e+03 9.824434e+03 9.815449e+03
1.5 9.855802e+03 9.828239e+03 9.824434e+03 9.851996e+03
2.5 9.931658e+03 9.886649e+03 9.824435e+03 9.869444e+03
3.5 9.935637e+03 9.879396e+03 9.824436e+03 9.880677e+03
4.5 9.747651e+03 9.851319e+03 9.824438e+03 9.720770e+03
5.5 9.847070e+03 9.810163e+03 9.831234e+03 9.868141e+03
6.5 9.765200e+03 9.820964e+03 9.837383e+03 9.781620e+03
7.5 9.878081e+03 9.841949e+03 9.837063e+03 9.873195e+03
0.0 9.904964e+03 9.839380e+03 9.824486e+03 9.890070e+03
1.0 9.866448e+03 9.857663e+03 9.824488e+03 9.833272e+03
2.0 9.876908e+03 9.829600e+03 9.824490e+03 9.871798e+03
3.0 9.880059e+03 9.803813e+03 9.824493e+03 9.900738e+03
4.0 9.612974e+03 9.784219e+03 9.824499e+03 9.653254e+03
5.0 9.754187e+03 9.799982e+03 9.824832e+03 9.779036e+03
6.0 9.672672e+03 9.778207e+03 9.837783e+03 9.732248e+03
7.0 9.747988e+03 9.754227e+03 9.843942e+03 9.837703e+03
0.5 9.721500e+03 9.764381e+03 9.824570e+03 9.781689e+03
1.5 9.802968e+03 9.825482e+03 9.824597e+03 9.802083e+03
2.5 9.796474e+03 9.883465e+03 9.824631e+03 9.737640e+03
3.5 9.811424e+03 9.877217e+03 9.824671e+03 9.758878e+03
4.5 9.847906e+03 9.848599e+03 9.824719e+03 9.824027e+03
5.5 9.850537e+03 9.805350e+03 9.831570e+03 9.876757e+03
6.5 9.751164e+03 9.817767e+03 9.837782e+03 9.771179e+03
7.5 9.819935e+03 9.838026e+03 9.837535e+03 9.819443e+03
