0.5 6.076589e+03 6.103634e+03 6.174232e+03 6.147187e+03
1.5 5.937485e+03 6.026590e+03 6.166495e+03 6.077389e+03
2.5 6.019522e+03 6.098884e+03 6.159412e+03 6.080051e+03
3.5 6.138425e+03 6.154754e+03 6.152955e+03 6.136626e+03
4.5 6.270798e+03 6.202232e+03 6.147099e+03 6.215665e+03
5.5 6.315536e+03 6.220531e+03 6.184543e+03 6.279548e+03
6.5 6.370035e+03 6.307778e+03 6.274738e+03 6.336994e+03
7.5 6.238508e+03 6.363130e+03 6.336925e+03 6.212303e+03
8.5 6.198961e+03 6.361655e+03 6.337854e+03 6.175160e+03
0.2 6.019522e+03 6.098884e+03 6.159412e+03 6.080051e+03
1.2 6.138425e+03 6.154754e+03 6.152955e+03 6.136626e+03
2.2 6.270798e+03 6.202232e+03 6.147099e+03 6.215665e+03
3.2 6.315536e+03 6.220531e+03 6.184543e+03 6.279548e+03
4.2 6.370035e+03 6.307778e+03 6.274738e+03 6.336994e+03
5.2 6.238508e+03 6.363130e+03 6.336925e+03 6.212303e+03
6.2 6.198961e+03 6.361655e+03 6.337854e+03 6.175160e+03
7.2 6.447645e+03 6.330925e+03 6.320266e+03 6.436986e+03
8.2 6.354371e+03 6.351249e+03 6.331608e+03 6.334730e+03
0.9 6.315536e+03 6.220531e+03 6.184543e+03 6.279548e+03
1.9 6.370035e+03 6.307778e+03 6.274738e+03 6.336994e+03
2.9 6.238508e+03 6.363130e+03 6.336925e+03 6.212303e+03
3.9 6.198961e+03 6.361655e+03 6.337854e+03 6.175160e+03
4.9 6.447645e+03 6.330925e+03 6.320266e+03 6.436986e+03
5.9 6.354371e+03 6.351249e+03 6.331608e+03 6.334730e+03
6.9 6.403783e+03 6.356988e+03 6.329121e+03 6.375917e+03
7.9 6.324625e+03 6.343259e+03 6.327014e+03 6.308380e+03
8.9 6.283540e+03 6.340096e+03 6.325252e+03 6.268697e+03
0.6 6.238508e+03 6.363130e+03 6.336925e+03 6.212303e+03
1.6 6.198961e+03 6.361655e+03 6.337854e+03 6.175160e+03
2.6 6.447645e+03 6.330925e+03 6.320266e+03 6.436986e+03
3.6 6.354371e+03 6.351249e+03 6.331608e+03 6.334730e+03
4.6 6.403783e+03 6.356988e+03 6.329121e+03 6.375917e+03
5.6 6.324625e+03 6.343259e+03 6.327014e+03 6.308380e+03
6.6 6.283540e+03 6.340096e+03 6.325252e+03 6.268697e+03
7.6 6.324038e+03 6.337423e+03 6.323803e+03 6.310418e+03
8.6 6.330402e+03 6.335185e+03 6.322633e+03 6.317850e+03
0.3 6.447645e+03 6.330925e+03 6.320266e+03 6.436986e+03
1.3 6.354371e+03 6.351249e+03 6.331608e+03 6.334730e+03
2.3 6.403783e+03 6.356988e+03 6.329121e+03 6.375917e+03
3.3 6.324625e+03 6.343259e+03 6.327014e+03 6.308380e+03
4.3 6.283540e+03 6.340096e+03 6.325252e+03 6.268697e+03
5.3 6.324038e+03 6.337423e+03 6.323803e+03 6.310418e+03
6.3 6.330402e+03 6.335185e+03 6.322633e+03 6.317850e+03
7.3 6.419116e+03 6.310688e+03 6.302722e+03 6.411150e+03
8.3 6.388301e+03 6.331810e+03 6.320997e+03 6.377487e+03
1.0 6.324625e+03 6.343259e+03 6.327014e+03 6.308380e+03
2.0 6.283540e+03 6.340096e+03 6.325252e+03 6.268697e+03
3.0 6.324038e+03 6.337423e+03 6.323803e+03 6.310418e+03
4.0 6.330402e+03 6.335185e+03 6.322633e+03 6.317850e+03
5.0 6.419116e+03 6.310688e+03 6.302722e+03 6.411150e+03
6.0 6.388301e+03 6.331810e+03 6.320997e+03 6.377487e+03
7.0 6.202232e+03 6.325331e+03 6.320455e+03 6.197356e+03
8.0 6.370126e+03 6.313875e+03 6.320059e+03 6.376310e+03
9.0 6.287770e+03 6.349644e+03 6.319782e+03 6.257909e+03
0.7 6.324038e+03 6.337423e+03 6.323803e+03 6.310418e+03
1.7 6.330402e+03 6.335185e+03 6.322633e+03 6.317850e+03
2.7 6.419116e+03 6.310688e+03 6.302722e+03 6.411150e+03
3.7 6.388301e+03 6.331810e+03 6.320997e+03 6.377487e+03
4.7 6.202232e+03 6.325331e+03 6.320455e+03 6.197356e+03
5.7 6.370126e+03 6.313875e+03 6.320059e+03 6.376310e+03
6.7 6.287770e+03 6.349644e+03 6.319782e+03 6.257909e+03
7.7 6.412676e+03 6.399865e+03 6.319599e+03 6.332411e+03
8.7 6.670522e+03 6.447467e+03 6.319489e+03 6.542544e+03
0.4 6.419116e+03 6.310688e+03 6.302722e+03 6.411150e+03
1.4 6.388301e+03 6.331810e+03 6.320997e+03 6.377487e+03
2.4 6.202232e+03 6.325331e+03 6.320455e+03 6.197356e+03
3.4 6.370126e+03 6.313875e+03 6.320059e+03 6.376310e+03
4.4 6.287770e+03 6.349644e+03 6.319782e+03 6.257909e+03
5.4 6.412676e+03 6.399865e+03 6.319599e+03 6.332411e+03
6.4 6.670522e+03 6.447467e+03 6.319489e+03 6.542544e+03
7.4 6.304650e+03 6.375538e+03 6.300441e+03 6.229554e+03
8.4 6.216551e+03 6.243795e+03 6.219718e+03 6.192475e+03
0.5 6.112329e+03 5.995169e+03 6.110540e+03 6.227699e+03
1.5 6.091646e+03 5.930042e+03 6.110520e+03 6.272123e+03
2.5 6.064802e+03 6.013313e+03 6.110482e+03 6.161971e+03
3.5 6.140840e+03 6.082715e+03 6.110424e+03 6.168549e+03
4.5 6.072093e+03 6.140935e+03 6.110346e+03 6.041504e+03
5.5 6.161485e+03 6.167897e+03 6.155345e+03 6.148933e+03
6.5 6.313232e+03 6.262518e+03 6.250175e+03 6.300889e+03
7.5 6.442248e+03 6.321040e+03 6.316529e+03 6.437737e+03
8.5 6.482763e+03 6.323247e+03 6.318819e+03 6.478335e+03
0.2 6.064802e+03 6.013313e+03 6.110482e+03 6.161971e+03
1.2 6.140840e+03 6.082715e+03 6.110424e+03 6.168549e+03
2.2 6.072093e+03 6.140935e+03 6.110346e+03 6.041504e+03
3.2 6.161485e+03 6.167897e+03 6.155345e+03 6.148933e+03
4.2 6.313232e+03 6.262518e+03 6.250175e+03 6.300889e+03
5.2 6.442248e+03 6.321040e+03 6.316529e+03 6.437737e+03
6.2 6.482763e+03 6.323247e+03 6.318819e+03 6.478335e+03
7.2 6.356833e+03 6.295631e+03 6.302130e+03 6.363331e+03
8.2 6.373512e+03 6.320703e+03 6.316307e+03 6.369115e+03
0.9 6.161485e+03 6.167897e+03 6.155345e+03 6.148933e+03
1.9 6.313232e+03 6.262518e+03 6.250175e+03 6.300889e+03
2.9 6.442248e+03 6.321040e+03 6.316529e+03 6.437737e+03
3.9 6.482763e+03 6.323247e+03 6.318819e+03 6.478335e+03
4.9 6.356833e+03 6.295631e+03 6.302130e+03 6.363331e+03
5.9 6.373512e+03 6.320703e+03 6.316307e+03 6.369115e+03
6.9 6.362231e+03 6.332338e+03 6.316256e+03 6.346150e+03
7.9 6.414993e+03 6.329893e+03 6.318598e+03 6.403697e+03
8.9 6.214904e+03 6.329862e+03 6.318588e+03 6.203630e+03
0.6 6.442248e+03 6.321040e+03 6.316529e+03 6.437737e+03
1.6 6.482763e+03 6.323247e+03 6.318819e+03 6.478335e+03
2.6 6.356833e+03 6.295631e+03 6.302130e+03 6.363331e+03
3.6 6.373512e+03 6.320703e+03 6.316307e+03 6.369115e+03
4.6 6.362231e+03 6.332338e+03 6.316256e+03 6.346150e+03
5.6 6.414993e+03 6.329893e+03 6.318598e+03 6.403697e+03
6.6 6.214904e+03 6.329862e+03 6.318588e+03 6.203630e+03
7.6 6.301971e+03 6.323321e+03 6.320977e+03 6.299627e+03
8.6 6.289195e+03 6.323326e+03 6.321020e+03 6.286889e+03
0.3 6.356833e+03 6.295631e+03 6.302130e+03 6.363331e+03
1.3 6.373512e+03 6.320703e+03 6.316307e+03 6.369115e+03
2.3 6.362231e+03 6.332338e+03 6.316256e+03 6.346150e+03
3.3 6.414993e+03 6.329893e+03 6.318598e+03 6.403697e+03
4.3 6.214904e+03 6.329862e+03 6.318588e+03 6.203630e+03
5.3 6.301971e+03 6.323321e+03 6.320977e+03 6.299627e+03
6.3 6.289195e+03 6.323326e+03 6.321020e+03 6.286889e+03
7.3 6.222255e+03 6.300171e+03 6.299717e+03 6.221802e+03
8.3 6.271316e+03 6.319889e+03 6.313983e+03 6.265410e+03
0.9 6.414993e+03 6.329893e+03 6.318598e+03 6.403697e+03
1.9 6.214904e+03 6.329862e+03 6.318588e+03 6.203630e+03
2.9 6.301971e+03 6.323321e+03 6.320977e+03 6.299627e+03
3.9 6.289195e+03 6.323326e+03 6.321020e+03 6.286889e+03
4.9 6.222255e+03 6.300171e+03 6.299717e+03 6.221802e+03
5.9 6.271316e+03 6.319889e+03 6.313983e+03 6.265410e+03
6.9 6.236153e+03 6.318458e+03 6.314014e+03 6.231709e+03
7.9 6.199386e+03 6.309216e+03 6.318811e+03 6.208981e+03
8.9 6.206351e+03 6.343845e+03 6.318882e+03 6.181388e+03
0.7 6.301971e+03 6.323321e+03 6.320977e+03 6.299627e+03
1.7 6.289195e+03 6.323326e+03 6.321020e+03 6.286889e+03
2.7 6.222255e+03 6.300171e+03 6.299717e+03 6.221802e+03
3.7 6.271316e+03 6.319889e+03 6.313983e+03 6.265410e+03
4.7 6.236153e+03 6.318458e+03 6.314014e+03 6.231709e+03
5.7 6.199386e+03 6.309216e+03 6.318811e+03 6.208981e+03
6.7 6.206351e+03 6.343845e+03 6.318882e+03 6.181388e+03
7.7 6.313397e+03 6.394944e+03 6.318959e+03 6.237413e+03
8.7 6.555090e+03 6.446501e+03 6.319042e+03 6.427632e+03
0.3 6.222255e+03 6.300171e+03 6.299717e+03 6.221802e+03
1.3 6.271316e+03 6.319889e+03 6.313983e+03 6.265410e+03
2.3 6.236153e+03 6.318458e+03 6.314014e+03 6.231709e+03
3.3 6.199386e+03 6.309216e+03 6.318811e+03 6.208981e+03
4.3 6.206351e+03 6.343845e+03 6.318882e+03 6.181388e+03
5.3 6.313397e+03 6.394944e+03 6.318959e+03 6.237413e+03
6.3 6.555090e+03 6.446501e+03 6.319042e+03 6.427632e+03
7.3 6.400718e+03 6.374499e+03 6.300147e+03 6.326366e+03
8.3 6.433693e+03 6.245546e+03 6.221930e+03 6.410077e+03
0.5 5.978899e+03 5.992634e+03 6.110676e+03 6.096940e+03
1.5 5.986585e+03 5.927669e+03 6.110687e+03 6.169604e+03
2.5 6.049530e+03 6.012798e+03 6.110692e+03 6.147424e+03
3.5 6.236318e+03 6.085872e+03 6.110672e+03 6.261118e+03
4.5 6.089042e+03 6.144229e+03 6.110631e+03 6.055445e+03
5.5 6.142303e+03 6.171765e+03 6.158041e+03 6.128579e+03
6.5 6.099937e+03 6.266509e+03 6.252902e+03 6.086330e+03
7.5 6.123364e+03 6.319217e+03 6.316901e+03 6.121048e+03
8.5 6.201320e+03 6.319109e+03 6.316808e+03 6.199019e+03
0.2 6.049530e+03 6.012798e+03 6.110692e+03 6.147424e+03
1.2 6.236318e+03 6.085872e+03 6.110672e+03 6.261118e+03
2.2 6.089042e+03 6.144229e+03 6.110631e+03 6.055445e+03
3.2 6.142303e+03 6.171765e+03 6.158041e+03 6.128579e+03
4.2 6.099937e+03 6.266509e+03 6.252902e+03 6.086330e+03
5.2 6.123364e+03 6.319217e+03 6.316901e+03 6.121048e+03
6.2 6.201320e+03 6.319109e+03 6.316808e+03 6.199019e+03
7.2 6.214886e+03 6.293246e+03 6.300098e+03 6.221739e+03
8.2 6.373084e+03 6.316094e+03 6.311873e+03 6.368863e+03
0.8 6.142303e+03 6.171765e+03 6.158041e+03 6.128579e+03
1.8 6.099937e+03 6.266509e+03 6.252902e+03 6.086330e+03
2.8 6.123364e+03 6.319217e+03 6.316901e+03 6.121048e+03
3.8 6.201320e+03 6.319109e+03 6.316808e+03 6.199019e+03
4.8 6.214886e+03 6.293246e+03 6.300098e+03 6.221739e+03
5.8 6.373084e+03 6.316094e+03 6.311873e+03 6.368863e+03
6.8 6.292095e+03 6.327978e+03 6.311787e+03 6.275904e+03
7.8 6.523004e+03 6.322534e+03 6.316460e+03 6.516930e+03
8.8 6.304437e+03 6.322480e+03 6.316395e+03 6.298352e+03
0.5 6.123364e+03 6.319217e+03 6.316901e+03 6.121048e+03
1.5 6.201320e+03 6.319109e+03 6.316808e+03 6.199019e+03
2.5 6.214886e+03 6.293246e+03 6.300098e+03 6.221739e+03
3.5 6.373084e+03 6.316094e+03 6.311873e+03 6.368863e+03
4.5 6.292095e+03 6.327978e+03 6.311787e+03 6.275904e+03
5.5 6.523004e+03 6.322534e+03 6.316460e+03 6.516930e+03
6.5 6.304437e+03 6.322480e+03 6.316395e+03 6.298352e+03
7.5 6.296513e+03 6.322422e+03 6.316330e+03 6.290421e+03
8.5 6.305604e+03 6.324748e+03 6.318640e+03 6.299497e+03
0.2 6.214886e+03 6.293246e+03 6.300098e+03 6.221739e+03
1.2 6.373084e+03 6.316094e+03 6.311873e+03 6.368863e+03
2.2 6.292095e+03 6.327978e+03 6.311787e+03 6.275904e+03
3.2 6.523004e+03 6.322534e+03 6.316460e+03 6.516930e+03
4.2 6.304437e+03 6.322480e+03 6.316395e+03 6.298352e+03
5.2 6.296513e+03 6.322422e+03 6.316330e+03 6.290421e+03
6.2 6.305604e+03 6.324748e+03 6.318640e+03 6.299497e+03
7.2 6.411281e+03 6.298988e+03 6.301985e+03 6.414278e+03
8.2 6.454443e+03 6.324759e+03 6.318582e+03 6.448266e+03
0.9 6.523004e+03 6.322534e+03 6.316460e+03 6.516930e+03
1.9 6.304437e+03 6.322480e+03 6.316395e+03 6.298352e+03
2.9 6.296513e+03 6.322422e+03 6.316330e+03 6.290421e+03
3.9 6.305604e+03 6.324748e+03 6.318640e+03 6.299497e+03
4.9 6.411281e+03 6.298988e+03 6.301985e+03 6.414278e+03
5.9 6.454443e+03 6.324759e+03 6.318582e+03 6.448266e+03
6.9 6.372184e+03 6.331007e+03 6.318582e+03 6.359759e+03
7.9 6.345249e+03 6.309999e+03 6.318593e+03 6.353844e+03
8.9 6.405817e+03 6.340689e+03 6.318606e+03 6.383733e+03
0.6 6.296513e+03 6.322422e+03 6.316330e+03 6.290421e+03
1.6 6.305604e+03 6.324748e+03 6.318640e+03 6.299497e+03
2.6 6.411281e+03 6.298988e+03 6.301985e+03 6.414278e+03
3.6 6.454443e+03 6.324759e+03 6.318582e+03 6.448266e+03
4.6 6.372184e+03 6.331007e+03 6.318582e+03 6.359759e+03
5.6 6.345249e+03 6.309999e+03 6.318593e+03 6.353844e+03
6.6 6.405817e+03 6.340689e+03 6.318606e+03 6.383733e+03
7.6 6.437404e+03 6.392163e+03 6.318610e+03 6.363851e+03
8.6 6.441047e+03 6.450465e+03 6.318592e+03 6.309174e+03
0.3 6.411281e+03 6.298988e+03 6.301985e+03 6.414278e+03
1.3 6.454443e+03 6.324759e+03 6.318582e+03 6.448266e+03
2.3 6.372184e+03 6.331007e+03 6.318582e+03 6.359759e+03
3.3 6.345249e+03 6.309999e+03 6.318593e+03 6.353844e+03
4.3 6.405817e+03 6.340689e+03 6.318606e+03 6.383733e+03
5.3 6.437404e+03 6.392163e+03 6.318610e+03 6.363851e+03
6.3 6.441047e+03 6.450465e+03 6.318592e+03 6.309174e+03
7.3 6.214885e+03 6.377332e+03 6.299557e+03 6.137111e+03
8.3 6.002682e+03 6.253061e+03 6.225889e+03 5.975509e+03
0.5 6.066909e+03 5.991825e+03 6.108268e+03 6.183352e+03
1.5 5.856892e+03 5.926305e+03 6.107586e+03 6.038173e+03
2.5 5.884132e+03 6.008980e+03 6.106720e+03 5.981872e+03
3.5 5.962560e+03 6.081107e+03 6.105646e+03 5.987099e+03
4.5 6.036718e+03 6.139991e+03 6.104341e+03 6.001067e+03
5.5 6.142464e+03 6.164490e+03 6.150252e+03 6.128227e+03
6.5 6.329477e+03 6.257497e+03 6.243363e+03 6.315342e+03
7.5 6.331591e+03 6.315745e+03 6.307692e+03 6.323538e+03
8.5 6.329707e+03 6.313195e+03 6.305247e+03 6.321758e+03
0.2 5.884132e+03 6.008980e+03 6.106720e+03 5.981872e+03
1.2 5.962560e+03 6.081107e+03 6.105646e+03 5.987099e+03
2.2 6.036718e+03 6.139991e+03 6.104341e+03 6.001067e+03
3.2 6.142464e+03 6.164490e+03 6.150252e+03 6.128227e+03
4.2 6.329477e+03 6.257497e+03 6.243363e+03 6.315342e+03
5.2 6.331591e+03 6.315745e+03 6.307692e+03 6.323538e+03
6.2 6.329707e+03 6.313195e+03 6.305247e+03 6.321758e+03
7.2 6.091121e+03 6.280417e+03 6.283477e+03 6.094181e+03
8.2 6.223624e+03 6.302783e+03 6.296958e+03 6.217799e+03
0.9 6.142464e+03 6.164490e+03 6.150252e+03 6.128227e+03
1.9 6.329477e+03 6.257497e+03 6.243363e+03 6.315342e+03
2.9 6.331591e+03 6.315745e+03 6.307692e+03 6.323538e+03
3.9 6.329707e+03 6.313195e+03 6.305247e+03 6.321758e+03
4.9 6.091121e+03 6.280417e+03 6.283477e+03 6.094181e+03
5.9 6.223624e+03 6.302783e+03 6.296958e+03 6.217799e+03
6.9 6.300515e+03 6.308941e+03 6.293458e+03 6.285033e+03
7.9 6.296119e+03 6.298092e+03 6.289580e+03 6.287607e+03
8.9 6.338565e+03 6.293294e+03 6.285330e+03 6.330601e+03
0.6 6.331591e+03 6.315745e+03 6.307692e+03 6.323538e+03
1.6 6.329707e+03 6.313195e+03 6.305247e+03 6.321758e+03
2.6 6.091121e+03 6.280417e+03 6.283477e+03 6.094181e+03
3.6 6.223624e+03 6.302783e+03 6.296958e+03 6.217799e+03
4.6 6.300515e+03 6.308941e+03 6.293458e+03 6.285033e+03
5.6 6.296119e+03 6.298092e+03 6.289580e+03 6.287607e+03
6.6 6.338565e+03 6.293294e+03 6.285330e+03 6.330601e+03
7.6 6.286097e+03 6.286969e+03 6.283138e+03 6.282266e+03
8.6 6.388436e+03 6.281461e+03 6.278298e+03 6.385273e+03
0.3 6.091121e+03 6.280417e+03 6.283477e+03 6.094181e+03
1.3 6.223624e+03 6.302783e+03 6.296958e+03 6.217799e+03
2.3 6.300515e+03 6.308941e+03 6.293458e+03 6.285033e+03
3.3 6.296119e+03 6.298092e+03 6.289580e+03 6.287607e+03
4.3 6.338565e+03 6.293294e+03 6.285330e+03 6.330601e+03
5.3 6.286097e+03 6.286969e+03 6.283138e+03 6.282266e+03
6.3 6.388436e+03 6.281461e+03 6.278298e+03 6.385273e+03
7.3 6.372411e+03 6.256286e+03 6.254122e+03 6.370247e+03
8.3 6.345443e+03 6.272039e+03 6.265182e+03 6.338586e+03
1.0 6.296119e+03 6.298092e+03 6.289580e+03 6.287607e+03
2.0 6.338565e+03 6.293294e+03 6.285330e+03 6.330601e+03
3.0 6.286097e+03 6.286969e+03 6.283138e+03 6.282266e+03
4.0 6.388436e+03 6.281461e+03 6.278298e+03 6.385273e+03
5.0 6.372411e+03 6.256286e+03 6.254122e+03 6.370247e+03
6.0 6.345443e+03 6.272039e+03 6.265182e+03 6.338586e+03
0.6 6.286097e+03 6.286969e+03 6.283138e+03 6.282266e+03
1.6 6.388436e+03 6.281461e+03 6.278298e+03 6.385273e+03
2.6 6.372411e+03 6.256286e+03 6.254122e+03 6.370247e+03
3.6 6.345443e+03 6.272039e+03 6.265182e+03 6.338586e+03
0.3 6.372411e+03 6.256286e+03 6.254122e+03 6.370247e+03
1.3 6.345443e+03 6.272039e+03 6.265182e+03 6.338586e+03
