0.5 9.944358e+03 9.921393e+03 9.947871e+03 9.970836e+03
1.5 9.876285e+03 9.875049e+03 9.947010e+03 9.948247e+03
2.5 9.870127e+03 9.848279e+03 9.946222e+03 9.968069e+03
3.5 9.892716e+03 9.924623e+03 9.945503e+03 9.913596e+03
4.5 9.900779e+03 9.971366e+03 9.944852e+03 9.874265e+03
5.5 9.940549e+03 9.949773e+03 9.949018e+03 9.939794e+03
6.5 9.916446e+03 9.958407e+03 9.959055e+03 9.917094e+03
7.5 9.857658e+03 9.999346e+03 9.965975e+03 9.824287e+03
8.5 9.894420e+03 9.997580e+03 9.966078e+03 9.862918e+03
0.2 9.870127e+03 9.848279e+03 9.946222e+03 9.968069e+03
1.2 9.892716e+03 9.924623e+03 9.945503e+03 9.913596e+03
2.2 9.900779e+03 9.971366e+03 9.944852e+03 9.874265e+03
3.2 9.940549e+03 9.949773e+03 9.949018e+03 9.939794e+03
4.2 9.916446e+03 9.958407e+03 9.959055e+03 9.917094e+03
5.2 9.857658e+03 9.999346e+03 9.965975e+03 9.824287e+03
6.2 9.894420e+03 9.997580e+03 9.966078e+03 9.862918e+03
7.2 1.000912e+04 9.981039e+03 9.964121e+03 9.992200e+03
8.2 9.975928e+03 9.993906e+03 9.965383e+03 9.947405e+03
0.9 9.940549e+03 9.949773e+03 9.949018e+03 9.939794e+03
1.9 9.916446e+03 9.958407e+03 9.959055e+03 9.917094e+03
2.9 9.857658e+03 9.999346e+03 9.965975e+03 9.824287e+03
3.9 9.894420e+03 9.997580e+03 9.966078e+03 9.862918e+03
4.9 1.000912e+04 9.981039e+03 9.964121e+03 9.992200e+03
5.9 9.975928e+03 9.993906e+03 9.965383e+03 9.947405e+03
6.9 1.004166e+04 9.996516e+03 9.965106e+03 1.001025e+04
7.9 1.000546e+04 9.991258e+03 9.964872e+03 9.979078e+03
8.9 9.966997e+03 9.990261e+03 9.964676e+03 9.941411e+03
0.6 9.857658e+03 9.999346e+03 9.965975e+03 9.824287e+03
1.6 9.894420e+03 9.997580e+03 9.966078e+03 9.862918e+03
2.6 1.000912e+04 9.981039e+03 9.964121e+03 9.992200e+03
3.6 9.975928e+03 9.993906e+03 9.965383e+03 9.947405e+03
4.6 1.004166e+04 9.996516e+03 9.965106e+03 1.001025e+04
5.6 1.000546e+04 9.991258e+03 9.964872e+03 9.979078e+03
6.6 9.966997e+03 9.990261e+03 9.964676e+03 9.941411e+03
7.6 9.976882e+03 9.989468e+03 9.964514e+03 9.951928e+03
8.6 9.994365e+03 9.988846e+03 9.964384e+03 9.969903e+03
0.3 1.000912e+04 9.981039e+03 9.964121e+03 9.992200e+03
1.3 9.975928e+03 9.993906e+03 9.965383e+03 9.947405e+03
2.3 1.004166e+04 9.996516e+03 9.965106e+03 1.001025e+04
3.3 1.000546e+04 9.991258e+03 9.964872e+03 9.979078e+03
4.3 9.966997e+03 9.990261e+03 9.964676e+03 9.941411e+03
5.3 9.976882e+03 9.989468e+03 9.964514e+03 9.951928e+03
6.3 9.994365e+03 9.988846e+03 9.964384e+03 9.969903e+03
7.3 9.987738e+03 9.981933e+03 9.962169e+03 9.967973e+03
8.3 9.966316e+03 9.988022e+03 9.964202e+03 9.942496e+03
1.0 1.000546e+04 9.991258e+03 9.964872e+03 9.979078e+03
2.0 9.966997e+03 9.990261e+03 9.964676e+03 9.941411e+03
3.0 9.976882e+03 9.989468e+03 9.964514e+03 9.951928e+03
4.0 9.994365e+03 9.988846e+03 9.964384e+03 9.969903e+03
5.0 9.987738e+03 9.981933e+03 9.962169e+03 9.967973e+03
6.0 9.966316e+03 9.988022e+03 9.964202e+03 9.942496e+03
7.0 9.924876e+03 9.986904e+03 9.964142e+03 9.902113e+03
8.0 9.964104e+03 1.007254e+04 9.964098e+03 9.855657e+03
9.0 1.018907e+04 1.012922e+04 9.964067e+03 1.002392e+04
0.7 9.976882e+03 9.989468e+03 9.964514e+03 9.951928e+03
1.7 9.994365e+03 9.988846e+03 9.964384e+03 9.969903e+03
2.7 9.987738e+03 9.981933e+03 9.962169e+03 9.967973e+03
3.7 9.966316e+03 9.988022e+03 9.964202e+03 9.942496e+03
4.7 9.924876e+03 9.986904e+03 9.964142e+03 9.902113e+03
5.7 9.964104e+03 1.007254e+04 9.964098e+03 9.855657e+03
6.7 1.018907e+04 1.012922e+04 9.964067e+03 1.002392e+04
7.7 1.010605e+04 1.009202e+04 9.964047e+03 9.978079e+03
8.7 1.012486e+04 1.001172e+04 9.964034e+03 1.007717e+04
0.4 9.987738e+03 9.981933e+03 9.962169e+03 9.967973e+03
1.4 9.966316e+03 9.988022e+03 9.964202e+03 9.942496e+03
2.4 9.924876e+03 9.986904e+03 9.964142e+03 9.902113e+03
3.4 9.964104e+03 1.007254e+04 9.964098e+03 9.855657e+03
4.4 1.018907e+04 1.012922e+04 9.964067e+03 1.002392e+04
5.4 1.010605e+04 1.009202e+04 9.964047e+03 9.978079e+03
6.4 1.012486e+04 1.001172e+04 9.964034e+03 1.007717e+04
7.4 9.987876e+03 9.945330e+03 9.961915e+03 1.000446e+04
8.4 9.968774e+03 9.855260e+03 9.952933e+03 1.006645e+04
0.5 9.968187e+03 9.883873e+03 9.940784e+03 1.002510e+04
1.5 9.938754e+03 9.842234e+03 9.940782e+03 1.003730e+04
2.5 9.963168e+03 9.819624e+03 9.940777e+03 1.008432e+04
3.5 9.993031e+03 9.902863e+03 9.940771e+03 1.003094e+04
4.5 1.000762e+04 9.954012e+03 9.940762e+03 9.994368e+03
5.5 9.994200e+03 9.933614e+03 9.945769e+03 1.000636e+04
6.5 1.006505e+04 9.945056e+03 9.956322e+03 1.007631e+04
7.5 1.009449e+04 9.985338e+03 9.963705e+03 1.007285e+04
8.5 1.006530e+04 9.985576e+03 9.963960e+03 1.004368e+04
0.2 9.963168e+03 9.819624e+03 9.940777e+03 1.008432e+04
1.2 9.993031e+03 9.902863e+03 9.940771e+03 1.003094e+04
2.2 1.000762e+04 9.954012e+03 9.940762e+03 9.994368e+03
3.2 9.994200e+03 9.933614e+03 9.945769e+03 1.000636e+04
4.2 1.006505e+04 9.945056e+03 9.956322e+03 1.007631e+04
5.2 1.009449e+04 9.985338e+03 9.963705e+03 1.007285e+04
6.2 1.006530e+04 9.985576e+03 9.963960e+03 1.004368e+04
7.2 1.005413e+04 9.971843e+03 9.962103e+03 1.004439e+04
8.2 1.005586e+04 9.986360e+03 9.963680e+03 1.003318e+04
0.9 9.994200e+03 9.933614e+03 9.945769e+03 1.000636e+04
1.9 1.006505e+04 9.945056e+03 9.956322e+03 1.007631e+04
2.9 1.009449e+04 9.985338e+03 9.963705e+03 1.007285e+04
3.9 1.006530e+04 9.985576e+03 9.963960e+03 1.004368e+04
4.9 1.005413e+04 9.971843e+03 9.962103e+03 1.004439e+04
5.9 1.005586e+04 9.986360e+03 9.963680e+03 1.003318e+04
6.9 1.004586e+04 9.991421e+03 9.963675e+03 1.001812e+04
7.9 1.003047e+04 9.991881e+03 9.963935e+03 1.000252e+04
8.9 1.003312e+04 9.991891e+03 9.963934e+03 1.000516e+04
0.6 1.009449e+04 9.985338e+03 9.963705e+03 1.007285e+04
1.6 1.006530e+04 9.985576e+03 9.963960e+03 1.004368e+04
2.6 1.005413e+04 9.971843e+03 9.962103e+03 1.004439e+04
3.6 1.005586e+04 9.986360e+03 9.963680e+03 1.003318e+04
4.6 1.004586e+04 9.991421e+03 9.963675e+03 1.001812e+04
5.6 1.003047e+04 9.991881e+03 9.963935e+03 1.000252e+04
6.6 1.003312e+04 9.991891e+03 9.963934e+03 1.000516e+04
7.6 1.005052e+04 9.983581e+03 9.964200e+03 1.003114e+04
8.6 1.003352e+04 9.983585e+03 9.964205e+03 1.001414e+04
0.3 1.005413e+04 9.971843e+03 9.962103e+03 1.004439e+04
1.3 1.005586e+04 9.986360e+03 9.963680e+03 1.003318e+04
2.3 1.004586e+04 9.991421e+03 9.963675e+03 1.001812e+04
3.3 1.003047e+04 9.991881e+03 9.963935e+03 1.000252e+04
4.3 1.003312e+04 9.991891e+03 9.963934e+03 1.000516e+04
5.3 1.005052e+04 9.983581e+03 9.964200e+03 1.003114e+04
6.3 1.003352e+04 9.983585e+03 9.964205e+03 1.001414e+04
7.3 1.005059e+04 9.979070e+03 9.961834e+03 1.003336e+04
8.3 1.008730e+04 9.987160e+03 9.963422e+03 1.006356e+04
0.9 1.003047e+04 9.991881e+03 9.963935e+03 1.000252e+04
1.9 1.003312e+04 9.991891e+03 9.963934e+03 1.000516e+04
2.9 1.005052e+04 9.983581e+03 9.964200e+03 1.003114e+04
3.9 1.003352e+04 9.983585e+03 9.964205e+03 1.001414e+04
4.9 1.005059e+04 9.979070e+03 9.961834e+03 1.003336e+04
5.9 1.008730e+04 9.987160e+03 9.963422e+03 1.006356e+04
6.9 1.006586e+04 9.987538e+03 9.963425e+03 1.004174e+04
7.9 1.008604e+04 1.007068e+04 9.963959e+03 9.979318e+03
8.9 1.011180e+04 1.012840e+04 9.963967e+03 9.947370e+03
0.7 1.005052e+04 9.983581e+03 9.964200e+03 1.003114e+04
1.7 1.003352e+04 9.983585e+03 9.964205e+03 1.001414e+04
2.7 1.005059e+04 9.979070e+03 9.961834e+03 1.003336e+04
3.7 1.008730e+04 9.987160e+03 9.963422e+03 1.006356e+04
4.7 1.006586e+04 9.987538e+03 9.963425e+03 1.004174e+04
5.7 1.008604e+04 1.007068e+04 9.963959e+03 9.979318e+03
6.7 1.011180e+04 1.012840e+04 9.963967e+03 9.947370e+03
7.7 1.016183e+04 1.009433e+04 9.963976e+03 1.003148e+04
8.7 9.957843e+03 1.001426e+04 9.963985e+03 9.907563e+03
0.3 1.005059e+04 9.979070e+03 9.961834e+03 1.003336e+04
1.3 1.008730e+04 9.987160e+03 9.963422e+03 1.006356e+04
2.3 1.006586e+04 9.987538e+03 9.963425e+03 1.004174e+04
3.3 1.008604e+04 1.007068e+04 9.963959e+03 9.979318e+03
4.3 1.011180e+04 1.012840e+04 9.963967e+03 9.947370e+03
5.3 1.016183e+04 1.009433e+04 9.963976e+03 1.003148e+04
6.3 9.957843e+03 1.001426e+04 9.963985e+03 9.907563e+03
7.3 9.835320e+03 9.947766e+03 9.961882e+03 9.849437e+03
8.3 9.663722e+03 9.857967e+03 9.953179e+03 9.758934e+03
0.5 9.748390e+03 9.883182e+03 9.940799e+03 9.806007e+03
1.5 9.804396e+03 9.841518e+03 9.940800e+03 9.903679e+03
2.5 9.828763e+03 9.819956e+03 9.940801e+03 9.949608e+03
3.5 9.835034e+03 9.906427e+03 9.940798e+03 9.869405e+03
4.5 9.835525e+03 9.957606e+03 9.940794e+03 9.818713e+03
5.5 9.844335e+03 9.934215e+03 9.946069e+03 9.856190e+03
6.5 9.856481e+03 9.945669e+03 9.956625e+03 9.867437e+03
7.5 9.886599e+03 9.982474e+03 9.963746e+03 9.867872e+03
8.5 9.895443e+03 9.982431e+03 9.963736e+03 9.876748e+03
0.2 9.828763e+03 9.819956e+03 9.940801e+03 9.949608e+03
1.2 9.835034e+03 9.906427e+03 9.940798e+03 9.869405e+03
2.2 9.835525e+03 9.957606e+03 9.940794e+03 9.818713e+03
3.2 9.844335e+03 9.934215e+03 9.946069e+03 9.856190e+03
4.2 9.856481e+03 9.945669e+03 9.956625e+03 9.867437e+03
5.2 9.886599e+03 9.982474e+03 9.963746e+03 9.867872e+03
6.2 9.895443e+03 9.982431e+03 9.963736e+03 9.876748e+03
7.2 9.916598e+03 9.969752e+03 9.961877e+03 9.908722e+03
8.2 9.928065e+03 9.985153e+03 9.963187e+03 9.906099e+03
0.8 9.844335e+03 9.934215e+03 9.946069e+03 9.856190e+03
1.8 9.856481e+03 9.945669e+03 9.956625e+03 9.867437e+03
2.8 9.886599e+03 9.982474e+03 9.963746e+03 9.867872e+03
3.8 9.895443e+03 9.982431e+03 9.963736e+03 9.876748e+03
4.8 9.916598e+03 9.969752e+03 9.961877e+03 9.908722e+03
5.8 9.928065e+03 9.985153e+03 9.963187e+03 9.906099e+03
6.8 9.943796e+03 9.992466e+03 9.963177e+03 9.914508e+03
7.8 9.971706e+03 9.987811e+03 9.963697e+03 9.947593e+03
8.8 9.970659e+03 9.987793e+03 9.963690e+03 9.946556e+03
0.5 9.886599e+03 9.982474e+03 9.963746e+03 9.867872e+03
1.5 9.895443e+03 9.982431e+03 9.963736e+03 9.876748e+03
2.5 9.916598e+03 9.969752e+03 9.961877e+03 9.908722e+03
3.5 9.928065e+03 9.985153e+03 9.963187e+03 9.906099e+03
4.5 9.943796e+03 9.992466e+03 9.963177e+03 9.914508e+03
5.5 9.971706e+03 9.987811e+03 9.963697e+03 9.947593e+03
6.5 9.970659e+03 9.987793e+03 9.963690e+03 9.946556e+03
7.5 9.969329e+03 9.987778e+03 9.963683e+03 9.945234e+03
8.5 9.993963e+03 9.988047e+03 9.963940e+03 9.969856e+03
0.2 9.916598e+03 9.969752e+03 9.961877e+03 9.908722e+03
1.2 9.928065e+03 9.985153e+03 9.963187e+03 9.906099e+03
2.2 9.943796e+03 9.992466e+03 9.963177e+03 9.914508e+03
3.2 9.971706e+03 9.987811e+03 9.963697e+03 9.947593e+03
4.2 9.970659e+03 9.987793e+03 9.963690e+03 9.946556e+03
5.2 9.969329e+03 9.987778e+03 9.963683e+03 9.945234e+03
6.2 9.993963e+03 9.988047e+03 9.963940e+03 9.969856e+03
7.2 9.986169e+03 9.975428e+03 9.962087e+03 9.972827e+03
8.2 1.001500e+04 9.988165e+03 9.963934e+03 9.990773e+03
0.9 9.971706e+03 9.987811e+03 9.963697e+03 9.947593e+03
1.9 9.970659e+03 9.987793e+03 9.963690e+03 9.946556e+03
2.9 9.969329e+03 9.987778e+03 9.963683e+03 9.945234e+03
3.9 9.993963e+03 9.988047e+03 9.963940e+03 9.969856e+03
4.9 9.986169e+03 9.975428e+03 9.962087e+03 9.972827e+03
5.9 1.001500e+04 9.988165e+03 9.963934e+03 9.990773e+03
6.9 9.987574e+03 9.991083e+03 9.963934e+03 9.960425e+03
7.9 1.013051e+04 1.006737e+04 9.963935e+03 1.002707e+04
8.9 1.015983e+04 1.012704e+04 9.963936e+03 9.996721e+03
0.6 9.969329e+03 9.987778e+03 9.963683e+03 9.945234e+03
1.6 9.993963e+03 9.988047e+03 9.963940e+03 9.969856e+03
2.6 9.986169e+03 9.975428e+03 9.962087e+03 9.972827e+03
3.6 1.001500e+04 9.988165e+03 9.963934e+03 9.990773e+03
4.6 9.987574e+03 9.991083e+03 9.963934e+03 9.960425e+03
5.6 1.013051e+04 1.006737e+04 9.963935e+03 1.002707e+04
6.6 1.015983e+04 1.012704e+04 9.963936e+03 9.996721e+03
7.6 1.018827e+04 1.009914e+04 9.963937e+03 1.005307e+04
8.6 1.009639e+04 1.001951e+04 9.963935e+03 1.004081e+04
0.3 9.986169e+03 9.975428e+03 9.962087e+03 9.972827e+03
1.3 1.001500e+04 9.988165e+03 9.963934e+03 9.990773e+03
2.3 9.987574e+03 9.991083e+03 9.963934e+03 9.960425e+03
3.3 1.013051e+04 1.006737e+04 9.963935e+03 1.002707e+04
4.3 1.015983e+04 1.012704e+04 9.963936e+03 9.996721e+03
5.3 1.018827e+04 1.009914e+04 9.963937e+03 1.005307e+04
6.3 1.009639e+04 1.001951e+04 9.963935e+03 1.004081e+04
7.3 9.814914e+03 9.952836e+03 9.961817e+03 9.823894e+03
8.3 9.767403e+03 9.863643e+03 9.953619e+03 9.857379e+03
0.5 9.800313e+03 9.884289e+03 9.940531e+03 9.856554e+03
1.5 9.799811e+03 9.842508e+03 9.940455e+03 9.897758e+03
2.5 9.820110e+03 9.819700e+03 9.940359e+03 9.940769e+03
3.5 9.876413e+03 9.905883e+03 9.940239e+03 9.910769e+03
4.5 9.901979e+03 9.957714e+03 9.940094e+03 9.884358e+03
5.5 9.939678e+03 9.933878e+03 9.945203e+03 9.951002e+03
6.5 9.944739e+03 9.944683e+03 9.955564e+03 9.955619e+03
7.5 9.965594e+03 9.985201e+03 9.962722e+03 9.943115e+03
8.5 9.913484e+03 9.984182e+03 9.962450e+03 9.891752e+03
0.2 9.820110e+03 9.819700e+03 9.940359e+03 9.940769e+03
1.2 9.876413e+03 9.905883e+03 9.940239e+03 9.910769e+03
2.2 9.901979e+03 9.957714e+03 9.940094e+03 9.884358e+03
3.2 9.939678e+03 9.933878e+03 9.945203e+03 9.951002e+03
4.2 9.944739e+03 9.944683e+03 9.955564e+03 9.955619e+03
5.2 9.965594e+03 9.985201e+03 9.962722e+03 9.943115e+03
6.2 9.913484e+03 9.984182e+03 9.962450e+03 9.891752e+03
7.2 9.905311e+03 9.968976e+03 9.960027e+03 9.896362e+03
8.2 9.944036e+03 9.980165e+03 9.961527e+03 9.925398e+03
0.9 9.939678e+03 9.933878e+03 9.945203e+03 9.951002e+03
1.9 9.944739e+03 9.944683e+03 9.955564e+03 9.955619e+03
2.9 9.965594e+03 9.985201e+03 9.962722e+03 9.943115e+03
3.9 9.913484e+03 9.984182e+03 9.962450e+03 9.891752e+03
4.9 9.905311e+03 9.968976e+03 9.960027e+03 9.896362e+03
5.9 9.944036e+03 9.980165e+03 9.961527e+03 9.925398e+03
6.9 9.990236e+03 9.982545e+03 9.961138e+03 9.968829e+03
7.9 1.000647e+04 9.979874e+03 9.960706e+03 9.987303e+03
8.9 1.000422e+04 9.977879e+03 9.960233e+03 9.986577e+03
0.6 9.965594e+03 9.985201e+03 9.962722e+03 9.943115e+03
1.6 9.913484e+03 9.984182e+03 9.962450e+03 9.891752e+03
2.6 9.905311e+03 9.968976e+03 9.960027e+03 9.896362e+03
3.6 9.944036e+03 9.980165e+03 9.961527e+03 9.925398e+03
4.6 9.990236e+03 9.982545e+03 9.961138e+03 9.968829e+03
5.6 1.000647e+04 9.979874e+03 9.960706e+03 9.987303e+03
6.6 1.000422e+04 9.977879e+03 9.960233e+03 9.986577e+03
7.6 9.992307e+03 9.972814e+03 9.959990e+03 9.979482e+03
8.6 9.988501e+03 9.970542e+03 9.959451e+03 9.977409e+03
0.3 9.905311e+03 9.968976e+03 9.960027e+03 9.896362e+03
1.3 9.944036e+03 9.980165e+03 9.961527e+03 9.925398e+03
2.3 9.990236e+03 9.982545e+03 9.961138e+03 9.968829e+03
3.3 1.000647e+04 9.979874e+03 9.960706e+03 9.987303e+03
4.3 1.000422e+04 9.977879e+03 9.960233e+03 9.986577e+03
5.3 9.992307e+03 9.972814e+03 9.959990e+03 9.979482e+03
6.3 9.988501e+03 9.970542e+03 9.959451e+03 9.977409e+03
7.3 9.952136e+03 9.963701e+03 9.956761e+03 9.945196e+03
8.3 9.974691e+03 9.969250e+03 9.957991e+03 9.963432e+03
1.0 1.000647e+04 9.979874e+03 9.960706e+03 9.987303e+03
2.0 1.000422e+04 9.977879e+03 9.960233e+03 9.986577e+03
3.0 9.992307e+03 9.972814e+03 9.959990e+03 9.979482e+03
4.0 9.988501e+03 9.970542e+03 9.959451e+03 9.977409e+03
5.0 9.952136e+03 9.963701e+03 9.956761e+03 9.945196e+03
6.0 9.974691e+03 9.969250e+03 9.957991e+03 9.963432e+03
0.6 9.992307e+03 9.972814e+03 9.959990e+03 9.979482e+03
1.6 9.988501e+03 9.970542e+03 9.959451e+03 9.977409e+03
2.6 9.952136e+03 9.963701e+03 9.956761e+03 9.945196e+03
3.6 9.974691e+03 9.969250e+03 9.957991e+03 9.963432e+03
0.3 9.952136e+03 9.963701e+03 9.956761e+03 9.945196e+03
1.3 9.974691e+03 9.969250e+03 9.957991e+03 9.963432e+03
