0.5 9.970766e+03 9.888004e+03 9.942887e+03 1.002565e+04
1.5 9.890579e+03 9.894965e+03 9.942951e+03 9.938566e+03
2.5 9.838186e+03 9.911470e+03 9.943573e+03 9.870289e+03
3.5 9.961897e+03 9.938199e+03 9.965926e+03 9.989624e+03
4.5 9.954312e+03 9.897347e+03 9.965947e+03 1.002291e+04
5.5 9.885874e+03 9.871409e+03 9.953952e+03 9.968417e+03
6.5 9.944755e+03 9.917824e+03 9.943106e+03 9.970037e+03
7.5 1.001960e+04 9.997349e+03 9.943116e+03 9.965364e+03
0.1 9.975985e+03 9.982767e+03 9.942560e+03 9.935779e+03
1.1 1.000725e+04 9.964359e+03 9.942512e+03 9.985406e+03
2.1 1.002263e+04 9.945326e+03 9.942468e+03 1.001977e+04
3.1 9.968449e+03 9.973875e+03 9.956161e+03 9.950735e+03
4.1 9.894876e+03 1.002860e+04 9.976726e+03 9.843004e+03
5.1 1.007641e+04 1.004127e+04 9.974405e+03 1.000954e+04
6.1 9.968925e+03 1.000897e+04 9.951488e+03 9.911441e+03
7.1 9.971921e+03 9.940399e+03 9.942309e+03 9.973832e+03
0.5 9.940012e+03 9.837113e+03 9.942276e+03 1.004518e+04
1.5 9.934834e+03 9.849773e+03 9.942266e+03 1.002733e+04
2.5 9.851885e+03 9.871082e+03 9.942831e+03 9.923634e+03
3.5 9.844656e+03 9.902273e+03 9.965144e+03 9.907527e+03
4.5 9.902824e+03 9.864039e+03 9.965143e+03 1.000393e+04
5.5 9.904529e+03 9.841330e+03 9.953123e+03 1.001632e+04
6.5 9.920809e+03 9.894202e+03 9.942244e+03 9.968851e+03
7.5 9.916358e+03 9.976760e+03 9.942236e+03 9.881835e+03
0.1 9.938358e+03 9.974185e+03 9.942187e+03 9.906360e+03
1.1 9.974217e+03 9.962030e+03 9.942180e+03 9.954367e+03
2.1 9.863093e+03 9.943597e+03 9.942179e+03 9.861675e+03
3.1 9.958136e+03 9.970576e+03 9.955340e+03 9.942899e+03
4.1 1.002249e+04 1.002603e+04 9.976509e+03 9.972966e+03
5.1 1.016066e+04 1.003898e+04 9.974786e+03 1.009646e+04
6.1 1.016421e+04 1.000903e+04 9.951892e+03 1.010707e+04
7.1 9.900386e+03 9.941645e+03 9.942161e+03 9.900902e+03
0.5 9.737011e+03 9.836568e+03 9.942161e+03 9.842603e+03
1.5 9.793950e+03 9.849873e+03 9.942163e+03 9.886240e+03
2.5 9.917585e+03 9.871282e+03 9.942739e+03 9.989042e+03
3.5 9.919050e+03 9.902039e+03 9.965061e+03 9.982071e+03
4.5 9.841743e+03 9.862360e+03 9.965065e+03 9.944448e+03
5.5 9.822460e+03 9.839716e+03 9.953054e+03 9.935798e+03
6.5 9.987537e+03 9.896224e+03 9.942187e+03 1.003350e+04
7.5 9.941860e+03 9.978849e+03 9.942193e+03 9.905205e+03
0.0 9.940986e+03 9.976268e+03 9.942298e+03 9.907017e+03
1.0 9.979263e+03 9.962947e+03 9.942316e+03 9.958632e+03
2.0 9.956428e+03 9.944816e+03 9.942343e+03 9.953955e+03
3.0 9.914968e+03 9.967923e+03 9.954392e+03 9.901437e+03
4.0 9.812671e+03 1.002424e+04 9.976745e+03 9.765179e+03
5.0 1.019889e+04 1.003720e+04 9.976215e+03 1.013791e+04
6.0 1.001975e+04 1.001144e+04 9.953377e+03 9.961693e+03
7.0 9.946170e+03 9.945990e+03 9.942567e+03 9.942746e+03
0.5 9.824815e+03 9.836556e+03 9.942728e+03 9.930988e+03
1.5 9.848988e+03 9.849736e+03 9.942830e+03 9.942082e+03
2.5 9.806332e+03 9.870977e+03 9.943519e+03 9.878873e+03
3.5 9.848290e+03 9.902027e+03 9.965969e+03 9.912232e+03
4.5 9.862252e+03 9.862051e+03 9.966119e+03 9.966320e+03
5.5 9.797633e+03 9.838507e+03 9.954270e+03 9.913395e+03
6.5 9.887981e+03 9.894607e+03 9.943584e+03 9.936958e+03
7.5 9.946786e+03 9.976674e+03 9.943789e+03 9.913902e+03
