0.5 9.593282e+03 9.490426e+03 9.462867e+03 9.565724e+03
1.5 9.489106e+03 9.463371e+03 9.457076e+03 9.482811e+03
2.5 9.429804e+03 9.421289e+03 9.457266e+03 9.465781e+03
3.5 9.421150e+03 9.425160e+03 9.468787e+03 9.464777e+03
4.5 9.420808e+03 9.433982e+03 9.468690e+03 9.455516e+03
5.5 9.414181e+03 9.433369e+03 9.468618e+03 9.449430e+03
6.5 9.447789e+03 9.426136e+03 9.468569e+03 9.490222e+03
7.5 9.445405e+03 9.455529e+03 9.468531e+03 9.458407e+03
0.1 9.438905e+03 9.477111e+03 9.467304e+03 9.429098e+03
1.1 9.454797e+03 9.500410e+03 9.455383e+03 9.409771e+03
2.1 9.550616e+03 9.534716e+03 9.450619e+03 9.466519e+03
3.1 9.588529e+03 9.553654e+03 9.457781e+03 9.492656e+03
4.1 9.598364e+03 9.570895e+03 9.468520e+03 9.495989e+03
5.1 9.518091e+03 9.551394e+03 9.468522e+03 9.435219e+03
6.1 9.485753e+03 9.489543e+03 9.468524e+03 9.464734e+03
7.1 9.462094e+03 9.443876e+03 9.468524e+03 9.486741e+03
0.5 9.473942e+03 9.449208e+03 9.462258e+03 9.486992e+03
1.5 9.469004e+03 9.424649e+03 9.456589e+03 9.500944e+03
2.5 9.445227e+03 9.385889e+03 9.456883e+03 9.516222e+03
3.5 9.433875e+03 9.392879e+03 9.468511e+03 9.509507e+03
4.5 9.445524e+03 9.405955e+03 9.468511e+03 9.508080e+03
5.5 9.441946e+03 9.409040e+03 9.468510e+03 9.501415e+03
6.5 9.433229e+03 9.404750e+03 9.468507e+03 9.496986e+03
7.5 9.487521e+03 9.436506e+03 9.468504e+03 9.519519e+03
0.1 9.473735e+03 9.472269e+03 9.467615e+03 9.469081e+03
1.1 9.459646e+03 9.496357e+03 9.455687e+03 9.418976e+03
2.1 9.473722e+03 9.530854e+03 9.450620e+03 9.393488e+03
3.1 9.531044e+03 9.550674e+03 9.457480e+03 9.437850e+03
4.1 9.573409e+03 9.569167e+03 9.468514e+03 9.472757e+03
5.1 9.591282e+03 9.550479e+03 9.468514e+03 9.509318e+03
6.1 9.494675e+03 9.489685e+03 9.468513e+03 9.473503e+03
7.1 9.413103e+03 9.443383e+03 9.468512e+03 9.438232e+03
0.5 9.383811e+03 9.448292e+03 9.462243e+03 9.397762e+03
1.5 9.384517e+03 9.422886e+03 9.456574e+03 9.418205e+03
2.5 9.417755e+03 9.384248e+03 9.456867e+03 9.490374e+03
3.5 9.428867e+03 9.392338e+03 9.468493e+03 9.505021e+03
4.5 9.403183e+03 9.406873e+03 9.468488e+03 9.464798e+03
5.5 9.371591e+03 9.410062e+03 9.468483e+03 9.430012e+03
6.5 9.377879e+03 9.406930e+03 9.468477e+03 9.439426e+03
7.5 9.399616e+03 9.438785e+03 9.468472e+03 9.429303e+03
0.0 9.503925e+03 9.476066e+03 9.468065e+03 9.495925e+03
1.0 9.519761e+03 9.496027e+03 9.456117e+03 9.479851e+03
2.0 9.543315e+03 9.530103e+03 9.450430e+03 9.463642e+03
3.0 9.608957e+03 9.551042e+03 9.456667e+03 9.514582e+03
4.0 9.619403e+03 9.571543e+03 9.468266e+03 9.516126e+03
5.0 9.487393e+03 9.554119e+03 9.468231e+03 9.401506e+03
6.0 9.428479e+03 9.495174e+03 9.468190e+03 9.401495e+03
7.0 9.465017e+03 9.447424e+03 9.468142e+03 9.485735e+03
0.5 9.418538e+03 9.451405e+03 9.461766e+03 9.428900e+03
1.5 9.380553e+03 9.426353e+03 9.456032e+03 9.410232e+03
2.5 9.349616e+03 9.388084e+03 9.456255e+03 9.417787e+03
3.5 9.331140e+03 9.395562e+03 9.467802e+03 9.403380e+03
4.5 9.357690e+03 9.410477e+03 9.467710e+03 9.414924e+03
5.5 9.387848e+03 9.415031e+03 9.467611e+03 9.440428e+03
6.5 9.425725e+03 9.410648e+03 9.467503e+03 9.482581e+03
7.5 9.438958e+03 9.442848e+03 9.467387e+03 9.463497e+03
