0.5 9.049652e+03 8.951333e+03 8.949374e+03 9.047693e+03
1.5 8.963285e+03 8.928556e+03 8.946276e+03 8.981005e+03
2.5 8.911793e+03 8.893887e+03 8.946377e+03 8.964284e+03
3.5 8.895128e+03 8.922954e+03 8.952541e+03 8.924715e+03
4.5 8.886502e+03 8.904336e+03 8.952489e+03 8.934655e+03
5.5 8.869099e+03 8.874309e+03 8.952451e+03 8.947240e+03
6.5 8.915463e+03 8.881677e+03 8.952424e+03 8.986210e+03
7.5 8.946006e+03 8.954926e+03 8.952404e+03 8.943484e+03
0.1 8.950471e+03 8.974598e+03 8.951748e+03 8.927621e+03
1.1 8.959296e+03 8.991161e+03 8.945370e+03 8.913505e+03
2.1 8.988524e+03 9.018151e+03 8.942821e+03 8.913194e+03
3.1 9.079513e+03 9.063295e+03 8.946653e+03 8.962871e+03
4.1 9.129675e+03 9.126848e+03 8.952398e+03 8.955225e+03
5.1 9.068904e+03 9.115809e+03 8.952400e+03 8.905495e+03
6.1 9.000852e+03 9.016586e+03 8.952400e+03 8.936666e+03
7.1 8.953687e+03 8.925433e+03 8.952400e+03 8.980654e+03
0.5 8.930786e+03 8.882991e+03 8.949048e+03 8.996844e+03
1.5 8.956009e+03 8.865387e+03 8.946015e+03 9.036637e+03
2.5 8.944128e+03 8.836342e+03 8.946173e+03 9.053959e+03
3.5 8.906637e+03 8.870698e+03 8.952393e+03 8.988333e+03
4.5 8.920542e+03 8.857462e+03 8.952393e+03 9.015474e+03
5.5 8.899597e+03 8.832768e+03 8.952393e+03 9.019221e+03
6.5 8.892278e+03 8.846591e+03 8.952391e+03 8.998078e+03
7.5 8.968827e+03 8.923741e+03 8.952390e+03 8.997476e+03
0.1 8.968719e+03 8.964258e+03 8.951914e+03 8.956375e+03
1.1 8.949950e+03 8.985183e+03 8.945533e+03 8.910299e+03
2.1 8.943166e+03 9.012816e+03 8.942822e+03 8.873172e+03
3.1 9.024529e+03 9.057654e+03 8.946492e+03 8.913367e+03
4.1 9.154095e+03 9.123211e+03 8.952395e+03 8.983279e+03
5.1 9.231616e+03 9.113803e+03 8.952395e+03 9.070208e+03
6.1 9.081860e+03 9.016964e+03 8.952395e+03 9.017291e+03
7.1 8.892603e+03 8.925373e+03 8.952394e+03 8.919624e+03
0.5 8.766883e+03 8.881583e+03 8.949040e+03 8.834340e+03
1.5 8.784468e+03 8.863452e+03 8.946007e+03 8.867023e+03
2.5 8.843397e+03 8.834605e+03 8.946164e+03 8.954957e+03
3.5 8.886812e+03 8.869895e+03 8.952384e+03 8.969301e+03
4.5 8.875045e+03 8.857261e+03 8.952381e+03 8.970165e+03
5.5 8.803020e+03 8.832722e+03 8.952378e+03 8.922676e+03
6.5 8.830685e+03 8.850044e+03 8.952376e+03 8.933017e+03
7.5 8.865903e+03 8.927350e+03 8.952373e+03 8.890925e+03
0.0 9.008725e+03 8.969044e+03 8.952155e+03 8.991837e+03
1.0 9.007585e+03 8.985406e+03 8.945763e+03 8.967943e+03
2.0 9.031168e+03 9.012948e+03 8.942721e+03 8.960940e+03
3.0 9.106270e+03 9.056076e+03 8.946057e+03 8.996251e+03
4.0 9.154787e+03 9.124792e+03 8.952262e+03 8.982258e+03
5.0 9.087667e+03 9.117989e+03 8.952244e+03 8.921921e+03
6.0 8.928534e+03 9.025395e+03 8.952222e+03 8.855361e+03
7.0 8.921097e+03 8.932549e+03 8.952196e+03 8.940744e+03
0.5 8.863242e+03 8.885719e+03 8.948785e+03 8.926308e+03
1.5 8.853028e+03 8.868045e+03 8.945718e+03 8.930700e+03
2.5 8.803212e+03 8.839668e+03 8.945837e+03 8.909381e+03
3.5 8.750649e+03 8.874671e+03 8.952014e+03 8.827993e+03
4.5 8.759074e+03 8.862501e+03 8.951965e+03 8.848538e+03
5.5 8.799749e+03 8.839169e+03 8.951912e+03 8.912492e+03
6.5 8.860672e+03 8.855074e+03 8.951854e+03 8.957453e+03
7.5 8.909430e+03 8.932759e+03 8.951792e+03 8.928464e+03
