0.5 9.970766e+03 9.888004e+03 9.938123e+03 1.002089e+04
1.5 9.890579e+03 9.894965e+03 9.938030e+03 9.933645e+03
2.5 9.838186e+03 9.911470e+03 9.937931e+03 9.864647e+03
3.5 9.961897e+03 9.938199e+03 9.937824e+03 9.961523e+03
4.5 9.954312e+03 9.897347e+03 9.937709e+03 9.994674e+03
5.5 9.885874e+03 9.871409e+03 9.970316e+03 9.984780e+03
6.5 9.944755e+03 9.917824e+03 9.999796e+03 1.002673e+04
7.5 1.001960e+04 9.997349e+03 9.998097e+03 1.002034e+04
0.1 9.975985e+03 9.982767e+03 9.935236e+03 9.928454e+03
1.1 1.000725e+04 9.964359e+03 9.935061e+03 9.977955e+03
2.1 1.002263e+04 9.945326e+03 9.934895e+03 1.001220e+04
3.1 9.968449e+03 9.973875e+03 9.934739e+03 9.929313e+03
4.1 9.894876e+03 1.002860e+04 9.934595e+03 9.800873e+03
5.1 1.007641e+04 1.004127e+04 9.940697e+03 9.975836e+03
6.1 9.968925e+03 1.000897e+04 1.000292e+04 9.962876e+03
7.1 9.971921e+03 9.940399e+03 1.002776e+04 1.005928e+04
0.5 9.940012e+03 9.837113e+03 9.934064e+03 1.003696e+04
1.5 9.934834e+03 9.849773e+03 9.933997e+03 1.001906e+04
2.5 9.851885e+03 9.871082e+03 9.933942e+03 9.914745e+03
3.5 9.844656e+03 9.902273e+03 9.933898e+03 9.876281e+03
4.5 9.902824e+03 9.864039e+03 9.933865e+03 9.972650e+03
5.5 9.904529e+03 9.841330e+03 9.966573e+03 1.002977e+04
6.5 9.920809e+03 9.894202e+03 9.996173e+03 1.002278e+04
7.5 9.916358e+03 9.976760e+03 9.994607e+03 9.934206e+03
0.1 9.938358e+03 9.974185e+03 9.933694e+03 9.897867e+03
1.1 9.974217e+03 9.962030e+03 9.933680e+03 9.945867e+03
2.1 9.863093e+03 9.943597e+03 9.933666e+03 9.853162e+03
3.1 9.958136e+03 9.970576e+03 9.933653e+03 9.921213e+03
4.1 1.002249e+04 1.002603e+04 9.933649e+03 9.930106e+03
5.1 1.016066e+04 1.003898e+04 9.938327e+03 1.006000e+04
6.1 1.016421e+04 1.000903e+04 1.000067e+04 1.015585e+04
7.1 9.900386e+03 9.941645e+03 1.002716e+04 9.985900e+03
0.5 9.737011e+03 9.836568e+03 9.933629e+03 9.834071e+03
1.5 9.793950e+03 9.849873e+03 9.933629e+03 9.877706e+03
2.5 9.917585e+03 9.871282e+03 9.933634e+03 9.979937e+03
3.5 9.919050e+03 9.902039e+03 9.933639e+03 9.950650e+03
4.5 9.841743e+03 9.862360e+03 9.933648e+03 9.913031e+03
5.5 9.822460e+03 9.839716e+03 9.966392e+03 9.949136e+03
6.5 9.987537e+03 9.896224e+03 9.996020e+03 1.008733e+04
7.5 9.941860e+03 9.978849e+03 9.994478e+03 9.957490e+03
0.0 9.940986e+03 9.976268e+03 9.933881e+03 9.898600e+03
1.0 9.979263e+03 9.962947e+03 9.933887e+03 9.950203e+03
2.0 9.956428e+03 9.944816e+03 9.933898e+03 9.945510e+03
3.0 9.914968e+03 9.967923e+03 9.933914e+03 9.880959e+03
4.0 9.812671e+03 1.002424e+04 9.933944e+03 9.722378e+03
5.0 1.019889e+04 1.003720e+04 9.935546e+03 1.009724e+04
6.0 1.001975e+04 1.001144e+04 9.997945e+03 1.000626e+04
7.0 9.946170e+03 9.945990e+03 1.002762e+04 1.002780e+04
0.5 9.824815e+03 9.836556e+03 9.934284e+03 9.922544e+03
1.5 9.848988e+03 9.849736e+03 9.934415e+03 9.933668e+03
2.5 9.806332e+03 9.870977e+03 9.934577e+03 9.869931e+03
3.5 9.848290e+03 9.902027e+03 9.934772e+03 9.881035e+03
4.5 9.862252e+03 9.862051e+03 9.935005e+03 9.935206e+03
5.5 9.797633e+03 9.838507e+03 9.968010e+03 9.927135e+03
6.5 9.887981e+03 9.894607e+03 9.997942e+03 9.991317e+03
7.5 9.946786e+03 9.976674e+03 9.996750e+03 9.966862e+03
