9.603896e+03 9.446016e+03 9.499294e+03 9.550617e+03
9.610982e+03 9.440995e+03 9.535388e+03 9.516589e+03
9.573219e+03 9.436559e+03 9.506866e+03 9.502912e+03
9.381744e+03 9.432710e+03 9.418973e+03 9.395482e+03
9.527233e+03 9.516058e+03 9.501302e+03 9.541989e+03
9.515628e+03 9.604411e+03 9.566523e+03 9.553516e+03
9.563454e+03 9.624731e+03 9.563728e+03 9.624457e+03
9.562675e+03 9.622639e+03 9.571484e+03 9.613830e+03
9.484959e+03 9.620954e+03 9.589341e+03 9.516572e+03
9.503535e+03 9.619637e+03 9.587903e+03 9.535269e+03
9.465767e+03 9.604967e+03 9.571088e+03 9.499645e+03
9.578294e+03 9.617958e+03 9.584907e+03 9.611344e+03
9.674455e+03 9.612960e+03 9.583751e+03 9.703664e+03
9.589879e+03 9.617308e+03 9.582908e+03 9.624279e+03
9.482467e+03 9.617284e+03 9.582199e+03 9.517552e+03
9.574396e+03 9.617426e+03 9.581678e+03 9.610144e+03
9.591939e+03 9.617692e+03 9.581313e+03 9.628319e+03
9.540457e+03 9.613485e+03 9.574530e+03 9.579412e+03
9.546065e+03 9.618462e+03 9.580948e+03 9.583579e+03
9.514331e+03 9.605233e+03 9.582442e+03 9.537122e+03
9.652269e+03 9.619390e+03 9.722398e+03 9.549261e+03
9.794822e+03 9.619867e+03 9.787866e+03 9.626824e+03
9.764954e+03 9.570156e+03 9.699065e+03 9.636045e+03
9.615362e+03 9.479367e+03 9.544787e+03 9.549942e+03
9.558479e+03 9.420472e+03 9.478641e+03 9.500310e+03
9.542112e+03 9.420831e+03 9.420061e+03 9.542883e+03
9.516907e+03 9.421143e+03 9.390176e+03 9.547874e+03
9.531593e+03 9.421405e+03 9.396926e+03 9.556072e+03
9.573086e+03 9.421619e+03 9.465405e+03 9.529300e+03
9.511490e+03 9.421782e+03 9.505674e+03 9.427598e+03
9.476761e+03 9.421899e+03 9.481468e+03 9.417191e+03
9.492770e+03 9.421970e+03 9.397255e+03 9.517485e+03
9.526397e+03 9.510947e+03 9.485630e+03 9.551715e+03
9.605731e+03 9.602181e+03 9.554364e+03 9.653548e+03
9.514709e+03 9.622712e+03 9.552312e+03 9.585109e+03
9.626510e+03 9.622720e+03 9.562564e+03 9.686666e+03
9.648811e+03 9.620442e+03 9.579794e+03 9.689459e+03
9.649268e+03 9.620446e+03 9.580041e+03 9.689673e+03
9.590175e+03 9.609053e+03 9.566336e+03 9.632892e+03
9.664871e+03 9.622759e+03 9.581494e+03 9.706136e+03
9.558864e+03 9.618236e+03 9.581987e+03 9.595114e+03
9.568085e+03 9.625137e+03 9.585689e+03 9.607532e+03
9.668192e+03 9.625218e+03 9.585721e+03 9.707689e+03
9.667882e+03 9.618455e+03 9.578025e+03 9.708312e+03
9.543080e+03 9.618527e+03 9.578046e+03 9.583561e+03
9.617152e+03 9.616326e+03 9.573568e+03 9.659910e+03
9.600943e+03 9.623224e+03 9.581925e+03 9.642243e+03
9.596550e+03 9.611890e+03 9.583108e+03 9.625332e+03
9.665123e+03 9.623370e+03 9.720735e+03 9.567758e+03
9.761133e+03 9.623452e+03 9.788836e+03 9.595749e+03
9.645937e+03 9.575657e+03 9.704581e+03 9.517013e+03
9.557452e+03 9.484542e+03 9.548486e+03 9.493508e+03
9.418031e+03 9.423061e+03 9.481237e+03 9.359855e+03
9.338624e+03 9.423133e+03 9.422816e+03 9.338941e+03
9.316465e+03 9.423182e+03 9.391585e+03 9.348061e+03
9.320165e+03 9.423204e+03 9.397659e+03 9.345710e+03
9.358740e+03 9.423197e+03 9.466380e+03 9.315558e+03
9.460576e+03 9.423166e+03 9.505999e+03 9.377744e+03
9.446869e+03 9.423111e+03 9.481712e+03 9.388268e+03
9.467323e+03 9.423049e+03 9.398030e+03 9.492343e+03
9.508469e+03 9.514194e+03 9.489252e+03 9.533411e+03
9.510534e+03 9.605324e+03 9.557993e+03 9.557865e+03
9.508369e+03 9.621180e+03 9.552175e+03 9.577374e+03
9.503949e+03 9.621062e+03 9.562401e+03 9.562611e+03
9.540923e+03 9.616381e+03 9.576506e+03 9.580798e+03
9.530938e+03 9.616256e+03 9.576467e+03 9.570727e+03
9.489377e+03 9.604736e+03 9.563323e+03 9.530790e+03
9.521590e+03 9.620588e+03 9.579976e+03 9.562202e+03
9.553425e+03 9.620471e+03 9.583916e+03 9.589979e+03
9.545835e+03 9.622624e+03 9.582718e+03 9.585741e+03
9.636128e+03 9.622496e+03 9.582697e+03 9.675927e+03
9.640820e+03 9.622382e+03 9.582692e+03 9.680510e+03
9.661251e+03 9.622275e+03 9.582960e+03 9.700566e+03
9.646812e+03 9.610767e+03 9.569874e+03 9.687705e+03
9.590350e+03 9.622058e+03 9.583112e+03 9.629296e+03
9.566903e+03 9.615087e+03 9.583587e+03 9.598404e+03
9.867911e+03 9.621773e+03 9.715123e+03 9.774561e+03
9.814552e+03 9.621576e+03 9.788679e+03 9.647449e+03
9.825562e+03 9.578007e+03 9.713727e+03 9.689842e+03
9.519993e+03 9.486483e+03 9.554219e+03 9.452257e+03
9.258555e+03 9.419953e+03 9.485018e+03 9.193490e+03
9.357778e+03 9.419447e+03 9.427173e+03 9.350052e+03
9.382754e+03 9.418811e+03 9.393484e+03 9.408081e+03
9.323072e+03 9.418026e+03 9.398417e+03 9.342681e+03
9.405657e+03 9.417074e+03 9.467804e+03 9.354928e+03
9.386139e+03 9.415939e+03 9.507363e+03 9.294715e+03
9.447181e+03 9.414601e+03 9.482953e+03 9.378829e+03
9.404227e+03 9.413044e+03 9.398497e+03 9.418774e+03
9.488830e+03 9.502477e+03 9.489416e+03 9.501891e+03
9.488818e+03 9.591659e+03 9.558308e+03 9.522170e+03
9.565347e+03 9.607598e+03 9.553106e+03 9.619839e+03
9.527696e+03 9.605017e+03 9.562655e+03 9.570058e+03
9.585247e+03 9.599868e+03 9.579579e+03 9.605536e+03
9.537902e+03 9.596711e+03 9.578527e+03 9.556086e+03
9.479818e+03 9.581849e+03 9.563282e+03 9.498385e+03
9.569074e+03 9.589491e+03 9.574885e+03 9.583680e+03
9.593496e+03 9.580896e+03 9.573123e+03 9.601270e+03
9.544441e+03 9.583476e+03 9.574199e+03 9.553719e+03
9.673290e+03 9.578989e+03 9.572229e+03 9.680050e+03
9.683845e+03 9.571959e+03 9.567521e+03 9.688283e+03
9.606381e+03 9.566958e+03 9.565252e+03 9.608086e+03
9.523049e+03 9.557156e+03 9.557368e+03 9.522836e+03
9.541032e+03 9.558533e+03 9.563186e+03 9.536380e+03
9.607539e+03 9.541460e+03 9.554810e+03 9.594189e+03
