9.970766e+03 9.891559e+03 9.888004e+03 9.974321e+03
9.890579e+03 9.884105e+03 9.894965e+03 9.879720e+03
9.838186e+03 9.877243e+03 9.911470e+03 9.803959e+03
9.961897e+03 9.870961e+03 9.938199e+03 9.894659e+03
9.954312e+03 9.865233e+03 9.897347e+03 9.922198e+03
9.885874e+03 9.860039e+03 9.871409e+03 9.874504e+03
9.944755e+03 9.893251e+03 9.917824e+03 9.920182e+03
1.001960e+04 9.973252e+03 9.997349e+03 9.995500e+03
9.978323e+03 1.002841e+04 9.992656e+03 1.001408e+04
9.967193e+03 1.002923e+04 9.994261e+03 1.000217e+04
9.907064e+03 1.001363e+04 9.985229e+03 9.935470e+03
1.000174e+04 1.002369e+04 9.989798e+03 1.003564e+04
9.982099e+03 1.002149e+04 9.985732e+03 1.001786e+04
9.993283e+03 1.001962e+04 9.986318e+03 1.002659e+04
9.903970e+03 1.001806e+04 9.984910e+03 9.937116e+03
1.000046e+04 1.001677e+04 9.983692e+03 1.003354e+04
9.945218e+03 1.001573e+04 9.982652e+03 9.978299e+03
9.989364e+03 9.998073e+03 9.966917e+03 1.002052e+04
9.883062e+03 1.001428e+04 9.981037e+03 9.916308e+03
9.975985e+03 1.001380e+04 9.982767e+03 1.000702e+04
1.000725e+04 1.001345e+04 9.964359e+03 1.005634e+04
1.002263e+04 1.001321e+04 9.945326e+03 1.009051e+04
9.968449e+03 1.001304e+04 9.973875e+03 1.000762e+04
9.894876e+03 1.001294e+04 1.002860e+04 9.879223e+03
1.007641e+04 9.996050e+03 1.004127e+04 1.003119e+04
9.968925e+03 9.924451e+03 1.000897e+04 9.884403e+03
9.971921e+03 9.840238e+03 9.940399e+03 9.871760e+03
9.866213e+03 9.827611e+03 9.890239e+03 9.803584e+03
9.940012e+03 9.827617e+03 9.837113e+03 9.930516e+03
9.934834e+03 9.827612e+03 9.849773e+03 9.912674e+03
9.851885e+03 9.827595e+03 9.871082e+03 9.808398e+03
9.844656e+03 9.827561e+03 9.902273e+03 9.769944e+03
9.902824e+03 9.827510e+03 9.864039e+03 9.866295e+03
9.904529e+03 9.827440e+03 9.841330e+03 9.890639e+03
9.920809e+03 9.867353e+03 9.894202e+03 9.893960e+03
9.916358e+03 9.951465e+03 9.976760e+03 9.891064e+03
1.002668e+04 1.001032e+04 9.976344e+03 1.006066e+04
1.007022e+04 1.001235e+04 9.978371e+03 1.010420e+04
9.967355e+03 9.997548e+03 9.969056e+03 9.995847e+03
1.000155e+04 1.001012e+04 9.975694e+03 1.003598e+04
9.942276e+03 1.001008e+04 9.972926e+03 9.979429e+03
1.004524e+04 1.001215e+04 9.975169e+03 1.008223e+04
9.860280e+03 1.001215e+04 9.975141e+03 9.897285e+03
9.980389e+03 1.001426e+04 9.981265e+03 1.001339e+04
9.943110e+03 1.001430e+04 9.981282e+03 9.976132e+03
9.988650e+03 9.995408e+03 9.963344e+03 1.002072e+04
1.002856e+04 1.000806e+04 9.972979e+03 1.006364e+04
9.938358e+03 1.000809e+04 9.974185e+03 9.972262e+03
9.974217e+03 1.001234e+04 9.962030e+03 1.002453e+04
9.863093e+03 1.001241e+04 9.943597e+03 9.931902e+03
9.958136e+03 1.001248e+04 9.970576e+03 1.000003e+04
1.002249e+04 1.001255e+04 1.002603e+04 1.000901e+04
1.016066e+04 9.995789e+03 1.003898e+04 1.011746e+04
1.016421e+04 9.926413e+03 1.000903e+04 1.008159e+04
9.900386e+03 9.842299e+03 9.941645e+03 9.801040e+03
9.835793e+03 9.827640e+03 9.891110e+03 9.772323e+03
9.737011e+03 9.827698e+03 9.836568e+03 9.728141e+03
9.793950e+03 9.827733e+03 9.849873e+03 9.771810e+03
9.917585e+03 9.827743e+03 9.871282e+03 9.874045e+03
9.919050e+03 9.827747e+03 9.902039e+03 9.844757e+03
9.841743e+03 9.827729e+03 9.862360e+03 9.807113e+03
9.822460e+03 9.827693e+03 9.839716e+03 9.810437e+03
9.987537e+03 9.869745e+03 9.896224e+03 9.961058e+03
9.941860e+03 9.953884e+03 9.978849e+03 9.916896e+03
9.942511e+03 1.001065e+04 9.977907e+03 9.975254e+03
9.928663e+03 1.001057e+04 9.977874e+03 9.961357e+03
9.964549e+03 9.995746e+03 9.968057e+03 9.992238e+03
1.004315e+04 1.000619e+04 9.972119e+03 1.007722e+04
1.001219e+04 1.000611e+04 9.968416e+03 1.004989e+04
9.930517e+03 1.001026e+04 9.975287e+03 9.965488e+03
1.006204e+04 1.001020e+04 9.975276e+03 1.009696e+04
1.001743e+04 1.001014e+04 9.975264e+03 1.005231e+04
9.993941e+03 1.001219e+04 9.977352e+03 1.002878e+04
9.978610e+03 9.997420e+03 9.967561e+03 1.000847e+04
9.962741e+03 1.001214e+04 9.977328e+03 9.997555e+03
9.940986e+03 1.001214e+04 9.976268e+03 9.976860e+03
9.979263e+03 1.001215e+04 9.962947e+03 1.002847e+04
9.956428e+03 1.001216e+04 9.944816e+03 1.002377e+04
9.914968e+03 1.001217e+04 9.967923e+03 9.959210e+03
9.812671e+03 1.001215e+04 1.002424e+04 9.800584e+03
1.019889e+04 9.995266e+03 1.003720e+04 1.015696e+04
1.001975e+04 9.929924e+03 1.001144e+04 9.938240e+03
9.946170e+03 9.845572e+03 9.945990e+03 9.845751e+03
9.801156e+03 9.826394e+03 9.894304e+03 9.733246e+03
9.824815e+03 9.826057e+03 9.836556e+03 9.814317e+03
9.848988e+03 9.825597e+03 9.849736e+03 9.824849e+03
9.806332e+03 9.824992e+03 9.870977e+03 9.760347e+03
9.848290e+03 9.824224e+03 9.902027e+03 9.770487e+03
9.862252e+03 9.823271e+03 9.862051e+03 9.823473e+03
9.797633e+03 9.822114e+03 9.838507e+03 9.781239e+03
9.887981e+03 9.862836e+03 9.894607e+03 9.856211e+03
9.946786e+03 9.945423e+03 9.976674e+03 9.915535e+03
9.993988e+03 1.000248e+04 9.975121e+03 1.002135e+04
1.001097e+04 1.000031e+04 9.974285e+03 1.003700e+04
9.957583e+03 9.981003e+03 9.961957e+03 9.976629e+03
9.919258e+03 9.992961e+03 9.970626e+03 9.941592e+03
1.000956e+04 9.989857e+03 9.967140e+03 1.003228e+04
9.952768e+03 9.986417e+03 9.966351e+03 9.972833e+03
1.001006e+04 9.982647e+03 9.964681e+03 1.002803e+04
9.972378e+03 9.980703e+03 9.966478e+03 9.986603e+03
9.958564e+03 9.976410e+03 9.964547e+03 9.970427e+03
1.001396e+04 9.954966e+03 9.946603e+03 1.002233e+04
9.918094e+03 9.964776e+03 9.956245e+03 9.926625e+03
9.990407e+03 9.959528e+03 9.955908e+03 9.994028e+03
