1.004390e+04 9.856505e+03 9.927603e+03 9.972797e+03
9.944358e+03 9.851745e+03 9.921393e+03 9.874710e+03
9.876285e+03 9.847540e+03 9.875049e+03 9.848777e+03
9.870127e+03 9.843892e+03 9.848279e+03 9.865740e+03
9.892716e+03 9.922899e+03 9.924623e+03 9.890992e+03
9.900779e+03 1.000665e+04 9.971366e+03 9.936065e+03
9.940549e+03 1.002591e+04 9.949773e+03 1.001669e+04
9.916446e+03 1.002393e+04 9.958407e+03 9.981969e+03
9.857658e+03 1.002233e+04 9.999346e+03 9.880645e+03
9.894420e+03 1.002108e+04 9.997580e+03 9.917924e+03
1.000912e+04 1.000718e+04 9.981039e+03 1.003526e+04
9.975928e+03 1.001949e+04 9.993906e+03 1.000151e+04
1.004166e+04 1.001476e+04 9.996516e+03 1.005990e+04
1.000546e+04 1.001888e+04 9.991258e+03 1.003308e+04
9.966997e+03 1.001885e+04 9.990261e+03 9.995590e+03
9.976882e+03 1.001899e+04 9.989468e+03 1.000640e+04
9.994365e+03 1.001924e+04 9.988846e+03 1.002476e+04
9.987738e+03 1.001525e+04 9.981933e+03 1.002106e+04
9.966316e+03 1.001997e+04 9.988022e+03 9.998264e+03
9.924876e+03 1.000743e+04 9.986904e+03 9.945401e+03
9.964104e+03 1.002085e+04 1.007254e+04 9.912410e+03
1.018907e+04 1.002130e+04 1.012922e+04 1.008115e+04
1.010605e+04 9.974180e+03 1.009202e+04 9.988212e+03
1.012486e+04 9.888119e+03 1.001172e+04 1.000125e+04
9.987876e+03 9.832291e+03 9.945330e+03 9.874837e+03
9.968774e+03 9.832631e+03 9.855260e+03 9.946144e+03
9.951021e+03 9.832927e+03 9.812306e+03 9.971642e+03
9.967357e+03 9.833175e+03 9.833029e+03 9.967504e+03
9.990997e+03 9.833379e+03 9.886004e+03 9.938372e+03
9.968187e+03 9.833533e+03 9.883873e+03 9.917846e+03
9.938754e+03 9.833643e+03 9.842234e+03 9.930163e+03
9.963168e+03 9.833711e+03 9.819624e+03 9.977255e+03
9.993031e+03 9.918054e+03 9.902863e+03 1.000822e+04
1.000762e+04 1.000454e+04 9.954012e+03 1.005814e+04
9.994200e+03 1.002400e+04 9.933614e+03 1.008459e+04
1.006505e+04 1.002401e+04 9.945056e+03 1.014400e+04
1.009449e+04 1.002185e+04 9.985338e+03 1.013100e+04
1.006530e+04 1.002185e+04 9.985576e+03 1.010157e+04
1.005413e+04 1.001105e+04 9.971843e+03 1.009334e+04
1.005586e+04 1.002404e+04 9.986360e+03 1.009355e+04
1.004586e+04 1.001976e+04 9.991421e+03 1.007420e+04
1.003047e+04 1.002630e+04 9.991881e+03 1.006488e+04
1.003312e+04 1.002637e+04 9.991891e+03 1.006760e+04
1.005052e+04 1.001996e+04 9.983581e+03 1.008690e+04
1.003352e+04 1.002003e+04 9.983585e+03 1.006996e+04
1.005059e+04 1.001795e+04 9.979070e+03 1.008947e+04
1.008730e+04 1.002448e+04 9.987160e+03 1.012462e+04
1.006586e+04 1.001374e+04 9.987538e+03 1.009206e+04
1.008604e+04 1.002462e+04 1.007068e+04 1.003998e+04
1.011180e+04 1.002470e+04 1.012840e+04 1.000810e+04
1.016183e+04 9.979395e+03 1.009433e+04 1.004690e+04
9.957843e+03 9.893025e+03 1.001426e+04 9.836603e+03
9.835320e+03 9.834745e+03 9.947766e+03 9.722299e+03
9.663722e+03 9.834814e+03 9.857967e+03 9.640569e+03
9.687745e+03 9.834859e+03 9.812986e+03 9.709619e+03
9.678670e+03 9.834881e+03 9.832507e+03 9.681044e+03
9.773930e+03 9.834874e+03 9.886385e+03 9.722420e+03
9.748390e+03 9.834845e+03 9.883182e+03 9.700053e+03
9.804396e+03 9.834793e+03 9.841518e+03 9.797671e+03
9.828763e+03 9.834734e+03 9.819956e+03 9.843542e+03
9.835034e+03 9.921133e+03 9.906427e+03 9.849739e+03
9.835525e+03 1.000752e+04 9.957606e+03 9.885435e+03
9.844335e+03 1.002255e+04 9.934215e+03 9.932667e+03
9.856481e+03 1.002244e+04 9.945669e+03 9.933248e+03
9.886599e+03 1.001800e+04 9.982474e+03 9.922123e+03
9.895443e+03 1.001788e+04 9.982431e+03 9.930891e+03
9.916598e+03 1.000696e+04 9.969752e+03 9.953804e+03
9.928065e+03 1.002199e+04 9.985153e+03 9.964897e+03
9.943796e+03 1.002187e+04 9.992466e+03 9.973205e+03
9.971706e+03 1.002392e+04 9.987811e+03 1.000781e+04
9.970659e+03 1.002379e+04 9.987793e+03 1.000666e+04
9.969329e+03 1.002369e+04 9.987778e+03 1.000524e+04
9.993963e+03 1.002359e+04 9.988047e+03 1.002950e+04
9.986169e+03 1.001268e+04 9.975428e+03 1.002342e+04
1.001500e+04 1.002338e+04 9.988165e+03 1.005022e+04
9.987574e+03 1.001677e+04 9.991083e+03 1.001326e+04
1.013051e+04 1.002311e+04 1.006737e+04 1.008625e+04
1.015983e+04 1.002292e+04 1.012704e+04 1.005571e+04
1.018827e+04 9.981622e+03 1.009914e+04 1.007075e+04
1.009639e+04 9.894864e+03 1.001951e+04 9.971738e+03
9.814914e+03 9.831799e+03 9.952836e+03 9.693877e+03
9.767403e+03 9.831320e+03 9.863643e+03 9.735080e+03
9.854511e+03 9.830716e+03 9.814658e+03 9.870570e+03
9.834006e+03 9.829973e+03 9.831825e+03 9.832154e+03
9.833679e+03 9.829070e+03 9.887548e+03 9.775201e+03
9.800313e+03 9.827994e+03 9.884289e+03 9.744017e+03
9.799811e+03 9.826726e+03 9.842508e+03 9.784029e+03
9.820110e+03 9.825250e+03 9.819700e+03 9.825660e+03
9.876413e+03 9.910025e+03 9.905883e+03 9.880555e+03
9.901979e+03 9.994564e+03 9.957714e+03 9.938828e+03
9.939678e+03 1.000967e+04 9.933878e+03 1.001547e+04
9.944739e+03 1.000723e+04 9.944683e+03 1.000728e+04
9.965594e+03 1.000234e+04 9.985201e+03 9.982739e+03
9.913484e+03 9.999352e+03 9.984182e+03 9.928654e+03
9.905311e+03 9.985264e+03 9.968976e+03 9.921599e+03
9.944036e+03 9.992508e+03 9.980165e+03 9.956379e+03
9.990236e+03 9.984361e+03 9.982545e+03 9.992052e+03
1.000647e+04 9.986807e+03 9.979874e+03 1.001340e+04
1.000422e+04 9.982553e+03 9.977879e+03 1.000890e+04
9.992307e+03 9.975889e+03 9.972814e+03 9.995382e+03
9.988501e+03 9.971148e+03 9.970542e+03 9.989107e+03
9.952136e+03 9.961857e+03 9.963701e+03 9.950292e+03
9.974691e+03 9.963163e+03 9.969250e+03 9.968604e+03
9.999817e+03 9.946979e+03 9.962661e+03 9.984134e+03
