9.593282e+03 9.490426e+03
9.489106e+03 9.463371e+03
9.429804e+03 9.421289e+03
9.421150e+03 9.425160e+03
9.420808e+03 9.433982e+03
9.414181e+03 9.433369e+03
9.447789e+03 9.426136e+03
9.445405e+03 9.455529e+03
9.390207e+03 9.486096e+03
9.410820e+03 9.485509e+03
9.494555e+03 9.476610e+03
9.474942e+03 9.481703e+03
9.484201e+03 9.487235e+03
9.483367e+03 9.478544e+03
9.450896e+03 9.477201e+03
9.453051e+03 9.476011e+03
9.488016e+03 9.474962e+03
9.516833e+03 9.467007e+03
9.484632e+03 9.473250e+03
9.438905e+03 9.477111e+03
9.454797e+03 9.500410e+03
9.550616e+03 9.534716e+03
9.588529e+03 9.553654e+03
9.598364e+03 9.570895e+03
9.518091e+03 9.551394e+03
9.485753e+03 9.489543e+03
9.462094e+03 9.443876e+03
9.461768e+03 9.445631e+03
9.473942e+03 9.449208e+03
9.469004e+03 9.424649e+03
9.445227e+03 9.385889e+03
9.433875e+03 9.392879e+03
9.445524e+03 9.405955e+03
9.441946e+03 9.409040e+03
9.433229e+03 9.404750e+03
9.487521e+03 9.436506e+03
9.510658e+03 9.467963e+03
9.497159e+03 9.468687e+03
9.494997e+03 9.460295e+03
9.505444e+03 9.467138e+03
9.485168e+03 9.475256e+03
9.467863e+03 9.471151e+03
9.456376e+03 9.471110e+03
9.469101e+03 9.468795e+03
9.460922e+03 9.468765e+03
9.462452e+03 9.461282e+03
9.496408e+03 9.467085e+03
9.473735e+03 9.472269e+03
9.459646e+03 9.496357e+03
9.473722e+03 9.530854e+03
9.531044e+03 9.550674e+03
9.573409e+03 9.569167e+03
9.591282e+03 9.550479e+03
9.494675e+03 9.489685e+03
9.413103e+03 9.443383e+03
9.370242e+03 9.444271e+03
9.383811e+03 9.448292e+03
9.384517e+03 9.422886e+03
9.417755e+03 9.384248e+03
9.428867e+03 9.392338e+03
9.403183e+03 9.406873e+03
9.371591e+03 9.410062e+03
9.377879e+03 9.406930e+03
9.399616e+03 9.438785e+03
9.415139e+03 9.468187e+03
9.419366e+03 9.468195e+03
9.449194e+03 9.460871e+03
9.459094e+03 9.466386e+03
9.476036e+03 9.473336e+03
9.490096e+03 9.468384e+03
9.465009e+03 9.468417e+03
9.468154e+03 9.468449e+03
9.490705e+03 9.469277e+03
9.498408e+03 9.462002e+03
9.513821e+03 9.469427e+03
9.503925e+03 9.476066e+03
9.519761e+03 9.496027e+03
9.543315e+03 9.530103e+03
9.608957e+03 9.551042e+03
9.619403e+03 9.571543e+03
9.487393e+03 9.554119e+03
9.428479e+03 9.495174e+03
9.465017e+03 9.447424e+03
9.435894e+03 9.446495e+03
9.418538e+03 9.451405e+03
9.380553e+03 9.426353e+03
9.349616e+03 9.388084e+03
9.331140e+03 9.395562e+03
9.357690e+03 9.410477e+03
9.387848e+03 9.415031e+03
9.425725e+03 9.410648e+03
9.438958e+03 9.442848e+03
9.449016e+03 9.475692e+03
9.429369e+03 9.475968e+03
9.418937e+03 9.467063e+03
9.459184e+03 9.474525e+03
9.503278e+03 9.481746e+03
9.520490e+03 9.475835e+03
9.512666e+03 9.475672e+03
9.507405e+03 9.474896e+03
9.493584e+03 9.474627e+03
9.472150e+03 9.469187e+03
9.484266e+03 9.475294e+03
9.510507e+03 9.478537e+03
