6.372148e+03 6.185202e+03
6.076589e+03 6.103634e+03
5.937485e+03 6.026590e+03
6.019522e+03 6.098884e+03
6.138425e+03 6.154754e+03
6.270798e+03 6.202232e+03
6.315536e+03 6.220531e+03
6.370035e+03 6.307778e+03
6.238508e+03 6.363130e+03
6.198961e+03 6.361655e+03
6.447645e+03 6.330925e+03
6.354371e+03 6.351249e+03
6.403783e+03 6.356988e+03
6.324625e+03 6.343259e+03
6.283540e+03 6.340096e+03
6.324038e+03 6.337423e+03
6.330402e+03 6.335185e+03
6.419116e+03 6.310688e+03
6.388301e+03 6.331810e+03
6.202232e+03 6.325331e+03
6.370126e+03 6.313875e+03
6.287770e+03 6.349644e+03
6.412676e+03 6.399865e+03
6.670522e+03 6.447467e+03
6.304650e+03 6.375538e+03
6.216551e+03 6.243795e+03
6.177587e+03 6.128334e+03
6.000983e+03 6.111332e+03
6.082897e+03 6.065553e+03
6.112329e+03 5.995169e+03
6.091646e+03 5.930042e+03
6.064802e+03 6.013313e+03
6.140840e+03 6.082715e+03
6.072093e+03 6.140935e+03
6.161485e+03 6.167897e+03
6.313232e+03 6.262518e+03
6.442248e+03 6.321040e+03
6.482763e+03 6.323247e+03
6.356833e+03 6.295631e+03
6.373512e+03 6.320703e+03
6.362231e+03 6.332338e+03
6.414993e+03 6.329893e+03
6.214904e+03 6.329862e+03
6.301971e+03 6.323321e+03
6.289195e+03 6.323326e+03
6.222255e+03 6.300171e+03
6.271316e+03 6.319889e+03
6.236153e+03 6.318458e+03
6.199386e+03 6.309216e+03
6.206351e+03 6.343845e+03
6.313397e+03 6.394944e+03
6.555090e+03 6.446501e+03
6.400718e+03 6.374499e+03
6.433693e+03 6.245546e+03
6.103148e+03 6.129170e+03
6.114676e+03 6.110192e+03
5.979327e+03 6.064534e+03
5.978899e+03 5.992634e+03
5.986585e+03 5.927669e+03
6.049530e+03 6.012798e+03
6.236318e+03 6.085872e+03
6.089042e+03 6.144229e+03
6.142303e+03 6.171765e+03
6.099937e+03 6.266509e+03
6.123364e+03 6.319217e+03
6.201320e+03 6.319109e+03
6.214886e+03 6.293246e+03
6.373084e+03 6.316094e+03
6.292095e+03 6.327978e+03
6.523004e+03 6.322534e+03
6.304437e+03 6.322480e+03
6.296513e+03 6.322422e+03
6.305604e+03 6.324748e+03
6.411281e+03 6.298988e+03
6.454443e+03 6.324759e+03
6.372184e+03 6.331007e+03
6.345249e+03 6.309999e+03
6.405817e+03 6.340689e+03
6.437404e+03 6.392163e+03
6.441047e+03 6.450465e+03
6.214885e+03 6.377332e+03
6.002682e+03 6.253061e+03
6.081850e+03 6.134018e+03
6.042001e+03 6.110307e+03
5.997880e+03 6.064136e+03
6.066909e+03 5.991825e+03
5.856892e+03 5.926305e+03
5.884132e+03 6.008980e+03
5.962560e+03 6.081107e+03
6.036718e+03 6.139991e+03
6.142464e+03 6.164490e+03
6.329477e+03 6.257497e+03
6.331591e+03 6.315745e+03
6.329707e+03 6.313195e+03
6.091121e+03 6.280417e+03
6.223624e+03 6.302783e+03
6.300515e+03 6.308941e+03
6.296119e+03 6.298092e+03
6.338565e+03 6.293294e+03
6.286097e+03 6.286969e+03
6.388436e+03 6.281461e+03
6.372411e+03 6.256286e+03
6.345443e+03 6.272039e+03
6.394979e+03 6.264507e+03
