9.794275e+03 9.724582e+03 9.753333e+03 9.765524e+03
9.807806e+03 9.751344e+03 9.812190e+03 9.746960e+03
9.884677e+03 9.811117e+03 9.870993e+03 9.824801e+03
9.941516e+03 9.853128e+03 9.865658e+03 9.928985e+03
9.934417e+03 9.856484e+03 9.842489e+03 9.948413e+03
9.783734e+03 9.848072e+03 9.803373e+03 9.828433e+03
9.831010e+03 9.857702e+03 9.813058e+03 9.875654e+03
9.795016e+03 9.858509e+03 9.834654e+03 9.818871e+03
9.733472e+03 9.859416e+03 9.837549e+03 9.755339e+03
9.823218e+03 9.860402e+03 9.839212e+03 9.844408e+03
9.796553e+03 9.861446e+03 9.840822e+03 9.817177e+03
9.829037e+03 9.862530e+03 9.840445e+03 9.851122e+03
9.848480e+03 9.851713e+03 9.830558e+03 9.869635e+03
9.865618e+03 9.864767e+03 9.841728e+03 9.888658e+03
9.758538e+03 9.865880e+03 9.842347e+03 9.782072e+03
9.752508e+03 9.866960e+03 9.842938e+03 9.776530e+03
9.853791e+03 9.867994e+03 9.843500e+03 9.878284e+03
9.953465e+03 9.868975e+03 9.841167e+03 9.981272e+03
9.888702e+03 9.869894e+03 9.844537e+03 9.914059e+03
9.804821e+03 9.858816e+03 9.843953e+03 9.819684e+03
9.775432e+03 9.808896e+03 9.856230e+03 9.728098e+03
9.826574e+03 9.749955e+03 9.823675e+03 9.752854e+03
9.867980e+03 9.741638e+03 9.801237e+03 9.808381e+03
9.802735e+03 9.742195e+03 9.785692e+03 9.759238e+03
9.876480e+03 9.742677e+03 9.799417e+03 9.819741e+03
9.754599e+03 9.743090e+03 9.776488e+03 9.721200e+03
9.750633e+03 9.743436e+03 9.753341e+03 9.740728e+03
9.760179e+03 9.743721e+03 9.742544e+03 9.761356e+03
9.703283e+03 9.743950e+03 9.766077e+03 9.681157e+03
9.813401e+03 9.772460e+03 9.826239e+03 9.759623e+03
9.853396e+03 9.832243e+03 9.884768e+03 9.800871e+03
9.883969e+03 9.874106e+03 9.879050e+03 9.879025e+03
9.912268e+03 9.875693e+03 9.853280e+03 9.934682e+03
9.826189e+03 9.865336e+03 9.812232e+03 9.879293e+03
9.741598e+03 9.874350e+03 9.822677e+03 9.793271e+03
9.871338e+03 9.874411e+03 9.843742e+03 9.902007e+03
9.948563e+03 9.875960e+03 9.848286e+03 9.976238e+03
9.814491e+03 9.876021e+03 9.848868e+03 9.841644e+03
9.834185e+03 9.877578e+03 9.850181e+03 9.861581e+03
9.850324e+03 9.877653e+03 9.849232e+03 9.878746e+03
9.712312e+03 9.864311e+03 9.837253e+03 9.739369e+03
9.836410e+03 9.873329e+03 9.844657e+03 9.865082e+03
9.790847e+03 9.873395e+03 9.844684e+03 9.819558e+03
9.800376e+03 9.876448e+03 9.850336e+03 9.826488e+03
9.793145e+03 9.876524e+03 9.850382e+03 9.819287e+03
9.750858e+03 9.876600e+03 9.846325e+03 9.781133e+03
9.824503e+03 9.876651e+03 9.847449e+03 9.853705e+03
9.845274e+03 9.864781e+03 9.844068e+03 9.865987e+03
9.875145e+03 9.815641e+03 9.859225e+03 9.831561e+03
9.794275e+03 9.756063e+03 9.827990e+03 9.722348e+03
9.832159e+03 9.745680e+03 9.804256e+03 9.773584e+03
9.698438e+03 9.745721e+03 9.787192e+03 9.656967e+03
9.860581e+03 9.745746e+03 9.801477e+03 9.804850e+03
9.895388e+03 9.745753e+03 9.778850e+03 9.862291e+03
9.796483e+03 9.745742e+03 9.755371e+03 9.786855e+03
9.761890e+03 9.745714e+03 9.744181e+03 9.763422e+03
9.758246e+03 9.745670e+03 9.767231e+03 9.736685e+03
9.856277e+03 9.775434e+03 9.828745e+03 9.802967e+03
9.932136e+03 9.835007e+03 9.887147e+03 9.879995e+03
9.936114e+03 9.875195e+03 9.879838e+03 9.931472e+03
9.748117e+03 9.875115e+03 9.851782e+03 9.771449e+03
9.847543e+03 9.864590e+03 9.810646e+03 9.901487e+03
9.765665e+03 9.871956e+03 9.821449e+03 9.816172e+03
9.878551e+03 9.871864e+03 9.842437e+03 9.907978e+03
9.888926e+03 9.874755e+03 9.848562e+03 9.915119e+03
9.799349e+03 9.874662e+03 9.848528e+03 9.825483e+03
9.811041e+03 9.874560e+03 9.848266e+03 9.837335e+03
9.862514e+03 9.875938e+03 9.847483e+03 9.890968e+03
9.859176e+03 9.865390e+03 9.837005e+03 9.887561e+03
9.933105e+03 9.875721e+03 9.847768e+03 9.961059e+03
9.816729e+03 9.875612e+03 9.847731e+03 9.844610e+03
9.944879e+03 9.875497e+03 9.847689e+03 9.972687e+03
9.864805e+03 9.875369e+03 9.848174e+03 9.891999e+03
9.920657e+03 9.875222e+03 9.847889e+03 9.947990e+03
1.000361e+04 9.875048e+03 9.848066e+03 1.003059e+04
9.905427e+03 9.862915e+03 9.839855e+03 9.928486e+03
9.866908e+03 9.816451e+03 9.858219e+03 9.825140e+03
9.878203e+03 9.756515e+03 9.830197e+03 9.804522e+03
9.880521e+03 9.742736e+03 9.804373e+03 9.818884e+03
9.613423e+03 9.742296e+03 9.784705e+03 9.571014e+03
9.754643e+03 9.741769e+03 9.800453e+03 9.695958e+03
9.673126e+03 9.741142e+03 9.778672e+03 9.635596e+03
9.748447e+03 9.740408e+03 9.754688e+03 9.734167e+03
9.762159e+03 9.739555e+03 9.742788e+03 9.758926e+03
9.721959e+03 9.738575e+03 9.764856e+03 9.695678e+03
9.803431e+03 9.767284e+03 9.825991e+03 9.744724e+03
9.796938e+03 9.825675e+03 9.883967e+03 9.738646e+03
9.811890e+03 9.866024e+03 9.877663e+03 9.800250e+03
9.848376e+03 9.864468e+03 9.849066e+03 9.863778e+03
9.851006e+03 9.850827e+03 9.805837e+03 9.895995e+03
9.751629e+03 9.859395e+03 9.818258e+03 9.792765e+03
9.820407e+03 9.857366e+03 9.838520e+03 9.839253e+03
9.822382e+03 9.855179e+03 9.840704e+03 9.836857e+03
9.863174e+03 9.852841e+03 9.839815e+03 9.876200e+03
9.761134e+03 9.851865e+03 9.839582e+03 9.773416e+03
9.864429e+03 9.849287e+03 9.838809e+03 9.874906e+03
9.896417e+03 9.834660e+03 9.827233e+03 9.903844e+03
9.876747e+03 9.842284e+03 9.834483e+03 9.884549e+03
9.814312e+03 9.839363e+03 9.833338e+03 9.820338e+03
9.879792e+03 9.837838e+03 9.834898e+03 9.882732e+03
9.901417e+03 9.834739e+03 9.833726e+03 9.902430e+03
9.813261e+03 9.828589e+03 9.826693e+03 9.815157e+03
9.839518e+03 9.825368e+03 9.827091e+03 9.837795e+03
9.829458e+03 9.813106e+03 9.821950e+03 9.820614e+03
