8.430001e+03 8.366415e+03 8.387904e+03 8.408513e+03
8.438837e+03 8.391964e+03 8.449711e+03 8.381089e+03
8.515848e+03 8.449026e+03 8.504907e+03 8.459967e+03
8.512307e+03 8.489132e+03 8.481143e+03 8.520295e+03
8.482452e+03 8.492336e+03 8.464175e+03 8.510612e+03
8.424073e+03 8.484305e+03 8.440192e+03 8.468186e+03
8.483816e+03 8.493498e+03 8.459253e+03 8.518061e+03
8.456892e+03 8.494268e+03 8.482785e+03 8.468375e+03
8.420477e+03 8.495134e+03 8.478714e+03 8.436897e+03
8.473604e+03 8.496076e+03 8.480264e+03 8.489416e+03
8.514474e+03 8.497072e+03 8.480234e+03 8.531313e+03
8.515800e+03 8.498107e+03 8.481105e+03 8.532801e+03
8.473143e+03 8.487780e+03 8.471250e+03 8.489673e+03
8.506913e+03 8.500243e+03 8.482099e+03 8.525057e+03
8.455253e+03 8.501305e+03 8.482604e+03 8.473954e+03
8.457403e+03 8.502336e+03 8.483103e+03 8.476635e+03
8.484444e+03 8.503323e+03 8.483593e+03 8.504175e+03
8.513954e+03 8.504259e+03 8.480355e+03 8.537859e+03
8.465625e+03 8.505137e+03 8.484526e+03 8.486236e+03
8.444666e+03 8.494561e+03 8.484376e+03 8.454851e+03
8.466350e+03 8.446905e+03 8.509881e+03 8.403374e+03
8.448379e+03 8.390638e+03 8.483971e+03 8.355045e+03
8.526461e+03 8.382698e+03 8.448124e+03 8.461035e+03
8.448608e+03 8.383229e+03 8.410630e+03 8.421207e+03
8.455977e+03 8.383690e+03 8.420787e+03 8.418880e+03
8.437088e+03 8.384084e+03 8.411027e+03 8.410144e+03
8.389511e+03 8.384414e+03 8.391521e+03 8.382404e+03
8.395911e+03 8.384687e+03 8.375172e+03 8.405426e+03
8.390753e+03 8.384905e+03 8.396125e+03 8.379533e+03
8.480413e+03 8.412122e+03 8.459702e+03 8.432833e+03
8.493357e+03 8.469194e+03 8.515113e+03 8.447438e+03
8.501042e+03 8.509158e+03 8.491391e+03 8.518809e+03
8.467267e+03 8.510673e+03 8.472443e+03 8.505498e+03
8.430867e+03 8.500786e+03 8.446951e+03 8.484701e+03
8.423029e+03 8.509391e+03 8.467001e+03 8.465419e+03
8.487984e+03 8.509449e+03 8.490314e+03 8.507119e+03
8.467152e+03 8.510928e+03 8.487912e+03 8.490168e+03
8.455876e+03 8.510986e+03 8.488550e+03 8.478313e+03
8.463348e+03 8.512473e+03 8.488474e+03 8.487346e+03
8.479889e+03 8.512544e+03 8.488952e+03 8.503481e+03
8.441516e+03 8.499807e+03 8.477224e+03 8.464099e+03
8.439395e+03 8.508416e+03 8.484813e+03 8.462998e+03
8.459878e+03 8.508479e+03 8.484844e+03 8.483513e+03
8.443356e+03 8.511394e+03 8.489897e+03 8.464853e+03
8.471732e+03 8.511467e+03 8.489946e+03 8.493253e+03
8.474367e+03 8.511538e+03 8.485159e+03 8.500746e+03
8.479599e+03 8.511588e+03 8.487184e+03 8.504003e+03
8.468658e+03 8.500256e+03 8.484206e+03 8.484707e+03
8.468508e+03 8.453345e+03 8.512500e+03 8.409353e+03
8.473321e+03 8.396469e+03 8.488176e+03 8.381614e+03
8.477166e+03 8.386557e+03 8.451706e+03 8.412017e+03
8.273300e+03 8.386596e+03 8.412296e+03 8.247601e+03
8.569747e+03 8.386620e+03 8.422468e+03 8.533898e+03
8.455040e+03 8.386626e+03 8.413084e+03 8.428582e+03
8.390636e+03 8.386616e+03 8.393635e+03 8.383617e+03
8.385549e+03 8.386589e+03 8.377054e+03 8.395084e+03
8.391009e+03 8.386547e+03 8.397312e+03 8.380245e+03
8.425015e+03 8.414961e+03 8.462175e+03 8.377801e+03
8.533025e+03 8.471832e+03 8.517462e+03 8.487395e+03
8.533132e+03 8.510198e+03 8.492222e+03 8.551108e+03
8.470285e+03 8.510121e+03 8.471242e+03 8.509164e+03
8.447795e+03 8.500074e+03 8.445668e+03 8.502201e+03
8.439956e+03 8.507105e+03 8.465853e+03 8.481208e+03
8.500298e+03 8.507018e+03 8.489088e+03 8.518228e+03
8.487745e+03 8.509778e+03 8.487963e+03 8.509560e+03
8.471475e+03 8.509689e+03 8.487927e+03 8.493237e+03
8.488108e+03 8.509591e+03 8.486350e+03 8.511349e+03
8.509355e+03 8.510907e+03 8.487048e+03 8.533214e+03
8.522640e+03 8.500838e+03 8.477043e+03 8.546435e+03
8.522776e+03 8.510700e+03 8.487628e+03 8.545848e+03
8.490596e+03 8.510596e+03 8.487589e+03 8.513603e+03
8.517134e+03 8.510486e+03 8.487549e+03 8.540070e+03
8.495594e+03 8.510364e+03 8.488102e+03 8.517855e+03
8.526990e+03 8.510223e+03 8.486507e+03 8.550707e+03
8.545224e+03 8.510057e+03 8.488008e+03 8.567273e+03
8.538483e+03 8.498474e+03 8.480065e+03 8.556892e+03
8.619813e+03 8.454118e+03 8.510960e+03 8.562970e+03
8.517936e+03 8.396900e+03 8.490351e+03 8.424485e+03
8.503718e+03 8.383746e+03 8.453116e+03 8.434348e+03
8.261169e+03 8.383326e+03 8.410282e+03 8.234213e+03
8.376158e+03 8.382823e+03 8.420805e+03 8.338175e+03
8.337507e+03 8.382225e+03 8.412393e+03 8.307339e+03
8.385552e+03 8.381523e+03 8.393204e+03 8.373871e+03
8.373004e+03 8.380709e+03 8.376219e+03 8.377494e+03
8.371528e+03 8.379774e+03 8.395058e+03 8.356244e+03
8.411627e+03 8.407181e+03 8.459533e+03 8.359275e+03
8.449134e+03 8.462923e+03 8.514377e+03 8.397680e+03
8.467167e+03 8.501442e+03 8.490052e+03 8.478558e+03
8.488255e+03 8.499957e+03 8.468497e+03 8.519715e+03
8.456103e+03 8.486935e+03 8.440855e+03 8.502182e+03
8.483056e+03 8.495114e+03 8.462647e+03 8.515523e+03
8.454960e+03 8.493177e+03 8.485089e+03 8.463049e+03
8.477780e+03 8.491090e+03 8.480316e+03 8.488554e+03
8.448425e+03 8.488858e+03 8.479328e+03 8.457955e+03
8.449189e+03 8.487925e+03 8.477530e+03 8.459584e+03
8.488969e+03 8.485465e+03 8.477929e+03 8.496504e+03
8.493360e+03 8.471501e+03 8.466385e+03 8.498476e+03
8.538162e+03 8.478779e+03 8.473533e+03 8.543408e+03
8.507960e+03 8.475991e+03 8.472216e+03 8.511735e+03
8.493700e+03 8.474535e+03 8.473392e+03 8.494842e+03
8.473813e+03 8.471577e+03 8.471995e+03 8.473394e+03
8.465235e+03 8.465706e+03 8.464014e+03 8.466926e+03
8.471760e+03 8.462631e+03 8.465123e+03 8.469267e+03
8.485320e+03 8.450925e+03 8.459478e+03 8.476767e+03
