0.5 1.020060e+04 1.001804e+04 1.013551e+04 1.031807e+04
1.5 1.003792e+04 1.005147e+04 1.017169e+04 1.015813e+04
2.5 1.012060e+04 1.011471e+04 1.021009e+04 1.021599e+04
3.5 1.009292e+04 1.016685e+04 1.020317e+04 1.012924e+04
4.5 1.015784e+04 1.018587e+04 1.017871e+04 1.015068e+04
5.5 1.014705e+04 1.019509e+04 1.015847e+04 1.011042e+04
6.5 1.027295e+04 1.019693e+04 1.014665e+04 1.022267e+04
7.5 1.013198e+04 1.019533e+04 1.014086e+04 1.007750e+04
8.5 1.013789e+04 1.019791e+04 1.013830e+04 1.007828e+04
9.5 1.019627e+04 1.019380e+04 1.013721e+04 1.013968e+04
10.5 1.027880e+04 1.019767e+04 1.013673e+04 1.021787e+04
0.1 1.008260e+04 1.019976e+04 1.013504e+04 1.001787e+04
1.1 1.018102e+04 1.020214e+04 1.015053e+04 1.012942e+04
2.1 1.021221e+04 1.021257e+04 1.021259e+04 1.021222e+04
3.1 1.026248e+04 1.019194e+04 1.024629e+04 1.031683e+04
4.1 1.016072e+04 1.013295e+04 1.022394e+04 1.025171e+04
5.1 1.014196e+04 1.007716e+04 1.018777e+04 1.025257e+04
6.1 1.014845e+04 1.004149e+04 1.016110e+04 1.026806e+04
7.1 1.008321e+04 1.002293e+04 1.014623e+04 1.020651e+04
8.1 1.006050e+04 1.001452e+04 1.013913e+04 1.018511e+04
9.1 1.015689e+04 1.001246e+04 1.013745e+04 1.028188e+04
10.1 1.014195e+04 1.004760e+04 1.017182e+04 1.026617e+04
0.5 1.015689e+04 1.001246e+04 1.013745e+04 1.028188e+04
1.5 1.014195e+04 1.004760e+04 1.017182e+04 1.026617e+04
2.5 1.011992e+04 1.011401e+04 1.020923e+04 1.021513e+04
3.5 1.010821e+04 1.016830e+04 1.020171e+04 1.014161e+04
4.5 1.019686e+04 1.018846e+04 1.017686e+04 1.018525e+04
5.5 1.021007e+04 1.019892e+04 1.015628e+04 1.016743e+04
6.5 1.015638e+04 1.020079e+04 1.014424e+04 1.009983e+04
7.5 1.021366e+04 1.019924e+04 1.013833e+04 1.015275e+04
8.5 1.033910e+04 1.020267e+04 1.013574e+04 1.027216e+04
9.5 1.030013e+04 1.019953e+04 1.013469e+04 1.023528e+04
10.5 1.023266e+04 1.020411e+04 1.013428e+04 1.016283e+04
0.1 1.028763e+04 1.020392e+04 1.013388e+04 1.021760e+04
1.1 1.012694e+04 1.020598e+04 1.014851e+04 1.006947e+04
2.1 1.028436e+04 1.021600e+04 1.021010e+04 1.027846e+04
3.1 1.022793e+04 1.019633e+04 1.024554e+04 1.027714e+04
4.1 1.008493e+04 1.013742e+04 1.022420e+04 1.017172e+04
5.1 1.007886e+04 1.008090e+04 1.018807e+04 1.018603e+04
6.1 1.005434e+04 1.004442e+04 1.016115e+04 1.017107e+04
7.1 9.968915e+03 1.002525e+04 1.014610e+04 1.008977e+04
8.1 9.974364e+03 1.001642e+04 1.013892e+04 1.009687e+04
9.1 9.906769e+03 1.001406e+04 1.013722e+04 1.002993e+04
10.1 1.000744e+04 1.004914e+04 1.017160e+04 1.012990e+04
0.5 9.906769e+03 1.001406e+04 1.013722e+04 1.002993e+04
1.5 1.000744e+04 1.004914e+04 1.017160e+04 1.012990e+04
2.5 1.013924e+04 1.011651e+04 1.020903e+04 1.023176e+04
3.5 1.018118e+04 1.017081e+04 1.020154e+04 1.021191e+04
4.5 1.014229e+04 1.018927e+04 1.017672e+04 1.012974e+04
5.5 1.016000e+04 1.019878e+04 1.015620e+04 1.011741e+04
6.5 1.013850e+04 1.019957e+04 1.014420e+04 1.008313e+04
7.5 1.019620e+04 1.019622e+04 1.013833e+04 1.013831e+04
8.5 1.021170e+04 1.020034e+04 1.013577e+04 1.014713e+04
9.5 1.019864e+04 1.019689e+04 1.013475e+04 1.013650e+04
10.5 1.016871e+04 1.020190e+04 1.013438e+04 1.010119e+04
0.0 1.026654e+04 1.020279e+04 1.013469e+04 1.019844e+04
1.0 1.029665e+04 1.020470e+04 1.014751e+04 1.023946e+04
2.0 1.026070e+04 1.021430e+04 1.020784e+04 1.025423e+04
3.0 1.030134e+04 1.019702e+04 1.024667e+04 1.035099e+04
4.0 1.003117e+04 1.013873e+04 1.022743e+04 1.011987e+04
5.0 9.949415e+03 1.008108e+04 1.019146e+04 1.005980e+04
6.0 1.002238e+04 1.004317e+04 1.016420e+04 1.014341e+04
7.0 9.997613e+03 1.002283e+04 1.014896e+04 1.012374e+04
8.0 9.945854e+03 1.001307e+04 1.014186e+04 1.007464e+04
9.0 9.932507e+03 1.000991e+04 1.014045e+04 1.006305e+04
10.0 9.937537e+03 1.004416e+04 1.017525e+04 1.006862e+04
0.5 9.932507e+03 1.000991e+04 1.014045e+04 1.006305e+04
1.5 9.937537e+03 1.004416e+04 1.017525e+04 1.006862e+04
2.5 1.007814e+04 1.011064e+04 1.021320e+04 1.018071e+04
3.5 1.014407e+04 1.016393e+04 1.020630e+04 1.018644e+04
4.5 1.011351e+04 1.018222e+04 1.018217e+04 1.011347e+04
5.5 1.024523e+04 1.019108e+04 1.016241e+04 1.021655e+04
6.5 1.020402e+04 1.019078e+04 1.015124e+04 1.016448e+04
7.5 1.022153e+04 1.018761e+04 1.014629e+04 1.018021e+04
8.5 1.018183e+04 1.018864e+04 1.014473e+04 1.013793e+04
9.5 1.010727e+04 1.018233e+04 1.014480e+04 1.006974e+04
10.5 1.015709e+04 1.018452e+04 1.014559e+04 1.011816e+04
