0.5 9.033778e+03 8.989473e+03 8.976220e+03 9.020525e+03
1.5 9.011109e+03 9.045712e+03 8.994302e+03 8.959700e+03
2.5 9.016495e+03 9.081839e+03 9.037304e+03 8.971960e+03
3.5 9.036079e+03 9.089204e+03 9.068977e+03 9.015853e+03
4.5 9.036039e+03 9.090548e+03 9.090424e+03 9.035915e+03
5.5 9.064221e+03 9.088748e+03 9.100367e+03 9.075840e+03
6.5 9.046181e+03 9.086051e+03 9.103423e+03 9.063554e+03
7.5 9.004768e+03 9.087244e+03 9.107162e+03 9.024685e+03
8.5 9.036125e+03 9.083968e+03 9.104962e+03 9.057119e+03
9.5 9.121956e+03 9.086654e+03 9.108127e+03 9.143429e+03
10.5 9.104943e+03 9.083726e+03 9.105532e+03 9.126749e+03
11.5 9.118941e+03 9.085540e+03 9.107472e+03 9.140873e+03
0.2 9.016495e+03 9.081839e+03 9.037304e+03 8.971960e+03
1.2 9.036079e+03 9.089204e+03 9.068977e+03 9.015853e+03
2.2 9.036039e+03 9.090548e+03 9.090424e+03 9.035915e+03
3.2 9.064221e+03 9.088748e+03 9.100367e+03 9.075840e+03
4.2 9.046181e+03 9.086051e+03 9.103423e+03 9.063554e+03
5.2 9.004768e+03 9.087244e+03 9.107162e+03 9.024685e+03
6.2 9.036125e+03 9.083968e+03 9.104962e+03 9.057119e+03
7.2 9.121956e+03 9.086654e+03 9.108127e+03 9.143429e+03
8.2 9.104943e+03 9.083726e+03 9.105532e+03 9.126749e+03
9.2 9.118941e+03 9.085540e+03 9.107472e+03 9.140873e+03
10.2 9.100832e+03 9.084775e+03 9.106849e+03 9.122906e+03
11.2 9.071038e+03 9.084545e+03 9.106784e+03 9.093277e+03
0.9 9.064221e+03 9.088748e+03 9.100367e+03 9.075840e+03
1.9 9.046181e+03 9.086051e+03 9.103423e+03 9.063554e+03
2.9 9.004768e+03 9.087244e+03 9.107162e+03 9.024685e+03
3.9 9.036125e+03 9.083968e+03 9.104962e+03 9.057119e+03
4.9 9.121956e+03 9.086654e+03 9.108127e+03 9.143429e+03
5.9 9.104943e+03 9.083726e+03 9.105532e+03 9.126749e+03
6.9 9.118941e+03 9.085540e+03 9.107472e+03 9.140873e+03
7.9 9.100832e+03 9.084775e+03 9.106849e+03 9.122906e+03
8.9 9.071038e+03 9.084545e+03 9.106784e+03 9.093277e+03
9.9 9.079183e+03 9.086354e+03 9.108773e+03 9.101602e+03
10.9 9.103286e+03 9.084350e+03 9.106956e+03 9.125892e+03
11.9 9.109538e+03 9.087596e+03 9.110392e+03 9.132334e+03
0.6 9.004768e+03 9.087244e+03 9.107162e+03 9.024685e+03
1.6 9.036125e+03 9.083968e+03 9.104962e+03 9.057119e+03
2.6 9.121956e+03 9.086654e+03 9.108127e+03 9.143429e+03
3.6 9.104943e+03 9.083726e+03 9.105532e+03 9.126749e+03
4.6 9.118941e+03 9.085540e+03 9.107472e+03 9.140873e+03
5.6 9.100832e+03 9.084775e+03 9.106849e+03 9.122906e+03
6.6 9.071038e+03 9.084545e+03 9.106784e+03 9.093277e+03
7.6 9.079183e+03 9.086354e+03 9.108773e+03 9.101602e+03
8.6 9.103286e+03 9.084350e+03 9.106956e+03 9.125892e+03
9.6 9.109538e+03 9.087596e+03 9.110392e+03 9.132334e+03
10.6 9.069489e+03 9.085013e+03 9.107993e+03 9.092469e+03
11.6 9.046904e+03 9.087730e+03 9.110885e+03 9.070059e+03
0.3 9.121956e+03 9.086654e+03 9.108127e+03 9.143429e+03
1.3 9.104943e+03 9.083726e+03 9.105532e+03 9.126749e+03
2.3 9.118941e+03 9.085540e+03 9.107472e+03 9.140873e+03
3.3 9.100832e+03 9.084775e+03 9.106849e+03 9.122906e+03
4.3 9.071038e+03 9.084545e+03 9.106784e+03 9.093277e+03
5.3 9.079183e+03 9.086354e+03 9.108773e+03 9.101602e+03
6.3 9.103286e+03 9.084350e+03 9.106956e+03 9.125892e+03
7.3 9.109538e+03 9.087596e+03 9.110392e+03 9.132334e+03
8.3 9.069489e+03 9.085013e+03 9.107993e+03 9.092469e+03
9.3 9.046904e+03 9.087730e+03 9.110885e+03 9.070059e+03
10.3 9.083803e+03 9.093573e+03 9.101334e+03 9.091563e+03
11.3 9.185666e+03 9.117634e+03 9.063746e+03 9.131777e+03
1.0 9.100832e+03 9.084775e+03 9.106849e+03 9.122906e+03
2.0 9.071038e+03 9.084545e+03 9.106784e+03 9.093277e+03
3.0 9.079183e+03 9.086354e+03 9.108773e+03 9.101602e+03
4.0 9.103286e+03 9.084350e+03 9.106956e+03 9.125892e+03
5.0 9.109538e+03 9.087596e+03 9.110392e+03 9.132334e+03
6.0 9.069489e+03 9.085013e+03 9.107993e+03 9.092469e+03
7.0 9.046904e+03 9.087730e+03 9.110885e+03 9.070059e+03
8.0 9.083803e+03 9.093573e+03 9.101334e+03 9.091563e+03
9.0 9.185666e+03 9.117634e+03 9.063746e+03 9.131777e+03
10.0 9.163984e+03 9.111546e+03 9.024182e+03 9.076620e+03
11.0 9.146359e+03 9.062669e+03 8.997501e+03 9.081191e+03
12.0 9.084654e+03 9.012453e+03 8.983217e+03 9.055418e+03
0.7 9.079183e+03 9.086354e+03 9.108773e+03 9.101602e+03
1.7 9.103286e+03 9.084350e+03 9.106956e+03 9.125892e+03
2.7 9.109538e+03 9.087596e+03 9.110392e+03 9.132334e+03
3.7 9.069489e+03 9.085013e+03 9.107993e+03 9.092469e+03
4.7 9.046904e+03 9.087730e+03 9.110885e+03 9.070059e+03
5.7 9.083803e+03 9.093573e+03 9.101334e+03 9.091563e+03
6.7 9.185666e+03 9.117634e+03 9.063746e+03 9.131777e+03
7.7 9.163984e+03 9.111546e+03 9.024182e+03 9.076620e+03
8.7 9.146359e+03 9.062669e+03 8.997501e+03 9.081191e+03
9.7 9.084654e+03 9.012453e+03 8.983217e+03 9.055418e+03
10.7 9.056225e+03 8.979396e+03 8.976665e+03 9.053493e+03
11.7 9.034295e+03 8.961937e+03 8.973972e+03 9.046329e+03
0.4 9.109538e+03 9.087596e+03 9.110392e+03 9.132334e+03
1.4 9.069489e+03 9.085013e+03 9.107993e+03 9.092469e+03
2.4 9.046904e+03 9.087730e+03 9.110885e+03 9.070059e+03
3.4 9.083803e+03 9.093573e+03 9.101334e+03 9.091563e+03
4.4 9.185666e+03 9.117634e+03 9.063746e+03 9.131777e+03
5.4 9.163984e+03 9.111546e+03 9.024182e+03 9.076620e+03
6.4 9.146359e+03 9.062669e+03 8.997501e+03 9.081191e+03
7.4 9.084654e+03 9.012453e+03 8.983217e+03 9.055418e+03
8.4 9.056225e+03 8.979396e+03 8.976665e+03 9.053493e+03
9.4 9.034295e+03 8.961937e+03 8.973972e+03 9.046329e+03
10.4 9.040412e+03 8.953933e+03 8.973021e+03 9.059500e+03
11.4 9.055469e+03 8.951986e+03 8.972746e+03 9.076229e+03
0.5 9.050081e+03 8.986692e+03 8.973310e+03 9.036698e+03
1.5 9.045734e+03 9.044971e+03 8.994424e+03 8.995187e+03
2.5 9.072229e+03 9.082514e+03 9.039432e+03 9.029148e+03
3.5 9.079140e+03 9.090598e+03 9.072209e+03 9.060751e+03
4.5 9.079988e+03 9.092757e+03 9.094806e+03 9.082037e+03
5.5 9.091167e+03 9.090916e+03 9.104933e+03 9.105184e+03
6.5 9.148295e+03 9.088223e+03 9.108110e+03 9.168181e+03
7.5 9.163777e+03 9.090033e+03 9.112494e+03 9.186238e+03
8.5 9.142217e+03 9.087471e+03 9.110976e+03 9.165722e+03
9.5 9.138528e+03 9.090698e+03 9.114605e+03 9.162435e+03
10.5 9.138950e+03 9.088819e+03 9.112947e+03 9.163078e+03
11.5 9.114356e+03 9.091125e+03 9.115260e+03 9.138491e+03
0.2 9.072229e+03 9.082514e+03 9.039432e+03 9.029148e+03
1.2 9.079140e+03 9.090598e+03 9.072209e+03 9.060751e+03
2.2 9.079988e+03 9.092757e+03 9.094806e+03 9.082037e+03
3.2 9.091167e+03 9.090916e+03 9.104933e+03 9.105184e+03
4.2 9.148295e+03 9.088223e+03 9.108110e+03 9.168181e+03
5.2 9.163777e+03 9.090033e+03 9.112494e+03 9.186238e+03
6.2 9.142217e+03 9.087471e+03 9.110976e+03 9.165722e+03
7.2 9.138528e+03 9.090698e+03 9.114605e+03 9.162435e+03
8.2 9.138950e+03 9.088819e+03 9.112947e+03 9.163078e+03
9.2 9.114356e+03 9.091125e+03 9.115260e+03 9.138491e+03
10.2 9.115224e+03 9.088808e+03 9.112966e+03 9.139381e+03
11.2 9.121965e+03 9.086943e+03 9.111126e+03 9.146149e+03
0.9 9.091167e+03 9.090916e+03 9.104933e+03 9.105184e+03
1.9 9.148295e+03 9.088223e+03 9.108110e+03 9.168181e+03
2.9 9.163777e+03 9.090033e+03 9.112494e+03 9.186238e+03
3.9 9.142217e+03 9.087471e+03 9.110976e+03 9.165722e+03
4.9 9.138528e+03 9.090698e+03 9.114605e+03 9.162435e+03
5.9 9.138950e+03 9.088819e+03 9.112947e+03 9.163078e+03
6.9 9.114356e+03 9.091125e+03 9.115260e+03 9.138491e+03
7.9 9.115224e+03 9.088808e+03 9.112966e+03 9.139381e+03
8.9 9.121965e+03 9.086943e+03 9.111126e+03 9.146149e+03
9.9 9.120081e+03 9.088866e+03 9.113074e+03 9.144290e+03
10.9 9.111766e+03 9.087108e+03 9.111340e+03 9.135999e+03
11.9 9.120560e+03 9.090608e+03 9.114864e+03 9.144816e+03
0.6 9.163777e+03 9.090033e+03 9.112494e+03 9.186238e+03
1.6 9.142217e+03 9.087471e+03 9.110976e+03 9.165722e+03
2.6 9.138528e+03 9.090698e+03 9.114605e+03 9.162435e+03
3.6 9.138950e+03 9.088819e+03 9.112947e+03 9.163078e+03
4.6 9.114356e+03 9.091125e+03 9.115260e+03 9.138491e+03
5.6 9.115224e+03 9.088808e+03 9.112966e+03 9.139381e+03
6.6 9.121965e+03 9.086943e+03 9.111126e+03 9.146149e+03
7.6 9.120081e+03 9.088866e+03 9.113074e+03 9.144290e+03
8.6 9.111766e+03 9.087108e+03 9.111340e+03 9.135999e+03
9.6 9.120560e+03 9.090608e+03 9.114864e+03 9.144816e+03
10.6 9.147130e+03 9.088029e+03 9.112313e+03 9.171414e+03
11.6 9.124744e+03 9.090453e+03 9.114754e+03 9.149045e+03
0.3 9.138528e+03 9.090698e+03 9.114605e+03 9.162435e+03
1.3 9.138950e+03 9.088819e+03 9.112947e+03 9.163078e+03
2.3 9.114356e+03 9.091125e+03 9.115260e+03 9.138491e+03
3.3 9.115224e+03 9.088808e+03 9.112966e+03 9.139381e+03
4.3 9.121965e+03 9.086943e+03 9.111126e+03 9.146149e+03
5.3 9.120081e+03 9.088866e+03 9.113074e+03 9.144290e+03
6.3 9.111766e+03 9.087108e+03 9.111340e+03 9.135999e+03
7.3 9.120560e+03 9.090608e+03 9.114864e+03 9.144816e+03
8.3 9.147130e+03 9.088029e+03 9.112313e+03 9.171414e+03
9.3 9.124744e+03 9.090453e+03 9.114754e+03 9.149045e+03
10.3 9.135281e+03 9.095835e+03 9.105604e+03 9.145050e+03
11.3 9.166915e+03 9.119469e+03 9.068057e+03 9.115503e+03
0.9 9.115224e+03 9.088808e+03 9.112966e+03 9.139381e+03
1.9 9.121965e+03 9.086943e+03 9.111126e+03 9.146149e+03
2.9 9.120081e+03 9.088866e+03 9.113074e+03 9.144290e+03
3.9 9.111766e+03 9.087108e+03 9.111340e+03 9.135999e+03
4.9 9.120560e+03 9.090608e+03 9.114864e+03 9.144816e+03
5.9 9.147130e+03 9.088029e+03 9.112313e+03 9.171414e+03
6.9 9.124744e+03 9.090453e+03 9.114754e+03 9.149045e+03
7.9 9.135281e+03 9.095835e+03 9.105604e+03 9.145050e+03
8.9 9.166915e+03 9.119469e+03 9.068057e+03 9.115503e+03
9.9 9.201972e+03 9.114550e+03 9.027922e+03 9.115344e+03
10.9 9.052736e+03 9.065990e+03 9.000563e+03 8.987309e+03
11.9 9.015858e+03 9.015248e+03 8.985723e+03 8.986333e+03
0.7 9.120081e+03 9.088866e+03 9.113074e+03 9.144290e+03
1.7 9.111766e+03 9.087108e+03 9.111340e+03 9.135999e+03
2.7 9.120560e+03 9.090608e+03 9.114864e+03 9.144816e+03
3.7 9.147130e+03 9.088029e+03 9.112313e+03 9.171414e+03
4.7 9.124744e+03 9.090453e+03 9.114754e+03 9.149045e+03
5.7 9.135281e+03 9.095835e+03 9.105604e+03 9.145050e+03
6.7 9.166915e+03 9.119469e+03 9.068057e+03 9.115503e+03
7.7 9.201972e+03 9.114550e+03 9.027922e+03 9.115344e+03
8.7 9.052736e+03 9.065990e+03 9.000563e+03 8.987309e+03
9.7 9.015858e+03 9.015248e+03 8.985723e+03 8.986333e+03
10.7 8.880647e+03 8.981543e+03 8.978759e+03 8.877863e+03
11.7 8.859552e+03 8.963592e+03 8.975756e+03 8.871716e+03
0.3 9.120560e+03 9.090608e+03 9.114864e+03 9.144816e+03
1.3 9.147130e+03 9.088029e+03 9.112313e+03 9.171414e+03
2.3 9.124744e+03 9.090453e+03 9.114754e+03 9.149045e+03
3.3 9.135281e+03 9.095835e+03 9.105604e+03 9.145050e+03
4.3 9.166915e+03 9.119469e+03 9.068057e+03 9.115503e+03
5.3 9.201972e+03 9.114550e+03 9.027922e+03 9.115344e+03
6.3 9.052736e+03 9.065990e+03 9.000563e+03 8.987309e+03
7.3 9.015858e+03 9.015248e+03 8.985723e+03 8.986333e+03
8.3 8.880647e+03 8.981543e+03 8.978759e+03 8.877863e+03
9.3 8.859552e+03 8.963592e+03 8.975756e+03 8.871716e+03
10.3 8.840173e+03 8.955256e+03 8.974557e+03 8.859474e+03
11.3 8.900756e+03 8.953089e+03 8.974079e+03 8.921745e+03
0.5 8.906087e+03 8.987754e+03 8.974588e+03 8.892921e+03
1.5 8.987294e+03 9.046740e+03 8.996384e+03 8.936937e+03
2.5 9.006576e+03 9.084293e+03 9.041383e+03 8.963666e+03
3.5 8.991421e+03 9.091147e+03 9.072892e+03 8.973165e+03
4.5 8.973677e+03 9.092630e+03 9.094765e+03 8.975812e+03
5.5 8.990547e+03 9.090023e+03 9.104080e+03 9.004605e+03
6.5 9.009068e+03 9.086021e+03 9.105908e+03 9.028956e+03
7.5 9.030279e+03 9.088344e+03 9.110772e+03 9.052707e+03
8.5 9.036094e+03 9.085560e+03 9.108999e+03 9.059533e+03
9.5 9.060639e+03 9.089114e+03 9.112919e+03 9.084444e+03
10.5 9.065801e+03 9.087369e+03 9.111344e+03 9.089776e+03
11.5 9.091210e+03 9.089152e+03 9.113066e+03 9.115124e+03
0.2 9.006576e+03 9.084293e+03 9.041383e+03 8.963666e+03
1.2 8.991421e+03 9.091147e+03 9.072892e+03 8.973165e+03
2.2 8.973677e+03 9.092630e+03 9.094765e+03 8.975812e+03
3.2 8.990547e+03 9.090023e+03 9.104080e+03 9.004605e+03
4.2 9.009068e+03 9.086021e+03 9.105908e+03 9.028956e+03
5.2 9.030279e+03 9.088344e+03 9.110772e+03 9.052707e+03
6.2 9.036094e+03 9.085560e+03 9.108999e+03 9.059533e+03
7.2 9.060639e+03 9.089114e+03 9.112919e+03 9.084444e+03
8.2 9.065801e+03 9.087369e+03 9.111344e+03 9.089776e+03
9.2 9.091210e+03 9.089152e+03 9.113066e+03 9.115124e+03
10.2 9.090127e+03 9.089167e+03 9.113029e+03 9.113988e+03
11.2 9.087274e+03 9.088306e+03 9.112121e+03 9.111089e+03
0.8 8.990547e+03 9.090023e+03 9.104080e+03 9.004605e+03
1.8 9.009068e+03 9.086021e+03 9.105908e+03 9.028956e+03
2.8 9.030279e+03 9.088344e+03 9.110772e+03 9.052707e+03
3.8 9.036094e+03 9.085560e+03 9.108999e+03 9.059533e+03
4.8 9.060639e+03 9.089114e+03 9.112919e+03 9.084444e+03
5.8 9.065801e+03 9.087369e+03 9.111344e+03 9.089776e+03
6.8 9.091210e+03 9.089152e+03 9.113066e+03 9.115124e+03
7.8 9.090127e+03 9.089167e+03 9.113029e+03 9.113988e+03
8.8 9.087274e+03 9.088306e+03 9.112121e+03 9.111089e+03
9.8 9.098635e+03 9.090374e+03 9.114146e+03 9.122407e+03
10.8 9.109189e+03 9.087768e+03 9.111491e+03 9.132912e+03
11.8 9.123207e+03 9.090736e+03 9.114401e+03 9.146872e+03
0.5 9.030279e+03 9.088344e+03 9.110772e+03 9.052707e+03
1.5 9.036094e+03 9.085560e+03 9.108999e+03 9.059533e+03
2.5 9.060639e+03 9.089114e+03 9.112919e+03 9.084444e+03
3.5 9.065801e+03 9.087369e+03 9.111344e+03 9.089776e+03
4.5 9.091210e+03 9.089152e+03 9.113066e+03 9.115124e+03
5.5 9.090127e+03 9.089167e+03 9.113029e+03 9.113988e+03
6.5 9.087274e+03 9.088306e+03 9.112121e+03 9.111089e+03
7.5 9.098635e+03 9.090374e+03 9.114146e+03 9.122407e+03
8.5 9.109189e+03 9.087768e+03 9.111491e+03 9.132912e+03
9.5 9.123207e+03 9.090736e+03 9.114401e+03 9.146872e+03
10.5 9.127569e+03 9.087926e+03 9.111519e+03 9.151163e+03
11.5 9.112452e+03 9.089844e+03 9.113342e+03 9.135950e+03
0.2 9.060639e+03 9.089114e+03 9.112919e+03 9.084444e+03
1.2 9.065801e+03 9.087369e+03 9.111344e+03 9.089776e+03
2.2 9.091210e+03 9.089152e+03 9.113066e+03 9.115124e+03
3.2 9.090127e+03 9.089167e+03 9.113029e+03 9.113988e+03
4.2 9.087274e+03 9.088306e+03 9.112121e+03 9.111089e+03
5.2 9.098635e+03 9.090374e+03 9.114146e+03 9.122407e+03
6.2 9.109189e+03 9.087768e+03 9.111491e+03 9.132912e+03
7.2 9.123207e+03 9.090736e+03 9.114401e+03 9.146872e+03
8.2 9.127569e+03 9.087926e+03 9.111519e+03 9.151163e+03
9.2 9.112452e+03 9.089844e+03 9.113342e+03 9.135950e+03
10.2 9.207347e+03 9.094638e+03 9.105403e+03 9.218112e+03
11.2 9.213785e+03 9.117634e+03 9.068465e+03 9.164616e+03
0.9 9.090127e+03 9.089167e+03 9.113029e+03 9.113988e+03
1.9 9.087274e+03 9.088306e+03 9.112121e+03 9.111089e+03
2.9 9.098635e+03 9.090374e+03 9.114146e+03 9.122407e+03
3.9 9.109189e+03 9.087768e+03 9.111491e+03 9.132912e+03
4.9 9.123207e+03 9.090736e+03 9.114401e+03 9.146872e+03
5.9 9.127569e+03 9.087926e+03 9.111519e+03 9.151163e+03
6.9 9.112452e+03 9.089844e+03 9.113342e+03 9.135950e+03
7.9 9.207347e+03 9.094638e+03 9.105403e+03 9.218112e+03
8.9 9.213785e+03 9.117634e+03 9.068465e+03 9.164616e+03
9.9 9.237344e+03 9.115352e+03 9.027602e+03 9.149594e+03
10.9 9.089891e+03 9.067801e+03 8.999166e+03 9.021256e+03
11.9 8.930956e+03 9.016280e+03 8.983380e+03 8.898056e+03
0.6 9.098635e+03 9.090374e+03 9.114146e+03 9.122407e+03
1.6 9.109189e+03 9.087768e+03 9.111491e+03 9.132912e+03
2.6 9.123207e+03 9.090736e+03 9.114401e+03 9.146872e+03
3.6 9.127569e+03 9.087926e+03 9.111519e+03 9.151163e+03
4.6 9.112452e+03 9.089844e+03 9.113342e+03 9.135950e+03
5.6 9.207347e+03 9.094638e+03 9.105403e+03 9.218112e+03
6.6 9.213785e+03 9.117634e+03 9.068465e+03 9.164616e+03
7.6 9.237344e+03 9.115352e+03 9.027602e+03 9.149594e+03
8.6 9.089891e+03 9.067801e+03 8.999166e+03 9.021256e+03
9.6 8.930956e+03 9.016280e+03 8.983380e+03 8.898056e+03
10.6 8.912058e+03 8.981446e+03 8.975633e+03 8.906246e+03
11.6 8.967854e+03 8.962594e+03 8.971915e+03 8.977175e+03
0.3 9.123207e+03 9.090736e+03 9.114401e+03 9.146872e+03
1.3 9.127569e+03 9.087926e+03 9.111519e+03 9.151163e+03
2.3 9.112452e+03 9.089844e+03 9.113342e+03 9.135950e+03
3.3 9.207347e+03 9.094638e+03 9.105403e+03 9.218112e+03
4.3 9.213785e+03 9.117634e+03 9.068465e+03 9.164616e+03
5.3 9.237344e+03 9.115352e+03 9.027602e+03 9.149594e+03
6.3 9.089891e+03 9.067801e+03 8.999166e+03 9.021256e+03
7.3 8.930956e+03 9.016280e+03 8.983380e+03 8.898056e+03
8.3 8.912058e+03 8.981446e+03 8.975633e+03 8.906246e+03
9.3 8.967854e+03 8.962594e+03 8.971915e+03 8.977175e+03
10.3 8.932317e+03 8.953604e+03 8.969980e+03 8.948693e+03
11.3 8.941300e+03 8.950923e+03 8.968705e+03 8.959082e+03
0.5 8.926484e+03 8.985100e+03 8.968309e+03 8.909692e+03
1.5 8.944378e+03 9.043574e+03 8.989074e+03 8.889878e+03
2.5 8.968909e+03 9.080549e+03 9.032904e+03 8.921264e+03
3.5 9.001635e+03 9.087460e+03 9.063790e+03 8.977965e+03
4.5 9.025961e+03 9.088673e+03 9.084639e+03 9.021927e+03
5.5 9.057488e+03 9.085488e+03 9.092546e+03 9.064546e+03
6.5 9.076216e+03 9.081869e+03 9.093845e+03 9.088192e+03
7.5 9.071935e+03 9.082203e+03 9.095725e+03 9.085457e+03
8.5 9.028858e+03 9.077627e+03 9.091083e+03 9.042314e+03
9.5 9.026590e+03 9.079434e+03 9.092103e+03 9.039259e+03
10.5 9.065983e+03 9.075630e+03 9.087280e+03 9.077633e+03
11.5 9.108615e+03 9.076236e+03 9.086587e+03 9.118966e+03
0.2 8.968909e+03 9.080549e+03 9.032904e+03 8.921264e+03
1.2 9.001635e+03 9.087460e+03 9.063790e+03 8.977965e+03
2.2 9.025961e+03 9.088673e+03 9.084639e+03 9.021927e+03
3.2 9.057488e+03 9.085488e+03 9.092546e+03 9.064546e+03
4.2 9.076216e+03 9.081869e+03 9.093845e+03 9.088192e+03
5.2 9.071935e+03 9.082203e+03 9.095725e+03 9.085457e+03
6.2 9.028858e+03 9.077627e+03 9.091083e+03 9.042314e+03
7.2 9.026590e+03 9.079434e+03 9.092103e+03 9.039259e+03
8.2 9.065983e+03 9.075630e+03 9.087280e+03 9.077633e+03
9.2 9.108615e+03 9.076236e+03 9.086587e+03 9.118966e+03
10.2 9.111302e+03 9.073434e+03 9.082402e+03 9.120270e+03
11.2 9.115762e+03 9.070737e+03 9.078222e+03 9.123246e+03
0.9 9.057488e+03 9.085488e+03 9.092546e+03 9.064546e+03
1.9 9.076216e+03 9.081869e+03 9.093845e+03 9.088192e+03
2.9 9.071935e+03 9.082203e+03 9.095725e+03 9.085457e+03
3.9 9.028858e+03 9.077627e+03 9.091083e+03 9.042314e+03
4.9 9.026590e+03 9.079434e+03 9.092103e+03 9.039259e+03
5.9 9.065983e+03 9.075630e+03 9.087280e+03 9.077633e+03
6.9 9.108615e+03 9.076236e+03 9.086587e+03 9.118966e+03
7.9 9.111302e+03 9.073434e+03 9.082402e+03 9.120270e+03
8.9 9.115762e+03 9.070737e+03 9.078222e+03 9.123246e+03
9.9 9.102448e+03 9.070935e+03 9.076838e+03 9.108352e+03
10.9 9.085443e+03 9.067086e+03 9.071318e+03 9.089675e+03
11.9 9.069144e+03 9.068377e+03 9.070858e+03 9.071626e+03
0.6 9.071935e+03 9.082203e+03 9.095725e+03 9.085457e+03
1.6 9.028858e+03 9.077627e+03 9.091083e+03 9.042314e+03
2.6 9.026590e+03 9.079434e+03 9.092103e+03 9.039259e+03
3.6 9.065983e+03 9.075630e+03 9.087280e+03 9.077633e+03
4.6 9.108615e+03 9.076236e+03 9.086587e+03 9.118966e+03
5.6 9.111302e+03 9.073434e+03 9.082402e+03 9.120270e+03
6.6 9.115762e+03 9.070737e+03 9.078222e+03 9.123246e+03
7.6 9.102448e+03 9.070935e+03 9.076838e+03 9.108352e+03
8.6 9.085443e+03 9.067086e+03 9.071318e+03 9.089675e+03
9.6 9.069144e+03 9.068377e+03 9.070858e+03 9.071626e+03
10.6 9.071626e+03 9.062144e+03 9.062804e+03 9.072285e+03
0.3 9.026590e+03 9.079434e+03 9.092103e+03 9.039259e+03
1.3 9.065983e+03 9.075630e+03 9.087280e+03 9.077633e+03
2.3 9.108615e+03 9.076236e+03 9.086587e+03 9.118966e+03
3.3 9.111302e+03 9.073434e+03 9.082402e+03 9.120270e+03
4.3 9.115762e+03 9.070737e+03 9.078222e+03 9.123246e+03
5.3 9.102448e+03 9.070935e+03 9.076838e+03 9.108352e+03
6.3 9.085443e+03 9.067086e+03 9.071318e+03 9.089675e+03
7.3 9.069144e+03 9.068377e+03 9.070858e+03 9.071626e+03
8.3 9.071626e+03 9.062144e+03 9.062804e+03 9.072285e+03
1.0 9.111302e+03 9.073434e+03 9.082402e+03 9.120270e+03
2.0 9.115762e+03 9.070737e+03 9.078222e+03 9.123246e+03
3.0 9.102448e+03 9.070935e+03 9.076838e+03 9.108352e+03
4.0 9.085443e+03 9.067086e+03 9.071318e+03 9.089675e+03
5.0 9.069144e+03 9.068377e+03 9.070858e+03 9.071626e+03
6.0 9.071626e+03 9.062144e+03 9.062804e+03 9.072285e+03
0.6 9.102448e+03 9.070935e+03 9.076838e+03 9.108352e+03
1.6 9.085443e+03 9.067086e+03 9.071318e+03 9.089675e+03
2.6 9.069144e+03 9.068377e+03 9.070858e+03 9.071626e+03
3.6 9.071626e+03 9.062144e+03 9.062804e+03 9.072285e+03
0.3 9.069144e+03 9.068377e+03 9.070858e+03 9.071626e+03
1.3 9.071626e+03 9.062144e+03 9.062804e+03 9.072285e+03
