0.5 9.092172e+03 8.957897e+03 9.043489e+03 9.177764e+03
1.5 9.036145e+03 8.991855e+03 9.079447e+03 9.123737e+03
2.5 9.013457e+03 9.048130e+03 9.117628e+03 9.082955e+03
3.5 9.018826e+03 9.084280e+03 9.110749e+03 9.045296e+03
4.5 9.038512e+03 9.091649e+03 9.086425e+03 9.033288e+03
5.5 9.038506e+03 9.092994e+03 9.066310e+03 9.011822e+03
6.5 9.066531e+03 9.091193e+03 9.054560e+03 9.029898e+03
7.5 9.048646e+03 9.088493e+03 9.048802e+03 9.008954e+03
8.5 9.007147e+03 9.089688e+03 9.046256e+03 8.963715e+03
9.5 9.038588e+03 9.086410e+03 9.045179e+03 8.997357e+03
10.5 9.124377e+03 9.089097e+03 9.044699e+03 9.079979e+03
0.1 9.049321e+03 9.090174e+03 9.043017e+03 9.002164e+03
1.1 9.086274e+03 9.096021e+03 9.058420e+03 9.048673e+03
2.1 9.188329e+03 9.120098e+03 9.120109e+03 9.188340e+03
3.1 9.166408e+03 9.114006e+03 9.153607e+03 9.206008e+03
4.1 9.148886e+03 9.065099e+03 9.131396e+03 9.215184e+03
5.1 9.086791e+03 9.014850e+03 9.095440e+03 9.167382e+03
6.1 9.058634e+03 8.981772e+03 9.068919e+03 9.145781e+03
7.1 9.036691e+03 8.964302e+03 9.054144e+03 9.126533e+03
8.1 9.042858e+03 8.956293e+03 9.047086e+03 9.133651e+03
9.1 9.057957e+03 8.954345e+03 9.045413e+03 9.149025e+03
10.1 9.052549e+03 8.989073e+03 9.079577e+03 9.143054e+03
0.5 9.057957e+03 8.954345e+03 9.045413e+03 9.149025e+03
1.5 9.052549e+03 8.989073e+03 9.079577e+03 9.143054e+03
2.5 9.048231e+03 9.047389e+03 9.116765e+03 9.117607e+03
3.5 9.074737e+03 9.084955e+03 9.109295e+03 9.099077e+03
4.5 9.081498e+03 9.093044e+03 9.084587e+03 9.073041e+03
5.5 9.082466e+03 9.095204e+03 9.064136e+03 9.051398e+03
6.5 9.093667e+03 9.093362e+03 9.052160e+03 9.052464e+03
7.5 9.150732e+03 9.090667e+03 9.046287e+03 9.106352e+03
8.5 9.166357e+03 9.092478e+03 9.043710e+03 9.117589e+03
9.5 9.144782e+03 9.089915e+03 9.042666e+03 9.097533e+03
10.5 9.141019e+03 9.093144e+03 9.042264e+03 9.090139e+03
0.1 9.127268e+03 9.092899e+03 9.041869e+03 9.076239e+03
1.1 9.137775e+03 9.098284e+03 9.056411e+03 9.095901e+03
2.1 9.169504e+03 9.121934e+03 9.117631e+03 9.165201e+03
3.1 9.204534e+03 9.117012e+03 9.152869e+03 9.240392e+03
4.1 9.055193e+03 9.068422e+03 9.131656e+03 9.118427e+03
5.1 9.018140e+03 9.017647e+03 9.095730e+03 9.096223e+03
6.1 8.882900e+03 8.983920e+03 9.068972e+03 8.967952e+03
7.1 8.861856e+03 8.965958e+03 9.054014e+03 8.949912e+03
8.1 8.842464e+03 8.957617e+03 9.046873e+03 8.931720e+03
9.1 8.903131e+03 8.955448e+03 9.045183e+03 8.992865e+03
10.1 8.908366e+03 8.990135e+03 9.079360e+03 8.997591e+03
0.5 8.903131e+03 8.955448e+03 9.045183e+03 8.992865e+03
1.5 8.908366e+03 8.990135e+03 9.079360e+03 8.997591e+03
2.5 8.989683e+03 9.049159e+03 9.116575e+03 9.057098e+03
3.5 9.008767e+03 9.086735e+03 9.109123e+03 9.031155e+03
4.5 8.993698e+03 9.093593e+03 9.084453e+03 8.984557e+03
5.5 8.976072e+03 9.095077e+03 9.064049e+03 8.945044e+03
6.5 8.992892e+03 9.092468e+03 9.052119e+03 8.952543e+03
7.5 9.011449e+03 9.088464e+03 9.046286e+03 8.969271e+03
8.5 9.032704e+03 9.090788e+03 9.043744e+03 8.985659e+03
9.5 9.038472e+03 9.088002e+03 9.042732e+03 8.993202e+03
10.5 9.063067e+03 9.091559e+03 9.042366e+03 9.013874e+03
0.0 9.114806e+03 9.092289e+03 9.042673e+03 9.065190e+03
1.0 9.209907e+03 9.097087e+03 9.055415e+03 9.168235e+03
2.0 9.216099e+03 9.120098e+03 9.115387e+03 9.211388e+03
3.0 9.239895e+03 9.117814e+03 9.153992e+03 9.276073e+03
4.0 9.092332e+03 9.070233e+03 9.134865e+03 9.156964e+03
5.0 8.933296e+03 9.018680e+03 9.099108e+03 9.013724e+03
6.0 8.914600e+03 8.983823e+03 9.072002e+03 9.002780e+03
7.0 8.970273e+03 8.964959e+03 9.056859e+03 9.062173e+03
8.0 8.934601e+03 8.955963e+03 9.049799e+03 9.028436e+03
9.0 8.943632e+03 8.953281e+03 9.048392e+03 9.038743e+03
10.0 8.928856e+03 8.987480e+03 9.082988e+03 9.024364e+03
0.5 8.943632e+03 8.953281e+03 9.048392e+03 9.038743e+03
1.5 8.928856e+03 8.987480e+03 9.082988e+03 9.024364e+03
2.5 8.946809e+03 9.045991e+03 9.120721e+03 9.021539e+03
3.5 8.971305e+03 9.082989e+03 9.113861e+03 9.002177e+03
4.5 9.004160e+03 9.089904e+03 9.089871e+03 9.004127e+03
5.5 9.028351e+03 9.091118e+03 9.070222e+03 9.007456e+03
6.5 9.059914e+03 9.087931e+03 9.059124e+03 9.031107e+03
7.5 9.078649e+03 9.084310e+03 9.054203e+03 9.048542e+03
8.5 9.074394e+03 9.084644e+03 9.052656e+03 9.042406e+03
9.5 9.031289e+03 9.080065e+03 9.052722e+03 9.003946e+03
10.5 9.029031e+03 9.081873e+03 9.053509e+03 9.000667e+03
