0.5 1.020112e+04 1.003891e+04 1.014144e+04 1.030365e+04
1.5 1.003842e+04 1.005528e+04 1.015968e+04 1.014282e+04
2.5 1.012112e+04 1.011392e+04 1.020518e+04 1.021238e+04
3.5 1.009342e+04 1.017503e+04 1.020799e+04 1.012638e+04
4.5 1.015836e+04 1.020359e+04 1.018046e+04 1.013523e+04
5.5 1.014756e+04 1.020617e+04 1.015686e+04 1.009825e+04
6.5 1.027347e+04 1.020689e+04 1.014396e+04 1.021054e+04
7.5 1.013249e+04 1.019650e+04 1.013846e+04 1.007445e+04
8.5 1.013841e+04 1.019462e+04 1.013732e+04 1.008111e+04
9.5 1.019678e+04 1.018744e+04 1.013843e+04 1.014776e+04
10.5 1.027932e+04 1.018658e+04 1.014018e+04 1.023292e+04
11.5 1.023019e+04 1.018600e+04 1.014167e+04 1.018586e+04
12.5 1.019717e+04 1.018403e+04 1.014263e+04 1.015577e+04
13.5 1.016106e+04 1.018793e+04 1.014314e+04 1.011627e+04
14.5 1.014323e+04 1.018452e+04 1.014333e+04 1.010205e+04
15.5 1.014779e+04 1.018961e+04 1.014336e+04 1.010155e+04
16.5 1.018790e+04 1.018667e+04 1.014332e+04 1.014454e+04
17.5 1.021300e+04 1.018992e+04 1.014324e+04 1.016632e+04
18.5 1.011114e+04 1.018975e+04 1.014315e+04 1.006455e+04
0.1 1.008311e+04 1.018957e+04 1.014306e+04 1.003660e+04
1.1 1.018154e+04 1.019376e+04 1.014792e+04 1.013570e+04
2.1 1.021272e+04 1.019365e+04 1.019323e+04 1.021230e+04
3.1 1.026300e+04 1.018169e+04 1.024279e+04 1.032410e+04
4.1 1.016123e+04 1.012718e+04 1.022785e+04 1.026190e+04
5.1 1.014247e+04 1.006964e+04 1.018643e+04 1.025926e+04
6.1 1.014896e+04 1.003680e+04 1.015594e+04 1.026810e+04
7.1 1.008372e+04 1.002503e+04 1.014017e+04 1.019885e+04
8.1 1.006101e+04 1.002480e+04 1.013405e+04 1.017027e+04
9.1 1.015741e+04 1.002967e+04 1.013365e+04 1.026139e+04
10.1 1.014246e+04 1.005328e+04 1.015344e+04 1.024263e+04
11.1 1.012043e+04 1.011880e+04 1.020111e+04 1.020274e+04
12.1 1.010871e+04 1.018479e+04 1.020562e+04 1.012954e+04
13.1 1.019737e+04 1.021492e+04 1.017904e+04 1.016149e+04
14.1 1.021059e+04 1.021839e+04 1.015580e+04 1.014801e+04
15.1 1.015689e+04 1.021902e+04 1.014299e+04 1.008086e+04
16.1 1.021417e+04 1.020746e+04 1.013748e+04 1.014419e+04
17.1 1.033962e+04 1.020552e+04 1.013633e+04 1.027042e+04
18.1 1.030065e+04 1.019881e+04 1.013743e+04 1.023927e+04
0.5 1.015741e+04 1.002967e+04 1.013365e+04 1.026139e+04
1.5 1.014246e+04 1.005328e+04 1.015344e+04 1.024263e+04
2.5 1.012043e+04 1.011880e+04 1.020111e+04 1.020274e+04
3.5 1.010871e+04 1.018479e+04 1.020562e+04 1.012954e+04
4.5 1.019737e+04 1.021492e+04 1.017904e+04 1.016149e+04
5.5 1.021059e+04 1.021839e+04 1.015580e+04 1.014801e+04
6.5 1.015689e+04 1.021902e+04 1.014299e+04 1.008086e+04
7.5 1.021417e+04 1.020746e+04 1.013748e+04 1.014419e+04
8.5 1.033962e+04 1.020552e+04 1.013633e+04 1.027042e+04
9.5 1.030065e+04 1.019881e+04 1.013743e+04 1.023927e+04
10.5 1.023318e+04 1.019813e+04 1.013921e+04 1.017426e+04
11.5 1.016999e+04 1.019807e+04 1.014075e+04 1.011266e+04
12.5 1.021326e+04 1.019674e+04 1.014176e+04 1.015828e+04
13.5 1.026164e+04 1.019878e+04 1.014230e+04 1.020516e+04
14.5 1.021904e+04 1.019158e+04 1.014255e+04 1.017001e+04
15.5 1.010406e+04 1.019571e+04 1.014265e+04 1.005100e+04
16.5 1.011573e+04 1.019331e+04 1.014268e+04 1.006511e+04
17.5 1.020648e+04 1.019647e+04 1.014268e+04 1.015269e+04
18.5 1.009793e+04 1.019637e+04 1.014267e+04 1.004423e+04
0.1 1.028814e+04 1.019547e+04 1.014266e+04 1.023533e+04
1.1 1.012744e+04 1.019928e+04 1.014714e+04 1.007530e+04
2.1 1.028487e+04 1.019849e+04 1.019135e+04 1.027773e+04
3.1 1.022843e+04 1.018687e+04 1.024212e+04 1.028368e+04
4.1 1.008543e+04 1.013257e+04 1.022865e+04 1.018151e+04
5.1 1.007935e+04 1.007411e+04 1.018728e+04 1.019252e+04
6.1 1.005483e+04 1.004021e+04 1.015641e+04 1.017103e+04
7.1 9.969396e+03 1.002767e+04 1.014036e+04 1.008208e+04
8.1 9.974842e+03 1.002692e+04 1.013408e+04 1.008199e+04
9.1 9.907241e+03 1.003144e+04 1.013359e+04 1.000939e+04
10.1 1.000792e+04 1.005483e+04 1.015335e+04 1.010645e+04
11.1 1.013972e+04 1.012113e+04 1.020103e+04 1.021961e+04
12.1 1.018166e+04 1.018775e+04 1.020556e+04 1.019947e+04
13.1 1.014276e+04 1.021631e+04 1.017901e+04 1.010546e+04
14.1 1.016047e+04 1.021813e+04 1.015582e+04 1.009815e+04
15.1 1.013898e+04 1.021827e+04 1.014303e+04 1.006374e+04
16.1 1.019667e+04 1.020461e+04 1.013755e+04 1.012961e+04
17.1 1.021217e+04 1.020258e+04 1.013642e+04 1.014600e+04
18.1 1.019910e+04 1.019676e+04 1.013754e+04 1.013988e+04
0.5 9.907241e+03 1.003144e+04 1.013359e+04 1.000939e+04
1.5 1.000792e+04 1.005483e+04 1.015335e+04 1.010645e+04
2.5 1.013972e+04 1.012113e+04 1.020103e+04 1.021961e+04
3.5 1.018166e+04 1.018775e+04 1.020556e+04 1.019947e+04
4.5 1.014276e+04 1.021631e+04 1.017901e+04 1.010546e+04
5.5 1.016047e+04 1.021813e+04 1.015582e+04 1.009815e+04
6.5 1.013898e+04 1.021827e+04 1.014303e+04 1.006374e+04
7.5 1.019667e+04 1.020461e+04 1.013755e+04 1.012961e+04
8.5 1.021217e+04 1.020258e+04 1.013642e+04 1.014600e+04
9.5 1.019910e+04 1.019676e+04 1.013754e+04 1.013988e+04
10.5 1.016917e+04 1.019577e+04 1.013934e+04 1.011274e+04
11.5 1.017870e+04 1.019696e+04 1.014090e+04 1.012264e+04
12.5 1.021655e+04 1.019456e+04 1.014196e+04 1.016396e+04
13.5 1.020518e+04 1.019856e+04 1.014257e+04 1.014919e+04
14.5 1.021652e+04 1.019420e+04 1.014287e+04 1.016519e+04
15.5 1.020558e+04 1.019811e+04 1.014302e+04 1.015050e+04
16.5 1.019695e+04 1.019468e+04 1.014310e+04 1.014537e+04
17.5 1.029990e+04 1.019617e+04 1.014316e+04 1.024689e+04
18.5 1.025688e+04 1.019596e+04 1.014323e+04 1.020414e+04
0.0 1.026698e+04 1.019408e+04 1.014330e+04 1.021620e+04
1.0 1.029710e+04 1.019794e+04 1.014704e+04 1.024620e+04
2.0 1.026382e+04 1.019680e+04 1.018898e+04 1.025600e+04
3.0 1.030178e+04 1.018673e+04 1.024202e+04 1.035707e+04
4.0 1.003160e+04 1.013377e+04 1.023164e+04 1.012947e+04
5.0 9.949844e+03 1.007416e+04 1.019059e+04 1.006628e+04
6.0 1.002282e+04 1.003857e+04 1.015914e+04 1.014339e+04
7.0 9.998050e+03 1.002474e+04 1.014271e+04 1.011603e+04
8.0 9.946290e+03 1.002302e+04 1.013634e+04 1.005961e+04
9.0 9.932944e+03 1.002675e+04 1.013597e+04 1.004217e+04
10.0 9.937979e+03 1.004940e+04 1.015603e+04 1.004461e+04
11.0 1.007859e+04 1.011492e+04 1.020413e+04 1.016780e+04
12.0 1.014453e+04 1.018064e+04 1.020916e+04 1.017305e+04
13.0 1.011397e+04 1.020873e+04 1.018316e+04 1.008840e+04
14.0 1.024570e+04 1.021047e+04 1.016055e+04 1.019578e+04
15.0 1.020449e+04 1.020909e+04 1.014840e+04 1.014381e+04
16.0 1.022201e+04 1.019573e+04 1.014360e+04 1.016988e+04
17.0 1.018231e+04 1.019202e+04 1.014321e+04 1.013350e+04
18.0 1.010776e+04 1.018208e+04 1.014512e+04 1.007080e+04
0.5 9.932944e+03 1.002675e+04 1.013597e+04 1.004217e+04
1.5 9.937979e+03 1.004940e+04 1.015603e+04 1.004461e+04
2.5 1.007859e+04 1.011492e+04 1.020413e+04 1.016780e+04
3.5 1.014453e+04 1.018064e+04 1.020916e+04 1.017305e+04
4.5 1.011397e+04 1.020873e+04 1.018316e+04 1.008840e+04
5.5 1.024570e+04 1.021047e+04 1.016055e+04 1.019578e+04
6.5 1.020449e+04 1.020909e+04 1.014840e+04 1.014381e+04
7.5 1.022201e+04 1.019573e+04 1.014360e+04 1.016988e+04
8.5 1.018231e+04 1.019202e+04 1.014321e+04 1.013350e+04
9.5 1.010776e+04 1.018208e+04 1.014512e+04 1.007080e+04
10.5 1.015758e+04 1.017891e+04 1.014776e+04 1.012643e+04
11.5 1.024758e+04 1.017650e+04 1.015019e+04 1.022127e+04
12.5 1.023155e+04 1.017228e+04 1.015212e+04 1.021139e+04
13.5 1.013951e+04 1.017308e+04 1.015365e+04 1.012008e+04
14.5 1.020543e+04 1.016525e+04 1.015496e+04 1.019514e+04
15.5 1.023642e+04 1.016700e+04 1.015620e+04 1.022562e+04
16.5 1.018946e+04 1.016135e+04 1.015743e+04 1.018554e+04
17.5 1.014148e+04 1.016122e+04 1.015867e+04 1.013893e+04
18.5 1.009102e+04 1.015648e+04 1.015995e+04 1.009449e+04
