0.5 1.003842e+04 1.005528e+04 1.005447e+04 1.003761e+04
1.5 1.012112e+04 1.011392e+04 1.006760e+04 1.007479e+04
2.5 1.009342e+04 1.017503e+04 1.012591e+04 1.004430e+04
3.5 1.015836e+04 1.020359e+04 1.018199e+04 1.013676e+04
4.5 1.014756e+04 1.020617e+04 1.020817e+04 1.014956e+04
5.5 1.027347e+04 1.020689e+04 1.022179e+04 1.028837e+04
6.5 1.013249e+04 1.019650e+04 1.021691e+04 1.015290e+04
7.5 1.013841e+04 1.019462e+04 1.021616e+04 1.015995e+04
8.5 1.019678e+04 1.018744e+04 1.020788e+04 1.021722e+04
9.5 1.027932e+04 1.018658e+04 1.020526e+04 1.029800e+04
10.5 1.023019e+04 1.018600e+04 1.020319e+04 1.024738e+04
11.5 1.019717e+04 1.018403e+04 1.020026e+04 1.021340e+04
12.5 1.016106e+04 1.018793e+04 1.020365e+04 1.017678e+04
13.5 1.014323e+04 1.018452e+04 1.020004e+04 1.015876e+04
14.5 1.014779e+04 1.018961e+04 1.020510e+04 1.016329e+04
15.5 1.018790e+04 1.018667e+04 1.020222e+04 1.020345e+04
16.5 1.021300e+04 1.018992e+04 1.020555e+04 1.022863e+04
17.5 1.011114e+04 1.018975e+04 1.020546e+04 1.012686e+04
18.5 1.008311e+04 1.018957e+04 1.020537e+04 1.009891e+04
19.5 1.018154e+04 1.019376e+04 1.020470e+04 1.019248e+04
0.2 1.009342e+04 1.017503e+04 1.012591e+04 1.004430e+04
1.2 1.015836e+04 1.020359e+04 1.018199e+04 1.013676e+04
2.2 1.014756e+04 1.020617e+04 1.020817e+04 1.014956e+04
3.2 1.027347e+04 1.020689e+04 1.022179e+04 1.028837e+04
4.2 1.013249e+04 1.019650e+04 1.021691e+04 1.015290e+04
5.2 1.013841e+04 1.019462e+04 1.021616e+04 1.015995e+04
6.2 1.019678e+04 1.018744e+04 1.020788e+04 1.021722e+04
7.2 1.027932e+04 1.018658e+04 1.020526e+04 1.029800e+04
8.2 1.023019e+04 1.018600e+04 1.020319e+04 1.024738e+04
9.2 1.019717e+04 1.018403e+04 1.020026e+04 1.021340e+04
10.2 1.016106e+04 1.018793e+04 1.020365e+04 1.017678e+04
11.2 1.014323e+04 1.018452e+04 1.020004e+04 1.015876e+04
12.2 1.014779e+04 1.018961e+04 1.020510e+04 1.016329e+04
13.2 1.018790e+04 1.018667e+04 1.020222e+04 1.020345e+04
14.2 1.021300e+04 1.018992e+04 1.020555e+04 1.022863e+04
15.2 1.011114e+04 1.018975e+04 1.020546e+04 1.012686e+04
16.2 1.008311e+04 1.018957e+04 1.020537e+04 1.009891e+04
17.2 1.018154e+04 1.019376e+04 1.020470e+04 1.019248e+04
18.2 1.021272e+04 1.019365e+04 1.015928e+04 1.017836e+04
19.2 1.026300e+04 1.018169e+04 1.009777e+04 1.017908e+04
0.9 1.027347e+04 1.020689e+04 1.022179e+04 1.028837e+04
1.9 1.013249e+04 1.019650e+04 1.021691e+04 1.015290e+04
2.9 1.013841e+04 1.019462e+04 1.021616e+04 1.015995e+04
3.9 1.019678e+04 1.018744e+04 1.020788e+04 1.021722e+04
4.9 1.027932e+04 1.018658e+04 1.020526e+04 1.029800e+04
5.9 1.023019e+04 1.018600e+04 1.020319e+04 1.024738e+04
6.9 1.019717e+04 1.018403e+04 1.020026e+04 1.021340e+04
7.9 1.016106e+04 1.018793e+04 1.020365e+04 1.017678e+04
8.9 1.014323e+04 1.018452e+04 1.020004e+04 1.015876e+04
9.9 1.014779e+04 1.018961e+04 1.020510e+04 1.016329e+04
10.9 1.018790e+04 1.018667e+04 1.020222e+04 1.020345e+04
11.9 1.021300e+04 1.018992e+04 1.020555e+04 1.022863e+04
12.9 1.011114e+04 1.018975e+04 1.020546e+04 1.012686e+04
13.9 1.008311e+04 1.018957e+04 1.020537e+04 1.009891e+04
14.9 1.018154e+04 1.019376e+04 1.020470e+04 1.019248e+04
15.9 1.021272e+04 1.019365e+04 1.015928e+04 1.017836e+04
16.9 1.026300e+04 1.018169e+04 1.009777e+04 1.017908e+04
17.9 1.016123e+04 1.012718e+04 1.005819e+04 1.009224e+04
18.9 1.014247e+04 1.006964e+04 1.004208e+04 1.011491e+04
19.9 1.014896e+04 1.003680e+04 1.003972e+04 1.015189e+04
0.6 1.013841e+04 1.019462e+04 1.021616e+04 1.015995e+04
1.6 1.019678e+04 1.018744e+04 1.020788e+04 1.021722e+04
2.6 1.027932e+04 1.018658e+04 1.020526e+04 1.029800e+04
3.6 1.023019e+04 1.018600e+04 1.020319e+04 1.024738e+04
4.6 1.019717e+04 1.018403e+04 1.020026e+04 1.021340e+04
5.6 1.016106e+04 1.018793e+04 1.020365e+04 1.017678e+04
6.6 1.014323e+04 1.018452e+04 1.020004e+04 1.015876e+04
7.6 1.014779e+04 1.018961e+04 1.020510e+04 1.016329e+04
8.6 1.018790e+04 1.018667e+04 1.020222e+04 1.020345e+04
9.6 1.021300e+04 1.018992e+04 1.020555e+04 1.022863e+04
10.6 1.011114e+04 1.018975e+04 1.020546e+04 1.012686e+04
11.6 1.008311e+04 1.018957e+04 1.020537e+04 1.009891e+04
12.6 1.018154e+04 1.019376e+04 1.020470e+04 1.019248e+04
13.6 1.021272e+04 1.019365e+04 1.015928e+04 1.017836e+04
14.6 1.026300e+04 1.018169e+04 1.009777e+04 1.017908e+04
15.6 1.016123e+04 1.012718e+04 1.005819e+04 1.009224e+04
16.6 1.014247e+04 1.006964e+04 1.004208e+04 1.011491e+04
17.6 1.014896e+04 1.003680e+04 1.003972e+04 1.015189e+04
18.6 1.008372e+04 1.002503e+04 1.004373e+04 1.010241e+04
19.6 1.006101e+04 1.002480e+04 1.004961e+04 1.008582e+04
0.3 1.027932e+04 1.018658e+04 1.020526e+04 1.029800e+04
1.3 1.023019e+04 1.018600e+04 1.020319e+04 1.024738e+04
2.3 1.019717e+04 1.018403e+04 1.020026e+04 1.021340e+04
3.3 1.016106e+04 1.018793e+04 1.020365e+04 1.017678e+04
4.3 1.014323e+04 1.018452e+04 1.020004e+04 1.015876e+04
5.3 1.014779e+04 1.018961e+04 1.020510e+04 1.016329e+04
6.3 1.018790e+04 1.018667e+04 1.020222e+04 1.020345e+04
7.3 1.021300e+04 1.018992e+04 1.020555e+04 1.022863e+04
8.3 1.011114e+04 1.018975e+04 1.020546e+04 1.012686e+04
9.3 1.008311e+04 1.018957e+04 1.020537e+04 1.009891e+04
10.3 1.018154e+04 1.019376e+04 1.020470e+04 1.019248e+04
11.3 1.021272e+04 1.019365e+04 1.015928e+04 1.017836e+04
12.3 1.026300e+04 1.018169e+04 1.009777e+04 1.017908e+04
13.3 1.016123e+04 1.012718e+04 1.005819e+04 1.009224e+04
14.3 1.014247e+04 1.006964e+04 1.004208e+04 1.011491e+04
15.3 1.014896e+04 1.003680e+04 1.003972e+04 1.015189e+04
16.3 1.008372e+04 1.002503e+04 1.004373e+04 1.010241e+04
17.3 1.006101e+04 1.002480e+04 1.004961e+04 1.008582e+04
18.3 1.015741e+04 1.002967e+04 1.005488e+04 1.018262e+04
19.3 1.014246e+04 1.005328e+04 1.005870e+04 1.014789e+04
1.0 1.016106e+04 1.018793e+04 1.020365e+04 1.017678e+04
2.0 1.014323e+04 1.018452e+04 1.020004e+04 1.015876e+04
3.0 1.014779e+04 1.018961e+04 1.020510e+04 1.016329e+04
4.0 1.018790e+04 1.018667e+04 1.020222e+04 1.020345e+04
5.0 1.021300e+04 1.018992e+04 1.020555e+04 1.022863e+04
6.0 1.011114e+04 1.018975e+04 1.020546e+04 1.012686e+04
7.0 1.008311e+04 1.018957e+04 1.020537e+04 1.009891e+04
8.0 1.018154e+04 1.019376e+04 1.020470e+04 1.019248e+04
9.0 1.021272e+04 1.019365e+04 1.015928e+04 1.017836e+04
10.0 1.026300e+04 1.018169e+04 1.009777e+04 1.017908e+04
11.0 1.016123e+04 1.012718e+04 1.005819e+04 1.009224e+04
12.0 1.014247e+04 1.006964e+04 1.004208e+04 1.011491e+04
13.0 1.014896e+04 1.003680e+04 1.003972e+04 1.015189e+04
14.0 1.008372e+04 1.002503e+04 1.004373e+04 1.010241e+04
15.0 1.006101e+04 1.002480e+04 1.004961e+04 1.008582e+04
16.0 1.015741e+04 1.002967e+04 1.005488e+04 1.018262e+04
17.0 1.014246e+04 1.005328e+04 1.005870e+04 1.014789e+04
18.0 1.012043e+04 1.011880e+04 1.007655e+04 1.007818e+04
19.0 1.010871e+04 1.018479e+04 1.013803e+04 1.006196e+04
20.0 1.019737e+04 1.021492e+04 1.019475e+04 1.017720e+04
0.7 1.014779e+04 1.018961e+04 1.020510e+04 1.016329e+04
1.7 1.018790e+04 1.018667e+04 1.020222e+04 1.020345e+04
2.7 1.021300e+04 1.018992e+04 1.020555e+04 1.022863e+04
3.7 1.011114e+04 1.018975e+04 1.020546e+04 1.012686e+04
4.7 1.008311e+04 1.018957e+04 1.020537e+04 1.009891e+04
5.7 1.018154e+04 1.019376e+04 1.020470e+04 1.019248e+04
6.7 1.021272e+04 1.019365e+04 1.015928e+04 1.017836e+04
7.7 1.026300e+04 1.018169e+04 1.009777e+04 1.017908e+04
8.7 1.016123e+04 1.012718e+04 1.005819e+04 1.009224e+04
9.7 1.014247e+04 1.006964e+04 1.004208e+04 1.011491e+04
10.7 1.014896e+04 1.003680e+04 1.003972e+04 1.015189e+04
11.7 1.008372e+04 1.002503e+04 1.004373e+04 1.010241e+04
12.7 1.006101e+04 1.002480e+04 1.004961e+04 1.008582e+04
13.7 1.015741e+04 1.002967e+04 1.005488e+04 1.018262e+04
14.7 1.014246e+04 1.005328e+04 1.005870e+04 1.014789e+04
15.7 1.012043e+04 1.011880e+04 1.007655e+04 1.007818e+04
16.7 1.010871e+04 1.018479e+04 1.013803e+04 1.006196e+04
17.7 1.019737e+04 1.021492e+04 1.019475e+04 1.017720e+04
18.7 1.021059e+04 1.021839e+04 1.022145e+04 1.021365e+04
19.7 1.015689e+04 1.021902e+04 1.023489e+04 1.017277e+04
0.4 1.021300e+04 1.018992e+04 1.020555e+04 1.022863e+04
1.4 1.011114e+04 1.018975e+04 1.020546e+04 1.012686e+04
2.4 1.008311e+04 1.018957e+04 1.020537e+04 1.009891e+04
3.4 1.018154e+04 1.019376e+04 1.020470e+04 1.019248e+04
4.4 1.021272e+04 1.019365e+04 1.015928e+04 1.017836e+04
5.4 1.026300e+04 1.018169e+04 1.009777e+04 1.017908e+04
6.4 1.016123e+04 1.012718e+04 1.005819e+04 1.009224e+04
7.4 1.014247e+04 1.006964e+04 1.004208e+04 1.011491e+04
8.4 1.014896e+04 1.003680e+04 1.003972e+04 1.015189e+04
9.4 1.008372e+04 1.002503e+04 1.004373e+04 1.010241e+04
10.4 1.006101e+04 1.002480e+04 1.004961e+04 1.008582e+04
11.4 1.015741e+04 1.002967e+04 1.005488e+04 1.018262e+04
12.4 1.014246e+04 1.005328e+04 1.005870e+04 1.014789e+04
13.4 1.012043e+04 1.011880e+04 1.007655e+04 1.007818e+04
14.4 1.010871e+04 1.018479e+04 1.013803e+04 1.006196e+04
15.4 1.019737e+04 1.021492e+04 1.019475e+04 1.017720e+04
16.4 1.021059e+04 1.021839e+04 1.022145e+04 1.021365e+04
17.4 1.015689e+04 1.021902e+04 1.023489e+04 1.017277e+04
18.4 1.021417e+04 1.020746e+04 1.022884e+04 1.023556e+04
19.4 1.033962e+04 1.020552e+04 1.022806e+04 1.036215e+04
0.5 1.014246e+04 1.005328e+04 1.005870e+04 1.014789e+04
1.5 1.012043e+04 1.011880e+04 1.007655e+04 1.007818e+04
2.5 1.010871e+04 1.018479e+04 1.013803e+04 1.006196e+04
3.5 1.019737e+04 1.021492e+04 1.019475e+04 1.017720e+04
4.5 1.021059e+04 1.021839e+04 1.022145e+04 1.021365e+04
5.5 1.015689e+04 1.021902e+04 1.023489e+04 1.017277e+04
6.5 1.021417e+04 1.020746e+04 1.022884e+04 1.023556e+04
7.5 1.033962e+04 1.020552e+04 1.022806e+04 1.036215e+04
8.5 1.030065e+04 1.019881e+04 1.022024e+04 1.032208e+04
9.5 1.023318e+04 1.019813e+04 1.021778e+04 1.025283e+04
10.5 1.016999e+04 1.019807e+04 1.021619e+04 1.018810e+04
11.5 1.021326e+04 1.019674e+04 1.021385e+04 1.023036e+04
12.5 1.026164e+04 1.019878e+04 1.021534e+04 1.027820e+04
13.5 1.021904e+04 1.019158e+04 1.020789e+04 1.023535e+04
14.5 1.010406e+04 1.019571e+04 1.021192e+04 1.012027e+04
15.5 1.011573e+04 1.019331e+04 1.020949e+04 1.013192e+04
16.5 1.020648e+04 1.019647e+04 1.021265e+04 1.022266e+04
17.5 1.009793e+04 1.019637e+04 1.021256e+04 1.011412e+04
18.5 1.028814e+04 1.019547e+04 1.021167e+04 1.030434e+04
19.5 1.012744e+04 1.019928e+04 1.021101e+04 1.013917e+04
0.2 1.010871e+04 1.018479e+04 1.013803e+04 1.006196e+04
1.2 1.019737e+04 1.021492e+04 1.019475e+04 1.017720e+04
2.2 1.021059e+04 1.021839e+04 1.022145e+04 1.021365e+04
3.2 1.015689e+04 1.021902e+04 1.023489e+04 1.017277e+04
4.2 1.021417e+04 1.020746e+04 1.022884e+04 1.023556e+04
5.2 1.033962e+04 1.020552e+04 1.022806e+04 1.036215e+04
6.2 1.030065e+04 1.019881e+04 1.022024e+04 1.032208e+04
7.2 1.023318e+04 1.019813e+04 1.021778e+04 1.025283e+04
8.2 1.016999e+04 1.019807e+04 1.021619e+04 1.018810e+04
9.2 1.021326e+04 1.019674e+04 1.021385e+04 1.023036e+04
10.2 1.026164e+04 1.019878e+04 1.021534e+04 1.027820e+04
11.2 1.021904e+04 1.019158e+04 1.020789e+04 1.023535e+04
12.2 1.010406e+04 1.019571e+04 1.021192e+04 1.012027e+04
13.2 1.011573e+04 1.019331e+04 1.020949e+04 1.013192e+04
14.2 1.020648e+04 1.019647e+04 1.021265e+04 1.022266e+04
15.2 1.009793e+04 1.019637e+04 1.021256e+04 1.011412e+04
16.2 1.028814e+04 1.019547e+04 1.021167e+04 1.030434e+04
17.2 1.012744e+04 1.019928e+04 1.021101e+04 1.013917e+04
18.2 1.028487e+04 1.019849e+04 1.016600e+04 1.025238e+04
19.2 1.022843e+04 1.018687e+04 1.010361e+04 1.014517e+04
0.9 1.015689e+04 1.021902e+04 1.023489e+04 1.017277e+04
1.9 1.021417e+04 1.020746e+04 1.022884e+04 1.023556e+04
2.9 1.033962e+04 1.020552e+04 1.022806e+04 1.036215e+04
3.9 1.030065e+04 1.019881e+04 1.022024e+04 1.032208e+04
4.9 1.023318e+04 1.019813e+04 1.021778e+04 1.025283e+04
5.9 1.016999e+04 1.019807e+04 1.021619e+04 1.018810e+04
6.9 1.021326e+04 1.019674e+04 1.021385e+04 1.023036e+04
7.9 1.026164e+04 1.019878e+04 1.021534e+04 1.027820e+04
8.9 1.021904e+04 1.019158e+04 1.020789e+04 1.023535e+04
9.9 1.010406e+04 1.019571e+04 1.021192e+04 1.012027e+04
10.9 1.011573e+04 1.019331e+04 1.020949e+04 1.013192e+04
11.9 1.020648e+04 1.019647e+04 1.021265e+04 1.022266e+04
12.9 1.009793e+04 1.019637e+04 1.021256e+04 1.011412e+04
13.9 1.028814e+04 1.019547e+04 1.021167e+04 1.030434e+04
14.9 1.012744e+04 1.019928e+04 1.021101e+04 1.013917e+04
15.9 1.028487e+04 1.019849e+04 1.016600e+04 1.025238e+04
16.9 1.022843e+04 1.018687e+04 1.010361e+04 1.014517e+04
17.9 1.008543e+04 1.013257e+04 1.006279e+04 1.001565e+04
18.9 1.007935e+04 1.007411e+04 1.004570e+04 1.005094e+04
19.9 1.005483e+04 1.004021e+04 1.004266e+04 1.005728e+04
0.6 1.033962e+04 1.020552e+04 1.022806e+04 1.036215e+04
1.6 1.030065e+04 1.019881e+04 1.022024e+04 1.032208e+04
2.6 1.023318e+04 1.019813e+04 1.021778e+04 1.025283e+04
3.6 1.016999e+04 1.019807e+04 1.021619e+04 1.018810e+04
4.6 1.021326e+04 1.019674e+04 1.021385e+04 1.023036e+04
5.6 1.026164e+04 1.019878e+04 1.021534e+04 1.027820e+04
6.6 1.021904e+04 1.019158e+04 1.020789e+04 1.023535e+04
7.6 1.010406e+04 1.019571e+04 1.021192e+04 1.012027e+04
8.6 1.011573e+04 1.019331e+04 1.020949e+04 1.013192e+04
9.6 1.020648e+04 1.019647e+04 1.021265e+04 1.022266e+04
10.6 1.009793e+04 1.019637e+04 1.021256e+04 1.011412e+04
11.6 1.028814e+04 1.019547e+04 1.021167e+04 1.030434e+04
12.6 1.012744e+04 1.019928e+04 1.021101e+04 1.013917e+04
13.6 1.028487e+04 1.019849e+04 1.016600e+04 1.025238e+04
14.6 1.022843e+04 1.018687e+04 1.010361e+04 1.014517e+04
15.6 1.008543e+04 1.013257e+04 1.006279e+04 1.001565e+04
16.6 1.007935e+04 1.007411e+04 1.004570e+04 1.005094e+04
17.6 1.005483e+04 1.004021e+04 1.004266e+04 1.005728e+04
18.6 9.969396e+03 1.002767e+04 1.004618e+04 9.987901e+03
19.6 9.974842e+03 1.002692e+04 1.005171e+04 9.999630e+03
0.3 1.023318e+04 1.019813e+04 1.021778e+04 1.025283e+04
1.3 1.016999e+04 1.019807e+04 1.021619e+04 1.018810e+04
2.3 1.021326e+04 1.019674e+04 1.021385e+04 1.023036e+04
3.3 1.026164e+04 1.019878e+04 1.021534e+04 1.027820e+04
4.3 1.021904e+04 1.019158e+04 1.020789e+04 1.023535e+04
5.3 1.010406e+04 1.019571e+04 1.021192e+04 1.012027e+04
6.3 1.011573e+04 1.019331e+04 1.020949e+04 1.013192e+04
7.3 1.020648e+04 1.019647e+04 1.021265e+04 1.022266e+04
8.3 1.009793e+04 1.019637e+04 1.021256e+04 1.011412e+04
9.3 1.028814e+04 1.019547e+04 1.021167e+04 1.030434e+04
10.3 1.012744e+04 1.019928e+04 1.021101e+04 1.013917e+04
11.3 1.028487e+04 1.019849e+04 1.016600e+04 1.025238e+04
12.3 1.022843e+04 1.018687e+04 1.010361e+04 1.014517e+04
13.3 1.008543e+04 1.013257e+04 1.006279e+04 1.001565e+04
14.3 1.007935e+04 1.007411e+04 1.004570e+04 1.005094e+04
15.3 1.005483e+04 1.004021e+04 1.004266e+04 1.005728e+04
16.3 9.969396e+03 1.002767e+04 1.004618e+04 9.987901e+03
17.3 9.974842e+03 1.002692e+04 1.005171e+04 9.999630e+03
18.3 9.907241e+03 1.003144e+04 1.005672e+04 9.932518e+03
19.3 1.000792e+04 1.005483e+04 1.006034e+04 1.001343e+04
0.9 1.026164e+04 1.019878e+04 1.021534e+04 1.027820e+04
1.9 1.021904e+04 1.019158e+04 1.020789e+04 1.023535e+04
2.9 1.010406e+04 1.019571e+04 1.021192e+04 1.012027e+04
3.9 1.011573e+04 1.019331e+04 1.020949e+04 1.013192e+04
4.9 1.020648e+04 1.019647e+04 1.021265e+04 1.022266e+04
5.9 1.009793e+04 1.019637e+04 1.021256e+04 1.011412e+04
6.9 1.028814e+04 1.019547e+04 1.021167e+04 1.030434e+04
7.9 1.012744e+04 1.019928e+04 1.021101e+04 1.013917e+04
8.9 1.028487e+04 1.019849e+04 1.016600e+04 1.025238e+04
9.9 1.022843e+04 1.018687e+04 1.010361e+04 1.014517e+04
10.9 1.008543e+04 1.013257e+04 1.006279e+04 1.001565e+04
11.9 1.007935e+04 1.007411e+04 1.004570e+04 1.005094e+04
12.9 1.005483e+04 1.004021e+04 1.004266e+04 1.005728e+04
13.9 9.969396e+03 1.002767e+04 1.004618e+04 9.987901e+03
14.9 9.974842e+03 1.002692e+04 1.005171e+04 9.999630e+03
15.9 9.907241e+03 1.003144e+04 1.005672e+04 9.932518e+03
16.9 1.000792e+04 1.005483e+04 1.006034e+04 1.001343e+04
17.9 1.013972e+04 1.012113e+04 1.007897e+04 1.009755e+04
18.9 1.018166e+04 1.018775e+04 1.014106e+04 1.013496e+04
19.9 1.014276e+04 1.021631e+04 1.019616e+04 1.012261e+04
0.7 1.010406e+04 1.019571e+04 1.021192e+04 1.012027e+04
1.7 1.011573e+04 1.019331e+04 1.020949e+04 1.013192e+04
2.7 1.020648e+04 1.019647e+04 1.021265e+04 1.022266e+04
3.7 1.009793e+04 1.019637e+04 1.021256e+04 1.011412e+04
4.7 1.028814e+04 1.019547e+04 1.021167e+04 1.030434e+04
5.7 1.012744e+04 1.019928e+04 1.021101e+04 1.013917e+04
6.7 1.028487e+04 1.019849e+04 1.016600e+04 1.025238e+04
7.7 1.022843e+04 1.018687e+04 1.010361e+04 1.014517e+04
8.7 1.008543e+04 1.013257e+04 1.006279e+04 1.001565e+04
9.7 1.007935e+04 1.007411e+04 1.004570e+04 1.005094e+04
10.7 1.005483e+04 1.004021e+04 1.004266e+04 1.005728e+04
11.7 9.969396e+03 1.002767e+04 1.004618e+04 9.987901e+03
12.7 9.974842e+03 1.002692e+04 1.005171e+04 9.999630e+03
13.6 9.907241e+03 1.003144e+04 1.005672e+04 9.932518e+03
14.6 1.000792e+04 1.005483e+04 1.006034e+04 1.001343e+04
15.6 1.013972e+04 1.012113e+04 1.007897e+04 1.009755e+04
16.6 1.018166e+04 1.018775e+04 1.014106e+04 1.013496e+04
17.6 1.014276e+04 1.021631e+04 1.019616e+04 1.012261e+04
18.6 1.016047e+04 1.021813e+04 1.022118e+04 1.016352e+04
19.6 1.013898e+04 1.021827e+04 1.023410e+04 1.015481e+04
0.3 1.020648e+04 1.019647e+04 1.021265e+04 1.022266e+04
1.3 1.009793e+04 1.019637e+04 1.021256e+04 1.011412e+04
2.3 1.028814e+04 1.019547e+04 1.021167e+04 1.030434e+04
3.3 1.012744e+04 1.019928e+04 1.021101e+04 1.013917e+04
4.3 1.028487e+04 1.019849e+04 1.016600e+04 1.025238e+04
5.3 1.022843e+04 1.018687e+04 1.010361e+04 1.014517e+04
6.3 1.008543e+04 1.013257e+04 1.006279e+04 1.001565e+04
7.3 1.007935e+04 1.007411e+04 1.004570e+04 1.005094e+04
8.3 1.005483e+04 1.004021e+04 1.004266e+04 1.005728e+04
9.3 9.969396e+03 1.002767e+04 1.004618e+04 9.987901e+03
10.3 9.974842e+03 1.002692e+04 1.005171e+04 9.999630e+03
11.3 9.907241e+03 1.003144e+04 1.005672e+04 9.932518e+03
12.3 1.000792e+04 1.005483e+04 1.006034e+04 1.001343e+04
13.3 1.013972e+04 1.012113e+04 1.007897e+04 1.009755e+04
14.3 1.018166e+04 1.018775e+04 1.014106e+04 1.013496e+04
15.3 1.014276e+04 1.021631e+04 1.019616e+04 1.012261e+04
16.3 1.016047e+04 1.021813e+04 1.022118e+04 1.016352e+04
17.3 1.013898e+04 1.021827e+04 1.023410e+04 1.015481e+04
18.3 1.019667e+04 1.020461e+04 1.022592e+04 1.021798e+04
19.3 1.021217e+04 1.020258e+04 1.022502e+04 1.023461e+04
0.5 1.000792e+04 1.005483e+04 1.006034e+04 1.001343e+04
1.5 1.013972e+04 1.012113e+04 1.007897e+04 1.009755e+04
2.5 1.018166e+04 1.018775e+04 1.014106e+04 1.013496e+04
3.5 1.014276e+04 1.021631e+04 1.019616e+04 1.012261e+04
4.5 1.016047e+04 1.021813e+04 1.022118e+04 1.016352e+04
5.5 1.013898e+04 1.021827e+04 1.023410e+04 1.015481e+04
6.5 1.019667e+04 1.020461e+04 1.022592e+04 1.021798e+04
7.5 1.021217e+04 1.020258e+04 1.022502e+04 1.023461e+04
8.5 1.019910e+04 1.019676e+04 1.021808e+04 1.022042e+04
9.5 1.016917e+04 1.019577e+04 1.021530e+04 1.018870e+04
10.5 1.017870e+04 1.019696e+04 1.021492e+04 1.019666e+04
11.5 1.021655e+04 1.019456e+04 1.021145e+04 1.023345e+04
12.5 1.020518e+04 1.019856e+04 1.021486e+04 1.022147e+04
13.5 1.021652e+04 1.019420e+04 1.021019e+04 1.023251e+04
14.5 1.020558e+04 1.019811e+04 1.021395e+04 1.022143e+04
15.5 1.019695e+04 1.019468e+04 1.021044e+04 1.021271e+04
16.5 1.029990e+04 1.019617e+04 1.021186e+04 1.031559e+04
17.5 1.025688e+04 1.019596e+04 1.021160e+04 1.027251e+04
18.5 1.026698e+04 1.019408e+04 1.020965e+04 1.028254e+04
19.5 1.029710e+04 1.019794e+04 1.020976e+04 1.030892e+04
0.2 1.018166e+04 1.018775e+04 1.014106e+04 1.013496e+04
1.2 1.014276e+04 1.021631e+04 1.019616e+04 1.012261e+04
2.2 1.016047e+04 1.021813e+04 1.022118e+04 1.016352e+04
3.2 1.013898e+04 1.021827e+04 1.023410e+04 1.015481e+04
4.2 1.019667e+04 1.020461e+04 1.022592e+04 1.021798e+04
5.2 1.021217e+04 1.020258e+04 1.022502e+04 1.023461e+04
6.2 1.019910e+04 1.019676e+04 1.021808e+04 1.022042e+04
7.2 1.016917e+04 1.019577e+04 1.021530e+04 1.018870e+04
8.2 1.017870e+04 1.019696e+04 1.021492e+04 1.019666e+04
9.2 1.021655e+04 1.019456e+04 1.021145e+04 1.023345e+04
10.2 1.020518e+04 1.019856e+04 1.021486e+04 1.022147e+04
11.2 1.021652e+04 1.019420e+04 1.021019e+04 1.023251e+04
12.2 1.020558e+04 1.019811e+04 1.021395e+04 1.022143e+04
13.2 1.019695e+04 1.019468e+04 1.021044e+04 1.021271e+04
14.2 1.029990e+04 1.019617e+04 1.021186e+04 1.031559e+04
15.2 1.025688e+04 1.019596e+04 1.021160e+04 1.027251e+04
16.2 1.026698e+04 1.019408e+04 1.020965e+04 1.028254e+04
17.2 1.029710e+04 1.019794e+04 1.020976e+04 1.030892e+04
18.2 1.026382e+04 1.019680e+04 1.016668e+04 1.023371e+04
19.2 1.030178e+04 1.018673e+04 1.010357e+04 1.021862e+04
0.8 1.013898e+04 1.021827e+04 1.023410e+04 1.015481e+04
1.8 1.019667e+04 1.020461e+04 1.022592e+04 1.021798e+04
2.8 1.021217e+04 1.020258e+04 1.022502e+04 1.023461e+04
3.8 1.019910e+04 1.019676e+04 1.021808e+04 1.022042e+04
4.8 1.016917e+04 1.019577e+04 1.021530e+04 1.018870e+04
5.8 1.017870e+04 1.019696e+04 1.021492e+04 1.019666e+04
6.8 1.021655e+04 1.019456e+04 1.021145e+04 1.023345e+04
7.8 1.020518e+04 1.019856e+04 1.021486e+04 1.022147e+04
8.8 1.021652e+04 1.019420e+04 1.021019e+04 1.023251e+04
9.8 1.020558e+04 1.019811e+04 1.021395e+04 1.022143e+04
10.8 1.019695e+04 1.019468e+04 1.021044e+04 1.021271e+04
11.8 1.029990e+04 1.019617e+04 1.021186e+04 1.031559e+04
12.8 1.025688e+04 1.019596e+04 1.021160e+04 1.027251e+04
13.8 1.026698e+04 1.019408e+04 1.020965e+04 1.028254e+04
14.8 1.029710e+04 1.019794e+04 1.020976e+04 1.030892e+04
15.8 1.026382e+04 1.019680e+04 1.016668e+04 1.023371e+04
16.8 1.030178e+04 1.018673e+04 1.010357e+04 1.021862e+04
17.8 1.003160e+04 1.013377e+04 1.006099e+04 9.958822e+03
18.8 9.949844e+03 1.007416e+04 1.004243e+04 9.918115e+03
19.8 1.002282e+04 1.003857e+04 1.003829e+04 1.002254e+04
0.5 1.021217e+04 1.020258e+04 1.022502e+04 1.023461e+04
1.5 1.019910e+04 1.019676e+04 1.021808e+04 1.022042e+04
2.5 1.016917e+04 1.019577e+04 1.021530e+04 1.018870e+04
3.5 1.017870e+04 1.019696e+04 1.021492e+04 1.019666e+04
4.5 1.021655e+04 1.019456e+04 1.021145e+04 1.023345e+04
5.5 1.020518e+04 1.019856e+04 1.021486e+04 1.022147e+04
6.5 1.021652e+04 1.019420e+04 1.021019e+04 1.023251e+04
7.5 1.020558e+04 1.019811e+04 1.021395e+04 1.022143e+04
8.5 1.019695e+04 1.019468e+04 1.021044e+04 1.021271e+04
9.5 1.029990e+04 1.019617e+04 1.021186e+04 1.031559e+04
10.5 1.025688e+04 1.019596e+04 1.021160e+04 1.027251e+04
11.5 1.026698e+04 1.019408e+04 1.020965e+04 1.028254e+04
12.5 1.029710e+04 1.019794e+04 1.020976e+04 1.030892e+04
13.5 1.026382e+04 1.019680e+04 1.016668e+04 1.023371e+04
14.5 1.030178e+04 1.018673e+04 1.010357e+04 1.021862e+04
15.5 1.003160e+04 1.013377e+04 1.006099e+04 9.958822e+03
16.5 9.949844e+03 1.007416e+04 1.004243e+04 9.918115e+03
17.5 1.002282e+04 1.003857e+04 1.003829e+04 1.002254e+04
18.5 9.998050e+03 1.002474e+04 1.004089e+04 1.001420e+04
19.5 9.946290e+03 1.002302e+04 1.004555e+04 9.968812e+03
0.2 1.016917e+04 1.019577e+04 1.021530e+04 1.018870e+04
1.2 1.017870e+04 1.019696e+04 1.021492e+04 1.019666e+04
2.2 1.021655e+04 1.019456e+04 1.021145e+04 1.023345e+04
3.2 1.020518e+04 1.019856e+04 1.021486e+04 1.022147e+04
4.2 1.021652e+04 1.019420e+04 1.021019e+04 1.023251e+04
5.2 1.020558e+04 1.019811e+04 1.021395e+04 1.022143e+04
6.2 1.019695e+04 1.019468e+04 1.021044e+04 1.021271e+04
7.2 1.029990e+04 1.019617e+04 1.021186e+04 1.031559e+04
8.2 1.025688e+04 1.019596e+04 1.021160e+04 1.027251e+04
9.2 1.026698e+04 1.019408e+04 1.020965e+04 1.028254e+04
10.2 1.029710e+04 1.019794e+04 1.020976e+04 1.030892e+04
11.2 1.026382e+04 1.019680e+04 1.016668e+04 1.023371e+04
12.2 1.030178e+04 1.018673e+04 1.010357e+04 1.021862e+04
13.2 1.003160e+04 1.013377e+04 1.006099e+04 9.958822e+03
14.2 9.949844e+03 1.007416e+04 1.004243e+04 9.918115e+03
15.2 1.002282e+04 1.003857e+04 1.003829e+04 1.002254e+04
16.2 9.998050e+03 1.002474e+04 1.004089e+04 1.001420e+04
17.2 9.946290e+03 1.002302e+04 1.004555e+04 9.968812e+03
18.2 9.932944e+03 1.002675e+04 1.004964e+04 9.955833e+03
19.2 9.937979e+03 1.004940e+04 1.005223e+04 9.940808e+03
0.9 1.020518e+04 1.019856e+04 1.021486e+04 1.022147e+04
1.9 1.021652e+04 1.019420e+04 1.021019e+04 1.023251e+04
2.9 1.020558e+04 1.019811e+04 1.021395e+04 1.022143e+04
3.9 1.019695e+04 1.019468e+04 1.021044e+04 1.021271e+04
4.9 1.029990e+04 1.019617e+04 1.021186e+04 1.031559e+04
5.9 1.025688e+04 1.019596e+04 1.021160e+04 1.027251e+04
6.9 1.026698e+04 1.019408e+04 1.020965e+04 1.028254e+04
7.9 1.029710e+04 1.019794e+04 1.020976e+04 1.030892e+04
8.9 1.026382e+04 1.019680e+04 1.016668e+04 1.023371e+04
9.9 1.030178e+04 1.018673e+04 1.010357e+04 1.021862e+04
10.9 1.003160e+04 1.013377e+04 1.006099e+04 9.958822e+03
11.9 9.949844e+03 1.007416e+04 1.004243e+04 9.918115e+03
12.9 1.002282e+04 1.003857e+04 1.003829e+04 1.002254e+04
13.9 9.998050e+03 1.002474e+04 1.004089e+04 1.001420e+04
14.9 9.946290e+03 1.002302e+04 1.004555e+04 9.968812e+03
15.9 9.932944e+03 1.002675e+04 1.004964e+04 9.955833e+03
16.9 9.937979e+03 1.004940e+04 1.005223e+04 9.940808e+03
17.9 1.007859e+04 1.011492e+04 1.006966e+04 1.003333e+04
18.9 1.014453e+04 1.018064e+04 1.013035e+04 1.009423e+04
19.9 1.011397e+04 1.020873e+04 1.018443e+04 1.008968e+04
0.6 1.020558e+04 1.019811e+04 1.021395e+04 1.022143e+04
1.6 1.019695e+04 1.019468e+04 1.021044e+04 1.021271e+04
2.6 1.029990e+04 1.019617e+04 1.021186e+04 1.031559e+04
3.6 1.025688e+04 1.019596e+04 1.021160e+04 1.027251e+04
4.6 1.026698e+04 1.019408e+04 1.020965e+04 1.028254e+04
5.6 1.029710e+04 1.019794e+04 1.020976e+04 1.030892e+04
6.6 1.026382e+04 1.019680e+04 1.016668e+04 1.023371e+04
7.6 1.030178e+04 1.018673e+04 1.010357e+04 1.021862e+04
8.6 1.003160e+04 1.013377e+04 1.006099e+04 9.958822e+03
9.6 9.949844e+03 1.007416e+04 1.004243e+04 9.918115e+03
10.6 1.002282e+04 1.003857e+04 1.003829e+04 1.002254e+04
11.6 9.998050e+03 1.002474e+04 1.004089e+04 1.001420e+04
12.6 9.946290e+03 1.002302e+04 1.004555e+04 9.968812e+03
13.6 9.932944e+03 1.002675e+04 1.004964e+04 9.955833e+03
14.6 9.937979e+03 1.004940e+04 1.005223e+04 9.940808e+03
15.6 1.007859e+04 1.011492e+04 1.006966e+04 1.003333e+04
16.6 1.014453e+04 1.018064e+04 1.013035e+04 1.009423e+04
17.6 1.011397e+04 1.020873e+04 1.018443e+04 1.008968e+04
18.6 1.024570e+04 1.021047e+04 1.020878e+04 1.024401e+04
19.6 1.020449e+04 1.020909e+04 1.021955e+04 1.021495e+04
0.3 1.029990e+04 1.019617e+04 1.021186e+04 1.031559e+04
1.3 1.025688e+04 1.019596e+04 1.021160e+04 1.027251e+04
2.3 1.026698e+04 1.019408e+04 1.020965e+04 1.028254e+04
3.3 1.029710e+04 1.019794e+04 1.020976e+04 1.030892e+04
4.3 1.026382e+04 1.019680e+04 1.016668e+04 1.023371e+04
5.3 1.030178e+04 1.018673e+04 1.010357e+04 1.021862e+04
6.3 1.003160e+04 1.013377e+04 1.006099e+04 9.958822e+03
7.3 9.949844e+03 1.007416e+04 1.004243e+04 9.918115e+03
8.3 1.002282e+04 1.003857e+04 1.003829e+04 1.002254e+04
9.3 9.998050e+03 1.002474e+04 1.004089e+04 1.001420e+04
10.3 9.946290e+03 1.002302e+04 1.004555e+04 9.968812e+03
11.3 9.932944e+03 1.002675e+04 1.004964e+04 9.955833e+03
12.3 9.937979e+03 1.004940e+04 1.005223e+04 9.940808e+03
13.3 1.007859e+04 1.011492e+04 1.006966e+04 1.003333e+04
14.3 1.014453e+04 1.018064e+04 1.013035e+04 1.009423e+04
15.3 1.011397e+04 1.020873e+04 1.018443e+04 1.008968e+04
16.3 1.024570e+04 1.021047e+04 1.020878e+04 1.024401e+04
17.3 1.020449e+04 1.020909e+04 1.021955e+04 1.021495e+04
18.3 1.022201e+04 1.019573e+04 1.021099e+04 1.023727e+04
19.3 1.018231e+04 1.019202e+04 1.020767e+04 1.019797e+04
0.5 9.937979e+03 1.004940e+04 1.005223e+04 9.940808e+03
1.5 1.007859e+04 1.011492e+04 1.006966e+04 1.003333e+04
2.5 1.014453e+04 1.018064e+04 1.013035e+04 1.009423e+04
3.5 1.011397e+04 1.020873e+04 1.018443e+04 1.008968e+04
4.5 1.024570e+04 1.021047e+04 1.020878e+04 1.024401e+04
5.5 1.020449e+04 1.020909e+04 1.021955e+04 1.021495e+04
6.5 1.022201e+04 1.019573e+04 1.021099e+04 1.023727e+04
7.5 1.018231e+04 1.019202e+04 1.020767e+04 1.019797e+04
8.5 1.010776e+04 1.018208e+04 1.019582e+04 1.012150e+04
9.5 1.015758e+04 1.017891e+04 1.019002e+04 1.016868e+04
10.5 1.024758e+04 1.017650e+04 1.018518e+04 1.025626e+04
11.5 1.023155e+04 1.017228e+04 1.017902e+04 1.023830e+04
12.5 1.013951e+04 1.017308e+04 1.017829e+04 1.014473e+04
13.5 1.020543e+04 1.016525e+04 1.016915e+04 1.020932e+04
14.5 1.023642e+04 1.016700e+04 1.016967e+04 1.023909e+04
15.5 1.018946e+04 1.016135e+04 1.016279e+04 1.019090e+04
16.5 1.014148e+04 1.016122e+04 1.016141e+04 1.014167e+04
17.5 1.009102e+04 1.015648e+04 1.015539e+04 1.008993e+04
0.2 1.014453e+04 1.018064e+04 1.013035e+04 1.009423e+04
1.2 1.011397e+04 1.020873e+04 1.018443e+04 1.008968e+04
2.2 1.024570e+04 1.021047e+04 1.020878e+04 1.024401e+04
3.2 1.020449e+04 1.020909e+04 1.021955e+04 1.021495e+04
4.2 1.022201e+04 1.019573e+04 1.021099e+04 1.023727e+04
5.2 1.018231e+04 1.019202e+04 1.020767e+04 1.019797e+04
6.2 1.010776e+04 1.018208e+04 1.019582e+04 1.012150e+04
7.2 1.015758e+04 1.017891e+04 1.019002e+04 1.016868e+04
8.2 1.024758e+04 1.017650e+04 1.018518e+04 1.025626e+04
9.2 1.023155e+04 1.017228e+04 1.017902e+04 1.023830e+04
10.2 1.013951e+04 1.017308e+04 1.017829e+04 1.014473e+04
11.2 1.020543e+04 1.016525e+04 1.016915e+04 1.020932e+04
12.2 1.023642e+04 1.016700e+04 1.016967e+04 1.023909e+04
13.2 1.018946e+04 1.016135e+04 1.016279e+04 1.019090e+04
14.2 1.014148e+04 1.016122e+04 1.016141e+04 1.014167e+04
15.2 1.009102e+04 1.015648e+04 1.015539e+04 1.008993e+04
0.9 1.020449e+04 1.020909e+04 1.021955e+04 1.021495e+04
1.9 1.022201e+04 1.019573e+04 1.021099e+04 1.023727e+04
2.9 1.018231e+04 1.019202e+04 1.020767e+04 1.019797e+04
3.9 1.010776e+04 1.018208e+04 1.019582e+04 1.012150e+04
4.9 1.015758e+04 1.017891e+04 1.019002e+04 1.016868e+04
5.9 1.024758e+04 1.017650e+04 1.018518e+04 1.025626e+04
6.9 1.023155e+04 1.017228e+04 1.017902e+04 1.023830e+04
7.9 1.013951e+04 1.017308e+04 1.017829e+04 1.014473e+04
8.9 1.020543e+04 1.016525e+04 1.016915e+04 1.020932e+04
9.9 1.023642e+04 1.016700e+04 1.016967e+04 1.023909e+04
10.9 1.018946e+04 1.016135e+04 1.016279e+04 1.019090e+04
11.9 1.014148e+04 1.016122e+04 1.016141e+04 1.014167e+04
12.9 1.009102e+04 1.015648e+04 1.015539e+04 1.008993e+04
0.6 1.018231e+04 1.019202e+04 1.020767e+04 1.019797e+04
1.6 1.010776e+04 1.018208e+04 1.019582e+04 1.012150e+04
2.6 1.015758e+04 1.017891e+04 1.019002e+04 1.016868e+04
3.6 1.024758e+04 1.017650e+04 1.018518e+04 1.025626e+04
4.6 1.023155e+04 1.017228e+04 1.017902e+04 1.023830e+04
5.6 1.013951e+04 1.017308e+04 1.017829e+04 1.014473e+04
6.6 1.020543e+04 1.016525e+04 1.016915e+04 1.020932e+04
7.6 1.023642e+04 1.016700e+04 1.016967e+04 1.023909e+04
8.6 1.018946e+04 1.016135e+04 1.016279e+04 1.019090e+04
9.6 1.014148e+04 1.016122e+04 1.016141e+04 1.014167e+04
10.6 1.009102e+04 1.015648e+04 1.015539e+04 1.008993e+04
0.3 1.015758e+04 1.017891e+04 1.019002e+04 1.016868e+04
1.3 1.024758e+04 1.017650e+04 1.018518e+04 1.025626e+04
2.3 1.023155e+04 1.017228e+04 1.017902e+04 1.023830e+04
3.3 1.013951e+04 1.017308e+04 1.017829e+04 1.014473e+04
4.3 1.020543e+04 1.016525e+04 1.016915e+04 1.020932e+04
5.3 1.023642e+04 1.016700e+04 1.016967e+04 1.023909e+04
6.3 1.018946e+04 1.016135e+04 1.016279e+04 1.019090e+04
7.3 1.014148e+04 1.016122e+04 1.016141e+04 1.014167e+04
8.3 1.009102e+04 1.015648e+04 1.015539e+04 1.008993e+04
1.0 1.013951e+04 1.017308e+04 1.017829e+04 1.014473e+04
2.0 1.020543e+04 1.016525e+04 1.016915e+04 1.020932e+04
3.0 1.023642e+04 1.016700e+04 1.016967e+04 1.023909e+04
4.0 1.018946e+04 1.016135e+04 1.016279e+04 1.019090e+04
5.0 1.014148e+04 1.016122e+04 1.016141e+04 1.014167e+04
6.0 1.009102e+04 1.015648e+04 1.015539e+04 1.008993e+04
0.6 1.023642e+04 1.016700e+04 1.016967e+04 1.023909e+04
1.6 1.018946e+04 1.016135e+04 1.016279e+04 1.019090e+04
2.6 1.014148e+04 1.016122e+04 1.016141e+04 1.014167e+04
3.6 1.009102e+04 1.015648e+04 1.015539e+04 1.008993e+04
0.3 1.014148e+04 1.016122e+04 1.016141e+04 1.014167e+04
1.3 1.009102e+04 1.015648e+04 1.015539e+04 1.008993e+04
