0.5 8.812549e+03 8.772537e+03 8.771805e+03 8.811818e+03
1.5 8.793290e+03 8.822984e+03 8.781285e+03 8.751590e+03
2.5 8.803396e+03 8.867604e+03 8.823379e+03 8.759171e+03
3.5 8.824886e+03 8.883311e+03 8.863869e+03 8.805445e+03
4.5 8.828714e+03 8.880968e+03 8.882768e+03 8.830514e+03
5.5 8.854999e+03 8.879189e+03 8.892603e+03 8.868413e+03
6.5 8.836277e+03 8.870706e+03 8.889076e+03 8.854647e+03
7.5 8.797021e+03 8.869144e+03 8.888535e+03 8.816412e+03
8.5 8.830986e+03 8.864161e+03 8.882558e+03 8.849384e+03
9.5 8.907125e+03 8.863845e+03 8.880666e+03 8.923946e+03
10.5 8.894578e+03 8.863697e+03 8.879173e+03 8.910054e+03
11.5 8.896759e+03 8.862447e+03 8.877057e+03 8.911369e+03
12.5 8.880762e+03 8.865348e+03 8.879506e+03 8.894920e+03
13.5 8.845762e+03 8.862921e+03 8.876901e+03 8.859741e+03
14.5 8.861757e+03 8.866601e+03 8.880554e+03 8.875709e+03
15.5 8.883791e+03 8.864476e+03 8.878472e+03 8.897787e+03
16.5 8.890308e+03 8.866806e+03 8.880874e+03 8.904375e+03
17.5 8.848791e+03 8.866665e+03 8.880811e+03 8.862937e+03
18.5 8.830443e+03 8.866521e+03 8.880745e+03 8.844667e+03
19.5 8.870781e+03 8.870416e+03 8.880265e+03 8.880630e+03
0.2 8.803396e+03 8.867604e+03 8.823379e+03 8.759171e+03
1.2 8.824886e+03 8.883311e+03 8.863869e+03 8.805445e+03
2.2 8.828714e+03 8.880968e+03 8.882768e+03 8.830514e+03
3.2 8.854999e+03 8.879189e+03 8.892603e+03 8.868413e+03
4.2 8.836277e+03 8.870706e+03 8.889076e+03 8.854647e+03
5.2 8.797021e+03 8.869144e+03 8.888535e+03 8.816412e+03
6.2 8.830986e+03 8.864161e+03 8.882558e+03 8.849384e+03
7.2 8.907125e+03 8.863845e+03 8.880666e+03 8.923946e+03
8.2 8.894578e+03 8.863697e+03 8.879173e+03 8.910054e+03
9.2 8.896759e+03 8.862447e+03 8.877057e+03 8.911369e+03
10.2 8.880762e+03 8.865348e+03 8.879506e+03 8.894920e+03
11.2 8.845762e+03 8.862921e+03 8.876901e+03 8.859741e+03
12.2 8.861757e+03 8.866601e+03 8.880554e+03 8.875709e+03
13.2 8.883791e+03 8.864476e+03 8.878472e+03 8.897787e+03
14.2 8.890308e+03 8.866806e+03 8.880874e+03 8.904375e+03
15.2 8.848791e+03 8.866665e+03 8.880811e+03 8.862937e+03
16.2 8.830443e+03 8.866521e+03 8.880745e+03 8.844667e+03
17.2 8.870781e+03 8.870416e+03 8.880265e+03 8.880630e+03
18.2 8.959660e+03 8.878414e+03 8.847475e+03 8.928721e+03
19.2 8.933339e+03 8.878619e+03 8.803068e+03 8.857788e+03
0.9 8.854999e+03 8.879189e+03 8.892603e+03 8.868413e+03
1.9 8.836277e+03 8.870706e+03 8.889076e+03 8.854647e+03
2.9 8.797021e+03 8.869144e+03 8.888535e+03 8.816412e+03
3.9 8.830986e+03 8.864161e+03 8.882558e+03 8.849384e+03
4.9 8.907125e+03 8.863845e+03 8.880666e+03 8.923946e+03
5.9 8.894578e+03 8.863697e+03 8.879173e+03 8.910054e+03
6.9 8.896759e+03 8.862447e+03 8.877057e+03 8.911369e+03
7.9 8.880762e+03 8.865348e+03 8.879506e+03 8.894920e+03
8.9 8.845762e+03 8.862921e+03 8.876901e+03 8.859741e+03
9.9 8.861757e+03 8.866601e+03 8.880554e+03 8.875709e+03
10.9 8.883791e+03 8.864476e+03 8.878472e+03 8.897787e+03
11.9 8.890308e+03 8.866806e+03 8.880874e+03 8.904375e+03
12.9 8.848791e+03 8.866665e+03 8.880811e+03 8.862937e+03
13.9 8.830443e+03 8.866521e+03 8.880745e+03 8.844667e+03
14.9 8.870781e+03 8.870416e+03 8.880265e+03 8.880630e+03
15.9 8.959660e+03 8.878414e+03 8.847475e+03 8.928721e+03
16.9 8.933339e+03 8.878619e+03 8.803068e+03 8.857788e+03
17.9 8.907491e+03 8.836603e+03 8.774496e+03 8.845384e+03
18.9 8.858698e+03 8.787678e+03 8.762863e+03 8.833883e+03
19.9 8.828336e+03 8.758530e+03 8.761163e+03 8.830969e+03
0.6 8.797021e+03 8.869144e+03 8.888535e+03 8.816412e+03
1.6 8.830986e+03 8.864161e+03 8.882558e+03 8.849384e+03
2.6 8.907125e+03 8.863845e+03 8.880666e+03 8.923946e+03
3.6 8.894578e+03 8.863697e+03 8.879173e+03 8.910054e+03
4.6 8.896759e+03 8.862447e+03 8.877057e+03 8.911369e+03
5.6 8.880762e+03 8.865348e+03 8.879506e+03 8.894920e+03
6.6 8.845762e+03 8.862921e+03 8.876901e+03 8.859741e+03
7.6 8.861757e+03 8.866601e+03 8.880554e+03 8.875709e+03
8.6 8.883791e+03 8.864476e+03 8.878472e+03 8.897787e+03
9.6 8.890308e+03 8.866806e+03 8.880874e+03 8.904375e+03
10.6 8.848791e+03 8.866665e+03 8.880811e+03 8.862937e+03
11.6 8.830443e+03 8.866521e+03 8.880745e+03 8.844667e+03
12.6 8.870781e+03 8.870416e+03 8.880265e+03 8.880630e+03
13.6 8.959660e+03 8.878414e+03 8.847475e+03 8.928721e+03
14.6 8.933339e+03 8.878619e+03 8.803068e+03 8.857788e+03
15.6 8.907491e+03 8.836603e+03 8.774496e+03 8.845384e+03
16.6 8.858698e+03 8.787678e+03 8.762863e+03 8.833883e+03
17.6 8.828336e+03 8.758530e+03 8.761163e+03 8.830969e+03
18.6 8.805600e+03 8.747224e+03 8.764053e+03 8.822429e+03
19.6 8.817169e+03 8.745964e+03 8.768298e+03 8.839503e+03
0.3 8.907125e+03 8.863845e+03 8.880666e+03 8.923946e+03
1.3 8.894578e+03 8.863697e+03 8.879173e+03 8.910054e+03
2.3 8.896759e+03 8.862447e+03 8.877057e+03 8.911369e+03
3.3 8.880762e+03 8.865348e+03 8.879506e+03 8.894920e+03
4.3 8.845762e+03 8.862921e+03 8.876901e+03 8.859741e+03
5.3 8.861757e+03 8.866601e+03 8.880554e+03 8.875709e+03
6.3 8.883791e+03 8.864476e+03 8.878472e+03 8.897787e+03
7.3 8.890308e+03 8.866806e+03 8.880874e+03 8.904375e+03
8.3 8.848791e+03 8.866665e+03 8.880811e+03 8.862937e+03
9.3 8.830443e+03 8.866521e+03 8.880745e+03 8.844667e+03
10.3 8.870781e+03 8.870416e+03 8.880265e+03 8.880630e+03
11.3 8.959660e+03 8.878414e+03 8.847475e+03 8.928721e+03
12.3 8.933339e+03 8.878619e+03 8.803068e+03 8.857788e+03
13.3 8.907491e+03 8.836603e+03 8.774496e+03 8.845384e+03
14.3 8.858698e+03 8.787678e+03 8.762863e+03 8.833883e+03
15.3 8.828336e+03 8.758530e+03 8.761163e+03 8.830969e+03
16.3 8.805600e+03 8.747224e+03 8.764053e+03 8.822429e+03
17.3 8.817169e+03 8.745964e+03 8.768298e+03 8.839503e+03
18.3 8.829505e+03 8.749409e+03 8.772105e+03 8.852201e+03
19.3 8.825889e+03 8.769980e+03 8.774860e+03 8.830768e+03
1.0 8.880762e+03 8.865348e+03 8.879506e+03 8.894920e+03
2.0 8.845762e+03 8.862921e+03 8.876901e+03 8.859741e+03
3.0 8.861757e+03 8.866601e+03 8.880554e+03 8.875709e+03
4.0 8.883791e+03 8.864476e+03 8.878472e+03 8.897787e+03
5.0 8.890308e+03 8.866806e+03 8.880874e+03 8.904375e+03
6.0 8.848791e+03 8.866665e+03 8.880811e+03 8.862937e+03
7.0 8.830443e+03 8.866521e+03 8.880745e+03 8.844667e+03
8.0 8.870781e+03 8.870416e+03 8.880265e+03 8.880630e+03
9.0 8.959660e+03 8.878414e+03 8.847475e+03 8.928721e+03
10.0 8.933339e+03 8.878619e+03 8.803068e+03 8.857788e+03
11.0 8.907491e+03 8.836603e+03 8.774496e+03 8.845384e+03
12.0 8.858698e+03 8.787678e+03 8.762863e+03 8.833883e+03
13.0 8.828336e+03 8.758530e+03 8.761163e+03 8.830969e+03
14.0 8.805600e+03 8.747224e+03 8.764053e+03 8.822429e+03
15.0 8.817169e+03 8.745964e+03 8.768298e+03 8.839503e+03
16.0 8.829505e+03 8.749409e+03 8.772105e+03 8.852201e+03
17.0 8.825889e+03 8.769980e+03 8.774860e+03 8.830768e+03
18.0 8.821749e+03 8.825780e+03 8.787749e+03 8.783718e+03
19.0 8.854111e+03 8.874223e+03 8.832135e+03 8.812022e+03
20.0 8.860320e+03 8.891238e+03 8.873076e+03 8.842158e+03
0.7 8.861757e+03 8.866601e+03 8.880554e+03 8.875709e+03
1.7 8.883791e+03 8.864476e+03 8.878472e+03 8.897787e+03
2.7 8.890308e+03 8.866806e+03 8.880874e+03 8.904375e+03
3.7 8.848791e+03 8.866665e+03 8.880811e+03 8.862937e+03
4.7 8.830443e+03 8.866521e+03 8.880745e+03 8.844667e+03
5.7 8.870781e+03 8.870416e+03 8.880265e+03 8.880630e+03
6.7 8.959660e+03 8.878414e+03 8.847475e+03 8.928721e+03
7.7 8.933339e+03 8.878619e+03 8.803068e+03 8.857788e+03
8.7 8.907491e+03 8.836603e+03 8.774496e+03 8.845384e+03
9.7 8.858698e+03 8.787678e+03 8.762863e+03 8.833883e+03
10.7 8.828336e+03 8.758530e+03 8.761163e+03 8.830969e+03
11.7 8.805600e+03 8.747224e+03 8.764053e+03 8.822429e+03
12.7 8.817169e+03 8.745964e+03 8.768298e+03 8.839503e+03
13.7 8.829505e+03 8.749409e+03 8.772105e+03 8.852201e+03
14.7 8.825889e+03 8.769980e+03 8.774860e+03 8.830768e+03
15.7 8.821749e+03 8.825780e+03 8.787749e+03 8.783718e+03
16.7 8.854111e+03 8.874223e+03 8.832135e+03 8.812022e+03
17.7 8.860320e+03 8.891238e+03 8.873076e+03 8.842158e+03
18.7 8.859845e+03 8.889597e+03 8.892351e+03 8.862599e+03
19.7 8.878053e+03 8.887766e+03 8.902060e+03 8.892347e+03
0.4 8.890308e+03 8.866806e+03 8.880874e+03 8.904375e+03
1.4 8.848791e+03 8.866665e+03 8.880811e+03 8.862937e+03
2.4 8.830443e+03 8.866521e+03 8.880745e+03 8.844667e+03
3.4 8.870781e+03 8.870416e+03 8.880265e+03 8.880630e+03
4.4 8.959660e+03 8.878414e+03 8.847475e+03 8.928721e+03
5.4 8.933339e+03 8.878619e+03 8.803068e+03 8.857788e+03
6.4 8.907491e+03 8.836603e+03 8.774496e+03 8.845384e+03
7.4 8.858698e+03 8.787678e+03 8.762863e+03 8.833883e+03
8.4 8.828336e+03 8.758530e+03 8.761163e+03 8.830969e+03
9.4 8.805600e+03 8.747224e+03 8.764053e+03 8.822429e+03
10.4 8.817169e+03 8.745964e+03 8.768298e+03 8.839503e+03
11.4 8.829505e+03 8.749409e+03 8.772105e+03 8.852201e+03
12.4 8.825889e+03 8.769980e+03 8.774860e+03 8.830768e+03
13.4 8.821749e+03 8.825780e+03 8.787749e+03 8.783718e+03
14.4 8.854111e+03 8.874223e+03 8.832135e+03 8.812022e+03
15.4 8.860320e+03 8.891238e+03 8.873076e+03 8.842158e+03
16.4 8.859845e+03 8.889597e+03 8.892351e+03 8.862599e+03
17.4 8.878053e+03 8.887766e+03 8.902060e+03 8.892347e+03
18.4 8.933653e+03 8.878437e+03 8.897692e+03 8.952907e+03
19.4 8.947068e+03 8.876837e+03 8.897124e+03 8.967355e+03
0.5 8.825889e+03 8.769980e+03 8.774860e+03 8.830768e+03
1.5 8.821749e+03 8.825780e+03 8.787749e+03 8.783718e+03
2.5 8.854111e+03 8.874223e+03 8.832135e+03 8.812022e+03
3.5 8.860320e+03 8.891238e+03 8.873076e+03 8.842158e+03
4.5 8.859845e+03 8.889597e+03 8.892351e+03 8.862599e+03
5.5 8.878053e+03 8.887766e+03 8.902060e+03 8.892347e+03
6.5 8.933653e+03 8.878437e+03 8.897692e+03 8.952907e+03
7.5 8.947068e+03 8.876837e+03 8.897124e+03 8.967355e+03
8.5 8.925363e+03 8.872186e+03 8.891478e+03 8.944655e+03
9.5 8.920225e+03 8.872015e+03 8.889707e+03 8.937917e+03
10.5 8.921208e+03 8.872247e+03 8.888556e+03 8.937516e+03
11.5 8.893229e+03 8.871469e+03 8.886866e+03 8.908626e+03
12.5 8.894963e+03 8.873038e+03 8.887945e+03 8.909871e+03
13.5 8.901607e+03 8.867885e+03 8.882568e+03 8.916290e+03
14.5 8.895854e+03 8.870880e+03 8.885475e+03 8.910448e+03
15.5 8.888305e+03 8.869151e+03 8.883718e+03 8.902872e+03
16.5 8.897813e+03 8.871436e+03 8.886001e+03 8.912378e+03
17.5 8.923595e+03 8.871363e+03 8.885938e+03 8.938170e+03
18.5 8.902593e+03 8.870710e+03 8.885295e+03 8.917178e+03
19.5 8.911842e+03 8.874261e+03 8.884815e+03 8.922396e+03
0.2 8.854111e+03 8.874223e+03 8.832135e+03 8.812022e+03
1.2 8.860320e+03 8.891238e+03 8.873076e+03 8.842158e+03
2.2 8.859845e+03 8.889597e+03 8.892351e+03 8.862599e+03
3.2 8.878053e+03 8.887766e+03 8.902060e+03 8.892347e+03
4.2 8.933653e+03 8.878437e+03 8.897692e+03 8.952907e+03
5.2 8.947068e+03 8.876837e+03 8.897124e+03 8.967355e+03
6.2 8.925363e+03 8.872186e+03 8.891478e+03 8.944655e+03
7.2 8.920225e+03 8.872015e+03 8.889707e+03 8.937917e+03
8.2 8.921208e+03 8.872247e+03 8.888556e+03 8.937516e+03
9.2 8.893229e+03 8.871469e+03 8.886866e+03 8.908626e+03
10.2 8.894963e+03 8.873038e+03 8.887945e+03 8.909871e+03
11.2 8.901607e+03 8.867885e+03 8.882568e+03 8.916290e+03
12.2 8.895854e+03 8.870880e+03 8.885475e+03 8.910448e+03
13.2 8.888305e+03 8.869151e+03 8.883718e+03 8.902872e+03
14.2 8.897813e+03 8.871436e+03 8.886001e+03 8.912378e+03
15.2 8.923595e+03 8.871363e+03 8.885938e+03 8.938170e+03
16.2 8.902593e+03 8.870710e+03 8.885295e+03 8.917178e+03
17.2 8.911842e+03 8.874261e+03 8.884815e+03 8.922396e+03
18.2 8.942785e+03 8.881571e+03 8.852323e+03 8.913536e+03
19.2 8.974154e+03 8.882238e+03 8.807286e+03 8.899202e+03
0.9 8.878053e+03 8.887766e+03 8.902060e+03 8.892347e+03
1.9 8.933653e+03 8.878437e+03 8.897692e+03 8.952907e+03
2.9 8.947068e+03 8.876837e+03 8.897124e+03 8.967355e+03
3.9 8.925363e+03 8.872186e+03 8.891478e+03 8.944655e+03
4.9 8.920225e+03 8.872015e+03 8.889707e+03 8.937917e+03
5.9 8.921208e+03 8.872247e+03 8.888556e+03 8.937516e+03
6.9 8.893229e+03 8.871469e+03 8.886866e+03 8.908626e+03
7.9 8.894963e+03 8.873038e+03 8.887945e+03 8.909871e+03
8.9 8.901607e+03 8.867885e+03 8.882568e+03 8.916290e+03
9.9 8.895854e+03 8.870880e+03 8.885475e+03 8.910448e+03
10.9 8.888305e+03 8.869151e+03 8.883718e+03 8.902872e+03
11.9 8.897813e+03 8.871436e+03 8.886001e+03 8.912378e+03
12.9 8.923595e+03 8.871363e+03 8.885938e+03 8.938170e+03
13.9 8.902593e+03 8.870710e+03 8.885295e+03 8.917178e+03
14.9 8.911842e+03 8.874261e+03 8.884815e+03 8.922396e+03
15.9 8.942785e+03 8.881571e+03 8.852323e+03 8.913536e+03
16.9 8.974154e+03 8.882238e+03 8.807286e+03 8.899202e+03
17.9 8.798857e+03 8.840633e+03 8.777812e+03 8.736037e+03
18.9 8.795265e+03 8.791056e+03 8.765475e+03 8.769683e+03
19.9 8.666916e+03 8.761077e+03 8.763283e+03 8.669123e+03
0.6 8.947068e+03 8.876837e+03 8.897124e+03 8.967355e+03
1.6 8.925363e+03 8.872186e+03 8.891478e+03 8.944655e+03
2.6 8.920225e+03 8.872015e+03 8.889707e+03 8.937917e+03
3.6 8.921208e+03 8.872247e+03 8.888556e+03 8.937516e+03
4.6 8.893229e+03 8.871469e+03 8.886866e+03 8.908626e+03
5.6 8.894963e+03 8.873038e+03 8.887945e+03 8.909871e+03
6.6 8.901607e+03 8.867885e+03 8.882568e+03 8.916290e+03
7.6 8.895854e+03 8.870880e+03 8.885475e+03 8.910448e+03
8.6 8.888305e+03 8.869151e+03 8.883718e+03 8.902872e+03
9.6 8.897813e+03 8.871436e+03 8.886001e+03 8.912378e+03
10.6 8.923595e+03 8.871363e+03 8.885938e+03 8.938170e+03
11.6 8.902593e+03 8.870710e+03 8.885295e+03 8.917178e+03
12.6 8.911842e+03 8.874261e+03 8.884815e+03 8.922396e+03
13.6 8.942785e+03 8.881571e+03 8.852323e+03 8.913536e+03
14.6 8.974154e+03 8.882238e+03 8.807286e+03 8.899202e+03
15.6 8.798857e+03 8.840633e+03 8.777812e+03 8.736037e+03
16.6 8.795265e+03 8.791056e+03 8.765475e+03 8.769683e+03
17.6 8.666916e+03 8.761077e+03 8.763283e+03 8.669123e+03
18.6 8.652248e+03 8.749165e+03 8.765825e+03 8.668908e+03
19.6 8.633230e+03 8.747501e+03 8.769816e+03 8.655545e+03
0.3 8.920225e+03 8.872015e+03 8.889707e+03 8.937917e+03
1.3 8.921208e+03 8.872247e+03 8.888556e+03 8.937516e+03
2.3 8.893229e+03 8.871469e+03 8.886866e+03 8.908626e+03
3.3 8.894963e+03 8.873038e+03 8.887945e+03 8.909871e+03
4.3 8.901607e+03 8.867885e+03 8.882568e+03 8.916290e+03
5.3 8.895854e+03 8.870880e+03 8.885475e+03 8.910448e+03
6.3 8.888305e+03 8.869151e+03 8.883718e+03 8.902872e+03
7.3 8.897813e+03 8.871436e+03 8.886001e+03 8.912378e+03
8.3 8.923595e+03 8.871363e+03 8.885938e+03 8.938170e+03
9.3 8.902593e+03 8.870710e+03 8.885295e+03 8.917178e+03
10.3 8.911842e+03 8.874261e+03 8.884815e+03 8.922396e+03
11.3 8.942785e+03 8.881571e+03 8.852323e+03 8.913536e+03
12.3 8.974154e+03 8.882238e+03 8.807286e+03 8.899202e+03
13.3 8.798857e+03 8.840633e+03 8.777812e+03 8.736037e+03
14.3 8.795265e+03 8.791056e+03 8.765475e+03 8.769683e+03
15.3 8.666916e+03 8.761077e+03 8.763283e+03 8.669123e+03
16.3 8.652248e+03 8.749165e+03 8.765825e+03 8.668908e+03
17.3 8.633230e+03 8.747501e+03 8.769816e+03 8.655545e+03
18.3 8.693366e+03 8.750675e+03 8.773430e+03 8.716121e+03
19.3 8.700085e+03 8.771083e+03 8.776043e+03 8.705046e+03
0.9 8.894963e+03 8.873038e+03 8.887945e+03 8.909871e+03
1.9 8.901607e+03 8.867885e+03 8.882568e+03 8.916290e+03
2.9 8.895854e+03 8.870880e+03 8.885475e+03 8.910448e+03
3.9 8.888305e+03 8.869151e+03 8.883718e+03 8.902872e+03
4.9 8.897813e+03 8.871436e+03 8.886001e+03 8.912378e+03
5.9 8.923595e+03 8.871363e+03 8.885938e+03 8.938170e+03
6.9 8.902593e+03 8.870710e+03 8.885295e+03 8.917178e+03
7.9 8.911842e+03 8.874261e+03 8.884815e+03 8.922396e+03
8.9 8.942785e+03 8.881571e+03 8.852323e+03 8.913536e+03
9.9 8.974154e+03 8.882238e+03 8.807286e+03 8.899202e+03
10.9 8.798857e+03 8.840633e+03 8.777812e+03 8.736037e+03
11.9 8.795265e+03 8.791056e+03 8.765475e+03 8.769683e+03
12.9 8.666916e+03 8.761077e+03 8.763283e+03 8.669123e+03
13.9 8.652248e+03 8.749165e+03 8.765825e+03 8.668908e+03
14.9 8.633230e+03 8.747501e+03 8.769816e+03 8.655545e+03
15.9 8.693366e+03 8.750675e+03 8.773430e+03 8.716121e+03
16.9 8.700085e+03 8.771083e+03 8.776043e+03 8.705046e+03
17.9 8.783248e+03 8.827454e+03 8.789492e+03 8.745287e+03
18.9 8.803866e+03 8.876355e+03 8.834317e+03 8.761828e+03
19.9 8.787328e+03 8.892234e+03 8.874095e+03 8.769190e+03
0.7 8.895854e+03 8.870880e+03 8.885475e+03 8.910448e+03
1.7 8.888305e+03 8.869151e+03 8.883718e+03 8.902872e+03
2.7 8.897813e+03 8.871436e+03 8.886001e+03 8.912378e+03
3.7 8.923595e+03 8.871363e+03 8.885938e+03 8.938170e+03
4.7 8.902593e+03 8.870710e+03 8.885295e+03 8.917178e+03
5.7 8.911842e+03 8.874261e+03 8.884815e+03 8.922396e+03
6.7 8.942785e+03 8.881571e+03 8.852323e+03 8.913536e+03
7.7 8.974154e+03 8.882238e+03 8.807286e+03 8.899202e+03
8.7 8.798857e+03 8.840633e+03 8.777812e+03 8.736037e+03
9.7 8.795265e+03 8.791056e+03 8.765475e+03 8.769683e+03
10.7 8.666916e+03 8.761077e+03 8.763283e+03 8.669123e+03
11.7 8.652248e+03 8.749165e+03 8.765825e+03 8.668908e+03
12.7 8.633230e+03 8.747501e+03 8.769816e+03 8.655545e+03
13.6 8.693366e+03 8.750675e+03 8.773430e+03 8.716121e+03
14.6 8.700085e+03 8.771083e+03 8.776043e+03 8.705046e+03
15.6 8.783248e+03 8.827454e+03 8.789492e+03 8.745287e+03
16.6 8.803866e+03 8.876355e+03 8.834317e+03 8.761828e+03
17.6 8.787328e+03 8.892234e+03 8.874095e+03 8.769190e+03
18.6 8.771702e+03 8.889415e+03 8.892158e+03 8.774445e+03
19.6 8.787539e+03 8.887237e+03 8.901488e+03 8.801790e+03
0.3 8.897813e+03 8.871436e+03 8.886001e+03 8.912378e+03
1.3 8.923595e+03 8.871363e+03 8.885938e+03 8.938170e+03
2.3 8.902593e+03 8.870710e+03 8.885295e+03 8.917178e+03
3.3 8.911842e+03 8.874261e+03 8.884815e+03 8.922396e+03
4.3 8.942785e+03 8.881571e+03 8.852323e+03 8.913536e+03
5.3 8.974154e+03 8.882238e+03 8.807286e+03 8.899202e+03
6.3 8.798857e+03 8.840633e+03 8.777812e+03 8.736037e+03
7.3 8.795265e+03 8.791056e+03 8.765475e+03 8.769683e+03
8.3 8.666916e+03 8.761077e+03 8.763283e+03 8.669123e+03
9.3 8.652248e+03 8.749165e+03 8.765825e+03 8.668908e+03
10.3 8.633230e+03 8.747501e+03 8.769816e+03 8.655545e+03
11.3 8.693366e+03 8.750675e+03 8.773430e+03 8.716121e+03
12.3 8.700085e+03 8.771083e+03 8.776043e+03 8.705046e+03
13.3 8.783248e+03 8.827454e+03 8.789492e+03 8.745287e+03
14.3 8.803866e+03 8.876355e+03 8.834317e+03 8.761828e+03
15.3 8.787328e+03 8.892234e+03 8.874095e+03 8.769190e+03
16.3 8.771702e+03 8.889415e+03 8.892158e+03 8.774445e+03
17.3 8.787539e+03 8.887237e+03 8.901488e+03 8.801790e+03
18.3 8.803057e+03 8.876392e+03 8.895581e+03 8.822245e+03
19.3 8.825623e+03 8.874730e+03 8.894934e+03 8.845827e+03
0.5 8.700085e+03 8.771083e+03 8.776043e+03 8.705046e+03
1.5 8.783248e+03 8.827454e+03 8.789492e+03 8.745287e+03
2.5 8.803866e+03 8.876355e+03 8.834317e+03 8.761828e+03
3.5 8.787328e+03 8.892234e+03 8.874095e+03 8.769190e+03
4.5 8.771702e+03 8.889415e+03 8.892158e+03 8.774445e+03
5.5 8.787539e+03 8.887237e+03 8.901488e+03 8.801790e+03
6.5 8.803057e+03 8.876392e+03 8.895581e+03 8.822245e+03
7.5 8.825623e+03 8.874730e+03 8.894934e+03 8.845827e+03
8.5 8.829361e+03 8.870727e+03 8.889921e+03 8.848555e+03
9.5 8.854385e+03 8.870333e+03 8.887911e+03 8.871963e+03
10.5 8.858959e+03 8.871472e+03 8.887639e+03 8.875126e+03
11.5 8.886535e+03 8.869925e+03 8.885138e+03 8.901748e+03
12.5 8.881093e+03 8.872923e+03 8.887593e+03 8.895763e+03
13.5 8.880033e+03 8.869833e+03 8.884228e+03 8.894428e+03
14.5 8.891425e+03 8.872678e+03 8.886939e+03 8.905687e+03
15.5 8.896764e+03 8.870219e+03 8.884407e+03 8.910951e+03
16.5 8.914611e+03 8.871301e+03 8.885434e+03 8.928744e+03
17.5 8.914698e+03 8.871165e+03 8.885242e+03 8.928774e+03
18.5 8.901246e+03 8.869824e+03 8.883832e+03 8.915254e+03
19.5 8.995699e+03 8.873274e+03 8.883917e+03 9.006342e+03
0.2 8.803866e+03 8.876355e+03 8.834317e+03 8.761828e+03
1.2 8.787328e+03 8.892234e+03 8.874095e+03 8.769190e+03
2.2 8.771702e+03 8.889415e+03 8.892158e+03 8.774445e+03
3.2 8.787539e+03 8.887237e+03 8.901488e+03 8.801790e+03
4.2 8.803057e+03 8.876392e+03 8.895581e+03 8.822245e+03
5.2 8.825623e+03 8.874730e+03 8.894934e+03 8.845827e+03
6.2 8.829361e+03 8.870727e+03 8.889921e+03 8.848555e+03
7.2 8.854385e+03 8.870333e+03 8.887911e+03 8.871963e+03
8.2 8.858959e+03 8.871472e+03 8.887639e+03 8.875126e+03
9.2 8.886535e+03 8.869925e+03 8.885138e+03 8.901748e+03
10.2 8.881093e+03 8.872923e+03 8.887593e+03 8.895763e+03
11.2 8.880033e+03 8.869833e+03 8.884228e+03 8.894428e+03
12.2 8.891425e+03 8.872678e+03 8.886939e+03 8.905687e+03
13.2 8.896764e+03 8.870219e+03 8.884407e+03 8.910951e+03
14.2 8.914611e+03 8.871301e+03 8.885434e+03 8.928744e+03
15.2 8.914698e+03 8.871165e+03 8.885242e+03 8.928774e+03
16.2 8.901246e+03 8.869824e+03 8.883832e+03 8.915254e+03
17.2 8.995699e+03 8.873274e+03 8.883917e+03 9.006342e+03
18.2 8.986802e+03 8.879928e+03 8.852816e+03 8.959690e+03
19.2 9.008259e+03 8.882119e+03 8.807257e+03 8.933396e+03
0.8 8.787539e+03 8.887237e+03 8.901488e+03 8.801790e+03
1.8 8.803057e+03 8.876392e+03 8.895581e+03 8.822245e+03
2.8 8.825623e+03 8.874730e+03 8.894934e+03 8.845827e+03
3.8 8.829361e+03 8.870727e+03 8.889921e+03 8.848555e+03
4.8 8.854385e+03 8.870333e+03 8.887911e+03 8.871963e+03
5.8 8.858959e+03 8.871472e+03 8.887639e+03 8.875126e+03
6.8 8.886535e+03 8.869925e+03 8.885138e+03 8.901748e+03
7.8 8.881093e+03 8.872923e+03 8.887593e+03 8.895763e+03
8.8 8.880033e+03 8.869833e+03 8.884228e+03 8.894428e+03
9.8 8.891425e+03 8.872678e+03 8.886939e+03 8.905687e+03
10.8 8.896764e+03 8.870219e+03 8.884407e+03 8.910951e+03
11.8 8.914611e+03 8.871301e+03 8.885434e+03 8.928744e+03
12.8 8.914698e+03 8.871165e+03 8.885242e+03 8.928774e+03
13.8 8.901246e+03 8.869824e+03 8.883832e+03 8.915254e+03
14.8 8.995699e+03 8.873274e+03 8.883917e+03 9.006342e+03
15.8 8.986802e+03 8.879928e+03 8.852816e+03 8.959690e+03
16.8 9.008259e+03 8.882119e+03 8.807257e+03 8.933396e+03
17.8 8.843127e+03 8.842031e+03 8.776514e+03 8.777611e+03
18.8 8.707148e+03 8.791681e+03 8.763118e+03 8.678584e+03
19.8 8.691301e+03 8.760378e+03 8.760127e+03 8.691050e+03
0.5 8.825623e+03 8.874730e+03 8.894934e+03 8.845827e+03
1.5 8.829361e+03 8.870727e+03 8.889921e+03 8.848555e+03
2.5 8.854385e+03 8.870333e+03 8.887911e+03 8.871963e+03
3.5 8.858959e+03 8.871472e+03 8.887639e+03 8.875126e+03
4.5 8.886535e+03 8.869925e+03 8.885138e+03 8.901748e+03
5.5 8.881093e+03 8.872923e+03 8.887593e+03 8.895763e+03
6.5 8.880033e+03 8.869833e+03 8.884228e+03 8.894428e+03
7.5 8.891425e+03 8.872678e+03 8.886939e+03 8.905687e+03
8.5 8.896764e+03 8.870219e+03 8.884407e+03 8.910951e+03
9.5 8.914611e+03 8.871301e+03 8.885434e+03 8.928744e+03
10.5 8.914698e+03 8.871165e+03 8.885242e+03 8.928774e+03
11.5 8.901246e+03 8.869824e+03 8.883832e+03 8.915254e+03
12.5 8.995699e+03 8.873274e+03 8.883917e+03 9.006342e+03
13.5 8.986802e+03 8.879928e+03 8.852816e+03 8.959690e+03
14.5 9.008259e+03 8.882119e+03 8.807257e+03 8.933396e+03
15.5 8.843127e+03 8.842031e+03 8.776514e+03 8.777611e+03
16.5 8.707148e+03 8.791681e+03 8.763118e+03 8.678584e+03
17.5 8.691301e+03 8.760378e+03 8.760127e+03 8.691050e+03
18.5 8.747519e+03 8.747463e+03 8.762001e+03 8.762058e+03
19.5 8.710031e+03 8.745091e+03 8.765366e+03 8.730306e+03
0.2 8.854385e+03 8.870333e+03 8.887911e+03 8.871963e+03
1.2 8.858959e+03 8.871472e+03 8.887639e+03 8.875126e+03
2.2 8.886535e+03 8.869925e+03 8.885138e+03 8.901748e+03
3.2 8.881093e+03 8.872923e+03 8.887593e+03 8.895763e+03
4.2 8.880033e+03 8.869833e+03 8.884228e+03 8.894428e+03
5.2 8.891425e+03 8.872678e+03 8.886939e+03 8.905687e+03
6.2 8.896764e+03 8.870219e+03 8.884407e+03 8.910951e+03
7.2 8.914611e+03 8.871301e+03 8.885434e+03 8.928744e+03
8.2 8.914698e+03 8.871165e+03 8.885242e+03 8.928774e+03
9.2 8.901246e+03 8.869824e+03 8.883832e+03 8.915254e+03
10.2 8.995699e+03 8.873274e+03 8.883917e+03 9.006342e+03
11.2 8.986802e+03 8.879928e+03 8.852816e+03 8.959690e+03
12.2 9.008259e+03 8.882119e+03 8.807257e+03 8.933396e+03
13.2 8.843127e+03 8.842031e+03 8.776514e+03 8.777611e+03
14.2 8.707148e+03 8.791681e+03 8.763118e+03 8.678584e+03
15.2 8.691301e+03 8.760378e+03 8.760127e+03 8.691050e+03
16.2 8.747519e+03 8.747463e+03 8.762001e+03 8.762058e+03
17.2 8.710031e+03 8.745091e+03 8.765366e+03 8.730306e+03
18.2 8.722175e+03 8.747717e+03 8.768322e+03 8.742781e+03
19.2 8.708495e+03 8.767643e+03 8.770190e+03 8.711043e+03
0.9 8.881093e+03 8.872923e+03 8.887593e+03 8.895763e+03
1.9 8.880033e+03 8.869833e+03 8.884228e+03 8.894428e+03
2.9 8.891425e+03 8.872678e+03 8.886939e+03 8.905687e+03
3.9 8.896764e+03 8.870219e+03 8.884407e+03 8.910951e+03
4.9 8.914611e+03 8.871301e+03 8.885434e+03 8.928744e+03
5.9 8.914698e+03 8.871165e+03 8.885242e+03 8.928774e+03
6.9 8.901246e+03 8.869824e+03 8.883832e+03 8.915254e+03
7.9 8.995699e+03 8.873274e+03 8.883917e+03 9.006342e+03
8.9 8.986802e+03 8.879928e+03 8.852816e+03 8.959690e+03
9.9 9.008259e+03 8.882119e+03 8.807257e+03 8.933396e+03
10.9 8.843127e+03 8.842031e+03 8.776514e+03 8.777611e+03
11.9 8.707148e+03 8.791681e+03 8.763118e+03 8.678584e+03
12.9 8.691301e+03 8.760378e+03 8.760127e+03 8.691050e+03
13.9 8.747519e+03 8.747463e+03 8.762001e+03 8.762058e+03
14.9 8.710031e+03 8.745091e+03 8.765366e+03 8.730306e+03
15.9 8.722175e+03 8.747717e+03 8.768322e+03 8.742781e+03
16.9 8.708495e+03 8.767643e+03 8.770190e+03 8.711043e+03
17.9 8.729122e+03 8.823522e+03 8.782772e+03 8.688372e+03
18.9 8.762201e+03 8.871860e+03 8.826584e+03 8.716925e+03
19.9 8.792901e+03 8.887500e+03 8.865629e+03 8.771030e+03
0.6 8.891425e+03 8.872678e+03 8.886939e+03 8.905687e+03
1.6 8.896764e+03 8.870219e+03 8.884407e+03 8.910951e+03
2.6 8.914611e+03 8.871301e+03 8.885434e+03 8.928744e+03
3.6 8.914698e+03 8.871165e+03 8.885242e+03 8.928774e+03
4.6 8.901246e+03 8.869824e+03 8.883832e+03 8.915254e+03
5.6 8.995699e+03 8.873274e+03 8.883917e+03 9.006342e+03
6.6 8.986802e+03 8.879928e+03 8.852816e+03 8.959690e+03
7.6 9.008259e+03 8.882119e+03 8.807257e+03 8.933396e+03
8.6 8.843127e+03 8.842031e+03 8.776514e+03 8.777611e+03
9.6 8.707148e+03 8.791681e+03 8.763118e+03 8.678584e+03
10.6 8.691301e+03 8.760378e+03 8.760127e+03 8.691050e+03
11.6 8.747519e+03 8.747463e+03 8.762001e+03 8.762058e+03
12.6 8.710031e+03 8.745091e+03 8.765366e+03 8.730306e+03
13.6 8.722175e+03 8.747717e+03 8.768322e+03 8.742781e+03
14.6 8.708495e+03 8.767643e+03 8.770190e+03 8.711043e+03
15.6 8.729122e+03 8.823522e+03 8.782772e+03 8.688372e+03
16.6 8.762201e+03 8.871860e+03 8.826584e+03 8.716925e+03
17.6 8.792901e+03 8.887500e+03 8.865629e+03 8.771030e+03
18.6 8.817604e+03 8.884731e+03 8.883210e+03 8.816083e+03
19.6 8.850244e+03 8.881562e+03 8.890979e+03 8.859661e+03
0.3 8.914611e+03 8.871301e+03 8.885434e+03 8.928744e+03
1.3 8.914698e+03 8.871165e+03 8.885242e+03 8.928774e+03
2.3 8.901246e+03 8.869824e+03 8.883832e+03 8.915254e+03
3.3 8.995699e+03 8.873274e+03 8.883917e+03 9.006342e+03
4.3 8.986802e+03 8.879928e+03 8.852816e+03 8.959690e+03
5.3 9.008259e+03 8.882119e+03 8.807257e+03 8.933396e+03
6.3 8.843127e+03 8.842031e+03 8.776514e+03 8.777611e+03
7.3 8.707148e+03 8.791681e+03 8.763118e+03 8.678584e+03
8.3 8.691301e+03 8.760378e+03 8.760127e+03 8.691050e+03
9.3 8.747519e+03 8.747463e+03 8.762001e+03 8.762058e+03
10.3 8.710031e+03 8.745091e+03 8.765366e+03 8.730306e+03
11.3 8.722175e+03 8.747717e+03 8.768322e+03 8.742781e+03
12.3 8.708495e+03 8.767643e+03 8.770190e+03 8.711043e+03
13.3 8.729122e+03 8.823522e+03 8.782772e+03 8.688372e+03
14.3 8.762201e+03 8.871860e+03 8.826584e+03 8.716925e+03
15.3 8.792901e+03 8.887500e+03 8.865629e+03 8.771030e+03
16.3 8.817604e+03 8.884731e+03 8.883210e+03 8.816083e+03
17.3 8.850244e+03 8.881562e+03 8.890979e+03 8.859661e+03
18.3 8.866085e+03 8.871063e+03 8.884803e+03 8.879825e+03
19.3 8.859365e+03 8.868315e+03 8.882408e+03 8.873458e+03
0.5 8.708495e+03 8.767643e+03 8.770190e+03 8.711043e+03
1.5 8.729122e+03 8.823522e+03 8.782772e+03 8.688372e+03
2.5 8.762201e+03 8.871860e+03 8.826584e+03 8.716925e+03
3.5 8.792901e+03 8.887500e+03 8.865629e+03 8.771030e+03
4.5 8.817604e+03 8.884731e+03 8.883210e+03 8.816083e+03
5.5 8.850244e+03 8.881562e+03 8.890979e+03 8.859661e+03
6.5 8.866085e+03 8.871063e+03 8.884803e+03 8.879825e+03
7.5 8.859365e+03 8.868315e+03 8.882408e+03 8.873458e+03
8.5 8.810494e+03 8.861478e+03 8.873850e+03 8.822866e+03
9.5 8.813113e+03 8.859664e+03 8.869661e+03 8.823110e+03
10.5 8.852014e+03 8.858359e+03 8.866167e+03 8.859822e+03
11.5 8.896136e+03 8.855655e+03 8.861726e+03 8.902206e+03
12.5 8.896086e+03 8.856506e+03 8.861199e+03 8.900780e+03
13.5 8.899812e+03 8.851085e+03 8.854594e+03 8.903321e+03
14.5 8.884809e+03 8.852573e+03 8.854970e+03 8.887207e+03
15.5 8.868129e+03 8.848714e+03 8.850008e+03 8.869423e+03
16.5 8.851912e+03 8.848840e+03 8.849011e+03 8.852082e+03
17.5 8.854047e+03 8.845644e+03 8.844665e+03 8.853067e+03
0.2 8.762201e+03 8.871860e+03 8.826584e+03 8.716925e+03
1.2 8.792901e+03 8.887500e+03 8.865629e+03 8.771030e+03
2.2 8.817604e+03 8.884731e+03 8.883210e+03 8.816083e+03
3.2 8.850244e+03 8.881562e+03 8.890979e+03 8.859661e+03
4.2 8.866085e+03 8.871063e+03 8.884803e+03 8.879825e+03
5.2 8.859365e+03 8.868315e+03 8.882408e+03 8.873458e+03
6.2 8.810494e+03 8.861478e+03 8.873850e+03 8.822866e+03
7.2 8.813113e+03 8.859664e+03 8.869661e+03 8.823110e+03
8.2 8.852014e+03 8.858359e+03 8.866167e+03 8.859822e+03
9.2 8.896136e+03 8.855655e+03 8.861726e+03 8.902206e+03
10.2 8.896086e+03 8.856506e+03 8.861199e+03 8.900780e+03
11.2 8.899812e+03 8.851085e+03 8.854594e+03 8.903321e+03
12.2 8.884809e+03 8.852573e+03 8.854970e+03 8.887207e+03
13.2 8.868129e+03 8.848714e+03 8.850008e+03 8.869423e+03
14.2 8.851912e+03 8.848840e+03 8.849011e+03 8.852082e+03
15.2 8.854047e+03 8.845644e+03 8.844665e+03 8.853067e+03
0.9 8.850244e+03 8.881562e+03 8.890979e+03 8.859661e+03
1.9 8.866085e+03 8.871063e+03 8.884803e+03 8.879825e+03
2.9 8.859365e+03 8.868315e+03 8.882408e+03 8.873458e+03
3.9 8.810494e+03 8.861478e+03 8.873850e+03 8.822866e+03
4.9 8.813113e+03 8.859664e+03 8.869661e+03 8.823110e+03
5.9 8.852014e+03 8.858359e+03 8.866167e+03 8.859822e+03
6.9 8.896136e+03 8.855655e+03 8.861726e+03 8.902206e+03
7.9 8.896086e+03 8.856506e+03 8.861199e+03 8.900780e+03
8.9 8.899812e+03 8.851085e+03 8.854594e+03 8.903321e+03
9.9 8.884809e+03 8.852573e+03 8.854970e+03 8.887207e+03
10.9 8.868129e+03 8.848714e+03 8.850008e+03 8.869423e+03
11.9 8.851912e+03 8.848840e+03 8.849011e+03 8.852082e+03
12.9 8.854047e+03 8.845644e+03 8.844665e+03 8.853067e+03
0.6 8.859365e+03 8.868315e+03 8.882408e+03 8.873458e+03
1.6 8.810494e+03 8.861478e+03 8.873850e+03 8.822866e+03
2.6 8.813113e+03 8.859664e+03 8.869661e+03 8.823110e+03
3.6 8.852014e+03 8.858359e+03 8.866167e+03 8.859822e+03
4.6 8.896136e+03 8.855655e+03 8.861726e+03 8.902206e+03
5.6 8.896086e+03 8.856506e+03 8.861199e+03 8.900780e+03
6.6 8.899812e+03 8.851085e+03 8.854594e+03 8.903321e+03
7.6 8.884809e+03 8.852573e+03 8.854970e+03 8.887207e+03
8.6 8.868129e+03 8.848714e+03 8.850008e+03 8.869423e+03
9.6 8.851912e+03 8.848840e+03 8.849011e+03 8.852082e+03
10.6 8.854047e+03 8.845644e+03 8.844665e+03 8.853067e+03
0.3 8.813113e+03 8.859664e+03 8.869661e+03 8.823110e+03
1.3 8.852014e+03 8.858359e+03 8.866167e+03 8.859822e+03
2.3 8.896136e+03 8.855655e+03 8.861726e+03 8.902206e+03
3.3 8.896086e+03 8.856506e+03 8.861199e+03 8.900780e+03
4.3 8.899812e+03 8.851085e+03 8.854594e+03 8.903321e+03
5.3 8.884809e+03 8.852573e+03 8.854970e+03 8.887207e+03
6.3 8.868129e+03 8.848714e+03 8.850008e+03 8.869423e+03
7.3 8.851912e+03 8.848840e+03 8.849011e+03 8.852082e+03
8.3 8.854047e+03 8.845644e+03 8.844665e+03 8.853067e+03
1.0 8.896086e+03 8.856506e+03 8.861199e+03 8.900780e+03
2.0 8.899812e+03 8.851085e+03 8.854594e+03 8.903321e+03
3.0 8.884809e+03 8.852573e+03 8.854970e+03 8.887207e+03
4.0 8.868129e+03 8.848714e+03 8.850008e+03 8.869423e+03
5.0 8.851912e+03 8.848840e+03 8.849011e+03 8.852082e+03
6.0 8.854047e+03 8.845644e+03 8.844665e+03 8.853067e+03
0.6 8.884809e+03 8.852573e+03 8.854970e+03 8.887207e+03
1.6 8.868129e+03 8.848714e+03 8.850008e+03 8.869423e+03
2.6 8.851912e+03 8.848840e+03 8.849011e+03 8.852082e+03
3.6 8.854047e+03 8.845644e+03 8.844665e+03 8.853067e+03
0.3 8.851912e+03 8.848840e+03 8.849011e+03 8.852082e+03
1.3 8.854047e+03 8.845644e+03 8.844665e+03 8.853067e+03
