0.5 8.869945e+03 8.757470e+03 8.831487e+03 8.943961e+03
1.5 8.812549e+03 8.772537e+03 8.847903e+03 8.887916e+03
2.5 8.793290e+03 8.822984e+03 8.888871e+03 8.859176e+03
3.5 8.803396e+03 8.867604e+03 8.891396e+03 8.827188e+03
4.5 8.824886e+03 8.883311e+03 8.866613e+03 8.808188e+03
5.5 8.828714e+03 8.880968e+03 8.845371e+03 8.793117e+03
6.5 8.854999e+03 8.879189e+03 8.833758e+03 8.809568e+03
7.5 8.836277e+03 8.870706e+03 8.828801e+03 8.794372e+03
8.5 8.797021e+03 8.869144e+03 8.827781e+03 8.755658e+03
9.5 8.830986e+03 8.864161e+03 8.828774e+03 8.795599e+03
10.5 8.907125e+03 8.863845e+03 8.830351e+03 8.873630e+03
11.5 8.894578e+03 8.863697e+03 8.831695e+03 8.862576e+03
12.5 8.896759e+03 8.862447e+03 8.832561e+03 8.866873e+03
13.5 8.880762e+03 8.865348e+03 8.833014e+03 8.848428e+03
14.5 8.845762e+03 8.862921e+03 8.833192e+03 8.816033e+03
15.5 8.861757e+03 8.866601e+03 8.833219e+03 8.828375e+03
16.5 8.883791e+03 8.864476e+03 8.833176e+03 8.852490e+03
17.5 8.890308e+03 8.866806e+03 8.833104e+03 8.856605e+03
18.5 8.848791e+03 8.866665e+03 8.833025e+03 8.815151e+03
0.1 8.830443e+03 8.866521e+03 8.832947e+03 8.796869e+03
1.1 8.870781e+03 8.870416e+03 8.837323e+03 8.837688e+03
2.1 8.959660e+03 8.878414e+03 8.878110e+03 8.959356e+03
3.1 8.933339e+03 8.878619e+03 8.922722e+03 8.977442e+03
4.1 8.907491e+03 8.836603e+03 8.909278e+03 8.980166e+03
5.1 8.858698e+03 8.787678e+03 8.871987e+03 8.943006e+03
6.1 8.828336e+03 8.758530e+03 8.844538e+03 8.914344e+03
7.1 8.805600e+03 8.747224e+03 8.830342e+03 8.888719e+03
8.1 8.817169e+03 8.745964e+03 8.824838e+03 8.896043e+03
9.1 8.829505e+03 8.749409e+03 8.824475e+03 8.904571e+03
10.1 8.825889e+03 8.769980e+03 8.842292e+03 8.898201e+03
11.1 8.821749e+03 8.825780e+03 8.885203e+03 8.881172e+03
12.1 8.854111e+03 8.874223e+03 8.889260e+03 8.869148e+03
13.1 8.860320e+03 8.891238e+03 8.865334e+03 8.834416e+03
14.1 8.859845e+03 8.889597e+03 8.844418e+03 8.814666e+03
15.1 8.878053e+03 8.887766e+03 8.832878e+03 8.823165e+03
16.1 8.933653e+03 8.878437e+03 8.827917e+03 8.883133e+03
17.1 8.947068e+03 8.876837e+03 8.826884e+03 8.897115e+03
18.1 8.925363e+03 8.872186e+03 8.827880e+03 8.881056e+03
0.5 8.829505e+03 8.749409e+03 8.824475e+03 8.904571e+03
1.5 8.825889e+03 8.769980e+03 8.842292e+03 8.898201e+03
2.5 8.821749e+03 8.825780e+03 8.885203e+03 8.881172e+03
3.5 8.854111e+03 8.874223e+03 8.889260e+03 8.869148e+03
4.5 8.860320e+03 8.891238e+03 8.865334e+03 8.834416e+03
5.5 8.859845e+03 8.889597e+03 8.844418e+03 8.814666e+03
6.5 8.878053e+03 8.887766e+03 8.832878e+03 8.823165e+03
7.5 8.933653e+03 8.878437e+03 8.827917e+03 8.883133e+03
8.5 8.947068e+03 8.876837e+03 8.826884e+03 8.897115e+03
9.5 8.925363e+03 8.872186e+03 8.827880e+03 8.881056e+03
10.5 8.920225e+03 8.872015e+03 8.829479e+03 8.877690e+03
11.5 8.921208e+03 8.872247e+03 8.830863e+03 8.879824e+03
12.5 8.893229e+03 8.871469e+03 8.831774e+03 8.853534e+03
13.5 8.894963e+03 8.873038e+03 8.832264e+03 8.854190e+03
14.5 8.901607e+03 8.867885e+03 8.832489e+03 8.866210e+03
15.5 8.895854e+03 8.870880e+03 8.832577e+03 8.857551e+03
16.5 8.888305e+03 8.869151e+03 8.832604e+03 8.851759e+03
17.5 8.897813e+03 8.871436e+03 8.832606e+03 8.858983e+03
18.5 8.923595e+03 8.871363e+03 8.832596e+03 8.884828e+03
0.1 8.902593e+03 8.870710e+03 8.832586e+03 8.864470e+03
1.1 8.911842e+03 8.874261e+03 8.836617e+03 8.874198e+03
2.1 8.942785e+03 8.881571e+03 8.876420e+03 8.937633e+03
3.1 8.974154e+03 8.882238e+03 8.922123e+03 9.014039e+03
4.1 8.798857e+03 8.840633e+03 8.909992e+03 8.868216e+03
5.1 8.795265e+03 8.791056e+03 8.872753e+03 8.876962e+03
6.1 8.666916e+03 8.761077e+03 8.844965e+03 8.750805e+03
7.1 8.652248e+03 8.749165e+03 8.830512e+03 8.733595e+03
8.1 8.633230e+03 8.747501e+03 8.824857e+03 8.710585e+03
9.1 8.693366e+03 8.750675e+03 8.824417e+03 8.767108e+03
10.1 8.700085e+03 8.771083e+03 8.842211e+03 8.771214e+03
11.1 8.783248e+03 8.827454e+03 8.885133e+03 8.840927e+03
12.1 8.803866e+03 8.876355e+03 8.889209e+03 8.816721e+03
13.1 8.787328e+03 8.892234e+03 8.865310e+03 8.760404e+03
14.1 8.771702e+03 8.889415e+03 8.844428e+03 8.726715e+03
15.1 8.787539e+03 8.887237e+03 8.832920e+03 8.733222e+03
16.1 8.803057e+03 8.876392e+03 8.827983e+03 8.754647e+03
17.1 8.825623e+03 8.874730e+03 8.826967e+03 8.777860e+03
18.1 8.829361e+03 8.870727e+03 8.827978e+03 8.786611e+03
0.5 8.693366e+03 8.750675e+03 8.824417e+03 8.767108e+03
1.5 8.700085e+03 8.771083e+03 8.842211e+03 8.771214e+03
2.5 8.783248e+03 8.827454e+03 8.885133e+03 8.840927e+03
3.5 8.803866e+03 8.876355e+03 8.889209e+03 8.816721e+03
4.5 8.787328e+03 8.892234e+03 8.865310e+03 8.760404e+03
5.5 8.771702e+03 8.889415e+03 8.844428e+03 8.726715e+03
6.5 8.787539e+03 8.887237e+03 8.832920e+03 8.733222e+03
7.5 8.803057e+03 8.876392e+03 8.827983e+03 8.754647e+03
8.5 8.825623e+03 8.874730e+03 8.826967e+03 8.777860e+03
9.5 8.829361e+03 8.870727e+03 8.827978e+03 8.786611e+03
10.5 8.854385e+03 8.870333e+03 8.829594e+03 8.813646e+03
11.5 8.858959e+03 8.871472e+03 8.831005e+03 8.818492e+03
12.5 8.886535e+03 8.869925e+03 8.831958e+03 8.848569e+03
13.5 8.881093e+03 8.872923e+03 8.832501e+03 8.840672e+03
14.5 8.880033e+03 8.869833e+03 8.832776e+03 8.842976e+03
15.5 8.891425e+03 8.872678e+03 8.832910e+03 8.851657e+03
16.5 8.896764e+03 8.870219e+03 8.832984e+03 8.859528e+03
17.5 8.914611e+03 8.871301e+03 8.833039e+03 8.876349e+03
18.5 8.914698e+03 8.871165e+03 8.833095e+03 8.876627e+03
0.0 8.901246e+03 8.869824e+03 8.833163e+03 8.864586e+03
1.0 8.995699e+03 8.873274e+03 8.836529e+03 8.958954e+03
2.0 8.986802e+03 8.879928e+03 8.874283e+03 8.981157e+03
3.0 9.008259e+03 8.882119e+03 8.922034e+03 9.048173e+03
4.0 8.843127e+03 8.842031e+03 8.912688e+03 8.913785e+03
5.0 8.707148e+03 8.791681e+03 8.875735e+03 8.791202e+03
6.0 8.691301e+03 8.760378e+03 8.847423e+03 8.778346e+03
7.0 8.747519e+03 8.747463e+03 8.832633e+03 8.832690e+03
8.0 8.710031e+03 8.745091e+03 8.826897e+03 8.791837e+03
9.0 8.722175e+03 8.747717e+03 8.826566e+03 8.801024e+03
10.0 8.708495e+03 8.767643e+03 8.844624e+03 8.785476e+03
11.0 8.729122e+03 8.823522e+03 8.887921e+03 8.793521e+03
12.0 8.762201e+03 8.871860e+03 8.892447e+03 8.782788e+03
13.0 8.792901e+03 8.887500e+03 8.869042e+03 8.774443e+03
14.0 8.817604e+03 8.884731e+03 8.848692e+03 8.781565e+03
15.0 8.850244e+03 8.881562e+03 8.837755e+03 8.806436e+03
16.0 8.866085e+03 8.871063e+03 8.833432e+03 8.828454e+03
17.0 8.859365e+03 8.868315e+03 8.833078e+03 8.824128e+03
18.0 8.810494e+03 8.861478e+03 8.834800e+03 8.783816e+03
0.5 8.722175e+03 8.747717e+03 8.826566e+03 8.801024e+03
1.5 8.708495e+03 8.767643e+03 8.844624e+03 8.785476e+03
2.5 8.729122e+03 8.823522e+03 8.887921e+03 8.793521e+03
3.5 8.762201e+03 8.871860e+03 8.892447e+03 8.782788e+03
4.5 8.792901e+03 8.887500e+03 8.869042e+03 8.774443e+03
5.5 8.817604e+03 8.884731e+03 8.848692e+03 8.781565e+03
6.5 8.850244e+03 8.881562e+03 8.837755e+03 8.806436e+03
7.5 8.866085e+03 8.871063e+03 8.833432e+03 8.828454e+03
8.5 8.859365e+03 8.868315e+03 8.833078e+03 8.824128e+03
9.5 8.810494e+03 8.861478e+03 8.834800e+03 8.783816e+03
10.5 8.813113e+03 8.859664e+03 8.837175e+03 8.790623e+03
11.5 8.852014e+03 8.858359e+03 8.839363e+03 8.833018e+03
12.5 8.896136e+03 8.855655e+03 8.841101e+03 8.881582e+03
13.5 8.896086e+03 8.856506e+03 8.842478e+03 8.882058e+03
14.5 8.899812e+03 8.851085e+03 8.843662e+03 8.892389e+03
15.5 8.884809e+03 8.852573e+03 8.844774e+03 8.877010e+03
16.5 8.868129e+03 8.848714e+03 8.845878e+03 8.865293e+03
17.5 8.851912e+03 8.848840e+03 8.847001e+03 8.850072e+03
18.5 8.854047e+03 8.845644e+03 8.848151e+03 8.856553e+03
