8.871378e+03 8.774555e+03 8.758873e+03 8.887059e+03
8.813881e+03 8.773205e+03 8.773936e+03 8.813149e+03
8.794718e+03 8.782682e+03 8.824372e+03 8.753028e+03
8.804785e+03 8.824765e+03 8.868980e+03 8.760570e+03
8.826376e+03 8.865245e+03 8.884681e+03 8.806939e+03
8.830078e+03 8.884138e+03 8.882339e+03 8.831878e+03
8.856543e+03 8.893970e+03 8.880560e+03 8.869954e+03
8.837740e+03 8.890445e+03 8.872079e+03 8.856106e+03
8.798458e+03 8.889904e+03 8.870518e+03 8.817845e+03
8.832388e+03 8.883929e+03 8.865535e+03 8.850782e+03
8.908490e+03 8.882037e+03 8.865220e+03 8.925307e+03
8.896001e+03 8.880544e+03 8.865072e+03 8.911473e+03
8.898009e+03 8.878429e+03 8.863822e+03 8.912616e+03
8.881996e+03 8.880877e+03 8.866723e+03 8.896151e+03
8.847153e+03 8.878273e+03 8.864296e+03 8.861129e+03
8.862919e+03 8.881925e+03 8.867975e+03 8.876868e+03
8.885248e+03 8.879843e+03 8.865851e+03 8.899241e+03
8.891697e+03 8.882245e+03 8.868180e+03 8.905761e+03
8.850007e+03 8.882182e+03 8.868040e+03 8.864150e+03
8.831649e+03 8.882116e+03 8.867895e+03 8.845870e+03
8.872071e+03 8.881636e+03 8.871790e+03 8.881918e+03
8.961203e+03 8.848855e+03 8.879786e+03 8.930272e+03
8.934727e+03 8.804460e+03 8.879993e+03 8.859193e+03
8.908774e+03 8.775895e+03 8.837988e+03 8.846681e+03
8.860138e+03 8.764265e+03 8.789074e+03 8.835329e+03
8.829591e+03 8.762566e+03 8.759933e+03 8.832224e+03
8.806875e+03 8.765455e+03 8.748630e+03 8.823700e+03
8.818497e+03 8.769698e+03 8.747370e+03 8.840825e+03
8.830719e+03 8.773504e+03 8.750813e+03 8.853410e+03
8.827309e+03 8.776258e+03 8.771380e+03 8.832188e+03
8.823016e+03 8.789144e+03 8.827167e+03 8.784993e+03
8.855399e+03 8.833518e+03 8.875597e+03 8.813321e+03
8.861733e+03 8.874449e+03 8.892607e+03 8.843575e+03
8.861175e+03 8.893719e+03 8.890965e+03 8.863928e+03
8.879434e+03 8.903425e+03 8.889135e+03 8.893724e+03
8.935041e+03 8.899058e+03 8.879808e+03 8.954291e+03
8.948535e+03 8.898491e+03 8.878208e+03 8.968817e+03
8.926638e+03 8.892846e+03 8.873559e+03 8.945925e+03
8.921468e+03 8.891075e+03 8.873387e+03 8.939156e+03
8.922501e+03 8.889925e+03 8.873620e+03 8.938805e+03
8.894470e+03 8.888235e+03 8.872842e+03 8.909864e+03
8.896240e+03 8.889314e+03 8.874410e+03 8.911143e+03
8.902818e+03 8.883938e+03 8.869259e+03 8.917498e+03
8.897010e+03 8.886844e+03 8.872253e+03 8.911601e+03
8.889616e+03 8.885088e+03 8.870524e+03 8.904180e+03
8.899152e+03 8.887371e+03 8.872809e+03 8.913714e+03
8.924790e+03 8.887308e+03 8.872736e+03 8.939362e+03
8.903874e+03 8.886665e+03 8.872083e+03 8.918456e+03
8.913060e+03 8.886185e+03 8.875633e+03 8.923612e+03
8.943921e+03 8.853701e+03 8.882943e+03 8.914680e+03
8.975562e+03 8.808676e+03 8.883611e+03 8.900628e+03
8.800282e+03 8.779210e+03 8.842016e+03 8.737476e+03
8.796749e+03 8.766876e+03 8.792451e+03 8.771173e+03
8.668453e+03 8.764685e+03 8.762479e+03 8.670659e+03
8.653807e+03 8.767226e+03 8.750570e+03 8.670463e+03
8.634754e+03 8.771216e+03 8.748907e+03 8.657064e+03
8.694875e+03 8.774829e+03 8.752080e+03 8.717625e+03
8.701593e+03 8.777442e+03 8.772482e+03 8.706552e+03
8.784584e+03 8.790887e+03 8.828840e+03 8.746631e+03
8.805354e+03 8.835700e+03 8.877728e+03 8.763326e+03
8.788868e+03 8.875468e+03 8.893602e+03 8.770734e+03
8.773068e+03 8.893526e+03 8.890783e+03 8.775811e+03
8.788891e+03 8.902854e+03 8.888606e+03 8.803139e+03
8.804415e+03 8.896948e+03 8.877764e+03 8.823599e+03
8.827001e+03 8.896302e+03 8.876102e+03 8.847201e+03
8.830805e+03 8.891290e+03 8.872100e+03 8.849994e+03
8.855970e+03 8.889280e+03 8.871706e+03 8.873544e+03
8.860241e+03 8.889008e+03 8.872845e+03 8.876404e+03
8.887912e+03 8.886508e+03 8.871298e+03 8.903121e+03
8.882485e+03 8.888962e+03 8.874295e+03 8.897152e+03
8.881456e+03 8.885598e+03 8.871206e+03 8.895849e+03
8.892906e+03 8.888309e+03 8.874051e+03 8.907165e+03
8.898169e+03 8.885777e+03 8.871592e+03 8.912353e+03
8.916090e+03 8.886804e+03 8.872674e+03 8.930220e+03
8.916097e+03 8.886612e+03 8.872539e+03 8.930171e+03
8.902818e+03 8.885202e+03 8.871197e+03 8.916823e+03
8.997140e+03 8.885287e+03 8.874647e+03 9.007780e+03
8.988514e+03 8.854195e+03 8.881300e+03 8.961409e+03
9.009564e+03 8.808648e+03 8.883492e+03 8.934720e+03
8.844480e+03 8.777913e+03 8.843414e+03 8.778979e+03
8.708526e+03 8.764519e+03 8.793076e+03 8.679969e+03
8.692814e+03 8.761529e+03 8.761780e+03 8.692563e+03
8.748832e+03 8.763404e+03 8.748868e+03 8.763367e+03
8.711615e+03 8.766768e+03 8.746497e+03 8.731885e+03
8.723639e+03 8.769723e+03 8.749122e+03 8.744240e+03
8.709885e+03 8.771590e+03 8.769043e+03 8.712432e+03
8.730542e+03 8.784169e+03 8.824910e+03 8.689802e+03
8.763701e+03 8.827969e+03 8.873234e+03 8.718436e+03
8.794187e+03 8.867004e+03 8.888870e+03 8.772322e+03
8.819017e+03 8.884581e+03 8.886101e+03 8.817497e+03
8.851624e+03 8.892347e+03 8.882933e+03 8.861039e+03
8.867548e+03 8.886173e+03 8.872436e+03 8.881285e+03
8.860753e+03 8.883779e+03 8.869689e+03 8.874843e+03
8.811794e+03 8.875222e+03 8.862854e+03 8.824162e+03
8.814473e+03 8.871035e+03 8.861040e+03 8.824468e+03
8.853323e+03 8.867542e+03 8.859736e+03 8.861129e+03
8.897580e+03 8.863101e+03 8.857033e+03 8.903649e+03
8.897410e+03 8.862575e+03 8.857883e+03 8.902103e+03
8.901236e+03 8.855972e+03 8.852463e+03 8.904745e+03
8.886095e+03 8.856348e+03 8.853951e+03 8.888492e+03
8.869586e+03 8.851387e+03 8.850093e+03 8.870879e+03
8.853333e+03 8.850390e+03 8.850219e+03 8.853503e+03
8.855338e+03 8.846045e+03 8.847025e+03 8.854359e+03
8.894264e+03 8.840721e+03 8.842845e+03 8.892140e+03
