1.020060e+04 1.005585e+04 1.003844e+04 1.021801e+04
1.003792e+04 1.005398e+04 1.005479e+04 1.003710e+04
1.012060e+04 1.006711e+04 1.011338e+04 1.007432e+04
1.009292e+04 1.012540e+04 1.017448e+04 1.004384e+04
1.015784e+04 1.018147e+04 1.020304e+04 1.013627e+04
1.014705e+04 1.020764e+04 1.020564e+04 1.014905e+04
1.027295e+04 1.022126e+04 1.020637e+04 1.028783e+04
1.013198e+04 1.021638e+04 1.019599e+04 1.015237e+04
1.013789e+04 1.021563e+04 1.019411e+04 1.015941e+04
1.019627e+04 1.020735e+04 1.018693e+04 1.021668e+04
1.027880e+04 1.020473e+04 1.018606e+04 1.029747e+04
1.022967e+04 1.020266e+04 1.018549e+04 1.024685e+04
1.019665e+04 1.019973e+04 1.018352e+04 1.021286e+04
1.016054e+04 1.020312e+04 1.018741e+04 1.017626e+04
1.014272e+04 1.019951e+04 1.018400e+04 1.015823e+04
1.014728e+04 1.020457e+04 1.018909e+04 1.016276e+04
1.018738e+04 1.020169e+04 1.018616e+04 1.020292e+04
1.021249e+04 1.020502e+04 1.018940e+04 1.022810e+04
1.011063e+04 1.020493e+04 1.018923e+04 1.012633e+04
1.008260e+04 1.020484e+04 1.018905e+04 1.009838e+04
1.018102e+04 1.020417e+04 1.019324e+04 1.019195e+04
1.021221e+04 1.015877e+04 1.019310e+04 1.017787e+04
1.026248e+04 1.009727e+04 1.018112e+04 1.017864e+04
1.016072e+04 1.005770e+04 1.012663e+04 1.009179e+04
1.014196e+04 1.004159e+04 1.006913e+04 1.011442e+04
1.014845e+04 1.003924e+04 1.003632e+04 1.015138e+04
1.008321e+04 1.004324e+04 1.002457e+04 1.010188e+04
1.006050e+04 1.004912e+04 1.002434e+04 1.008528e+04
1.015689e+04 1.005439e+04 1.002920e+04 1.018208e+04
1.014195e+04 1.005821e+04 1.005279e+04 1.014737e+04
1.011992e+04 1.007606e+04 1.011826e+04 1.007771e+04
1.010821e+04 1.013752e+04 1.018423e+04 1.006150e+04
1.019686e+04 1.019422e+04 1.021437e+04 1.017670e+04
1.021007e+04 1.022091e+04 1.021785e+04 1.021313e+04
1.015638e+04 1.023436e+04 1.021849e+04 1.017224e+04
1.021366e+04 1.022831e+04 1.020694e+04 1.023503e+04
1.033910e+04 1.022752e+04 1.020501e+04 1.036161e+04
1.030013e+04 1.021970e+04 1.019829e+04 1.032154e+04
1.023266e+04 1.021725e+04 1.019761e+04 1.025230e+04
1.016948e+04 1.021565e+04 1.019756e+04 1.018758e+04
1.021275e+04 1.021332e+04 1.019623e+04 1.022984e+04
1.026113e+04 1.021481e+04 1.019827e+04 1.027767e+04
1.021853e+04 1.020736e+04 1.019107e+04 1.023483e+04
1.010356e+04 1.021139e+04 1.019519e+04 1.011975e+04
1.011523e+04 1.020896e+04 1.019279e+04 1.013140e+04
1.020597e+04 1.021212e+04 1.019595e+04 1.022214e+04
1.009743e+04 1.021203e+04 1.019585e+04 1.011361e+04
1.028763e+04 1.021114e+04 1.019495e+04 1.030382e+04
1.012694e+04 1.021047e+04 1.019876e+04 1.013865e+04
1.028436e+04 1.016548e+04 1.019794e+04 1.025190e+04
1.022793e+04 1.010311e+04 1.018629e+04 1.014475e+04
1.008493e+04 1.006230e+04 1.013201e+04 1.001522e+04
1.007886e+04 1.004521e+04 1.007360e+04 1.005047e+04
1.005434e+04 1.004218e+04 1.003973e+04 1.005679e+04
9.968915e+03 1.004570e+04 1.002721e+04 9.987404e+03
9.974364e+03 1.005122e+04 1.002646e+04 9.999129e+03
9.906769e+03 1.005623e+04 1.003097e+04 9.932022e+03
1.000744e+04 1.005985e+04 1.005434e+04 1.001295e+04
1.013924e+04 1.007847e+04 1.012060e+04 1.009711e+04
1.018118e+04 1.014054e+04 1.018720e+04 1.013453e+04
1.014229e+04 1.019563e+04 1.021576e+04 1.012216e+04
1.016000e+04 1.022064e+04 1.021760e+04 1.016304e+04
1.013850e+04 1.023356e+04 1.021775e+04 1.015432e+04
1.019620e+04 1.022538e+04 1.020409e+04 1.021749e+04
1.021170e+04 1.022449e+04 1.020207e+04 1.023412e+04
1.019864e+04 1.021755e+04 1.019624e+04 1.021994e+04
1.016871e+04 1.021476e+04 1.019525e+04 1.018822e+04
1.017824e+04 1.021439e+04 1.019644e+04 1.019619e+04
1.021610e+04 1.021092e+04 1.019404e+04 1.023298e+04
1.020472e+04 1.021432e+04 1.019804e+04 1.022101e+04
1.021607e+04 1.020966e+04 1.019369e+04 1.023204e+04
1.020514e+04 1.021342e+04 1.019759e+04 1.022096e+04
1.019650e+04 1.020991e+04 1.019416e+04 1.021225e+04
1.029944e+04 1.021133e+04 1.019565e+04 1.031513e+04
1.025643e+04 1.021107e+04 1.019544e+04 1.027205e+04
1.026654e+04 1.020911e+04 1.019357e+04 1.028209e+04
1.029665e+04 1.020923e+04 1.019742e+04 1.030847e+04
1.026070e+04 1.016616e+04 1.019625e+04 1.023061e+04
1.030134e+04 1.010307e+04 1.018615e+04 1.021825e+04
1.003117e+04 1.006050e+04 1.013321e+04 9.958456e+03
9.949415e+03 1.004195e+04 1.007365e+04 9.917716e+03
1.002238e+04 1.003781e+04 1.003808e+04 1.002211e+04
9.997613e+03 1.004040e+04 1.002427e+04 1.001375e+04
9.945854e+03 1.004506e+04 1.002256e+04 9.968355e+03
9.932507e+03 1.004916e+04 1.002629e+04 9.955375e+03
9.937537e+03 1.005174e+04 1.004891e+04 9.940364e+03
1.007814e+04 1.006917e+04 1.011439e+04 1.003292e+04
1.014407e+04 1.012984e+04 1.018008e+04 1.009382e+04
1.011351e+04 1.018391e+04 1.020818e+04 1.008924e+04
1.024523e+04 1.020825e+04 1.020994e+04 1.024354e+04
1.020402e+04 1.021901e+04 1.020856e+04 1.021447e+04
1.022153e+04 1.021046e+04 1.019521e+04 1.023678e+04
1.018183e+04 1.020714e+04 1.019150e+04 1.019747e+04
1.010727e+04 1.019529e+04 1.018156e+04 1.012100e+04
1.015709e+04 1.018949e+04 1.017840e+04 1.016818e+04
1.024708e+04 1.018465e+04 1.017599e+04 1.025575e+04
1.023104e+04 1.017850e+04 1.017176e+04 1.023778e+04
1.013900e+04 1.017777e+04 1.017256e+04 1.014421e+04
1.020491e+04 1.016862e+04 1.016473e+04 1.020880e+04
1.023590e+04 1.016915e+04 1.016648e+04 1.023856e+04
1.018893e+04 1.016227e+04 1.016084e+04 1.019037e+04
1.014095e+04 1.016089e+04 1.016070e+04 1.014114e+04
1.009048e+04 1.015487e+04 1.015596e+04 1.008939e+04
1.022844e+04 1.014750e+04 1.014986e+04 1.022608e+04
