1.0 1.211064e+04 1.206089e+04 1.206178e+04 1.211154e+04
2.0 1.198936e+04 1.207966e+04 1.207928e+04 1.198898e+04
3.0 1.206403e+04 1.209534e+04 1.209424e+04 1.206294e+04
4.0 1.209936e+04 1.208781e+04 1.208640e+04 1.209795e+04
5.0 1.201462e+04 1.207483e+04 1.207334e+04 1.201314e+04
6.0 1.209525e+04 1.207839e+04 1.207695e+04 1.209381e+04
7.0 1.203394e+04 1.209347e+04 1.209212e+04 1.203260e+04
8.0 1.210967e+04 1.208856e+04 1.208730e+04 1.210841e+04
9.0 1.213457e+04 1.207414e+04 1.207375e+04 1.213418e+04
10.0 1.204257e+04 1.206230e+04 1.206431e+04 1.204458e+04
11.0 1.205717e+04 1.205758e+04 1.205986e+04 1.205945e+04
12.0 1.210720e+04 1.205792e+04 1.205878e+04 1.210806e+04
13.0 1.203430e+04 1.207184e+04 1.207143e+04 1.203389e+04
14.0 1.214864e+04 1.209294e+04 1.209182e+04 1.214752e+04
15.0 1.208196e+04 1.209090e+04 1.208948e+04 1.208054e+04
16.0 1.212820e+04 1.207725e+04 1.207658e+04 1.212753e+04
17.0 1.209241e+04 1.206506e+04 1.206681e+04 1.209416e+04
18.0 1.209603e+04 1.205965e+04 1.206176e+04 1.209814e+04
19.0 1.200098e+04 1.205902e+04 1.205979e+04 1.200175e+04
0.8 1.201462e+04 1.207483e+04 1.207334e+04 1.201314e+04
1.7 1.209525e+04 1.207839e+04 1.207695e+04 1.209381e+04
2.7 1.203394e+04 1.209347e+04 1.209212e+04 1.203260e+04
3.7 1.210967e+04 1.208856e+04 1.208730e+04 1.210841e+04
4.7 1.213457e+04 1.207414e+04 1.207375e+04 1.213418e+04
5.7 1.204257e+04 1.206230e+04 1.206431e+04 1.204458e+04
6.7 1.205717e+04 1.205758e+04 1.205986e+04 1.205945e+04
7.7 1.210720e+04 1.205792e+04 1.205878e+04 1.210806e+04
8.7 1.203430e+04 1.207184e+04 1.207143e+04 1.203389e+04
9.7 1.214864e+04 1.209294e+04 1.209182e+04 1.214752e+04
10.7 1.208196e+04 1.209090e+04 1.208948e+04 1.208054e+04
11.7 1.212820e+04 1.207725e+04 1.207658e+04 1.212753e+04
12.7 1.209241e+04 1.206506e+04 1.206681e+04 1.209416e+04
13.7 1.209603e+04 1.205965e+04 1.206176e+04 1.209814e+04
14.7 1.200098e+04 1.205902e+04 1.205979e+04 1.200175e+04
15.7 1.214448e+04 1.206009e+04 1.205964e+04 1.214403e+04
16.7 1.207623e+04 1.206149e+04 1.206036e+04 1.207511e+04
17.7 1.204787e+04 1.206408e+04 1.206267e+04 1.204646e+04
18.7 1.215204e+04 1.208225e+04 1.208077e+04 1.215057e+04
0.7 1.210720e+04 1.205792e+04 1.205878e+04 1.210806e+04
1.7 1.203430e+04 1.207184e+04 1.207143e+04 1.203389e+04
2.7 1.214864e+04 1.209294e+04 1.209182e+04 1.214752e+04
3.7 1.208196e+04 1.209090e+04 1.208948e+04 1.208054e+04
4.7 1.212820e+04 1.207725e+04 1.207658e+04 1.212753e+04
5.7 1.209241e+04 1.206506e+04 1.206681e+04 1.209416e+04
6.7 1.209603e+04 1.205965e+04 1.206176e+04 1.209814e+04
7.7 1.200098e+04 1.205902e+04 1.205979e+04 1.200175e+04
8.7 1.214448e+04 1.206009e+04 1.205964e+04 1.214403e+04
9.7 1.207623e+04 1.206149e+04 1.206036e+04 1.207511e+04
10.7 1.204787e+04 1.206408e+04 1.206267e+04 1.204646e+04
11.7 1.215204e+04 1.208225e+04 1.208077e+04 1.215057e+04
12.7 1.203618e+04 1.209751e+04 1.209610e+04 1.203476e+04
13.7 1.214487e+04 1.208973e+04 1.208841e+04 1.214356e+04
14.7 1.204814e+04 1.207611e+04 1.207504e+04 1.204707e+04
15.7 1.216502e+04 1.206528e+04 1.206617e+04 1.216591e+04
16.7 1.205675e+04 1.205925e+04 1.206180e+04 1.205930e+04
17.7 1.211744e+04 1.205855e+04 1.206025e+04 1.211914e+04
18.7 1.201555e+04 1.205967e+04 1.206030e+04 1.201618e+04
1.0 1.204787e+04 1.206408e+04 1.206267e+04 1.204646e+04
2.0 1.215204e+04 1.208225e+04 1.208077e+04 1.215057e+04
3.0 1.203618e+04 1.209751e+04 1.209610e+04 1.203476e+04
4.0 1.214487e+04 1.208973e+04 1.208841e+04 1.214356e+04
5.0 1.204814e+04 1.207611e+04 1.207504e+04 1.204707e+04
6.0 1.216502e+04 1.206528e+04 1.206617e+04 1.216591e+04
7.0 1.205675e+04 1.205925e+04 1.206180e+04 1.205930e+04
8.0 1.211744e+04 1.205855e+04 1.206025e+04 1.211914e+04
9.0 1.201555e+04 1.205967e+04 1.206030e+04 1.201618e+04
10.0 1.204694e+04 1.205912e+04 1.206106e+04 1.204888e+04
11.0 1.210082e+04 1.205947e+04 1.206190e+04 1.210324e+04
12.0 1.204225e+04 1.206149e+04 1.206252e+04 1.204329e+04
13.0 1.205402e+04 1.206325e+04 1.206290e+04 1.205367e+04
14.0 1.213340e+04 1.206420e+04 1.206310e+04 1.213231e+04
15.0 1.201686e+04 1.206375e+04 1.206319e+04 1.201630e+04
16.0 1.202391e+04 1.206146e+04 1.206322e+04 1.202567e+04
17.0 1.204663e+04 1.206112e+04 1.206323e+04 1.204874e+04
18.0 1.203529e+04 1.206227e+04 1.206322e+04 1.203623e+04
19.0 1.201073e+04 1.206152e+04 1.206320e+04 1.201241e+04
0.3 1.202333e+04 1.206399e+04 1.206309e+04 1.202243e+04
1.3 1.208892e+04 1.206801e+04 1.206673e+04 1.208764e+04
2.3 1.215065e+04 1.208885e+04 1.208749e+04 1.214929e+04
3.3 1.206685e+04 1.209751e+04 1.209621e+04 1.206555e+04
4.3 1.212241e+04 1.208618e+04 1.208500e+04 1.212124e+04
5.3 1.209823e+04 1.207326e+04 1.207220e+04 1.209717e+04
6.3 1.209076e+04 1.206547e+04 1.206449e+04 1.208978e+04
7.3 1.207553e+04 1.206548e+04 1.206455e+04 1.207460e+04
8.3 1.208014e+04 1.208511e+04 1.208421e+04 1.207924e+04
9.3 1.216522e+04 1.209409e+04 1.209321e+04 1.216433e+04
10.3 1.197849e+04 1.208366e+04 1.208279e+04 1.197761e+04
11.3 1.216017e+04 1.207197e+04 1.207110e+04 1.215931e+04
12.3 1.207544e+04 1.207724e+04 1.207638e+04 1.207459e+04
13.3 1.212490e+04 1.209339e+04 1.209254e+04 1.212405e+04
14.3 1.200059e+04 1.208903e+04 1.208818e+04 1.199974e+04
15.3 1.204406e+04 1.207560e+04 1.207477e+04 1.204323e+04
16.3 1.218158e+04 1.206607e+04 1.206524e+04 1.218075e+04
17.3 1.204284e+04 1.206142e+04 1.206060e+04 1.204202e+04
18.3 1.206456e+04 1.205976e+04 1.205894e+04 1.206374e+04
0.3 1.209076e+04 1.206547e+04 1.206449e+04 1.208978e+04
1.3 1.207553e+04 1.206548e+04 1.206455e+04 1.207460e+04
2.3 1.208014e+04 1.208511e+04 1.208421e+04 1.207924e+04
3.3 1.216522e+04 1.209409e+04 1.209321e+04 1.216433e+04
4.3 1.197849e+04 1.208366e+04 1.208279e+04 1.197761e+04
5.3 1.216017e+04 1.207197e+04 1.207110e+04 1.215931e+04
6.3 1.207544e+04 1.207724e+04 1.207638e+04 1.207459e+04
7.3 1.212490e+04 1.209339e+04 1.209254e+04 1.212405e+04
8.3 1.200059e+04 1.208903e+04 1.208818e+04 1.199974e+04
9.3 1.204406e+04 1.207560e+04 1.207477e+04 1.204323e+04
10.3 1.218158e+04 1.206607e+04 1.206524e+04 1.218075e+04
11.3 1.204284e+04 1.206142e+04 1.206060e+04 1.204202e+04
12.3 1.206456e+04 1.205976e+04 1.205894e+04 1.206374e+04
13.3 1.203609e+04 1.205971e+04 1.205893e+04 1.203531e+04
14.3 1.210770e+04 1.205908e+04 1.205967e+04 1.210829e+04
15.3 1.203267e+04 1.205781e+04 1.206053e+04 1.203539e+04
16.3 1.204201e+04 1.205884e+04 1.206119e+04 1.204437e+04
17.3 1.201560e+04 1.206074e+04 1.206159e+04 1.201645e+04
18.3 1.209806e+04 1.206206e+04 1.206178e+04 1.209779e+04
0.8 1.216017e+04 1.207197e+04 1.207110e+04 1.215931e+04
1.8 1.207544e+04 1.207724e+04 1.207638e+04 1.207459e+04
2.8 1.212490e+04 1.209339e+04 1.209254e+04 1.212405e+04
3.8 1.200059e+04 1.208903e+04 1.208818e+04 1.199974e+04
4.8 1.204406e+04 1.207560e+04 1.207477e+04 1.204323e+04
5.8 1.218158e+04 1.206607e+04 1.206524e+04 1.218075e+04
6.8 1.204284e+04 1.206142e+04 1.206060e+04 1.204202e+04
7.8 1.206456e+04 1.205976e+04 1.205894e+04 1.206374e+04
8.8 1.203609e+04 1.205971e+04 1.205893e+04 1.203531e+04
9.8 1.210770e+04 1.205908e+04 1.205967e+04 1.210829e+04
10.8 1.203267e+04 1.205781e+04 1.206053e+04 1.203539e+04
11.8 1.204201e+04 1.205884e+04 1.206119e+04 1.204437e+04
12.8 1.201560e+04 1.206074e+04 1.206159e+04 1.201645e+04
13.8 1.209806e+04 1.206206e+04 1.206178e+04 1.209779e+04
14.8 1.206863e+04 1.206275e+04 1.206189e+04 1.206776e+04
15.8 1.200343e+04 1.207049e+04 1.206939e+04 1.200233e+04
16.8 1.212669e+04 1.209212e+04 1.209098e+04 1.212555e+04
17.8 1.215219e+04 1.209440e+04 1.209334e+04 1.215113e+04
18.8 1.209786e+04 1.208264e+04 1.208167e+04 1.209689e+04
0.5 1.206863e+04 1.206275e+04 1.206189e+04 1.206776e+04
1.5 1.200343e+04 1.207049e+04 1.206939e+04 1.200233e+04
2.5 1.212669e+04 1.209212e+04 1.209098e+04 1.212555e+04
3.5 1.215219e+04 1.209440e+04 1.209334e+04 1.215113e+04
4.5 1.209786e+04 1.208264e+04 1.208167e+04 1.209689e+04
5.5 1.205345e+04 1.208827e+04 1.208737e+04 1.205255e+04
6.5 1.212021e+04 1.209654e+04 1.209569e+04 1.211936e+04
7.5 1.215267e+04 1.208569e+04 1.208486e+04 1.215184e+04
8.5 1.205844e+04 1.207141e+04 1.207064e+04 1.205767e+04
9.5 1.207208e+04 1.206153e+04 1.206212e+04 1.207267e+04
10.5 1.200979e+04 1.205578e+04 1.205851e+04 1.201252e+04
11.5 1.211990e+04 1.205527e+04 1.205763e+04 1.212225e+04
12.5 1.196012e+04 1.205727e+04 1.205812e+04 1.196097e+04
13.5 1.202168e+04 1.206307e+04 1.206278e+04 1.202140e+04
14.5 1.193913e+04 1.208539e+04 1.208451e+04 1.193825e+04
15.5 1.204668e+04 1.209505e+04 1.209393e+04 1.204556e+04
16.5 1.209411e+04 1.208428e+04 1.208313e+04 1.209296e+04
17.5 1.215656e+04 1.207082e+04 1.207056e+04 1.215629e+04
18.5 1.209506e+04 1.206077e+04 1.206297e+04 1.209726e+04
1.0 1.209786e+04 1.208264e+04 1.208167e+04 1.209689e+04
2.0 1.205345e+04 1.208827e+04 1.208737e+04 1.205255e+04
3.0 1.212021e+04 1.209654e+04 1.209569e+04 1.211936e+04
4.0 1.215267e+04 1.208569e+04 1.208486e+04 1.215184e+04
5.0 1.205844e+04 1.207141e+04 1.207064e+04 1.205767e+04
6.0 1.207208e+04 1.206153e+04 1.206212e+04 1.207267e+04
7.0 1.200979e+04 1.205578e+04 1.205851e+04 1.201252e+04
8.0 1.211990e+04 1.205527e+04 1.205763e+04 1.212225e+04
9.0 1.196012e+04 1.205727e+04 1.205812e+04 1.196097e+04
10.0 1.202168e+04 1.206307e+04 1.206278e+04 1.202140e+04
11.0 1.193913e+04 1.208539e+04 1.208451e+04 1.193825e+04
12.0 1.204668e+04 1.209505e+04 1.209393e+04 1.204556e+04
13.0 1.209411e+04 1.208428e+04 1.208313e+04 1.209296e+04
14.0 1.215656e+04 1.207082e+04 1.207056e+04 1.215629e+04
15.0 1.209506e+04 1.206077e+04 1.206297e+04 1.209726e+04
16.0 1.204410e+04 1.205689e+04 1.205942e+04 1.204663e+04
17.0 1.212267e+04 1.205679e+04 1.205834e+04 1.212422e+04
18.0 1.209628e+04 1.205604e+04 1.205862e+04 1.209885e+04
19.0 1.201416e+04 1.205659e+04 1.205942e+04 1.201700e+04
0.3 1.196012e+04 1.205727e+04 1.205812e+04 1.196097e+04
1.3 1.202168e+04 1.206307e+04 1.206278e+04 1.202140e+04
2.3 1.193913e+04 1.208539e+04 1.208451e+04 1.193825e+04
3.3 1.204668e+04 1.209505e+04 1.209393e+04 1.204556e+04
4.3 1.209411e+04 1.208428e+04 1.208313e+04 1.209296e+04
5.3 1.215656e+04 1.207082e+04 1.207056e+04 1.215629e+04
6.3 1.209506e+04 1.206077e+04 1.206297e+04 1.209726e+04
7.3 1.204410e+04 1.205689e+04 1.205942e+04 1.204663e+04
8.3 1.212267e+04 1.205679e+04 1.205834e+04 1.212422e+04
9.3 1.209628e+04 1.205604e+04 1.205862e+04 1.209885e+04
10.3 1.201416e+04 1.205659e+04 1.205942e+04 1.201700e+04
11.3 1.201901e+04 1.205891e+04 1.206021e+04 1.202031e+04
12.3 1.213383e+04 1.206094e+04 1.206077e+04 1.213366e+04
13.3 1.213298e+04 1.206206e+04 1.206110e+04 1.213201e+04
14.3 1.206313e+04 1.206254e+04 1.206127e+04 1.206185e+04
15.3 1.204448e+04 1.206406e+04 1.206274e+04 1.204316e+04
16.3 1.201149e+04 1.208139e+04 1.208015e+04 1.201024e+04
17.3 1.217264e+04 1.209614e+04 1.209501e+04 1.217151e+04
18.3 1.209106e+04 1.208815e+04 1.208711e+04 1.209002e+04
1.0 1.204448e+04 1.206406e+04 1.206274e+04 1.204316e+04
2.0 1.201149e+04 1.208139e+04 1.208015e+04 1.201024e+04
3.0 1.217264e+04 1.209614e+04 1.209501e+04 1.217151e+04
4.0 1.209106e+04 1.208815e+04 1.208711e+04 1.209002e+04
5.0 1.205600e+04 1.208209e+04 1.208111e+04 1.205502e+04
6.0 1.203101e+04 1.209476e+04 1.209381e+04 1.203006e+04
7.0 1.212440e+04 1.209275e+04 1.209181e+04 1.212346e+04
8.0 1.199016e+04 1.207819e+04 1.207725e+04 1.198922e+04
9.0 1.214660e+04 1.206665e+04 1.206571e+04 1.214566e+04
10.0 1.208924e+04 1.206101e+04 1.206006e+04 1.208829e+04
11.0 1.209825e+04 1.206657e+04 1.206561e+04 1.209729e+04
12.0 1.209847e+04 1.208822e+04 1.208725e+04 1.209750e+04
13.0 1.207867e+04 1.209153e+04 1.209055e+04 1.207769e+04
14.0 1.198864e+04 1.207962e+04 1.207863e+04 1.198765e+04
15.0 1.199499e+04 1.206852e+04 1.206792e+04 1.199439e+04
16.0 1.199784e+04 1.206039e+04 1.206206e+04 1.199951e+04
17.0 1.209616e+04 1.205699e+04 1.205961e+04 1.209878e+04
18.0 1.206433e+04 1.205784e+04 1.205923e+04 1.206571e+04
19.0 1.209470e+04 1.206738e+04 1.206736e+04 1.209467e+04
0.5 1.209106e+04 1.208815e+04 1.208711e+04 1.209002e+04
1.5 1.205600e+04 1.208209e+04 1.208111e+04 1.205502e+04
2.5 1.203101e+04 1.209476e+04 1.209381e+04 1.203006e+04
3.5 1.212440e+04 1.209275e+04 1.209181e+04 1.212346e+04
4.5 1.199016e+04 1.207819e+04 1.207725e+04 1.198922e+04
5.5 1.214660e+04 1.206665e+04 1.206571e+04 1.214566e+04
6.5 1.208924e+04 1.206101e+04 1.206006e+04 1.208829e+04
7.5 1.209825e+04 1.206657e+04 1.206561e+04 1.209729e+04
8.5 1.209847e+04 1.208822e+04 1.208725e+04 1.209750e+04
9.5 1.207867e+04 1.209153e+04 1.209055e+04 1.207769e+04
10.5 1.198864e+04 1.207962e+04 1.207863e+04 1.198765e+04
11.5 1.199499e+04 1.206852e+04 1.206792e+04 1.199439e+04
12.5 1.199784e+04 1.206039e+04 1.206206e+04 1.199951e+04
13.5 1.209616e+04 1.205699e+04 1.205961e+04 1.209878e+04
14.5 1.206433e+04 1.205784e+04 1.205923e+04 1.206571e+04
15.5 1.209470e+04 1.206738e+04 1.206736e+04 1.209467e+04
16.5 1.210890e+04 1.209081e+04 1.208993e+04 1.210802e+04
17.5 1.203756e+04 1.209445e+04 1.209317e+04 1.203628e+04
18.5 1.199213e+04 1.208217e+04 1.208075e+04 1.199072e+04
0.5 1.208924e+04 1.206101e+04 1.206006e+04 1.208829e+04
1.5 1.209825e+04 1.206657e+04 1.206561e+04 1.209729e+04
2.5 1.209847e+04 1.208822e+04 1.208725e+04 1.209750e+04
3.5 1.207867e+04 1.209153e+04 1.209055e+04 1.207769e+04
4.5 1.198864e+04 1.207962e+04 1.207863e+04 1.198765e+04
5.5 1.199499e+04 1.206852e+04 1.206792e+04 1.199439e+04
6.5 1.199784e+04 1.206039e+04 1.206206e+04 1.199951e+04
7.5 1.209616e+04 1.205699e+04 1.205961e+04 1.209878e+04
8.5 1.206433e+04 1.205784e+04 1.205923e+04 1.206571e+04
9.5 1.209470e+04 1.206738e+04 1.206736e+04 1.209467e+04
10.5 1.210890e+04 1.209081e+04 1.208993e+04 1.210802e+04
11.5 1.203756e+04 1.209445e+04 1.209317e+04 1.203628e+04
12.5 1.199213e+04 1.208217e+04 1.208075e+04 1.199072e+04
13.5 1.207591e+04 1.207460e+04 1.207320e+04 1.207452e+04
14.5 1.206888e+04 1.208910e+04 1.208778e+04 1.206756e+04
15.5 1.209542e+04 1.209514e+04 1.209389e+04 1.209417e+04
16.5 1.206027e+04 1.208326e+04 1.208221e+04 1.205922e+04
17.5 1.208000e+04 1.206919e+04 1.207007e+04 1.208088e+04
18.5 1.206173e+04 1.206086e+04 1.206336e+04 1.206424e+04
0.5 1.206433e+04 1.205784e+04 1.205923e+04 1.206571e+04
1.5 1.209470e+04 1.206738e+04 1.206736e+04 1.209467e+04
2.5 1.210890e+04 1.209081e+04 1.208993e+04 1.210802e+04
3.5 1.203756e+04 1.209445e+04 1.209317e+04 1.203628e+04
4.5 1.199213e+04 1.208217e+04 1.208075e+04 1.199072e+04
5.5 1.207591e+04 1.207460e+04 1.207320e+04 1.207452e+04
6.5 1.206888e+04 1.208910e+04 1.208778e+04 1.206756e+04
7.5 1.209542e+04 1.209514e+04 1.209389e+04 1.209417e+04
8.5 1.206027e+04 1.208326e+04 1.208221e+04 1.205922e+04
9.5 1.208000e+04 1.206919e+04 1.207007e+04 1.208088e+04
10.5 1.206173e+04 1.206086e+04 1.206336e+04 1.206424e+04
11.5 1.204433e+04 1.205903e+04 1.206066e+04 1.204596e+04
12.5 1.201223e+04 1.205990e+04 1.206019e+04 1.201252e+04
13.5 1.196827e+04 1.205968e+04 1.206087e+04 1.196947e+04
14.5 1.209681e+04 1.205961e+04 1.206194e+04 1.209913e+04
15.5 1.195569e+04 1.206200e+04 1.206326e+04 1.195696e+04
16.5 1.196688e+04 1.207665e+04 1.207642e+04 1.196665e+04
17.5 1.216031e+04 1.209749e+04 1.209635e+04 1.215916e+04
18.5 1.222450e+04 1.209482e+04 1.209327e+04 1.222294e+04
0.3 1.199213e+04 1.208217e+04 1.208075e+04 1.199072e+04
1.3 1.207591e+04 1.207460e+04 1.207320e+04 1.207452e+04
2.3 1.206888e+04 1.208910e+04 1.208778e+04 1.206756e+04
3.3 1.209542e+04 1.209514e+04 1.209389e+04 1.209417e+04
4.3 1.206027e+04 1.208326e+04 1.208221e+04 1.205922e+04
5.3 1.208000e+04 1.206919e+04 1.207007e+04 1.208088e+04
6.3 1.206173e+04 1.206086e+04 1.206336e+04 1.206424e+04
7.3 1.204433e+04 1.205903e+04 1.206066e+04 1.204596e+04
8.3 1.201223e+04 1.205990e+04 1.206019e+04 1.201252e+04
9.3 1.196827e+04 1.205968e+04 1.206087e+04 1.196947e+04
10.3 1.209681e+04 1.205961e+04 1.206194e+04 1.209913e+04
11.3 1.195569e+04 1.206200e+04 1.206326e+04 1.195696e+04
12.3 1.196688e+04 1.207665e+04 1.207642e+04 1.196665e+04
13.3 1.216031e+04 1.209749e+04 1.209635e+04 1.215916e+04
14.3 1.222450e+04 1.209482e+04 1.209327e+04 1.222294e+04
15.3 1.222447e+04 1.208143e+04 1.207976e+04 1.222280e+04
16.3 1.207628e+04 1.207125e+04 1.206962e+04 1.207464e+04
17.3 1.206853e+04 1.206592e+04 1.206437e+04 1.206698e+04
18.3 1.215450e+04 1.206339e+04 1.206234e+04 1.215345e+04
0.7 1.195569e+04 1.206200e+04 1.206326e+04 1.195696e+04
1.7 1.196688e+04 1.207665e+04 1.207642e+04 1.196665e+04
2.7 1.216031e+04 1.209749e+04 1.209635e+04 1.215916e+04
3.7 1.222450e+04 1.209482e+04 1.209327e+04 1.222294e+04
4.7 1.222447e+04 1.208143e+04 1.207976e+04 1.222280e+04
5.7 1.207628e+04 1.207125e+04 1.206962e+04 1.207464e+04
6.7 1.206853e+04 1.206592e+04 1.206437e+04 1.206698e+04
7.7 1.215450e+04 1.206339e+04 1.206234e+04 1.215345e+04
8.7 1.216575e+04 1.206089e+04 1.206218e+04 1.216704e+04
9.7 1.212205e+04 1.206064e+04 1.206293e+04 1.212433e+04
10.7 1.199764e+04 1.206281e+04 1.206389e+04 1.199871e+04
11.7 1.207610e+04 1.206419e+04 1.206469e+04 1.207660e+04
12.7 1.204417e+04 1.206322e+04 1.206524e+04 1.204619e+04
13.7 1.211050e+04 1.206370e+04 1.206559e+04 1.211239e+04
14.7 1.208098e+04 1.206508e+04 1.206581e+04 1.208171e+04
15.7 1.205841e+04 1.206420e+04 1.206597e+04 1.206017e+04
16.7 1.211737e+04 1.206400e+04 1.206610e+04 1.211947e+04
17.7 1.195110e+04 1.206557e+04 1.206621e+04 1.195174e+04
18.7 1.204639e+04 1.206709e+04 1.206631e+04 1.204562e+04
0.7 1.203578e+04 1.206903e+04 1.206763e+04 1.203438e+04
1.7 1.208768e+04 1.208186e+04 1.208013e+04 1.208595e+04
2.7 1.209318e+04 1.210147e+04 1.209965e+04 1.209136e+04
3.7 1.205733e+04 1.209810e+04 1.209633e+04 1.205555e+04
4.7 1.211697e+04 1.208434e+04 1.208266e+04 1.211529e+04
5.7 1.204050e+04 1.207399e+04 1.207239e+04 1.203891e+04
6.7 1.209557e+04 1.206818e+04 1.206705e+04 1.209444e+04
7.7 1.207366e+04 1.206374e+04 1.206492e+04 1.207484e+04
8.7 1.213249e+04 1.206251e+04 1.206468e+04 1.213465e+04
9.7 1.209434e+04 1.206435e+04 1.206534e+04 1.209532e+04
10.7 1.210165e+04 1.206526e+04 1.206621e+04 1.210260e+04
11.7 1.208997e+04 1.206467e+04 1.206692e+04 1.209221e+04
12.7 1.208715e+04 1.206590e+04 1.206738e+04 1.208863e+04
13.7 1.212453e+04 1.206778e+04 1.206764e+04 1.212439e+04
14.7 1.210119e+04 1.206819e+04 1.206778e+04 1.210077e+04
15.7 1.205843e+04 1.206640e+04 1.206785e+04 1.205988e+04
16.7 1.218833e+04 1.206634e+04 1.206790e+04 1.218990e+04
17.7 1.199082e+04 1.206777e+04 1.206793e+04 1.199098e+04
18.7 1.213093e+04 1.206896e+04 1.206796e+04 1.212992e+04
0.5 1.212832e+04 1.206988e+04 1.206804e+04 1.212648e+04
1.5 1.200007e+04 1.207741e+04 1.207556e+04 1.199822e+04
2.5 1.216471e+04 1.209897e+04 1.209719e+04 1.216294e+04
3.5 1.222857e+04 1.210127e+04 1.209959e+04 1.222689e+04
4.5 1.204791e+04 1.208818e+04 1.208659e+04 1.204633e+04
5.5 1.205363e+04 1.207648e+04 1.207499e+04 1.205214e+04
6.5 1.197690e+04 1.206863e+04 1.206854e+04 1.197680e+04
7.5 1.203956e+04 1.206367e+04 1.206573e+04 1.204161e+04
8.5 1.203510e+04 1.206340e+04 1.206509e+04 1.203679e+04
9.5 1.208026e+04 1.206535e+04 1.206557e+04 1.208048e+04
10.5 1.203582e+04 1.206595e+04 1.206642e+04 1.203628e+04
11.5 1.203357e+04 1.206516e+04 1.206716e+04 1.203558e+04
12.5 1.204799e+04 1.206627e+04 1.206767e+04 1.204939e+04
13.5 1.199348e+04 1.206808e+04 1.206795e+04 1.199336e+04
14.5 1.207580e+04 1.206846e+04 1.206810e+04 1.207544e+04
15.5 1.202305e+04 1.206666e+04 1.206817e+04 1.202456e+04
16.5 1.201080e+04 1.206659e+04 1.206820e+04 1.201241e+04
17.5 1.199584e+04 1.206801e+04 1.206822e+04 1.199605e+04
18.5 1.213170e+04 1.206920e+04 1.206823e+04 1.213072e+04
0.2 1.209958e+04 1.207010e+04 1.206828e+04 1.209776e+04
1.2 1.208081e+04 1.207378e+04 1.207196e+04 1.207899e+04
2.2 1.204659e+04 1.209448e+04 1.209276e+04 1.204488e+04
3.2 1.208516e+04 1.210313e+04 1.210153e+04 1.208357e+04
4.2 1.204295e+04 1.209172e+04 1.209037e+04 1.204160e+04
5.2 1.208337e+04 1.207700e+04 1.207762e+04 1.208399e+04
6.2 1.209132e+04 1.206768e+04 1.206997e+04 1.209360e+04
7.2 1.215971e+04 1.206497e+04 1.206640e+04 1.216114e+04
8.2 1.205157e+04 1.206537e+04 1.206533e+04 1.205153e+04
9.2 1.205372e+04 1.206663e+04 1.206562e+04 1.205270e+04
10.2 1.197060e+04 1.206792e+04 1.206643e+04 1.196911e+04
11.2 1.202527e+04 1.206885e+04 1.206723e+04 1.202365e+04
12.2 1.208755e+04 1.206805e+04 1.206780e+04 1.208730e+04
13.2 1.210323e+04 1.206617e+04 1.206814e+04 1.210520e+04
