0.5 1.202183e+04 1.206088e+04 1.207241e+04 1.203336e+04
1.5 1.200696e+04 1.206021e+04 1.207160e+04 1.201835e+04
2.5 1.202067e+04 1.205801e+04 1.206924e+04 1.203190e+04
3.5 1.208460e+04 1.205791e+04 1.206898e+04 1.209567e+04
4.5 1.211064e+04 1.206089e+04 1.207042e+04 1.212017e+04
5.5 1.198936e+04 1.207966e+04 1.207169e+04 1.198140e+04
6.5 1.206403e+04 1.209534e+04 1.207241e+04 1.204110e+04
7.5 1.209936e+04 1.208781e+04 1.207272e+04 1.208427e+04
8.5 1.201462e+04 1.207483e+04 1.207280e+04 1.201259e+04
9.5 1.209525e+04 1.207839e+04 1.207275e+04 1.208961e+04
10.5 1.203394e+04 1.209347e+04 1.207266e+04 1.201313e+04
11.5 1.210967e+04 1.208856e+04 1.207258e+04 1.209369e+04
12.5 1.213457e+04 1.207414e+04 1.207170e+04 1.213213e+04
13.5 1.204257e+04 1.206230e+04 1.206931e+04 1.204958e+04
14.5 1.205717e+04 1.205758e+04 1.206903e+04 1.206862e+04
15.5 1.210720e+04 1.205792e+04 1.207045e+04 1.211973e+04
16.5 1.203430e+04 1.207184e+04 1.207172e+04 1.203419e+04
17.5 1.214864e+04 1.209294e+04 1.207243e+04 1.212813e+04
18.5 1.208196e+04 1.209090e+04 1.207273e+04 1.206379e+04
0.5 1.210967e+04 1.208856e+04 1.207258e+04 1.209369e+04
1.5 1.213457e+04 1.207414e+04 1.207170e+04 1.213213e+04
2.5 1.204257e+04 1.206230e+04 1.206931e+04 1.204958e+04
3.5 1.205717e+04 1.205758e+04 1.206903e+04 1.206862e+04
4.5 1.210720e+04 1.205792e+04 1.207045e+04 1.211973e+04
5.5 1.203430e+04 1.207184e+04 1.207172e+04 1.203419e+04
6.5 1.214864e+04 1.209294e+04 1.207243e+04 1.212813e+04
7.5 1.208196e+04 1.209090e+04 1.207273e+04 1.206379e+04
8.5 1.212820e+04 1.207725e+04 1.207198e+04 1.212293e+04
9.5 1.209241e+04 1.206506e+04 1.206956e+04 1.209690e+04
10.5 1.209603e+04 1.205965e+04 1.206920e+04 1.210558e+04
11.5 1.200098e+04 1.205902e+04 1.207054e+04 1.201250e+04
12.5 1.214448e+04 1.206009e+04 1.207176e+04 1.215615e+04
13.5 1.207623e+04 1.206149e+04 1.207244e+04 1.208718e+04
14.5 1.204787e+04 1.206408e+04 1.207273e+04 1.205652e+04
15.5 1.215204e+04 1.208225e+04 1.207279e+04 1.214258e+04
16.5 1.203618e+04 1.209751e+04 1.207273e+04 1.201139e+04
17.5 1.214487e+04 1.208973e+04 1.207263e+04 1.212777e+04
18.5 1.204814e+04 1.207611e+04 1.207239e+04 1.204442e+04
0.5 1.208196e+04 1.209090e+04 1.207273e+04 1.206379e+04
1.5 1.212820e+04 1.207725e+04 1.207198e+04 1.212293e+04
2.5 1.209241e+04 1.206506e+04 1.206956e+04 1.209690e+04
3.5 1.209603e+04 1.205965e+04 1.206920e+04 1.210558e+04
4.5 1.200098e+04 1.205902e+04 1.207054e+04 1.201250e+04
5.5 1.214448e+04 1.206009e+04 1.207176e+04 1.215615e+04
6.5 1.207623e+04 1.206149e+04 1.207244e+04 1.208718e+04
7.5 1.204787e+04 1.206408e+04 1.207273e+04 1.205652e+04
8.5 1.215204e+04 1.208225e+04 1.207279e+04 1.214258e+04
9.5 1.203618e+04 1.209751e+04 1.207273e+04 1.201139e+04
10.5 1.214487e+04 1.208973e+04 1.207263e+04 1.212777e+04
11.5 1.204814e+04 1.207611e+04 1.207239e+04 1.204442e+04
12.5 1.216502e+04 1.206528e+04 1.207042e+04 1.217016e+04
13.5 1.205675e+04 1.205925e+04 1.206876e+04 1.206626e+04
14.5 1.211744e+04 1.205855e+04 1.206961e+04 1.212851e+04
15.5 1.201555e+04 1.205967e+04 1.207068e+04 1.202656e+04
16.5 1.204694e+04 1.205912e+04 1.206937e+04 1.205719e+04
17.5 1.210082e+04 1.205947e+04 1.206888e+04 1.211023e+04
18.5 1.204225e+04 1.206149e+04 1.207027e+04 1.205104e+04
1.0 1.204814e+04 1.207611e+04 1.207239e+04 1.204442e+04
2.0 1.216502e+04 1.206528e+04 1.207042e+04 1.217016e+04
3.0 1.205675e+04 1.205925e+04 1.206876e+04 1.206626e+04
4.0 1.211744e+04 1.205855e+04 1.206961e+04 1.212851e+04
5.0 1.201555e+04 1.205967e+04 1.207068e+04 1.202656e+04
6.0 1.204694e+04 1.205912e+04 1.206937e+04 1.205719e+04
7.0 1.210082e+04 1.205947e+04 1.206888e+04 1.211023e+04
8.0 1.204225e+04 1.206149e+04 1.207027e+04 1.205104e+04
9.0 1.205402e+04 1.206325e+04 1.207166e+04 1.206243e+04
10.0 1.213340e+04 1.206420e+04 1.207241e+04 1.214162e+04
11.0 1.201686e+04 1.206375e+04 1.207188e+04 1.202499e+04
12.0 1.202391e+04 1.206146e+04 1.206955e+04 1.203200e+04
13.0 1.204663e+04 1.206112e+04 1.206921e+04 1.205472e+04
14.0 1.203529e+04 1.206227e+04 1.207036e+04 1.204338e+04
15.0 1.201073e+04 1.206152e+04 1.206963e+04 1.201884e+04
16.0 1.198860e+04 1.206050e+04 1.206864e+04 1.199674e+04
17.0 1.208661e+04 1.206161e+04 1.206977e+04 1.209477e+04
18.0 1.202280e+04 1.206311e+04 1.207130e+04 1.203099e+04
19.0 1.202333e+04 1.206399e+04 1.207221e+04 1.203155e+04
0.2 1.211744e+04 1.205855e+04 1.206961e+04 1.212851e+04
1.2 1.201555e+04 1.205967e+04 1.207068e+04 1.202656e+04
2.2 1.204694e+04 1.205912e+04 1.206937e+04 1.205719e+04
3.2 1.210082e+04 1.205947e+04 1.206888e+04 1.211023e+04
4.2 1.204225e+04 1.206149e+04 1.207027e+04 1.205104e+04
5.2 1.205402e+04 1.206325e+04 1.207166e+04 1.206243e+04
6.2 1.213340e+04 1.206420e+04 1.207241e+04 1.214162e+04
7.2 1.201686e+04 1.206375e+04 1.207188e+04 1.202499e+04
8.2 1.202391e+04 1.206146e+04 1.206955e+04 1.203200e+04
9.2 1.204663e+04 1.206112e+04 1.206921e+04 1.205472e+04
10.2 1.203529e+04 1.206227e+04 1.207036e+04 1.204338e+04
11.2 1.201073e+04 1.206152e+04 1.206963e+04 1.201884e+04
12.2 1.198860e+04 1.206050e+04 1.206864e+04 1.199674e+04
13.2 1.208661e+04 1.206161e+04 1.206977e+04 1.209477e+04
14.2 1.202280e+04 1.206311e+04 1.207130e+04 1.203099e+04
15.2 1.202333e+04 1.206399e+04 1.207221e+04 1.203155e+04
16.2 1.208892e+04 1.206801e+04 1.207259e+04 1.209350e+04
17.2 1.215065e+04 1.208885e+04 1.207268e+04 1.213448e+04
18.2 1.206685e+04 1.209751e+04 1.207261e+04 1.204195e+04
0.5 1.213340e+04 1.206420e+04 1.207241e+04 1.214162e+04
1.5 1.201686e+04 1.206375e+04 1.207188e+04 1.202499e+04
2.5 1.202391e+04 1.206146e+04 1.206955e+04 1.203200e+04
3.5 1.204663e+04 1.206112e+04 1.206921e+04 1.205472e+04
4.5 1.203529e+04 1.206227e+04 1.207036e+04 1.204338e+04
5.5 1.201073e+04 1.206152e+04 1.206963e+04 1.201884e+04
6.5 1.198860e+04 1.206050e+04 1.206864e+04 1.199674e+04
7.5 1.208661e+04 1.206161e+04 1.206977e+04 1.209477e+04
8.5 1.202280e+04 1.206311e+04 1.207130e+04 1.203099e+04
9.5 1.202333e+04 1.206399e+04 1.207221e+04 1.203155e+04
10.5 1.208892e+04 1.206801e+04 1.207259e+04 1.209350e+04
11.5 1.215065e+04 1.208885e+04 1.207268e+04 1.213448e+04
12.5 1.206685e+04 1.209751e+04 1.207261e+04 1.204195e+04
13.5 1.212241e+04 1.208618e+04 1.207249e+04 1.210873e+04
14.5 1.209823e+04 1.207326e+04 1.207238e+04 1.209734e+04
15.5 1.209076e+04 1.206547e+04 1.207229e+04 1.209758e+04
16.5 1.207553e+04 1.206548e+04 1.207224e+04 1.208229e+04
17.5 1.208014e+04 1.208511e+04 1.207221e+04 1.206724e+04
18.5 1.216522e+04 1.209409e+04 1.207220e+04 1.214332e+04
1.0 1.203529e+04 1.206227e+04 1.207036e+04 1.204338e+04
2.0 1.201073e+04 1.206152e+04 1.206963e+04 1.201884e+04
3.0 1.198860e+04 1.206050e+04 1.206864e+04 1.199674e+04
4.0 1.208661e+04 1.206161e+04 1.206977e+04 1.209477e+04
5.0 1.202280e+04 1.206311e+04 1.207130e+04 1.203099e+04
6.0 1.202333e+04 1.206399e+04 1.207221e+04 1.203155e+04
7.0 1.208892e+04 1.206801e+04 1.207259e+04 1.209350e+04
8.0 1.215065e+04 1.208885e+04 1.207268e+04 1.213448e+04
9.0 1.206685e+04 1.209751e+04 1.207261e+04 1.204195e+04
10.0 1.212241e+04 1.208618e+04 1.207249e+04 1.210873e+04
11.0 1.209823e+04 1.207326e+04 1.207238e+04 1.209734e+04
12.0 1.209076e+04 1.206547e+04 1.207229e+04 1.209758e+04
13.0 1.207553e+04 1.206548e+04 1.207224e+04 1.208229e+04
14.0 1.208014e+04 1.208511e+04 1.207221e+04 1.206724e+04
15.0 1.216522e+04 1.209409e+04 1.207220e+04 1.214332e+04
16.0 1.197849e+04 1.208366e+04 1.207218e+04 1.196701e+04
17.0 1.216017e+04 1.207197e+04 1.207218e+04 1.216038e+04
18.0 1.207544e+04 1.207724e+04 1.207217e+04 1.207037e+04
19.0 1.212490e+04 1.209339e+04 1.207216e+04 1.210368e+04
0.8 1.203609e+04 1.205971e+04 1.207209e+04 1.204847e+04
1.8 1.210770e+04 1.205908e+04 1.207073e+04 1.211934e+04
2.8 1.203267e+04 1.205781e+04 1.206859e+04 1.204345e+04
3.8 1.204201e+04 1.205884e+04 1.206896e+04 1.205213e+04
4.8 1.201560e+04 1.206074e+04 1.207046e+04 1.202532e+04
5.8 1.209806e+04 1.206206e+04 1.207159e+04 1.210759e+04
6.8 1.206863e+04 1.206275e+04 1.207218e+04 1.207805e+04
7.8 1.200343e+04 1.207049e+04 1.207241e+04 1.200536e+04
8.8 1.212669e+04 1.209212e+04 1.207244e+04 1.210701e+04
9.8 1.215219e+04 1.209440e+04 1.207238e+04 1.213017e+04
10.8 1.209786e+04 1.208264e+04 1.207228e+04 1.208751e+04
11.8 1.205345e+04 1.208827e+04 1.207221e+04 1.203739e+04
12.8 1.212021e+04 1.209654e+04 1.207216e+04 1.209583e+04
13.8 1.215267e+04 1.208569e+04 1.207214e+04 1.213912e+04
14.8 1.205844e+04 1.207141e+04 1.207209e+04 1.205912e+04
15.8 1.207208e+04 1.206153e+04 1.207072e+04 1.208127e+04
16.8 1.200979e+04 1.205578e+04 1.206859e+04 1.202260e+04
17.8 1.211990e+04 1.205527e+04 1.206896e+04 1.213358e+04
18.8 1.196012e+04 1.205727e+04 1.207047e+04 1.197332e+04
0.8 1.205844e+04 1.207141e+04 1.207209e+04 1.205912e+04
1.8 1.207208e+04 1.206153e+04 1.207072e+04 1.208127e+04
2.8 1.200979e+04 1.205578e+04 1.206859e+04 1.202260e+04
3.8 1.211990e+04 1.205527e+04 1.206896e+04 1.213358e+04
4.8 1.196012e+04 1.205727e+04 1.207047e+04 1.197332e+04
5.8 1.202168e+04 1.206307e+04 1.207160e+04 1.203021e+04
6.8 1.193913e+04 1.208539e+04 1.207219e+04 1.192593e+04
7.8 1.204668e+04 1.209505e+04 1.207243e+04 1.202406e+04
8.8 1.209411e+04 1.208428e+04 1.207246e+04 1.208228e+04
9.8 1.215656e+04 1.207082e+04 1.207157e+04 1.215731e+04
10.8 1.209506e+04 1.206077e+04 1.206912e+04 1.210341e+04
11.8 1.204410e+04 1.205689e+04 1.206878e+04 1.205599e+04
12.8 1.212267e+04 1.205679e+04 1.206976e+04 1.213565e+04
13.8 1.209628e+04 1.205604e+04 1.206874e+04 1.210897e+04
14.8 1.201416e+04 1.205659e+04 1.206848e+04 1.202605e+04
15.8 1.201901e+04 1.205891e+04 1.207001e+04 1.203011e+04
16.8 1.213383e+04 1.206094e+04 1.207149e+04 1.214438e+04
17.8 1.213298e+04 1.206206e+04 1.207228e+04 1.214320e+04
18.8 1.206313e+04 1.206254e+04 1.207259e+04 1.207317e+04
0.5 1.209411e+04 1.208428e+04 1.207246e+04 1.208228e+04
1.5 1.215656e+04 1.207082e+04 1.207157e+04 1.215731e+04
2.5 1.209506e+04 1.206077e+04 1.206912e+04 1.210341e+04
3.5 1.204410e+04 1.205689e+04 1.206878e+04 1.205599e+04
4.5 1.212267e+04 1.205679e+04 1.206976e+04 1.213565e+04
5.5 1.209628e+04 1.205604e+04 1.206874e+04 1.210897e+04
6.5 1.201416e+04 1.205659e+04 1.206848e+04 1.202605e+04
7.5 1.201901e+04 1.205891e+04 1.207001e+04 1.203011e+04
8.5 1.213383e+04 1.206094e+04 1.207149e+04 1.214438e+04
9.5 1.213298e+04 1.206206e+04 1.207228e+04 1.214320e+04
10.5 1.206313e+04 1.206254e+04 1.207259e+04 1.207317e+04
11.5 1.204448e+04 1.206406e+04 1.207263e+04 1.205305e+04
12.5 1.201149e+04 1.208139e+04 1.207256e+04 1.200265e+04
13.5 1.217264e+04 1.209614e+04 1.207244e+04 1.214895e+04
14.5 1.209106e+04 1.208815e+04 1.207235e+04 1.207526e+04
15.5 1.205600e+04 1.208209e+04 1.207229e+04 1.204620e+04
16.5 1.203101e+04 1.209476e+04 1.207226e+04 1.200852e+04
17.5 1.212440e+04 1.209275e+04 1.207225e+04 1.210390e+04
18.5 1.199016e+04 1.207819e+04 1.207225e+04 1.198422e+04
0.3 1.204410e+04 1.205689e+04 1.206878e+04 1.205599e+04
1.3 1.212267e+04 1.205679e+04 1.206976e+04 1.213565e+04
2.3 1.209628e+04 1.205604e+04 1.206874e+04 1.210897e+04
3.3 1.201416e+04 1.205659e+04 1.206848e+04 1.202605e+04
4.3 1.201901e+04 1.205891e+04 1.207001e+04 1.203011e+04
5.3 1.213383e+04 1.206094e+04 1.207149e+04 1.214438e+04
6.3 1.213298e+04 1.206206e+04 1.207228e+04 1.214320e+04
7.3 1.206313e+04 1.206254e+04 1.207259e+04 1.207317e+04
8.3 1.204448e+04 1.206406e+04 1.207263e+04 1.205305e+04
9.3 1.201149e+04 1.208139e+04 1.207256e+04 1.200265e+04
10.3 1.217264e+04 1.209614e+04 1.207244e+04 1.214895e+04
11.3 1.209106e+04 1.208815e+04 1.207235e+04 1.207526e+04
12.3 1.205600e+04 1.208209e+04 1.207229e+04 1.204620e+04
13.3 1.203101e+04 1.209476e+04 1.207226e+04 1.200852e+04
14.3 1.212440e+04 1.209275e+04 1.207225e+04 1.210390e+04
15.3 1.199016e+04 1.207819e+04 1.207225e+04 1.198422e+04
16.3 1.214660e+04 1.206665e+04 1.207226e+04 1.215221e+04
17.3 1.208924e+04 1.206101e+04 1.207226e+04 1.210050e+04
18.3 1.209825e+04 1.206657e+04 1.207227e+04 1.210395e+04
0.3 1.198864e+04 1.207962e+04 1.207230e+04 1.198132e+04
1.3 1.199499e+04 1.206852e+04 1.207191e+04 1.199838e+04
2.3 1.199784e+04 1.206039e+04 1.206964e+04 1.200709e+04
3.3 1.209616e+04 1.205699e+04 1.206869e+04 1.210786e+04
4.3 1.206433e+04 1.205784e+04 1.206993e+04 1.207641e+04
5.3 1.209470e+04 1.206738e+04 1.207134e+04 1.209865e+04
6.3 1.210890e+04 1.209081e+04 1.207219e+04 1.209028e+04
7.3 1.203756e+04 1.209445e+04 1.207259e+04 1.201570e+04
8.3 1.199213e+04 1.208217e+04 1.207273e+04 1.198269e+04
9.3 1.207591e+04 1.207460e+04 1.207271e+04 1.207402e+04
10.3 1.206888e+04 1.208910e+04 1.207263e+04 1.205242e+04
11.3 1.209542e+04 1.209514e+04 1.207256e+04 1.207284e+04
12.3 1.206027e+04 1.208326e+04 1.207236e+04 1.204937e+04
13.3 1.208000e+04 1.206919e+04 1.207043e+04 1.208125e+04
14.3 1.206173e+04 1.206086e+04 1.206880e+04 1.206968e+04
15.3 1.204433e+04 1.205903e+04 1.206968e+04 1.205498e+04
16.3 1.201223e+04 1.205990e+04 1.207102e+04 1.202335e+04
17.3 1.196827e+04 1.205968e+04 1.207012e+04 1.197871e+04
18.3 1.209681e+04 1.205961e+04 1.206899e+04 1.210618e+04
1.0 1.206027e+04 1.208326e+04 1.207236e+04 1.204937e+04
2.0 1.208000e+04 1.206919e+04 1.207043e+04 1.208125e+04
3.0 1.206173e+04 1.206086e+04 1.206880e+04 1.206968e+04
4.0 1.204433e+04 1.205903e+04 1.206968e+04 1.205498e+04
5.0 1.201223e+04 1.205990e+04 1.207102e+04 1.202335e+04
6.0 1.196827e+04 1.205968e+04 1.207012e+04 1.197871e+04
7.0 1.209681e+04 1.205961e+04 1.206899e+04 1.210618e+04
8.0 1.195569e+04 1.206200e+04 1.207005e+04 1.196375e+04
9.0 1.196688e+04 1.207665e+04 1.207154e+04 1.196178e+04
10.0 1.216031e+04 1.209749e+04 1.207246e+04 1.213527e+04
11.0 1.222450e+04 1.209482e+04 1.207286e+04 1.220254e+04
12.0 1.222447e+04 1.208143e+04 1.207298e+04 1.221602e+04
13.0 1.207628e+04 1.207125e+04 1.207295e+04 1.207797e+04
14.0 1.206853e+04 1.206592e+04 1.207286e+04 1.207547e+04
15.0 1.215450e+04 1.206339e+04 1.207237e+04 1.216348e+04
16.0 1.216575e+04 1.206089e+04 1.207002e+04 1.217489e+04
17.0 1.212205e+04 1.206064e+04 1.206903e+04 1.213043e+04
18.0 1.199764e+04 1.206281e+04 1.207024e+04 1.200507e+04
19.0 1.207610e+04 1.206419e+04 1.207082e+04 1.208273e+04
1.0 1.201223e+04 1.205990e+04 1.207102e+04 1.202335e+04
2.0 1.196827e+04 1.205968e+04 1.207012e+04 1.197871e+04
3.0 1.209681e+04 1.205961e+04 1.206899e+04 1.210618e+04
4.0 1.195569e+04 1.206200e+04 1.207005e+04 1.196375e+04
5.0 1.196688e+04 1.207665e+04 1.207154e+04 1.196178e+04
6.0 1.216031e+04 1.209749e+04 1.207246e+04 1.213527e+04
7.0 1.222450e+04 1.209482e+04 1.207286e+04 1.220254e+04
8.0 1.222447e+04 1.208143e+04 1.207298e+04 1.221602e+04
9.0 1.207628e+04 1.207125e+04 1.207295e+04 1.207797e+04
10.0 1.206853e+04 1.206592e+04 1.207286e+04 1.207547e+04
11.0 1.215450e+04 1.206339e+04 1.207237e+04 1.216348e+04
12.0 1.216575e+04 1.206089e+04 1.207002e+04 1.217489e+04
13.0 1.212205e+04 1.206064e+04 1.206903e+04 1.213043e+04
14.0 1.199764e+04 1.206281e+04 1.207024e+04 1.200507e+04
15.0 1.207610e+04 1.206419e+04 1.207082e+04 1.208273e+04
16.0 1.204417e+04 1.206322e+04 1.206929e+04 1.205024e+04
17.0 1.211050e+04 1.206370e+04 1.206943e+04 1.211623e+04
18.0 1.208098e+04 1.206508e+04 1.207058e+04 1.208648e+04
19.0 1.205841e+04 1.206420e+04 1.206955e+04 1.206375e+04
0.2 1.206853e+04 1.206592e+04 1.207286e+04 1.207547e+04
1.2 1.215450e+04 1.206339e+04 1.207237e+04 1.216348e+04
2.2 1.216575e+04 1.206089e+04 1.207002e+04 1.217489e+04
3.2 1.212205e+04 1.206064e+04 1.206903e+04 1.213043e+04
4.2 1.199764e+04 1.206281e+04 1.207024e+04 1.200507e+04
5.2 1.207610e+04 1.206419e+04 1.207082e+04 1.208273e+04
6.2 1.204417e+04 1.206322e+04 1.206929e+04 1.205024e+04
7.2 1.211050e+04 1.206370e+04 1.206943e+04 1.211623e+04
8.2 1.208098e+04 1.206508e+04 1.207058e+04 1.208648e+04
9.2 1.205841e+04 1.206420e+04 1.206955e+04 1.206375e+04
10.2 1.211737e+04 1.206400e+04 1.206922e+04 1.212259e+04
11.2 1.195110e+04 1.206557e+04 1.207067e+04 1.195620e+04
12.2 1.204639e+04 1.206709e+04 1.207209e+04 1.205139e+04
13.2 1.209861e+04 1.206795e+04 1.207285e+04 1.210350e+04
14.2 1.206525e+04 1.206794e+04 1.207273e+04 1.207005e+04
15.2 1.203375e+04 1.206579e+04 1.207049e+04 1.203845e+04
16.2 1.208840e+04 1.206484e+04 1.206945e+04 1.209301e+04
17.2 1.206143e+04 1.206604e+04 1.207056e+04 1.206595e+04
18.2 1.201196e+04 1.206742e+04 1.207186e+04 1.201639e+04
0.5 1.199764e+04 1.206281e+04 1.207024e+04 1.200507e+04
1.5 1.207610e+04 1.206419e+04 1.207082e+04 1.208273e+04
2.5 1.204417e+04 1.206322e+04 1.206929e+04 1.205024e+04
3.5 1.211050e+04 1.206370e+04 1.206943e+04 1.211623e+04
4.5 1.208098e+04 1.206508e+04 1.207058e+04 1.208648e+04
5.5 1.205841e+04 1.206420e+04 1.206955e+04 1.206375e+04
6.5 1.211737e+04 1.206400e+04 1.206922e+04 1.212259e+04
7.5 1.195110e+04 1.206557e+04 1.207067e+04 1.195620e+04
8.5 1.204639e+04 1.206709e+04 1.207209e+04 1.205139e+04
9.5 1.209861e+04 1.206795e+04 1.207285e+04 1.210350e+04
10.5 1.206525e+04 1.206794e+04 1.207273e+04 1.207005e+04
11.5 1.203375e+04 1.206579e+04 1.207049e+04 1.203845e+04
12.5 1.208840e+04 1.206484e+04 1.206945e+04 1.209301e+04
13.5 1.206143e+04 1.206604e+04 1.207056e+04 1.206595e+04
14.5 1.201196e+04 1.206742e+04 1.207186e+04 1.201639e+04
15.5 1.203486e+04 1.206788e+04 1.207224e+04 1.203922e+04
16.5 1.202377e+04 1.206603e+04 1.207031e+04 1.202805e+04
17.5 1.212700e+04 1.206524e+04 1.206946e+04 1.213122e+04
18.5 1.201887e+04 1.206649e+04 1.207065e+04 1.202302e+04
0.2 1.211050e+04 1.206370e+04 1.206943e+04 1.211623e+04
1.2 1.208098e+04 1.206508e+04 1.207058e+04 1.208648e+04
2.2 1.205841e+04 1.206420e+04 1.206955e+04 1.206375e+04
3.2 1.211737e+04 1.206400e+04 1.206922e+04 1.212259e+04
4.2 1.195110e+04 1.206557e+04 1.207067e+04 1.195620e+04
5.2 1.204639e+04 1.206709e+04 1.207209e+04 1.205139e+04
6.2 1.209861e+04 1.206795e+04 1.207285e+04 1.210350e+04
7.2 1.206525e+04 1.206794e+04 1.207273e+04 1.207005e+04
8.2 1.203375e+04 1.206579e+04 1.207049e+04 1.203845e+04
9.2 1.208840e+04 1.206484e+04 1.206945e+04 1.209301e+04
10.2 1.206143e+04 1.206604e+04 1.207056e+04 1.206595e+04
11.2 1.201196e+04 1.206742e+04 1.207186e+04 1.201639e+04
12.2 1.203486e+04 1.206788e+04 1.207224e+04 1.203922e+04
13.2 1.202377e+04 1.206603e+04 1.207031e+04 1.202805e+04
14.2 1.212700e+04 1.206524e+04 1.206946e+04 1.213122e+04
15.2 1.201887e+04 1.206649e+04 1.207065e+04 1.202302e+04
16.2 1.207553e+04 1.206787e+04 1.207196e+04 1.207962e+04
17.2 1.203578e+04 1.206903e+04 1.207271e+04 1.203946e+04
18.2 1.208768e+04 1.208186e+04 1.207305e+04 1.207886e+04
0.2 1.209861e+04 1.206795e+04 1.207285e+04 1.210350e+04
1.2 1.206525e+04 1.206794e+04 1.207273e+04 1.207005e+04
2.2 1.203375e+04 1.206579e+04 1.207049e+04 1.203845e+04
3.2 1.208840e+04 1.206484e+04 1.206945e+04 1.209301e+04
4.2 1.206143e+04 1.206604e+04 1.207056e+04 1.206595e+04
5.2 1.201196e+04 1.206742e+04 1.207186e+04 1.201639e+04
6.2 1.203486e+04 1.206788e+04 1.207224e+04 1.203922e+04
7.2 1.202377e+04 1.206603e+04 1.207031e+04 1.202805e+04
8.2 1.212700e+04 1.206524e+04 1.206946e+04 1.213122e+04
9.2 1.201887e+04 1.206649e+04 1.207065e+04 1.202302e+04
10.2 1.207553e+04 1.206787e+04 1.207196e+04 1.207962e+04
11.2 1.203578e+04 1.206903e+04 1.207271e+04 1.203946e+04
12.2 1.208768e+04 1.208186e+04 1.207305e+04 1.207886e+04
13.2 1.209318e+04 1.210147e+04 1.207313e+04 1.206485e+04
14.2 1.205733e+04 1.209810e+04 1.207309e+04 1.203231e+04
15.2 1.211697e+04 1.208434e+04 1.207299e+04 1.210562e+04
16.2 1.204050e+04 1.207399e+04 1.207291e+04 1.203942e+04
17.2 1.209557e+04 1.206818e+04 1.207244e+04 1.209984e+04
18.2 1.207366e+04 1.206374e+04 1.207013e+04 1.208005e+04
0.2 1.201196e+04 1.206742e+04 1.207186e+04 1.201639e+04
1.2 1.203486e+04 1.206788e+04 1.207224e+04 1.203922e+04
2.2 1.202377e+04 1.206603e+04 1.207031e+04 1.202805e+04
3.2 1.212700e+04 1.206524e+04 1.206946e+04 1.213122e+04
4.2 1.201887e+04 1.206649e+04 1.207065e+04 1.202302e+04
5.2 1.207553e+04 1.206787e+04 1.207196e+04 1.207962e+04
6.2 1.203578e+04 1.206903e+04 1.207271e+04 1.203946e+04
7.2 1.208768e+04 1.208186e+04 1.207305e+04 1.207886e+04
8.2 1.209318e+04 1.210147e+04 1.207313e+04 1.206485e+04
9.2 1.205733e+04 1.209810e+04 1.207309e+04 1.203231e+04
10.2 1.211697e+04 1.208434e+04 1.207299e+04 1.210562e+04
11.2 1.204050e+04 1.207399e+04 1.207291e+04 1.203942e+04
12.2 1.209557e+04 1.206818e+04 1.207244e+04 1.209984e+04
13.2 1.207366e+04 1.206374e+04 1.207013e+04 1.208005e+04
14.2 1.213249e+04 1.206251e+04 1.206915e+04 1.213913e+04
15.2 1.209434e+04 1.206435e+04 1.207033e+04 1.210032e+04
16.2 1.210165e+04 1.206526e+04 1.207036e+04 1.210675e+04
17.2 1.208997e+04 1.206467e+04 1.206907e+04 1.209436e+04
18.2 1.208715e+04 1.206590e+04 1.206983e+04 1.209108e+04
0.2 1.204050e+04 1.207399e+04 1.207291e+04 1.203942e+04
1.2 1.209557e+04 1.206818e+04 1.207244e+04 1.209984e+04
2.2 1.207366e+04 1.206374e+04 1.207013e+04 1.208005e+04
3.2 1.213249e+04 1.206251e+04 1.206915e+04 1.213913e+04
4.2 1.209434e+04 1.206435e+04 1.207033e+04 1.210032e+04
5.2 1.210165e+04 1.206526e+04 1.207036e+04 1.210675e+04
6.2 1.208997e+04 1.206467e+04 1.206907e+04 1.209436e+04
7.2 1.208715e+04 1.206590e+04 1.206983e+04 1.209108e+04
8.2 1.212453e+04 1.206778e+04 1.207145e+04 1.212820e+04
9.2 1.210119e+04 1.206819e+04 1.207173e+04 1.210472e+04
10.2 1.205843e+04 1.206640e+04 1.206986e+04 1.206189e+04
11.2 1.218833e+04 1.206634e+04 1.206975e+04 1.219175e+04
12.2 1.199082e+04 1.206777e+04 1.207115e+04 1.199420e+04
13.2 1.213093e+04 1.206896e+04 1.207232e+04 1.213428e+04
14.2 1.204834e+04 1.206959e+04 1.207292e+04 1.205168e+04
15.2 1.212832e+04 1.206988e+04 1.207315e+04 1.213159e+04
16.2 1.200007e+04 1.207741e+04 1.207317e+04 1.199583e+04
17.2 1.216471e+04 1.209897e+04 1.207309e+04 1.213884e+04
18.2 1.222857e+04 1.210127e+04 1.207299e+04 1.220029e+04
0.7 1.209434e+04 1.206435e+04 1.207033e+04 1.210032e+04
1.7 1.210165e+04 1.206526e+04 1.207036e+04 1.210675e+04
2.7 1.208997e+04 1.206467e+04 1.206907e+04 1.209436e+04
3.7 1.208715e+04 1.206590e+04 1.206983e+04 1.209108e+04
4.7 1.212453e+04 1.206778e+04 1.207145e+04 1.212820e+04
5.7 1.210119e+04 1.206819e+04 1.207173e+04 1.210472e+04
6.7 1.205843e+04 1.206640e+04 1.206986e+04 1.206189e+04
7.7 1.218833e+04 1.206634e+04 1.206975e+04 1.219175e+04
8.7 1.199082e+04 1.206777e+04 1.207115e+04 1.199420e+04
9.7 1.213093e+04 1.206896e+04 1.207232e+04 1.213428e+04
10.7 1.204834e+04 1.206959e+04 1.207292e+04 1.205168e+04
11.7 1.212832e+04 1.206988e+04 1.207315e+04 1.213159e+04
12.7 1.200007e+04 1.207741e+04 1.207317e+04 1.199583e+04
13.7 1.216471e+04 1.209897e+04 1.207309e+04 1.213884e+04
14.7 1.222857e+04 1.210127e+04 1.207299e+04 1.220029e+04
15.7 1.204791e+04 1.208818e+04 1.207290e+04 1.203263e+04
16.7 1.205363e+04 1.207648e+04 1.207280e+04 1.204996e+04
17.7 1.197690e+04 1.206863e+04 1.207141e+04 1.197967e+04
18.7 1.203956e+04 1.206367e+04 1.206926e+04 1.204515e+04
0.5 1.212453e+04 1.206778e+04 1.207145e+04 1.212820e+04
1.5 1.210119e+04 1.206819e+04 1.207173e+04 1.210472e+04
2.5 1.205843e+04 1.206640e+04 1.206986e+04 1.206189e+04
3.5 1.218833e+04 1.206634e+04 1.206975e+04 1.219175e+04
4.5 1.199082e+04 1.206777e+04 1.207115e+04 1.199420e+04
5.5 1.213093e+04 1.206896e+04 1.207232e+04 1.213428e+04
6.5 1.204834e+04 1.206959e+04 1.207292e+04 1.205168e+04
7.5 1.212832e+04 1.206988e+04 1.207315e+04 1.213159e+04
8.5 1.200007e+04 1.207741e+04 1.207317e+04 1.199583e+04
9.5 1.216471e+04 1.209897e+04 1.207309e+04 1.213884e+04
10.5 1.222857e+04 1.210127e+04 1.207299e+04 1.220029e+04
11.5 1.204791e+04 1.208818e+04 1.207290e+04 1.203263e+04
12.5 1.205363e+04 1.207648e+04 1.207280e+04 1.204996e+04
13.5 1.197690e+04 1.206863e+04 1.207141e+04 1.197967e+04
14.5 1.203956e+04 1.206367e+04 1.206926e+04 1.204515e+04
15.5 1.203510e+04 1.206340e+04 1.206962e+04 1.204133e+04
16.5 1.208026e+04 1.206535e+04 1.207108e+04 1.208599e+04
17.5 1.203582e+04 1.206595e+04 1.207085e+04 1.204071e+04
18.5 1.203357e+04 1.206516e+04 1.206930e+04 1.203772e+04
0.7 1.205363e+04 1.207648e+04 1.207280e+04 1.204996e+04
1.7 1.197690e+04 1.206863e+04 1.207141e+04 1.197967e+04
2.7 1.203956e+04 1.206367e+04 1.206926e+04 1.204515e+04
3.7 1.203510e+04 1.206340e+04 1.206962e+04 1.204133e+04
4.7 1.208026e+04 1.206535e+04 1.207108e+04 1.208599e+04
5.7 1.203582e+04 1.206595e+04 1.207085e+04 1.204071e+04
6.7 1.203357e+04 1.206516e+04 1.206930e+04 1.203772e+04
7.7 1.204799e+04 1.206627e+04 1.206991e+04 1.205164e+04
8.7 1.199348e+04 1.206808e+04 1.207144e+04 1.199684e+04
9.7 1.207580e+04 1.206846e+04 1.207168e+04 1.207902e+04
10.7 1.202305e+04 1.206666e+04 1.206980e+04 1.202619e+04
11.7 1.201080e+04 1.206659e+04 1.206970e+04 1.201391e+04
12.7 1.199584e+04 1.206801e+04 1.207111e+04 1.199894e+04
13.7 1.213170e+04 1.206920e+04 1.207229e+04 1.213479e+04
14.7 1.205079e+04 1.206966e+04 1.207274e+04 1.205387e+04
15.7 1.207918e+04 1.206799e+04 1.207106e+04 1.208225e+04
16.7 1.205624e+04 1.206639e+04 1.206946e+04 1.205930e+04
17.7 1.202738e+04 1.206719e+04 1.207024e+04 1.203044e+04
18.7 1.200262e+04 1.206775e+04 1.207080e+04 1.200567e+04
0.7 1.208026e+04 1.206535e+04 1.207108e+04 1.208599e+04
1.7 1.203582e+04 1.206595e+04 1.207085e+04 1.204071e+04
2.7 1.203357e+04 1.206516e+04 1.206930e+04 1.203772e+04
3.7 1.204799e+04 1.206627e+04 1.206991e+04 1.205164e+04
4.7 1.199348e+04 1.206808e+04 1.207144e+04 1.199684e+04
5.7 1.207580e+04 1.206846e+04 1.207168e+04 1.207902e+04
6.7 1.202305e+04 1.206666e+04 1.206980e+04 1.202619e+04
7.7 1.201080e+04 1.206659e+04 1.206970e+04 1.201391e+04
8.7 1.199584e+04 1.206801e+04 1.207111e+04 1.199894e+04
9.7 1.213170e+04 1.206920e+04 1.207229e+04 1.213479e+04
10.7 1.205079e+04 1.206966e+04 1.207274e+04 1.205387e+04
11.7 1.207918e+04 1.206799e+04 1.207106e+04 1.208225e+04
12.7 1.205624e+04 1.206639e+04 1.206946e+04 1.205930e+04
13.7 1.202738e+04 1.206719e+04 1.207024e+04 1.203044e+04
14.7 1.200262e+04 1.206775e+04 1.207080e+04 1.200567e+04
15.7 1.213156e+04 1.206628e+04 1.206932e+04 1.213460e+04
16.7 1.212547e+04 1.206645e+04 1.206948e+04 1.212850e+04
17.7 1.210516e+04 1.206802e+04 1.207105e+04 1.210819e+04
18.7 1.212108e+04 1.206928e+04 1.207230e+04 1.212411e+04
0.5 1.199348e+04 1.206808e+04 1.207144e+04 1.199684e+04
1.5 1.207580e+04 1.206846e+04 1.207168e+04 1.207902e+04
2.5 1.202305e+04 1.206666e+04 1.206980e+04 1.202619e+04
3.5 1.201080e+04 1.206659e+04 1.206970e+04 1.201391e+04
4.5 1.199584e+04 1.206801e+04 1.207111e+04 1.199894e+04
5.5 1.213170e+04 1.206920e+04 1.207229e+04 1.213479e+04
6.5 1.205079e+04 1.206966e+04 1.207274e+04 1.205387e+04
7.5 1.207918e+04 1.206799e+04 1.207106e+04 1.208225e+04
8.5 1.205624e+04 1.206639e+04 1.206946e+04 1.205930e+04
9.5 1.202738e+04 1.206719e+04 1.207024e+04 1.203044e+04
10.5 1.200262e+04 1.206775e+04 1.207080e+04 1.200567e+04
11.5 1.213156e+04 1.206628e+04 1.206932e+04 1.213460e+04
12.5 1.212547e+04 1.206645e+04 1.206948e+04 1.212850e+04
13.5 1.210516e+04 1.206802e+04 1.207105e+04 1.210819e+04
14.5 1.212108e+04 1.206928e+04 1.207230e+04 1.212411e+04
15.5 1.210821e+04 1.206989e+04 1.207292e+04 1.211124e+04
16.5 1.209958e+04 1.207010e+04 1.207313e+04 1.210261e+04
17.5 1.208081e+04 1.207378e+04 1.207313e+04 1.208016e+04
18.5 1.204659e+04 1.209448e+04 1.207303e+04 1.202514e+04
1.0 1.205079e+04 1.206966e+04 1.207274e+04 1.205387e+04
2.0 1.207918e+04 1.206799e+04 1.207106e+04 1.208225e+04
3.0 1.205624e+04 1.206639e+04 1.206946e+04 1.205930e+04
4.0 1.202738e+04 1.206719e+04 1.207024e+04 1.203044e+04
5.0 1.200262e+04 1.206775e+04 1.207080e+04 1.200567e+04
6.0 1.213156e+04 1.206628e+04 1.206932e+04 1.213460e+04
7.0 1.212547e+04 1.206645e+04 1.206948e+04 1.212850e+04
8.0 1.210516e+04 1.206802e+04 1.207105e+04 1.210819e+04
9.0 1.212108e+04 1.206928e+04 1.207230e+04 1.212411e+04
10.0 1.210821e+04 1.206989e+04 1.207292e+04 1.211124e+04
11.0 1.209958e+04 1.207010e+04 1.207313e+04 1.210261e+04
12.0 1.208081e+04 1.207378e+04 1.207313e+04 1.208016e+04
13.0 1.204659e+04 1.209448e+04 1.207303e+04 1.202514e+04
14.0 1.208516e+04 1.210313e+04 1.207291e+04 1.205494e+04
15.0 1.204295e+04 1.209172e+04 1.207266e+04 1.202389e+04
16.0 1.208337e+04 1.207700e+04 1.207069e+04 1.207706e+04
17.0 1.209132e+04 1.206768e+04 1.206903e+04 1.209266e+04
18.0 1.215971e+04 1.206497e+04 1.206988e+04 1.216462e+04
19.0 1.205157e+04 1.206537e+04 1.207135e+04 1.205755e+04
0.5 1.202738e+04 1.206719e+04 1.207024e+04 1.203044e+04
1.5 1.200262e+04 1.206775e+04 1.207080e+04 1.200567e+04
2.5 1.213156e+04 1.206628e+04 1.206932e+04 1.213460e+04
3.5 1.212547e+04 1.206645e+04 1.206948e+04 1.212850e+04
4.5 1.210516e+04 1.206802e+04 1.207105e+04 1.210819e+04
5.5 1.212108e+04 1.206928e+04 1.207230e+04 1.212411e+04
6.5 1.210821e+04 1.206989e+04 1.207292e+04 1.211124e+04
7.5 1.209958e+04 1.207010e+04 1.207313e+04 1.210261e+04
8.5 1.208081e+04 1.207378e+04 1.207313e+04 1.208016e+04
9.5 1.204659e+04 1.209448e+04 1.207303e+04 1.202514e+04
10.5 1.208516e+04 1.210313e+04 1.207291e+04 1.205494e+04
11.5 1.204295e+04 1.209172e+04 1.207266e+04 1.202389e+04
12.5 1.208337e+04 1.207700e+04 1.207069e+04 1.207706e+04
13.5 1.209132e+04 1.206768e+04 1.206903e+04 1.209266e+04
14.5 1.215971e+04 1.206497e+04 1.206988e+04 1.216462e+04
15.5 1.205157e+04 1.206537e+04 1.207135e+04 1.205755e+04
16.5 1.205372e+04 1.206663e+04 1.207233e+04 1.205941e+04
17.5 1.197060e+04 1.206792e+04 1.207281e+04 1.197549e+04
18.5 1.202527e+04 1.206885e+04 1.207294e+04 1.202936e+04
1.0 1.204295e+04 1.209172e+04 1.207266e+04 1.202389e+04
2.0 1.208337e+04 1.207700e+04 1.207069e+04 1.207706e+04
3.0 1.209132e+04 1.206768e+04 1.206903e+04 1.209266e+04
4.0 1.215971e+04 1.206497e+04 1.206988e+04 1.216462e+04
5.0 1.205157e+04 1.206537e+04 1.207135e+04 1.205755e+04
6.0 1.205372e+04 1.206663e+04 1.207233e+04 1.205941e+04
7.0 1.197060e+04 1.206792e+04 1.207281e+04 1.197549e+04
8.0 1.202527e+04 1.206885e+04 1.207294e+04 1.202936e+04
9.0 1.208755e+04 1.206805e+04 1.207156e+04 1.209107e+04
10.0 1.210323e+04 1.206617e+04 1.206934e+04 1.210640e+04
0.7 1.202527e+04 1.206885e+04 1.207294e+04 1.202936e+04
1.7 1.208755e+04 1.206805e+04 1.207156e+04 1.209107e+04
2.7 1.210323e+04 1.206617e+04 1.206934e+04 1.210640e+04
