0.5 9.966522e+03 9.943226e+03 9.941100e+03 9.964396e+03
1.5 1.004776e+04 1.006918e+04 9.947970e+03 9.926550e+03
2.5 9.970282e+03 1.010703e+04 9.978478e+03 9.841733e+03
3.5 1.006537e+04 1.006433e+04 1.000782e+04 1.000886e+04
4.5 9.929409e+03 1.001629e+04 1.002152e+04 9.934642e+03
5.5 9.951680e+03 9.989658e+03 1.002865e+04 9.990670e+03
6.5 9.948122e+03 9.972695e+03 1.002609e+04 1.000152e+04
7.5 9.860722e+03 9.969336e+03 1.002570e+04 9.917085e+03
8.5 9.860918e+03 9.967891e+03 1.002137e+04 9.914395e+03
9.5 1.007361e+04 9.971103e+03 1.002000e+04 1.012250e+04
10.5 9.988972e+03 9.973930e+03 1.001891e+04 1.003396e+04
11.5 9.972908e+03 9.974914e+03 1.001738e+04 1.001538e+04
12.5 1.009207e+04 9.978003e+03 1.001916e+04 1.013322e+04
13.5 1.006026e+04 9.976633e+03 1.001727e+04 1.010090e+04
14.5 9.987701e+03 9.979360e+03 1.001992e+04 1.002826e+04
15.5 1.003001e+04 9.977725e+03 1.001841e+04 1.007069e+04
16.5 1.015713e+04 9.979257e+03 1.002015e+04 1.019802e+04
17.5 1.010320e+04 9.978984e+03 1.002010e+04 1.014432e+04
18.5 9.960254e+03 9.978707e+03 1.002005e+04 1.000160e+04
19.5 1.006406e+04 9.991079e+03 1.001971e+04 1.009269e+04
0.2 9.970282e+03 1.010703e+04 9.978478e+03 9.841733e+03
1.2 1.006537e+04 1.006433e+04 1.000782e+04 1.000886e+04
2.2 9.929409e+03 1.001629e+04 1.002152e+04 9.934642e+03
3.2 9.951680e+03 9.989658e+03 1.002865e+04 9.990670e+03
4.2 9.948122e+03 9.972695e+03 1.002609e+04 1.000152e+04
5.2 9.860722e+03 9.969336e+03 1.002570e+04 9.917085e+03
6.2 9.860918e+03 9.967891e+03 1.002137e+04 9.914395e+03
7.2 1.007361e+04 9.971103e+03 1.002000e+04 1.012250e+04
8.2 9.988972e+03 9.973930e+03 1.001891e+04 1.003396e+04
9.2 9.972908e+03 9.974914e+03 1.001738e+04 1.001538e+04
10.2 1.009207e+04 9.978003e+03 1.001916e+04 1.013322e+04
11.2 1.006026e+04 9.976633e+03 1.001727e+04 1.010090e+04
12.2 9.987701e+03 9.979360e+03 1.001992e+04 1.002826e+04
13.2 1.003001e+04 9.977725e+03 1.001841e+04 1.007069e+04
14.2 1.015713e+04 9.979257e+03 1.002015e+04 1.019802e+04
15.2 1.010320e+04 9.978984e+03 1.002010e+04 1.014432e+04
16.2 9.960254e+03 9.978707e+03 1.002005e+04 1.000160e+04
17.2 1.006406e+04 9.991079e+03 1.001971e+04 1.009269e+04
18.2 1.015254e+04 1.008587e+04 9.995942e+03 1.006260e+04
19.2 1.023630e+04 1.018336e+04 9.963758e+03 1.001669e+04
0.9 9.951680e+03 9.989658e+03 1.002865e+04 9.990670e+03
1.9 9.948122e+03 9.972695e+03 1.002609e+04 1.000152e+04
2.9 9.860722e+03 9.969336e+03 1.002570e+04 9.917085e+03
3.9 9.860918e+03 9.967891e+03 1.002137e+04 9.914395e+03
4.9 1.007361e+04 9.971103e+03 1.002000e+04 1.012250e+04
5.9 9.988972e+03 9.973930e+03 1.001891e+04 1.003396e+04
6.9 9.972908e+03 9.974914e+03 1.001738e+04 1.001538e+04
7.9 1.009207e+04 9.978003e+03 1.001916e+04 1.013322e+04
8.9 1.006026e+04 9.976633e+03 1.001727e+04 1.010090e+04
9.9 9.987701e+03 9.979360e+03 1.001992e+04 1.002826e+04
10.9 1.003001e+04 9.977725e+03 1.001841e+04 1.007069e+04
11.9 1.015713e+04 9.979257e+03 1.002015e+04 1.019802e+04
12.9 1.010320e+04 9.978984e+03 1.002010e+04 1.014432e+04
13.9 9.960254e+03 9.978707e+03 1.002005e+04 1.000160e+04
14.9 1.006406e+04 9.991079e+03 1.001971e+04 1.009269e+04
15.9 1.015254e+04 1.008587e+04 9.995942e+03 1.006260e+04
16.9 1.023630e+04 1.018336e+04 9.963758e+03 1.001669e+04
17.9 1.026674e+04 1.012358e+04 9.943050e+03 1.008621e+04
18.9 9.920089e+03 1.000675e+04 9.934619e+03 9.847958e+03
19.9 9.850726e+03 9.925733e+03 9.933387e+03 9.858380e+03
0.6 9.860722e+03 9.969336e+03 1.002570e+04 9.917085e+03
1.6 9.860918e+03 9.967891e+03 1.002137e+04 9.914395e+03
2.6 1.007361e+04 9.971103e+03 1.002000e+04 1.012250e+04
3.6 9.988972e+03 9.973930e+03 1.001891e+04 1.003396e+04
4.6 9.972908e+03 9.974914e+03 1.001738e+04 1.001538e+04
5.6 1.009207e+04 9.978003e+03 1.001916e+04 1.013322e+04
6.6 1.006026e+04 9.976633e+03 1.001727e+04 1.010090e+04
7.6 9.987701e+03 9.979360e+03 1.001992e+04 1.002826e+04
8.6 1.003001e+04 9.977725e+03 1.001841e+04 1.007069e+04
9.6 1.015713e+04 9.979257e+03 1.002015e+04 1.019802e+04
10.6 1.010320e+04 9.978984e+03 1.002010e+04 1.014432e+04
11.6 9.960254e+03 9.978707e+03 1.002005e+04 1.000160e+04
12.6 1.006406e+04 9.991079e+03 1.001971e+04 1.009269e+04
13.6 1.015254e+04 1.008587e+04 9.995942e+03 1.006260e+04
14.6 1.023630e+04 1.018336e+04 9.963758e+03 1.001669e+04
15.6 1.026674e+04 1.012358e+04 9.943050e+03 1.008621e+04
16.6 9.920089e+03 1.000675e+04 9.934619e+03 9.847958e+03
17.6 9.850726e+03 9.925733e+03 9.933387e+03 9.858380e+03
18.6 9.915167e+03 9.886564e+03 9.935482e+03 9.964084e+03
19.6 9.826726e+03 9.873641e+03 9.938558e+03 9.891642e+03
0.3 1.007361e+04 9.971103e+03 1.002000e+04 1.012250e+04
1.3 9.988972e+03 9.973930e+03 1.001891e+04 1.003396e+04
2.3 9.972908e+03 9.974914e+03 1.001738e+04 1.001538e+04
3.3 1.009207e+04 9.978003e+03 1.001916e+04 1.013322e+04
4.3 1.006026e+04 9.976633e+03 1.001727e+04 1.010090e+04
5.3 9.987701e+03 9.979360e+03 1.001992e+04 1.002826e+04
6.3 1.003001e+04 9.977725e+03 1.001841e+04 1.007069e+04
7.3 1.015713e+04 9.979257e+03 1.002015e+04 1.019802e+04
8.3 1.010320e+04 9.978984e+03 1.002010e+04 1.014432e+04
9.3 9.960254e+03 9.978707e+03 1.002005e+04 1.000160e+04
10.3 1.006406e+04 9.991079e+03 1.001971e+04 1.009269e+04
11.3 1.015254e+04 1.008587e+04 9.995942e+03 1.006260e+04
12.3 1.023630e+04 1.018336e+04 9.963758e+03 1.001669e+04
13.3 1.026674e+04 1.012358e+04 9.943050e+03 1.008621e+04
14.3 9.920089e+03 1.000675e+04 9.934619e+03 9.847958e+03
15.3 9.850726e+03 9.925733e+03 9.933387e+03 9.858380e+03
16.3 9.915167e+03 9.886564e+03 9.935482e+03 9.964084e+03
17.3 9.826726e+03 9.873641e+03 9.938558e+03 9.891642e+03
18.3 9.902434e+03 9.875345e+03 9.941317e+03 9.968405e+03
19.3 9.885690e+03 9.929130e+03 9.943314e+03 9.899874e+03
1.0 1.009207e+04 9.978003e+03 1.001916e+04 1.013322e+04
2.0 1.006026e+04 9.976633e+03 1.001727e+04 1.010090e+04
3.0 9.987701e+03 9.979360e+03 1.001992e+04 1.002826e+04
4.0 1.003001e+04 9.977725e+03 1.001841e+04 1.007069e+04
5.0 1.015713e+04 9.979257e+03 1.002015e+04 1.019802e+04
6.0 1.010320e+04 9.978984e+03 1.002010e+04 1.014432e+04
7.0 9.960254e+03 9.978707e+03 1.002005e+04 1.000160e+04
8.0 1.006406e+04 9.991079e+03 1.001971e+04 1.009269e+04
9.0 1.015254e+04 1.008587e+04 9.995942e+03 1.006260e+04
10.0 1.023630e+04 1.018336e+04 9.963758e+03 1.001669e+04
11.0 1.026674e+04 1.012358e+04 9.943050e+03 1.008621e+04
12.0 9.920089e+03 1.000675e+04 9.934619e+03 9.847958e+03
13.0 9.850726e+03 9.925733e+03 9.933387e+03 9.858380e+03
14.0 9.915167e+03 9.886564e+03 9.935482e+03 9.964084e+03
15.0 9.826726e+03 9.873641e+03 9.938558e+03 9.891642e+03
16.0 9.902434e+03 9.875345e+03 9.941317e+03 9.968405e+03
17.0 9.885690e+03 9.929130e+03 9.943314e+03 9.899874e+03
18.0 1.005657e+04 1.006320e+04 9.952655e+03 9.946023e+03
19.0 1.008204e+04 1.010716e+04 9.984824e+03 9.959698e+03
20.0 1.011058e+04 1.006729e+04 1.001450e+04 1.005778e+04
0.7 9.987701e+03 9.979360e+03 1.001992e+04 1.002826e+04
1.7 1.003001e+04 9.977725e+03 1.001841e+04 1.007069e+04
2.7 1.015713e+04 9.979257e+03 1.002015e+04 1.019802e+04
3.7 1.010320e+04 9.978984e+03 1.002010e+04 1.014432e+04
4.7 9.960254e+03 9.978707e+03 1.002005e+04 1.000160e+04
5.7 1.006406e+04 9.991079e+03 1.001971e+04 1.009269e+04
6.7 1.015254e+04 1.008587e+04 9.995942e+03 1.006260e+04
7.7 1.023630e+04 1.018336e+04 9.963758e+03 1.001669e+04
8.7 1.026674e+04 1.012358e+04 9.943050e+03 1.008621e+04
9.7 9.920089e+03 1.000675e+04 9.934619e+03 9.847958e+03
10.7 9.850726e+03 9.925733e+03 9.933387e+03 9.858380e+03
11.7 9.915167e+03 9.886564e+03 9.935482e+03 9.964084e+03
12.7 9.826726e+03 9.873641e+03 9.938558e+03 9.891642e+03
13.7 9.902434e+03 9.875345e+03 9.941317e+03 9.968405e+03
14.7 9.885690e+03 9.929130e+03 9.943314e+03 9.899874e+03
15.7 1.005657e+04 1.006320e+04 9.952655e+03 9.946023e+03
16.7 1.008204e+04 1.010716e+04 9.984824e+03 9.959698e+03
17.7 1.011058e+04 1.006729e+04 1.001450e+04 1.005778e+04
18.7 9.997549e+03 1.002046e+04 1.002847e+04 1.000555e+04
19.7 9.917196e+03 9.993955e+03 1.003550e+04 9.958744e+03
0.4 1.015713e+04 9.979257e+03 1.002015e+04 1.019802e+04
1.4 1.010320e+04 9.978984e+03 1.002010e+04 1.014432e+04
2.4 9.960254e+03 9.978707e+03 1.002005e+04 1.000160e+04
3.4 1.006406e+04 9.991079e+03 1.001971e+04 1.009269e+04
4.4 1.015254e+04 1.008587e+04 9.995942e+03 1.006260e+04
5.4 1.023630e+04 1.018336e+04 9.963758e+03 1.001669e+04
6.4 1.026674e+04 1.012358e+04 9.943050e+03 1.008621e+04
7.4 9.920089e+03 1.000675e+04 9.934619e+03 9.847958e+03
8.4 9.850726e+03 9.925733e+03 9.933387e+03 9.858380e+03
9.4 9.915167e+03 9.886564e+03 9.935482e+03 9.964084e+03
10.4 9.826726e+03 9.873641e+03 9.938558e+03 9.891642e+03
11.4 9.902434e+03 9.875345e+03 9.941317e+03 9.968405e+03
12.4 9.885690e+03 9.929130e+03 9.943314e+03 9.899874e+03
13.4 1.005657e+04 1.006320e+04 9.952655e+03 9.946023e+03
14.4 1.008204e+04 1.010716e+04 9.984824e+03 9.959698e+03
15.4 1.011058e+04 1.006729e+04 1.001450e+04 1.005778e+04
16.4 9.997549e+03 1.002046e+04 1.002847e+04 1.000555e+04
17.4 9.917196e+03 9.993955e+03 1.003550e+04 9.958744e+03
18.4 9.981656e+03 9.976369e+03 1.003234e+04 1.003762e+04
19.4 9.949190e+03 9.972956e+03 1.003192e+04 1.000816e+04
0.5 9.885690e+03 9.929130e+03 9.943314e+03 9.899874e+03
1.5 1.005657e+04 1.006320e+04 9.952655e+03 9.946023e+03
2.5 1.008204e+04 1.010716e+04 9.984824e+03 9.959698e+03
3.5 1.011058e+04 1.006729e+04 1.001450e+04 1.005778e+04
4.5 9.997549e+03 1.002046e+04 1.002847e+04 1.000555e+04
5.5 9.917196e+03 9.993955e+03 1.003550e+04 9.958744e+03
6.5 9.981656e+03 9.976369e+03 1.003234e+04 1.003762e+04
7.5 9.949190e+03 9.972956e+03 1.003192e+04 1.000816e+04
8.5 9.966702e+03 9.971757e+03 1.002783e+04 1.002278e+04
9.5 9.873855e+03 9.975123e+03 1.002655e+04 9.925281e+03
10.5 1.001060e+04 9.978311e+03 1.002571e+04 1.005800e+04
11.5 1.003144e+04 9.979734e+03 1.002449e+04 1.007620e+04
12.5 9.930356e+03 9.981941e+03 1.002527e+04 9.973688e+03
13.5 9.937613e+03 9.978696e+03 1.002138e+04 9.980292e+03
14.5 9.929315e+03 9.981060e+03 1.002348e+04 9.971737e+03
15.5 1.006192e+04 9.979865e+03 1.002221e+04 1.010427e+04
16.5 9.962035e+03 9.981526e+03 1.002386e+04 1.000437e+04
17.5 1.000650e+04 9.981451e+03 1.002382e+04 1.004886e+04
18.5 1.001584e+04 9.980957e+03 1.002335e+04 1.005823e+04
19.5 9.930478e+03 9.992325e+03 1.002300e+04 9.961156e+03
0.2 1.008204e+04 1.010716e+04 9.984824e+03 9.959698e+03
1.2 1.011058e+04 1.006729e+04 1.001450e+04 1.005778e+04
2.2 9.997549e+03 1.002046e+04 1.002847e+04 1.000555e+04
3.2 9.917196e+03 9.993955e+03 1.003550e+04 9.958744e+03
4.2 9.981656e+03 9.976369e+03 1.003234e+04 1.003762e+04
5.2 9.949190e+03 9.972956e+03 1.003192e+04 1.000816e+04
6.2 9.966702e+03 9.971757e+03 1.002783e+04 1.002278e+04
7.2 9.873855e+03 9.975123e+03 1.002655e+04 9.925281e+03
8.2 1.001060e+04 9.978311e+03 1.002571e+04 1.005800e+04
9.2 1.003144e+04 9.979734e+03 1.002449e+04 1.007620e+04
10.2 9.930356e+03 9.981941e+03 1.002527e+04 9.973688e+03
11.2 9.937613e+03 9.978696e+03 1.002138e+04 9.980292e+03
12.2 9.929315e+03 9.981060e+03 1.002348e+04 9.971737e+03
13.2 1.006192e+04 9.979865e+03 1.002221e+04 1.010427e+04
14.2 9.962035e+03 9.981526e+03 1.002386e+04 1.000437e+04
15.2 1.000650e+04 9.981451e+03 1.002382e+04 1.004886e+04
16.2 1.001584e+04 9.980957e+03 1.002335e+04 1.005823e+04
17.2 9.930478e+03 9.992325e+03 1.002300e+04 9.961156e+03
18.2 9.982098e+03 1.008447e+04 9.999455e+03 9.897081e+03
19.2 1.018630e+04 1.018468e+04 9.966815e+03 9.968439e+03
0.9 9.917196e+03 9.993955e+03 1.003550e+04 9.958744e+03
1.9 9.981656e+03 9.976369e+03 1.003234e+04 1.003762e+04
2.9 9.949190e+03 9.972956e+03 1.003192e+04 1.000816e+04
3.9 9.966702e+03 9.971757e+03 1.002783e+04 1.002278e+04
4.9 9.873855e+03 9.975123e+03 1.002655e+04 9.925281e+03
5.9 1.001060e+04 9.978311e+03 1.002571e+04 1.005800e+04
6.9 1.003144e+04 9.979734e+03 1.002449e+04 1.007620e+04
7.9 9.930356e+03 9.981941e+03 1.002527e+04 9.973688e+03
8.9 9.937613e+03 9.978696e+03 1.002138e+04 9.980292e+03
9.9 9.929315e+03 9.981060e+03 1.002348e+04 9.971737e+03
10.9 1.006192e+04 9.979865e+03 1.002221e+04 1.010427e+04
11.9 9.962035e+03 9.981526e+03 1.002386e+04 1.000437e+04
12.9 1.000650e+04 9.981451e+03 1.002382e+04 1.004886e+04
13.9 1.001584e+04 9.980957e+03 1.002335e+04 1.005823e+04
14.9 9.930478e+03 9.992325e+03 1.002300e+04 9.961156e+03
15.9 9.982098e+03 1.008447e+04 9.999455e+03 9.897081e+03
16.9 1.018630e+04 1.018468e+04 9.966815e+03 9.968439e+03
17.9 1.012122e+04 1.012806e+04 9.945454e+03 9.938621e+03
18.9 1.019320e+04 1.001087e+04 9.936512e+03 1.011884e+04
19.9 1.002666e+04 9.928511e+03 9.934923e+03 1.003307e+04
0.6 9.949190e+03 9.972956e+03 1.003192e+04 1.000816e+04
1.6 9.966702e+03 9.971757e+03 1.002783e+04 1.002278e+04
2.6 9.873855e+03 9.975123e+03 1.002655e+04 9.925281e+03
3.6 1.001060e+04 9.978311e+03 1.002571e+04 1.005800e+04
4.6 1.003144e+04 9.979734e+03 1.002449e+04 1.007620e+04
5.6 9.930356e+03 9.981941e+03 1.002527e+04 9.973688e+03
6.6 9.937613e+03 9.978696e+03 1.002138e+04 9.980292e+03
7.6 9.929315e+03 9.981060e+03 1.002348e+04 9.971737e+03
8.6 1.006192e+04 9.979865e+03 1.002221e+04 1.010427e+04
9.6 9.962035e+03 9.981526e+03 1.002386e+04 1.000437e+04
10.6 1.000650e+04 9.981451e+03 1.002382e+04 1.004886e+04
11.6 1.001584e+04 9.980957e+03 1.002335e+04 1.005823e+04
12.6 9.930478e+03 9.992325e+03 1.002300e+04 9.961156e+03
13.6 9.982098e+03 1.008447e+04 9.999455e+03 9.897081e+03
14.6 1.018630e+04 1.018468e+04 9.966815e+03 9.968439e+03
15.6 1.012122e+04 1.012806e+04 9.945454e+03 9.938621e+03
16.6 1.019320e+04 1.001087e+04 9.936512e+03 1.011884e+04
17.6 1.002666e+04 9.928511e+03 9.934923e+03 1.003307e+04
18.6 9.864928e+03 9.888340e+03 9.936765e+03 9.913353e+03
19.6 9.782659e+03 9.874795e+03 9.939658e+03 9.847523e+03
0.3 9.873855e+03 9.975123e+03 1.002655e+04 9.925281e+03
1.3 1.001060e+04 9.978311e+03 1.002571e+04 1.005800e+04
2.3 1.003144e+04 9.979734e+03 1.002449e+04 1.007620e+04
3.3 9.930356e+03 9.981941e+03 1.002527e+04 9.973688e+03
4.3 9.937613e+03 9.978696e+03 1.002138e+04 9.980292e+03
5.3 9.929315e+03 9.981060e+03 1.002348e+04 9.971737e+03
6.3 1.006192e+04 9.979865e+03 1.002221e+04 1.010427e+04
7.3 9.962035e+03 9.981526e+03 1.002386e+04 1.000437e+04
8.3 1.000650e+04 9.981451e+03 1.002382e+04 1.004886e+04
9.3 1.001584e+04 9.980957e+03 1.002335e+04 1.005823e+04
10.3 9.930478e+03 9.992325e+03 1.002300e+04 9.961156e+03
11.3 9.982098e+03 1.008447e+04 9.999455e+03 9.897081e+03
12.3 1.018630e+04 1.018468e+04 9.966815e+03 9.968439e+03
13.3 1.012122e+04 1.012806e+04 9.945454e+03 9.938621e+03
14.3 1.019320e+04 1.001087e+04 9.936512e+03 1.011884e+04
15.3 1.002666e+04 9.928511e+03 9.934923e+03 1.003307e+04
16.3 9.864928e+03 9.888340e+03 9.936765e+03 9.913353e+03
17.3 9.782659e+03 9.874795e+03 9.939658e+03 9.847523e+03
18.3 9.847310e+03 9.876135e+03 9.942277e+03 9.913452e+03
19.3 9.879316e+03 9.929753e+03 9.944171e+03 9.893734e+03
0.9 9.930356e+03 9.981941e+03 1.002527e+04 9.973688e+03
1.9 9.937613e+03 9.978696e+03 1.002138e+04 9.980292e+03
2.9 9.929315e+03 9.981060e+03 1.002348e+04 9.971737e+03
3.9 1.006192e+04 9.979865e+03 1.002221e+04 1.010427e+04
4.9 9.962035e+03 9.981526e+03 1.002386e+04 1.000437e+04
5.9 1.000650e+04 9.981451e+03 1.002382e+04 1.004886e+04
6.9 1.001584e+04 9.980957e+03 1.002335e+04 1.005823e+04
7.9 9.930478e+03 9.992325e+03 1.002300e+04 9.961156e+03
8.9 9.982098e+03 1.008447e+04 9.999455e+03 9.897081e+03
9.9 1.018630e+04 1.018468e+04 9.966815e+03 9.968439e+03
10.9 1.012122e+04 1.012806e+04 9.945454e+03 9.938621e+03
11.9 1.019320e+04 1.001087e+04 9.936512e+03 1.011884e+04
12.9 1.002666e+04 9.928511e+03 9.934923e+03 1.003307e+04
13.9 9.864928e+03 9.888340e+03 9.936765e+03 9.913353e+03
14.9 9.782659e+03 9.874795e+03 9.939658e+03 9.847523e+03
15.9 9.847310e+03 9.876135e+03 9.942277e+03 9.913452e+03
16.9 9.879316e+03 9.929753e+03 9.944171e+03 9.893734e+03
17.9 1.010456e+04 1.006426e+04 9.953919e+03 9.994220e+03
18.9 1.019187e+04 1.010860e+04 9.986405e+03 1.006968e+04
19.9 1.008518e+04 1.006796e+04 1.001523e+04 1.003246e+04
0.7 9.929315e+03 9.981060e+03 1.002348e+04 9.971737e+03
1.7 1.006192e+04 9.979865e+03 1.002221e+04 1.010427e+04
2.7 9.962035e+03 9.981526e+03 1.002386e+04 1.000437e+04
3.7 1.000650e+04 9.981451e+03 1.002382e+04 1.004886e+04
4.7 1.001584e+04 9.980957e+03 1.002335e+04 1.005823e+04
5.7 9.930478e+03 9.992325e+03 1.002300e+04 9.961156e+03
6.7 9.982098e+03 1.008447e+04 9.999455e+03 9.897081e+03
7.7 1.018630e+04 1.018468e+04 9.966815e+03 9.968439e+03
8.7 1.012122e+04 1.012806e+04 9.945454e+03 9.938621e+03
9.7 1.019320e+04 1.001087e+04 9.936512e+03 1.011884e+04
10.7 1.002666e+04 9.928511e+03 9.934923e+03 1.003307e+04
11.7 9.864928e+03 9.888340e+03 9.936765e+03 9.913353e+03
12.7 9.782659e+03 9.874795e+03 9.939658e+03 9.847523e+03
13.6 9.847310e+03 9.876135e+03 9.942277e+03 9.913452e+03
14.6 9.879316e+03 9.929753e+03 9.944171e+03 9.893734e+03
15.6 1.010456e+04 1.006426e+04 9.953919e+03 9.994220e+03
16.6 1.019187e+04 1.010860e+04 9.986405e+03 1.006968e+04
17.6 1.008518e+04 1.006796e+04 1.001523e+04 1.003246e+04
18.6 9.942741e+03 1.002035e+04 1.002833e+04 9.950715e+03
19.6 9.899144e+03 9.993663e+03 1.003509e+04 9.940568e+03
0.3 9.962035e+03 9.981526e+03 1.002386e+04 1.000437e+04
1.3 1.000650e+04 9.981451e+03 1.002382e+04 1.004886e+04
2.3 1.001584e+04 9.980957e+03 1.002335e+04 1.005823e+04
3.3 9.930478e+03 9.992325e+03 1.002300e+04 9.961156e+03
4.3 9.982098e+03 1.008447e+04 9.999455e+03 9.897081e+03
5.3 1.018630e+04 1.018468e+04 9.966815e+03 9.968439e+03
6.3 1.012122e+04 1.012806e+04 9.945454e+03 9.938621e+03
7.3 1.019320e+04 1.001087e+04 9.936512e+03 1.011884e+04
8.3 1.002666e+04 9.928511e+03 9.934923e+03 1.003307e+04
9.3 9.864928e+03 9.888340e+03 9.936765e+03 9.913353e+03
10.3 9.782659e+03 9.874795e+03 9.939658e+03 9.847523e+03
11.3 9.847310e+03 9.876135e+03 9.942277e+03 9.913452e+03
12.3 9.879316e+03 9.929753e+03 9.944171e+03 9.893734e+03
13.3 1.010456e+04 1.006426e+04 9.953919e+03 9.994220e+03
14.3 1.019187e+04 1.010860e+04 9.986405e+03 1.006968e+04
15.3 1.008518e+04 1.006796e+04 1.001523e+04 1.003246e+04
16.3 9.942741e+03 1.002035e+04 1.002833e+04 9.950715e+03
17.3 9.899144e+03 9.993663e+03 1.003509e+04 9.940568e+03
18.3 9.952399e+03 9.975030e+03 1.003081e+04 1.000818e+04
19.3 9.927386e+03 9.971610e+03 1.003034e+04 9.986113e+03
0.5 9.879316e+03 9.929753e+03 9.944171e+03 9.893734e+03
1.5 1.010456e+04 1.006426e+04 9.953919e+03 9.994220e+03
2.5 1.019187e+04 1.010860e+04 9.986405e+03 1.006968e+04
3.5 1.008518e+04 1.006796e+04 1.001523e+04 1.003246e+04
4.5 9.942741e+03 1.002035e+04 1.002833e+04 9.950715e+03
5.5 9.899144e+03 9.993663e+03 1.003509e+04 9.940568e+03
6.5 9.952399e+03 9.975030e+03 1.003081e+04 1.000818e+04
7.5 9.927386e+03 9.971610e+03 1.003034e+04 9.986113e+03
8.5 9.906290e+03 9.970914e+03 1.002670e+04 9.962081e+03
9.5 9.866733e+03 9.974154e+03 1.002525e+04 9.917827e+03
10.5 9.920013e+03 9.978058e+03 1.002505e+04 9.967005e+03
11.5 1.003223e+04 9.979018e+03 1.002324e+04 1.007645e+04
12.5 1.007740e+04 9.982374e+03 1.002502e+04 1.012004e+04
13.5 1.000702e+04 9.980734e+03 1.002258e+04 1.004887e+04
14.5 1.000629e+04 9.983089e+03 1.002454e+04 1.004774e+04
15.5 1.002653e+04 9.981468e+03 1.002271e+04 1.006777e+04
16.5 1.002838e+04 9.982372e+03 1.002345e+04 1.006946e+04
17.5 1.005260e+04 9.982397e+03 1.002331e+04 1.009352e+04
18.5 1.009582e+04 9.981573e+03 1.002229e+04 1.013653e+04
19.5 1.011103e+04 9.991418e+03 1.002235e+04 1.014196e+04
0.2 1.019187e+04 1.010860e+04 9.986405e+03 1.006968e+04
1.2 1.008518e+04 1.006796e+04 1.001523e+04 1.003246e+04
2.2 9.942741e+03 1.002035e+04 1.002833e+04 9.950715e+03
3.2 9.899144e+03 9.993663e+03 1.003509e+04 9.940568e+03
4.2 9.952399e+03 9.975030e+03 1.003081e+04 1.000818e+04
5.2 9.927386e+03 9.971610e+03 1.003034e+04 9.986113e+03
6.2 9.906290e+03 9.970914e+03 1.002670e+04 9.962081e+03
7.2 9.866733e+03 9.974154e+03 1.002525e+04 9.917827e+03
8.2 9.920013e+03 9.978058e+03 1.002505e+04 9.967005e+03
9.2 1.003223e+04 9.979018e+03 1.002324e+04 1.007645e+04
10.2 1.007740e+04 9.982374e+03 1.002502e+04 1.012004e+04
11.2 1.000702e+04 9.980734e+03 1.002258e+04 1.004887e+04
12.2 1.000629e+04 9.983089e+03 1.002454e+04 1.004774e+04
13.2 1.002653e+04 9.981468e+03 1.002271e+04 1.006777e+04
14.2 1.002838e+04 9.982372e+03 1.002345e+04 1.006946e+04
15.2 1.005260e+04 9.982397e+03 1.002331e+04 1.009352e+04
16.2 1.009582e+04 9.981573e+03 1.002229e+04 1.013653e+04
17.2 1.011103e+04 9.991418e+03 1.002235e+04 1.014196e+04
18.2 1.019052e+04 1.007862e+04 9.999813e+03 1.011172e+04
19.2 1.025351e+04 1.018440e+04 9.966794e+03 1.003591e+04
0.8 9.899144e+03 9.993663e+03 1.003509e+04 9.940568e+03
1.8 9.952399e+03 9.975030e+03 1.003081e+04 1.000818e+04
2.8 9.927386e+03 9.971610e+03 1.003034e+04 9.986113e+03
3.8 9.906290e+03 9.970914e+03 1.002670e+04 9.962081e+03
4.8 9.866733e+03 9.974154e+03 1.002525e+04 9.917827e+03
5.8 9.920013e+03 9.978058e+03 1.002505e+04 9.967005e+03
6.8 1.003223e+04 9.979018e+03 1.002324e+04 1.007645e+04
7.8 1.007740e+04 9.982374e+03 1.002502e+04 1.012004e+04
8.8 1.000702e+04 9.980734e+03 1.002258e+04 1.004887e+04
9.8 1.000629e+04 9.983089e+03 1.002454e+04 1.004774e+04
10.8 1.002653e+04 9.981468e+03 1.002271e+04 1.006777e+04
11.8 1.002838e+04 9.982372e+03 1.002345e+04 1.006946e+04
12.8 1.005260e+04 9.982397e+03 1.002331e+04 1.009352e+04
13.8 1.009582e+04 9.981573e+03 1.002229e+04 1.013653e+04
14.8 1.011103e+04 9.991418e+03 1.002235e+04 1.014196e+04
15.8 1.019052e+04 1.007862e+04 9.999813e+03 1.011172e+04
16.8 1.025351e+04 1.018440e+04 9.966794e+03 1.003591e+04
17.8 1.013637e+04 1.013495e+04 9.944513e+03 9.945933e+03
18.8 1.002360e+04 1.001783e+04 9.934803e+03 9.940577e+03
19.8 9.808404e+03 9.933365e+03 9.932636e+03 9.807675e+03
0.5 9.927386e+03 9.971610e+03 1.003034e+04 9.986113e+03
1.5 9.906290e+03 9.970914e+03 1.002670e+04 9.962081e+03
2.5 9.866733e+03 9.974154e+03 1.002525e+04 9.917827e+03
3.5 9.920013e+03 9.978058e+03 1.002505e+04 9.967005e+03
4.5 1.003223e+04 9.979018e+03 1.002324e+04 1.007645e+04
5.5 1.007740e+04 9.982374e+03 1.002502e+04 1.012004e+04
6.5 1.000702e+04 9.980734e+03 1.002258e+04 1.004887e+04
7.5 1.000629e+04 9.983089e+03 1.002454e+04 1.004774e+04
8.5 1.002653e+04 9.981468e+03 1.002271e+04 1.006777e+04
9.5 1.002838e+04 9.982372e+03 1.002345e+04 1.006946e+04
10.5 1.005260e+04 9.982397e+03 1.002331e+04 1.009352e+04
11.5 1.009582e+04 9.981573e+03 1.002229e+04 1.013653e+04
12.5 1.011103e+04 9.991418e+03 1.002235e+04 1.014196e+04
13.5 1.019052e+04 1.007862e+04 9.999813e+03 1.011172e+04
14.5 1.025351e+04 1.018440e+04 9.966794e+03 1.003591e+04
15.5 1.013637e+04 1.013495e+04 9.944513e+03 9.945933e+03
16.5 1.002360e+04 1.001783e+04 9.934803e+03 9.940577e+03
17.5 9.808404e+03 9.933365e+03 9.932636e+03 9.807675e+03
18.5 9.880892e+03 9.891735e+03 9.933995e+03 9.923151e+03
19.5 9.918200e+03 9.877500e+03 9.936433e+03 9.977133e+03
0.2 9.866733e+03 9.974154e+03 1.002525e+04 9.917827e+03
1.2 9.920013e+03 9.978058e+03 1.002505e+04 9.967005e+03
2.2 1.003223e+04 9.979018e+03 1.002324e+04 1.007645e+04
3.2 1.007740e+04 9.982374e+03 1.002502e+04 1.012004e+04
4.2 1.000702e+04 9.980734e+03 1.002258e+04 1.004887e+04
5.2 1.000629e+04 9.983089e+03 1.002454e+04 1.004774e+04
6.2 1.002653e+04 9.981468e+03 1.002271e+04 1.006777e+04
7.2 1.002838e+04 9.982372e+03 1.002345e+04 1.006946e+04
8.2 1.005260e+04 9.982397e+03 1.002331e+04 1.009352e+04
9.2 1.009582e+04 9.981573e+03 1.002229e+04 1.013653e+04
10.2 1.011103e+04 9.991418e+03 1.002235e+04 1.014196e+04
11.2 1.019052e+04 1.007862e+04 9.999813e+03 1.011172e+04
12.2 1.025351e+04 1.018440e+04 9.966794e+03 1.003591e+04
13.2 1.013637e+04 1.013495e+04 9.944513e+03 9.945933e+03
14.2 1.002360e+04 1.001783e+04 9.934803e+03 9.940577e+03
15.2 9.808404e+03 9.933365e+03 9.932636e+03 9.807675e+03
16.2 9.880892e+03 9.891735e+03 9.933995e+03 9.923151e+03
17.2 9.918200e+03 9.877500e+03 9.936433e+03 9.977133e+03
18.2 9.826396e+03 9.878681e+03 9.938576e+03 9.886291e+03
19.2 9.785072e+03 9.932524e+03 9.939929e+03 9.792478e+03
0.9 1.007740e+04 9.982374e+03 1.002502e+04 1.012004e+04
1.9 1.000702e+04 9.980734e+03 1.002258e+04 1.004887e+04
2.9 1.000629e+04 9.983089e+03 1.002454e+04 1.004774e+04
3.9 1.002653e+04 9.981468e+03 1.002271e+04 1.006777e+04
4.9 1.002838e+04 9.982372e+03 1.002345e+04 1.006946e+04
5.9 1.005260e+04 9.982397e+03 1.002331e+04 1.009352e+04
6.9 1.009582e+04 9.981573e+03 1.002229e+04 1.013653e+04
7.9 1.011103e+04 9.991418e+03 1.002235e+04 1.014196e+04
8.9 1.019052e+04 1.007862e+04 9.999813e+03 1.011172e+04
9.9 1.025351e+04 1.018440e+04 9.966794e+03 1.003591e+04
10.9 1.013637e+04 1.013495e+04 9.944513e+03 9.945933e+03
11.9 1.002360e+04 1.001783e+04 9.934803e+03 9.940577e+03
12.9 9.808404e+03 9.933365e+03 9.932636e+03 9.807675e+03
13.9 9.880892e+03 9.891735e+03 9.933995e+03 9.923151e+03
14.9 9.918200e+03 9.877500e+03 9.936433e+03 9.977133e+03
15.9 9.826396e+03 9.878681e+03 9.938576e+03 9.886291e+03
16.9 9.785072e+03 9.932524e+03 9.939929e+03 9.792478e+03
17.9 9.844820e+03 1.006750e+04 9.949048e+03 9.726371e+03
18.9 9.907063e+03 1.011241e+04 9.980801e+03 9.775459e+03
19.9 9.982213e+03 1.007267e+04 1.000910e+04 9.918640e+03
0.6 1.000629e+04 9.983089e+03 1.002454e+04 1.004774e+04
1.6 1.002653e+04 9.981468e+03 1.002271e+04 1.006777e+04
2.6 1.002838e+04 9.982372e+03 1.002345e+04 1.006946e+04
3.6 1.005260e+04 9.982397e+03 1.002331e+04 1.009352e+04
4.6 1.009582e+04 9.981573e+03 1.002229e+04 1.013653e+04
5.6 1.011103e+04 9.991418e+03 1.002235e+04 1.014196e+04
6.6 1.019052e+04 1.007862e+04 9.999813e+03 1.011172e+04
7.6 1.025351e+04 1.018440e+04 9.966794e+03 1.003591e+04
8.6 1.013637e+04 1.013495e+04 9.944513e+03 9.945933e+03
9.6 1.002360e+04 1.001783e+04 9.934803e+03 9.940577e+03
10.6 9.808404e+03 9.933365e+03 9.932636e+03 9.807675e+03
11.6 9.880892e+03 9.891735e+03 9.933995e+03 9.923151e+03
12.6 9.918200e+03 9.877500e+03 9.936433e+03 9.977133e+03
13.6 9.826396e+03 9.878681e+03 9.938576e+03 9.886291e+03
14.6 9.785072e+03 9.932524e+03 9.939929e+03 9.792478e+03
15.6 9.844820e+03 1.006750e+04 9.949048e+03 9.726371e+03
16.6 9.907063e+03 1.011241e+04 9.980801e+03 9.775459e+03
17.6 9.982213e+03 1.007267e+04 1.000910e+04 9.918640e+03
18.6 9.934805e+03 1.002626e+04 1.002184e+04 9.930385e+03
19.6 9.890036e+03 1.000010e+04 1.002747e+04 9.917408e+03
0.3 1.002838e+04 9.982372e+03 1.002345e+04 1.006946e+04
1.3 1.005260e+04 9.982397e+03 1.002331e+04 1.009352e+04
2.3 1.009582e+04 9.981573e+03 1.002229e+04 1.013653e+04
3.3 1.011103e+04 9.991418e+03 1.002235e+04 1.014196e+04
4.3 1.019052e+04 1.007862e+04 9.999813e+03 1.011172e+04
5.3 1.025351e+04 1.018440e+04 9.966794e+03 1.003591e+04
6.3 1.013637e+04 1.013495e+04 9.944513e+03 9.945933e+03
7.3 1.002360e+04 1.001783e+04 9.934803e+03 9.940577e+03
8.3 9.808404e+03 9.933365e+03 9.932636e+03 9.807675e+03
9.3 9.880892e+03 9.891735e+03 9.933995e+03 9.923151e+03
10.3 9.918200e+03 9.877500e+03 9.936433e+03 9.977133e+03
11.3 9.826396e+03 9.878681e+03 9.938576e+03 9.886291e+03
12.3 9.785072e+03 9.932524e+03 9.939929e+03 9.792478e+03
13.3 9.844820e+03 1.006750e+04 9.949048e+03 9.726371e+03
14.3 9.907063e+03 1.011241e+04 9.980801e+03 9.775459e+03
15.3 9.982213e+03 1.007267e+04 1.000910e+04 9.918640e+03
16.3 9.934805e+03 1.002626e+04 1.002184e+04 9.930385e+03
17.3 9.890036e+03 1.000010e+04 1.002747e+04 9.917408e+03
18.3 9.875244e+03 9.983058e+03 1.002300e+04 9.915182e+03
19.3 9.988577e+03 9.980295e+03 1.002126e+04 1.002954e+04
0.5 9.785072e+03 9.932524e+03 9.939929e+03 9.792478e+03
1.5 9.844820e+03 1.006750e+04 9.949048e+03 9.726371e+03
2.5 9.907063e+03 1.011241e+04 9.980801e+03 9.775459e+03
3.5 9.982213e+03 1.007267e+04 1.000910e+04 9.918640e+03
4.5 9.934805e+03 1.002626e+04 1.002184e+04 9.930385e+03
5.5 9.890036e+03 1.000010e+04 1.002747e+04 9.917408e+03
6.5 9.875244e+03 9.983058e+03 1.002300e+04 9.915182e+03
7.5 9.988577e+03 9.980295e+03 1.002126e+04 1.002954e+04
8.5 9.922237e+03 9.979097e+03 1.001506e+04 9.958198e+03
9.5 9.853402e+03 9.982963e+03 1.001202e+04 9.882460e+03
10.5 9.980112e+03 9.986793e+03 1.000949e+04 1.000281e+04
11.5 1.008072e+04 9.988625e+03 1.000627e+04 1.009836e+04
12.5 1.009719e+04 9.992245e+03 1.000589e+04 1.011084e+04
13.5 1.003384e+04 9.990900e+03 1.000110e+04 1.004404e+04
14.5 1.014934e+04 9.994405e+03 1.000137e+04 1.015631e+04
15.5 1.003810e+04 9.994017e+03 9.997777e+03 1.004186e+04
16.5 1.003504e+04 9.996558e+03 9.997055e+03 1.003554e+04
17.5 1.001807e+04 9.996752e+03 9.993905e+03 1.001523e+04
0.2 9.907063e+03 1.011241e+04 9.980801e+03 9.775459e+03
1.2 9.982213e+03 1.007267e+04 1.000910e+04 9.918640e+03
2.2 9.934805e+03 1.002626e+04 1.002184e+04 9.930385e+03
3.2 9.890036e+03 1.000010e+04 1.002747e+04 9.917408e+03
4.2 9.875244e+03 9.983058e+03 1.002300e+04 9.915182e+03
5.2 9.988577e+03 9.980295e+03 1.002126e+04 1.002954e+04
6.2 9.922237e+03 9.979097e+03 1.001506e+04 9.958198e+03
7.2 9.853402e+03 9.982963e+03 1.001202e+04 9.882460e+03
8.2 9.980112e+03 9.986793e+03 1.000949e+04 1.000281e+04
9.2 1.008072e+04 9.988625e+03 1.000627e+04 1.009836e+04
10.2 1.009719e+04 9.992245e+03 1.000589e+04 1.011084e+04
11.2 1.003384e+04 9.990900e+03 1.000110e+04 1.004404e+04
12.2 1.014934e+04 9.994405e+03 1.000137e+04 1.015631e+04
13.2 1.003810e+04 9.994017e+03 9.997777e+03 1.004186e+04
14.2 1.003504e+04 9.996558e+03 9.997055e+03 1.003554e+04
15.2 1.001807e+04 9.996752e+03 9.993905e+03 1.001523e+04
0.9 9.890036e+03 1.000010e+04 1.002747e+04 9.917408e+03
1.9 9.875244e+03 9.983058e+03 1.002300e+04 9.915182e+03
2.9 9.988577e+03 9.980295e+03 1.002126e+04 1.002954e+04
3.9 9.922237e+03 9.979097e+03 1.001506e+04 9.958198e+03
4.9 9.853402e+03 9.982963e+03 1.001202e+04 9.882460e+03
5.9 9.980112e+03 9.986793e+03 1.000949e+04 1.000281e+04
6.9 1.008072e+04 9.988625e+03 1.000627e+04 1.009836e+04
7.9 1.009719e+04 9.992245e+03 1.000589e+04 1.011084e+04
8.9 1.003384e+04 9.990900e+03 1.000110e+04 1.004404e+04
9.9 1.014934e+04 9.994405e+03 1.000137e+04 1.015631e+04
10.9 1.003810e+04 9.994017e+03 9.997777e+03 1.004186e+04
11.9 1.003504e+04 9.996558e+03 9.997055e+03 1.003554e+04
12.9 1.001807e+04 9.996752e+03 9.993905e+03 1.001523e+04
0.6 9.988577e+03 9.980295e+03 1.002126e+04 1.002954e+04
1.6 9.922237e+03 9.979097e+03 1.001506e+04 9.958198e+03
2.6 9.853402e+03 9.982963e+03 1.001202e+04 9.882460e+03
3.6 9.980112e+03 9.986793e+03 1.000949e+04 1.000281e+04
4.6 1.008072e+04 9.988625e+03 1.000627e+04 1.009836e+04
5.6 1.009719e+04 9.992245e+03 1.000589e+04 1.011084e+04
6.6 1.003384e+04 9.990900e+03 1.000110e+04 1.004404e+04
7.6 1.014934e+04 9.994405e+03 1.000137e+04 1.015631e+04
8.6 1.003810e+04 9.994017e+03 9.997777e+03 1.004186e+04
9.6 1.003504e+04 9.996558e+03 9.997055e+03 1.003554e+04
10.6 1.001807e+04 9.996752e+03 9.993905e+03 1.001523e+04
0.3 9.853402e+03 9.982963e+03 1.001202e+04 9.882460e+03
1.3 9.980112e+03 9.986793e+03 1.000949e+04 1.000281e+04
2.3 1.008072e+04 9.988625e+03 1.000627e+04 1.009836e+04
3.3 1.009719e+04 9.992245e+03 1.000589e+04 1.011084e+04
4.3 1.003384e+04 9.990900e+03 1.000110e+04 1.004404e+04
5.3 1.014934e+04 9.994405e+03 1.000137e+04 1.015631e+04
6.3 1.003810e+04 9.994017e+03 9.997777e+03 1.004186e+04
7.3 1.003504e+04 9.996558e+03 9.997055e+03 1.003554e+04
8.3 1.001807e+04 9.996752e+03 9.993905e+03 1.001523e+04
1.0 1.009719e+04 9.992245e+03 1.000589e+04 1.011084e+04
2.0 1.003384e+04 9.990900e+03 1.000110e+04 1.004404e+04
3.0 1.014934e+04 9.994405e+03 1.000137e+04 1.015631e+04
4.0 1.003810e+04 9.994017e+03 9.997777e+03 1.004186e+04
5.0 1.003504e+04 9.996558e+03 9.997055e+03 1.003554e+04
6.0 1.001807e+04 9.996752e+03 9.993905e+03 1.001523e+04
0.6 1.014934e+04 9.994405e+03 1.000137e+04 1.015631e+04
1.6 1.003810e+04 9.994017e+03 9.997777e+03 1.004186e+04
2.6 1.003504e+04 9.996558e+03 9.997055e+03 1.003554e+04
3.6 1.001807e+04 9.996752e+03 9.993905e+03 1.001523e+04
0.3 1.003504e+04 9.996558e+03 9.997055e+03 1.003554e+04
1.3 1.001807e+04 9.996752e+03 9.993905e+03 1.001523e+04
