1.202183e+04 1.206238e+04 1.206088e+04 1.202332e+04
1.200696e+04 1.206306e+04 1.206021e+04 1.200981e+04
1.202067e+04 1.206484e+04 1.205801e+04 1.202750e+04
1.208460e+04 1.206514e+04 1.205791e+04 1.209182e+04
1.211064e+04 1.206521e+04 1.206089e+04 1.211496e+04
1.198936e+04 1.207668e+04 1.207966e+04 1.198638e+04
1.206403e+04 1.208675e+04 1.209534e+04 1.205545e+04
1.209936e+04 1.208099e+04 1.208781e+04 1.209254e+04
1.201462e+04 1.207170e+04 1.207483e+04 1.201150e+04
1.209525e+04 1.207429e+04 1.207839e+04 1.209115e+04
1.203394e+04 1.208508e+04 1.209347e+04 1.202555e+04
1.210967e+04 1.208172e+04 1.208856e+04 1.210283e+04
1.213457e+04 1.207276e+04 1.207414e+04 1.213319e+04
1.204257e+04 1.206778e+04 1.206230e+04 1.204805e+04
1.205717e+04 1.206483e+04 1.205758e+04 1.206442e+04
1.210720e+04 1.206306e+04 1.205792e+04 1.211234e+04
1.203430e+04 1.207110e+04 1.207184e+04 1.203357e+04
1.214864e+04 1.208502e+04 1.209294e+04 1.214072e+04
1.208196e+04 1.208315e+04 1.209090e+04 1.207421e+04
1.212820e+04 1.207456e+04 1.207725e+04 1.212552e+04
1.209241e+04 1.206937e+04 1.206506e+04 1.209672e+04
1.209603e+04 1.206605e+04 1.205965e+04 1.210243e+04
1.200098e+04 1.206371e+04 1.205902e+04 1.200566e+04
1.214448e+04 1.206274e+04 1.206009e+04 1.214713e+04
1.207623e+04 1.206278e+04 1.206149e+04 1.207752e+04
1.204787e+04 1.206420e+04 1.206408e+04 1.204799e+04
1.215204e+04 1.207696e+04 1.208225e+04 1.214675e+04
1.203618e+04 1.208784e+04 1.209751e+04 1.202650e+04
1.214487e+04 1.208248e+04 1.208973e+04 1.213762e+04
1.204814e+04 1.207319e+04 1.207611e+04 1.204521e+04
1.216502e+04 1.206830e+04 1.206528e+04 1.216804e+04
1.205675e+04 1.206639e+04 1.205925e+04 1.206389e+04
1.211744e+04 1.206469e+04 1.205855e+04 1.212359e+04
1.201555e+04 1.206398e+04 1.205967e+04 1.201985e+04
1.204694e+04 1.206544e+04 1.205912e+04 1.205326e+04
1.210082e+04 1.206637e+04 1.205947e+04 1.210772e+04
1.204225e+04 1.206583e+04 1.206149e+04 1.204660e+04
1.205402e+04 1.206512e+04 1.206325e+04 1.205589e+04
1.213340e+04 1.206473e+04 1.206420e+04 1.213394e+04
1.201686e+04 1.206517e+04 1.206375e+04 1.201828e+04
1.202391e+04 1.206684e+04 1.206146e+04 1.202929e+04
1.204663e+04 1.206708e+04 1.206112e+04 1.205260e+04
1.203529e+04 1.206626e+04 1.206227e+04 1.203928e+04
1.201073e+04 1.206677e+04 1.206152e+04 1.201598e+04
1.198860e+04 1.206745e+04 1.206050e+04 1.199555e+04
1.208661e+04 1.206663e+04 1.206161e+04 1.209163e+04
1.202280e+04 1.206553e+04 1.206311e+04 1.202522e+04
1.202333e+04 1.206486e+04 1.206399e+04 1.202420e+04
1.208892e+04 1.206717e+04 1.206801e+04 1.208808e+04
1.215065e+04 1.208179e+04 1.208885e+04 1.214359e+04
1.206685e+04 1.208800e+04 1.209751e+04 1.205734e+04
1.212241e+04 1.208016e+04 1.208618e+04 1.211639e+04
1.209823e+04 1.207119e+04 1.207326e+04 1.209615e+04
1.209076e+04 1.206579e+04 1.206547e+04 1.209108e+04
1.207553e+04 1.206587e+04 1.206548e+04 1.207592e+04
1.208014e+04 1.207980e+04 1.208511e+04 1.207483e+04
1.216522e+04 1.208617e+04 1.209409e+04 1.215730e+04
1.197849e+04 1.207881e+04 1.208366e+04 1.197364e+04
1.216017e+04 1.207056e+04 1.207197e+04 1.215876e+04
1.207544e+04 1.207429e+04 1.207724e+04 1.207250e+04
1.212490e+04 1.208572e+04 1.209339e+04 1.211724e+04
1.200059e+04 1.208265e+04 1.208903e+04 1.199421e+04
1.204406e+04 1.207316e+04 1.207560e+04 1.204162e+04
1.218158e+04 1.206643e+04 1.206607e+04 1.218194e+04
1.204284e+04 1.206315e+04 1.206142e+04 1.204457e+04
1.206456e+04 1.206198e+04 1.205976e+04 1.206678e+04
1.203609e+04 1.206200e+04 1.205971e+04 1.203838e+04
1.210770e+04 1.206349e+04 1.205908e+04 1.211211e+04
1.203267e+04 1.206561e+04 1.205781e+04 1.204047e+04
1.204201e+04 1.206582e+04 1.205884e+04 1.204900e+04
1.201560e+04 1.206504e+04 1.206074e+04 1.201990e+04
1.209806e+04 1.206438e+04 1.206206e+04 1.210038e+04
1.206863e+04 1.206404e+04 1.206275e+04 1.206991e+04
1.200343e+04 1.206917e+04 1.207049e+04 1.200212e+04
1.212669e+04 1.208442e+04 1.209212e+04 1.211899e+04
1.215219e+04 1.208614e+04 1.209440e+04 1.214393e+04
1.209786e+04 1.207795e+04 1.208264e+04 1.209317e+04
1.205345e+04 1.208203e+04 1.208827e+04 1.204722e+04
1.212021e+04 1.208795e+04 1.209654e+04 1.211161e+04
1.215267e+04 1.208031e+04 1.208569e+04 1.214729e+04
1.205844e+04 1.207029e+04 1.207141e+04 1.205732e+04
1.207208e+04 1.206523e+04 1.206153e+04 1.207578e+04
1.200979e+04 1.206418e+04 1.205578e+04 1.201820e+04
1.211990e+04 1.206330e+04 1.205527e+04 1.212792e+04
1.196012e+04 1.206258e+04 1.205727e+04 1.196543e+04
1.202168e+04 1.206508e+04 1.206307e+04 1.202369e+04
1.193913e+04 1.208002e+04 1.208539e+04 1.193376e+04
1.204668e+04 1.208651e+04 1.209505e+04 1.203814e+04
1.209411e+04 1.207886e+04 1.208428e+04 1.208868e+04
1.215656e+04 1.207059e+04 1.207082e+04 1.215633e+04
1.209506e+04 1.206696e+04 1.206077e+04 1.210126e+04
1.204410e+04 1.206469e+04 1.205689e+04 1.205190e+04
1.212267e+04 1.206323e+04 1.205679e+04 1.212912e+04
1.209628e+04 1.206416e+04 1.205604e+04 1.210439e+04
1.201416e+04 1.206491e+04 1.205659e+04 1.202248e+04
1.201901e+04 1.206438e+04 1.205891e+04 1.202448e+04
1.213383e+04 1.206373e+04 1.206094e+04 1.213663e+04
1.213298e+04 1.206340e+04 1.206206e+04 1.213432e+04
1.206313e+04 1.206331e+04 1.206254e+04 1.206389e+04
1.204448e+04 1.206432e+04 1.206406e+04 1.204474e+04
1.201149e+04 1.207668e+04 1.208139e+04 1.200678e+04
1.217264e+04 1.208727e+04 1.209614e+04 1.216377e+04
1.209106e+04 1.208175e+04 1.208815e+04 1.208466e+04
1.205600e+04 1.207755e+04 1.208209e+04 1.205146e+04
1.203101e+04 1.208655e+04 1.209476e+04 1.202280e+04
1.212440e+04 1.208514e+04 1.209275e+04 1.211679e+04
1.199016e+04 1.207485e+04 1.207819e+04 1.198682e+04
1.214660e+04 1.206668e+04 1.206665e+04 1.214663e+04
1.208924e+04 1.206268e+04 1.206101e+04 1.209091e+04
1.209825e+04 1.206660e+04 1.206657e+04 1.209828e+04
1.209847e+04 1.208189e+04 1.208822e+04 1.209215e+04
1.207867e+04 1.208422e+04 1.209153e+04 1.207136e+04
1.198864e+04 1.207579e+04 1.207962e+04 1.198480e+04
1.199499e+04 1.206849e+04 1.206852e+04 1.199496e+04
1.199784e+04 1.206595e+04 1.206039e+04 1.200340e+04
1.209616e+04 1.206489e+04 1.205699e+04 1.210406e+04
1.206433e+04 1.206375e+04 1.205784e+04 1.207023e+04
1.209470e+04 1.206850e+04 1.206738e+04 1.209581e+04
1.210890e+04 1.208386e+04 1.209081e+04 1.210195e+04
1.203756e+04 1.208586e+04 1.209445e+04 1.202897e+04
1.199213e+04 1.207699e+04 1.208217e+04 1.198696e+04
1.207591e+04 1.207166e+04 1.207460e+04 1.207298e+04
1.206888e+04 1.208202e+04 1.208910e+04 1.206181e+04
1.209542e+04 1.208639e+04 1.209514e+04 1.208667e+04
1.206027e+04 1.207828e+04 1.208326e+04 1.205529e+04
1.208000e+04 1.207105e+04 1.206919e+04 1.208187e+04
1.206173e+04 1.206747e+04 1.206086e+04 1.206834e+04
1.204433e+04 1.206493e+04 1.205903e+04 1.205023e+04
1.201223e+04 1.206365e+04 1.205990e+04 1.201598e+04
1.196827e+04 1.206478e+04 1.205968e+04 1.197337e+04
1.209681e+04 1.206633e+04 1.205961e+04 1.210352e+04
1.195569e+04 1.206651e+04 1.206200e+04 1.196021e+04
1.196688e+04 1.207476e+04 1.207665e+04 1.196499e+04
1.216031e+04 1.208821e+04 1.209749e+04 1.215102e+04
1.222450e+04 1.208574e+04 1.209482e+04 1.221542e+04
1.222447e+04 1.207611e+04 1.208143e+04 1.221914e+04
1.207628e+04 1.206896e+04 1.207125e+04 1.207398e+04
1.206853e+04 1.206531e+04 1.206592e+04 1.206792e+04
1.215450e+04 1.206422e+04 1.206339e+04 1.215533e+04
1.216575e+04 1.206576e+04 1.206089e+04 1.217063e+04
1.212205e+04 1.206700e+04 1.206064e+04 1.212840e+04
1.199764e+04 1.206682e+04 1.206281e+04 1.200165e+04
1.207610e+04 1.206698e+04 1.206419e+04 1.207889e+04
1.204417e+04 1.206845e+04 1.206322e+04 1.204940e+04
1.211050e+04 1.206860e+04 1.206370e+04 1.211540e+04
1.208098e+04 1.206794e+04 1.206508e+04 1.208384e+04
1.205841e+04 1.206878e+04 1.206420e+04 1.206298e+04
1.211737e+04 1.206911e+04 1.206400e+04 1.212248e+04
1.195110e+04 1.206816e+04 1.206557e+04 1.195369e+04
1.204639e+04 1.206723e+04 1.206709e+04 1.204653e+04
1.209861e+04 1.206677e+04 1.206795e+04 1.209742e+04
1.206525e+04 1.206692e+04 1.206794e+04 1.206423e+04
1.203375e+04 1.206857e+04 1.206579e+04 1.203653e+04
1.208840e+04 1.206937e+04 1.206484e+04 1.209293e+04
1.206143e+04 1.206865e+04 1.206604e+04 1.206404e+04
1.201196e+04 1.206779e+04 1.206742e+04 1.201232e+04
1.203486e+04 1.206758e+04 1.206788e+04 1.203457e+04
1.202377e+04 1.206899e+04 1.206603e+04 1.202673e+04
1.212700e+04 1.206964e+04 1.206524e+04 1.213140e+04
1.201887e+04 1.206885e+04 1.206649e+04 1.202123e+04
1.207553e+04 1.206797e+04 1.206787e+04 1.207563e+04
1.203578e+04 1.206772e+04 1.206903e+04 1.203447e+04
1.208768e+04 1.207632e+04 1.208186e+04 1.208214e+04
1.209318e+04 1.209006e+04 1.210147e+04 1.208178e+04
1.205733e+04 1.208774e+04 1.209810e+04 1.204697e+04
1.211697e+04 1.207815e+04 1.208434e+04 1.211078e+04
1.204050e+04 1.207095e+04 1.207399e+04 1.203747e+04
1.209557e+04 1.206750e+04 1.206818e+04 1.209490e+04
1.207366e+04 1.206763e+04 1.206374e+04 1.207755e+04
1.213249e+04 1.206815e+04 1.206251e+04 1.213813e+04
1.209434e+04 1.206778e+04 1.206435e+04 1.209777e+04
1.210165e+04 1.206838e+04 1.206526e+04 1.210477e+04
1.208997e+04 1.206979e+04 1.206467e+04 1.209509e+04
1.208715e+04 1.206958e+04 1.206590e+04 1.209083e+04
1.212453e+04 1.206862e+04 1.206778e+04 1.212537e+04
1.210119e+04 1.206852e+04 1.206819e+04 1.210151e+04
1.205843e+04 1.206989e+04 1.206640e+04 1.206192e+04
1.218833e+04 1.207000e+04 1.206634e+04 1.219200e+04
1.199082e+04 1.206904e+04 1.206777e+04 1.199209e+04
1.213093e+04 1.206823e+04 1.206896e+04 1.213019e+04
1.204834e+04 1.206782e+04 1.206959e+04 1.204658e+04
1.212832e+04 1.206770e+04 1.206988e+04 1.212615e+04
1.200007e+04 1.207300e+04 1.207741e+04 1.199566e+04
1.216471e+04 1.208836e+04 1.209897e+04 1.215410e+04
1.222857e+04 1.209013e+04 1.210127e+04 1.221743e+04
1.204791e+04 1.208099e+04 1.208818e+04 1.204073e+04
1.205363e+04 1.207286e+04 1.207648e+04 1.205001e+04
1.197690e+04 1.206928e+04 1.206863e+04 1.197755e+04
1.203956e+04 1.206882e+04 1.206367e+04 1.204470e+04
1.203510e+04 1.206811e+04 1.206340e+04 1.203981e+04
1.208026e+04 1.206742e+04 1.206535e+04 1.208233e+04
1.203582e+04 1.206818e+04 1.206595e+04 1.203804e+04
1.203357e+04 1.206980e+04 1.206516e+04 1.203821e+04
1.204799e+04 1.206973e+04 1.206627e+04 1.205145e+04
1.199348e+04 1.206885e+04 1.206808e+04 1.199425e+04
1.207580e+04 1.206878e+04 1.206846e+04 1.207612e+04
1.202305e+04 1.207016e+04 1.206666e+04 1.202655e+04
1.201080e+04 1.207025e+04 1.206659e+04 1.201446e+04
1.199584e+04 1.206927e+04 1.206801e+04 1.199709e+04
1.213170e+04 1.206844e+04 1.206920e+04 1.213094e+04
1.205079e+04 1.206813e+04 1.206966e+04 1.204926e+04
1.207918e+04 1.206932e+04 1.206799e+04 1.208051e+04
1.205624e+04 1.207046e+04 1.206639e+04 1.206031e+04
1.202738e+04 1.206991e+04 1.206719e+04 1.203010e+04
1.200262e+04 1.206952e+04 1.206775e+04 1.200439e+04
1.213156e+04 1.207057e+04 1.206628e+04 1.213585e+04
1.212547e+04 1.207046e+04 1.206645e+04 1.212947e+04
1.210516e+04 1.206936e+04 1.206802e+04 1.210649e+04
1.212108e+04 1.206847e+04 1.206928e+04 1.212028e+04
1.210821e+04 1.206803e+04 1.206989e+04 1.210636e+04
1.209958e+04 1.206788e+04 1.207010e+04 1.209736e+04
1.208081e+04 1.207049e+04 1.207378e+04 1.207752e+04
1.204659e+04 1.208527e+04 1.209448e+04 1.203738e+04
1.208516e+04 1.209155e+04 1.210313e+04 1.207359e+04
1.204295e+04 1.208384e+04 1.209172e+04 1.203507e+04
1.208337e+04 1.207621e+04 1.207700e+04 1.208258e+04
1.209132e+04 1.207197e+04 1.206768e+04 1.209561e+04
1.215971e+04 1.206885e+04 1.206497e+04 1.216359e+04
1.205157e+04 1.206705e+04 1.206537e+04 1.205325e+04
1.205372e+04 1.206657e+04 1.206663e+04 1.205365e+04
1.197060e+04 1.206680e+04 1.206792e+04 1.196948e+04
1.202527e+04 1.206727e+04 1.206885e+04 1.202370e+04
1.208755e+04 1.206865e+04 1.206805e+04 1.208815e+04
1.210323e+04 1.207046e+04 1.206617e+04 1.210752e+04
1.206163e+04 1.207039e+04 1.206662e+04 1.206540e+04
