1.004903e+04 9.950130e+03 9.896486e+03 1.010267e+04
9.966522e+03 9.997848e+03 9.943226e+03 1.002114e+04
1.004776e+04 1.011693e+04 1.006918e+04 1.009551e+04
9.970282e+03 1.012427e+04 1.010703e+04 9.987526e+03
1.006537e+04 1.005223e+04 1.006433e+04 1.005327e+04
9.929409e+03 9.990488e+03 1.001629e+04 9.903610e+03
9.951680e+03 9.956732e+03 9.989658e+03 9.918753e+03
9.948122e+03 9.942324e+03 9.972695e+03 9.917751e+03
9.860722e+03 9.939358e+03 9.969336e+03 9.830743e+03
9.860918e+03 9.942244e+03 9.967891e+03 9.835271e+03
1.007361e+04 9.946828e+03 9.971103e+03 1.004933e+04
9.988972e+03 9.950737e+03 9.973930e+03 9.965779e+03
9.972908e+03 9.953254e+03 9.974914e+03 9.951248e+03
1.009207e+04 9.954569e+03 9.978003e+03 1.006863e+04
1.006026e+04 9.955087e+03 9.976633e+03 1.003872e+04
9.987701e+03 9.955166e+03 9.979360e+03 9.963507e+03
1.003001e+04 9.955039e+03 9.977725e+03 1.000733e+04
1.015713e+04 9.954831e+03 9.979257e+03 1.013270e+04
1.010320e+04 9.954603e+03 9.978984e+03 1.007882e+04
9.960254e+03 9.954375e+03 9.978707e+03 9.935921e+03
1.006406e+04 9.967094e+03 9.991079e+03 1.004008e+04
1.015254e+04 1.008565e+04 1.008587e+04 1.015232e+04
1.023630e+04 1.021533e+04 1.018336e+04 1.026826e+04
1.026674e+04 1.017625e+04 1.012358e+04 1.031941e+04
9.920089e+03 1.006785e+04 1.000675e+04 9.981192e+03
9.850726e+03 9.988068e+03 9.925733e+03 9.913060e+03
9.915167e+03 9.946804e+03 9.886564e+03 9.975407e+03
9.826726e+03 9.930805e+03 9.873641e+03 9.883890e+03
9.902434e+03 9.929750e+03 9.875345e+03 9.956838e+03
9.885690e+03 9.981538e+03 9.929130e+03 9.938099e+03
1.005657e+04 1.010627e+04 1.006320e+04 1.009964e+04
1.008204e+04 1.011806e+04 1.010716e+04 1.009294e+04
1.011058e+04 1.004852e+04 1.006729e+04 1.009180e+04
9.997549e+03 9.987717e+03 1.002046e+04 9.964805e+03
9.917196e+03 9.954174e+03 9.993955e+03 9.877416e+03
9.981656e+03 9.939755e+03 9.976369e+03 9.945042e+03
9.949190e+03 9.936752e+03 9.972956e+03 9.912987e+03
9.966702e+03 9.939646e+03 9.971757e+03 9.934591e+03
9.873855e+03 9.944296e+03 9.975123e+03 9.843028e+03
1.001060e+04 9.948318e+03 9.978311e+03 9.980602e+03
1.003144e+04 9.950965e+03 9.979734e+03 1.000268e+04
9.930356e+03 9.952390e+03 9.981941e+03 9.900806e+03
9.937613e+03 9.953043e+03 9.978696e+03 9.911960e+03
9.929315e+03 9.953300e+03 9.981060e+03 9.901555e+03
1.006192e+04 9.953378e+03 9.979865e+03 1.003544e+04
9.962035e+03 9.953383e+03 9.981526e+03 9.933893e+03
1.000650e+04 9.953355e+03 9.981451e+03 9.978400e+03
1.001584e+04 9.953327e+03 9.980957e+03 9.988207e+03
9.930478e+03 9.965043e+03 9.992325e+03 9.903195e+03
9.982098e+03 1.008074e+04 1.008447e+04 9.978364e+03
1.018630e+04 1.021359e+04 1.018468e+04 1.021521e+04
1.012122e+04 1.017832e+04 1.012806e+04 1.017149e+04
1.019320e+04 1.007008e+04 1.001087e+04 1.025241e+04
1.002666e+04 9.989309e+03 9.928511e+03 1.008746e+04
9.864928e+03 9.947296e+03 9.888340e+03 9.923884e+03
9.782659e+03 9.930858e+03 9.874795e+03 9.838723e+03
9.847310e+03 9.929579e+03 9.876135e+03 9.900754e+03
9.879316e+03 9.981304e+03 9.929753e+03 9.930867e+03
1.010456e+04 1.010607e+04 1.006426e+04 1.014637e+04
1.019187e+04 1.011791e+04 1.010860e+04 1.020119e+04
1.008518e+04 1.004845e+04 1.006796e+04 1.006567e+04
9.942741e+03 9.987748e+03 1.002035e+04 9.910137e+03
9.899144e+03 9.954297e+03 9.993663e+03 9.859777e+03
9.952399e+03 9.939946e+03 9.975030e+03 9.917315e+03
9.927386e+03 9.936994e+03 9.971610e+03 9.892769e+03
9.906290e+03 9.939931e+03 9.970914e+03 9.875307e+03
9.866733e+03 9.944628e+03 9.974154e+03 9.837208e+03
9.920013e+03 9.948730e+03 9.978058e+03 9.890684e+03
1.003223e+04 9.951502e+03 9.979018e+03 1.000471e+04
1.007740e+04 9.953079e+03 9.982374e+03 1.004810e+04
1.000702e+04 9.953877e+03 9.980734e+03 9.980163e+03
1.000629e+04 9.954268e+03 9.983089e+03 9.977463e+03
1.002653e+04 9.954482e+03 9.981468e+03 9.999543e+03
1.002838e+04 9.954641e+03 9.982372e+03 1.000065e+04
1.005260e+04 9.954806e+03 9.982397e+03 1.002501e+04
1.009582e+04 9.955004e+03 9.981573e+03 1.006925e+04
1.011103e+04 9.964787e+03 9.991418e+03 1.008440e+04
1.019052e+04 1.007453e+04 1.007862e+04 1.018643e+04
1.025351e+04 1.021333e+04 1.018440e+04 1.028244e+04
1.013637e+04 1.018616e+04 1.013495e+04 1.018758e+04
1.002360e+04 1.007875e+04 1.001783e+04 1.008452e+04
9.808404e+03 9.996451e+03 9.933365e+03 9.871490e+03
9.880892e+03 9.953462e+03 9.891735e+03 9.942619e+03
9.918200e+03 9.936788e+03 9.877500e+03 9.977489e+03
9.826396e+03 9.935827e+03 9.878681e+03 9.883542e+03
9.785072e+03 9.988316e+03 9.932524e+03 9.840865e+03
9.844820e+03 1.011417e+04 1.006750e+04 9.891494e+03
9.907063e+03 1.012733e+04 1.011241e+04 9.921984e+03
9.982213e+03 1.005929e+04 1.007267e+04 9.968836e+03
9.934805e+03 1.000014e+04 1.002626e+04 9.908685e+03
9.890036e+03 9.968350e+03 1.000010e+04 9.858286e+03
9.875244e+03 9.955784e+03 9.983058e+03 9.847971e+03
9.988577e+03 9.954757e+03 9.980295e+03 9.963039e+03
9.922237e+03 9.959761e+03 9.979097e+03 9.902902e+03
9.853402e+03 9.966664e+03 9.982963e+03 9.837103e+03
9.980112e+03 9.973025e+03 9.986793e+03 9.966345e+03
1.008072e+04 9.978077e+03 9.988625e+03 1.007017e+04
1.009719e+04 9.982079e+03 9.992245e+03 1.008703e+04
1.003384e+04 9.985521e+03 9.990900e+03 1.002846e+04
1.014934e+04 9.988752e+03 9.994405e+03 1.014369e+04
1.003810e+04 9.991961e+03 9.994017e+03 1.003605e+04
1.003504e+04 9.995225e+03 9.996558e+03 1.003371e+04
1.001807e+04 9.998569e+03 9.996752e+03 1.001989e+04
1.013612e+04 1.000190e+04 9.996220e+03 1.014180e+04
