0.5 9.036145e+03 8.991855e+03 8.978594e+03 9.022883e+03
1.5 9.013457e+03 9.048130e+03 8.996688e+03 8.962014e+03
2.5 9.018826e+03 9.084280e+03 9.039717e+03 8.974263e+03
3.5 9.038512e+03 9.091649e+03 9.071410e+03 9.018273e+03
4.5 9.038506e+03 9.092994e+03 9.092870e+03 9.038382e+03
5.5 9.066531e+03 9.091193e+03 9.102819e+03 9.078157e+03
6.5 9.048646e+03 9.088493e+03 9.105878e+03 9.066030e+03
7.5 9.007147e+03 9.089688e+03 9.109618e+03 9.027078e+03
8.5 9.038588e+03 9.086410e+03 9.107417e+03 9.059596e+03
9.5 9.124377e+03 9.089097e+03 9.110584e+03 9.145864e+03
10.5 9.107449e+03 9.086167e+03 9.107988e+03 9.129270e+03
11.5 9.121463e+03 9.087983e+03 9.109929e+03 9.143409e+03
0.2 9.018826e+03 9.084280e+03 9.039717e+03 8.974263e+03
1.2 9.038512e+03 9.091649e+03 9.071410e+03 9.018273e+03
2.2 9.038506e+03 9.092994e+03 9.092870e+03 9.038382e+03
3.2 9.066531e+03 9.091193e+03 9.102819e+03 9.078157e+03
4.2 9.048646e+03 9.088493e+03 9.105878e+03 9.066030e+03
5.2 9.007147e+03 9.089688e+03 9.109618e+03 9.027078e+03
6.2 9.038588e+03 9.086410e+03 9.107417e+03 9.059596e+03
7.2 9.124377e+03 9.089097e+03 9.110584e+03 9.145864e+03
8.2 9.107449e+03 9.086167e+03 9.107988e+03 9.129270e+03
9.2 9.121463e+03 9.087983e+03 9.109929e+03 9.143409e+03
10.2 9.103318e+03 9.087217e+03 9.109305e+03 9.125406e+03
11.2 9.073472e+03 9.086987e+03 9.109240e+03 9.095725e+03
0.9 9.066531e+03 9.091193e+03 9.102819e+03 9.078157e+03
1.9 9.048646e+03 9.088493e+03 9.105878e+03 9.066030e+03
2.9 9.007147e+03 9.089688e+03 9.109618e+03 9.027078e+03
3.9 9.038588e+03 9.086410e+03 9.107417e+03 9.059596e+03
4.9 9.124377e+03 9.089097e+03 9.110584e+03 9.145864e+03
5.9 9.107449e+03 9.086167e+03 9.107988e+03 9.129270e+03
6.9 9.121463e+03 9.087983e+03 9.109929e+03 9.143409e+03
7.9 9.103318e+03 9.087217e+03 9.109305e+03 9.125406e+03
8.9 9.073472e+03 9.086987e+03 9.109240e+03 9.095725e+03
9.9 9.081713e+03 9.088797e+03 9.111230e+03 9.104146e+03
10.9 9.105791e+03 9.086792e+03 9.109413e+03 9.128412e+03
11.9 9.111937e+03 9.090040e+03 9.112850e+03 9.134747e+03
0.6 9.007147e+03 9.089688e+03 9.109618e+03 9.027078e+03
1.6 9.038588e+03 9.086410e+03 9.107417e+03 9.059596e+03
2.6 9.124377e+03 9.089097e+03 9.110584e+03 9.145864e+03
3.6 9.107449e+03 9.086167e+03 9.107988e+03 9.129270e+03
4.6 9.121463e+03 9.087983e+03 9.109929e+03 9.143409e+03
5.6 9.103318e+03 9.087217e+03 9.109305e+03 9.125406e+03
6.6 9.073472e+03 9.086987e+03 9.109240e+03 9.095725e+03
7.6 9.081713e+03 9.088797e+03 9.111230e+03 9.104146e+03
8.6 9.105791e+03 9.086792e+03 9.109413e+03 9.128412e+03
9.6 9.111937e+03 9.090040e+03 9.112850e+03 9.134747e+03
10.6 9.072082e+03 9.087455e+03 9.110450e+03 9.095076e+03
11.6 9.049321e+03 9.090174e+03 9.113343e+03 9.072491e+03
0.3 9.124377e+03 9.089097e+03 9.110584e+03 9.145864e+03
1.3 9.107449e+03 9.086167e+03 9.107988e+03 9.129270e+03
2.3 9.121463e+03 9.087983e+03 9.109929e+03 9.143409e+03
3.3 9.103318e+03 9.087217e+03 9.109305e+03 9.125406e+03
4.3 9.073472e+03 9.086987e+03 9.109240e+03 9.095725e+03
5.3 9.081713e+03 9.088797e+03 9.111230e+03 9.104146e+03
6.3 9.105791e+03 9.086792e+03 9.109413e+03 9.128412e+03
7.3 9.111937e+03 9.090040e+03 9.112850e+03 9.134747e+03
8.3 9.072082e+03 9.087455e+03 9.110450e+03 9.095076e+03
9.3 9.049321e+03 9.090174e+03 9.113343e+03 9.072491e+03
10.3 9.086274e+03 9.096021e+03 9.103787e+03 9.094040e+03
11.3 9.188329e+03 9.120098e+03 9.066175e+03 9.134406e+03
1.0 9.103318e+03 9.087217e+03 9.109305e+03 9.125406e+03
2.0 9.073472e+03 9.086987e+03 9.109240e+03 9.095725e+03
3.0 9.081713e+03 9.088797e+03 9.111230e+03 9.104146e+03
4.0 9.105791e+03 9.086792e+03 9.109413e+03 9.128412e+03
5.0 9.111937e+03 9.090040e+03 9.112850e+03 9.134747e+03
6.0 9.072082e+03 9.087455e+03 9.110450e+03 9.095076e+03
7.0 9.049321e+03 9.090174e+03 9.113343e+03 9.072491e+03
8.0 9.086274e+03 9.096021e+03 9.103787e+03 9.094040e+03
9.0 9.188329e+03 9.120098e+03 9.066175e+03 9.134406e+03
10.0 9.166408e+03 9.114006e+03 9.026586e+03 9.078988e+03
11.0 9.148886e+03 9.065099e+03 8.999888e+03 9.083676e+03
12.0 9.086791e+03 9.014850e+03 8.985595e+03 9.057537e+03
0.7 9.081713e+03 9.088797e+03 9.111230e+03 9.104146e+03
1.7 9.105791e+03 9.086792e+03 9.109413e+03 9.128412e+03
2.7 9.111937e+03 9.090040e+03 9.112850e+03 9.134747e+03
3.7 9.072082e+03 9.087455e+03 9.110450e+03 9.095076e+03
4.7 9.049321e+03 9.090174e+03 9.113343e+03 9.072491e+03
5.7 9.086274e+03 9.096021e+03 9.103787e+03 9.094040e+03
6.7 9.188329e+03 9.120098e+03 9.066175e+03 9.134406e+03
7.7 9.166408e+03 9.114006e+03 9.026586e+03 9.078988e+03
8.7 9.148886e+03 9.065099e+03 8.999888e+03 9.083676e+03
9.7 9.086791e+03 9.014850e+03 8.985595e+03 9.057537e+03
10.7 9.058634e+03 8.981772e+03 8.979039e+03 9.055901e+03
11.7 9.036691e+03 8.964302e+03 8.976344e+03 9.048734e+03
0.4 9.111937e+03 9.090040e+03 9.112850e+03 9.134747e+03
1.4 9.072082e+03 9.087455e+03 9.110450e+03 9.095076e+03
2.4 9.049321e+03 9.090174e+03 9.113343e+03 9.072491e+03
3.4 9.086274e+03 9.096021e+03 9.103787e+03 9.094040e+03
4.4 9.188329e+03 9.120098e+03 9.066175e+03 9.134406e+03
5.4 9.166408e+03 9.114006e+03 9.026586e+03 9.078988e+03
6.4 9.148886e+03 9.065099e+03 8.999888e+03 9.083676e+03
7.4 9.086791e+03 9.014850e+03 8.985595e+03 9.057537e+03
8.4 9.058634e+03 8.981772e+03 8.979039e+03 9.055901e+03
9.4 9.036691e+03 8.964302e+03 8.976344e+03 9.048734e+03
10.4 9.042858e+03 8.956293e+03 8.975393e+03 9.061959e+03
11.4 9.057957e+03 8.954345e+03 8.975118e+03 9.078730e+03
0.5 9.052549e+03 8.989073e+03 8.975682e+03 9.039158e+03
1.5 9.048231e+03 9.047389e+03 8.996810e+03 8.997652e+03
2.5 9.074737e+03 9.084955e+03 9.041846e+03 9.031628e+03
3.5 9.081498e+03 9.093044e+03 9.074643e+03 9.063097e+03
4.5 9.082466e+03 9.095204e+03 9.097254e+03 9.084516e+03
5.5 9.093667e+03 9.093362e+03 9.107388e+03 9.107693e+03
6.5 9.150732e+03 9.090667e+03 9.110567e+03 9.170632e+03
7.5 9.166357e+03 9.092478e+03 9.114954e+03 9.188833e+03
8.5 9.144782e+03 9.089915e+03 9.113435e+03 9.168302e+03
9.5 9.141019e+03 9.093144e+03 9.117066e+03 9.164941e+03
10.5 9.141509e+03 9.091264e+03 9.115407e+03 9.165652e+03
11.5 9.116767e+03 9.093571e+03 9.117721e+03 9.140917e+03
0.2 9.074737e+03 9.084955e+03 9.041846e+03 9.031628e+03
1.2 9.081498e+03 9.093044e+03 9.074643e+03 9.063097e+03
2.2 9.082466e+03 9.095204e+03 9.097254e+03 9.084516e+03
3.2 9.093667e+03 9.093362e+03 9.107388e+03 9.107693e+03
4.2 9.150732e+03 9.090667e+03 9.110567e+03 9.170632e+03
5.2 9.166357e+03 9.092478e+03 9.114954e+03 9.188833e+03
6.2 9.144782e+03 9.089915e+03 9.113435e+03 9.168302e+03
7.2 9.141019e+03 9.093144e+03 9.117066e+03 9.164941e+03
8.2 9.141509e+03 9.091264e+03 9.115407e+03 9.165652e+03
9.2 9.116767e+03 9.093571e+03 9.117721e+03 9.140917e+03
10.2 9.117669e+03 9.091253e+03 9.115426e+03 9.141842e+03
11.2 9.124444e+03 9.089386e+03 9.113585e+03 9.148643e+03
0.9 9.093667e+03 9.093362e+03 9.107388e+03 9.107693e+03
1.9 9.150732e+03 9.090667e+03 9.110567e+03 9.170632e+03
2.9 9.166357e+03 9.092478e+03 9.114954e+03 9.188833e+03
3.9 9.144782e+03 9.089915e+03 9.113435e+03 9.168302e+03
4.9 9.141019e+03 9.093144e+03 9.117066e+03 9.164941e+03
5.9 9.141509e+03 9.091264e+03 9.115407e+03 9.165652e+03
6.9 9.116767e+03 9.093571e+03 9.117721e+03 9.140917e+03
7.9 9.117669e+03 9.091253e+03 9.115426e+03 9.141842e+03
8.9 9.124444e+03 9.089386e+03 9.113585e+03 9.148643e+03
9.9 9.122634e+03 9.091310e+03 9.115535e+03 9.146859e+03
10.9 9.114274e+03 9.089551e+03 9.113799e+03 9.138522e+03
11.9 9.123022e+03 9.093054e+03 9.117325e+03 9.147293e+03
0.6 9.166357e+03 9.092478e+03 9.114954e+03 9.188833e+03
1.6 9.144782e+03 9.089915e+03 9.113435e+03 9.168302e+03
2.6 9.141019e+03 9.093144e+03 9.117066e+03 9.164941e+03
3.6 9.141509e+03 9.091264e+03 9.115407e+03 9.165652e+03
4.6 9.116767e+03 9.093571e+03 9.117721e+03 9.140917e+03
5.6 9.117669e+03 9.091253e+03 9.115426e+03 9.141842e+03
6.6 9.124444e+03 9.089386e+03 9.113585e+03 9.148643e+03
7.6 9.122634e+03 9.091310e+03 9.115535e+03 9.146859e+03
8.6 9.114274e+03 9.089551e+03 9.113799e+03 9.138522e+03
9.6 9.123022e+03 9.093054e+03 9.117325e+03 9.147293e+03
10.6 9.149678e+03 9.090473e+03 9.114772e+03 9.173978e+03
11.6 9.127268e+03 9.092899e+03 9.117216e+03 9.151585e+03
0.3 9.141019e+03 9.093144e+03 9.117066e+03 9.164941e+03
1.3 9.141509e+03 9.091264e+03 9.115407e+03 9.165652e+03
2.3 9.116767e+03 9.093571e+03 9.117721e+03 9.140917e+03
3.3 9.117669e+03 9.091253e+03 9.115426e+03 9.141842e+03
4.3 9.124444e+03 9.089386e+03 9.113585e+03 9.148643e+03
5.3 9.122634e+03 9.091310e+03 9.115535e+03 9.146859e+03
6.3 9.114274e+03 9.089551e+03 9.113799e+03 9.138522e+03
7.3 9.123022e+03 9.093054e+03 9.117325e+03 9.147293e+03
8.3 9.149678e+03 9.090473e+03 9.114772e+03 9.173978e+03
9.3 9.127268e+03 9.092899e+03 9.117216e+03 9.151585e+03
10.3 9.137775e+03 9.098284e+03 9.108060e+03 9.147551e+03
11.3 9.169504e+03 9.121934e+03 9.070489e+03 9.118059e+03
0.9 9.117669e+03 9.091253e+03 9.115426e+03 9.141842e+03
1.9 9.124444e+03 9.089386e+03 9.113585e+03 9.148643e+03
2.9 9.122634e+03 9.091310e+03 9.115535e+03 9.146859e+03
3.9 9.114274e+03 9.089551e+03 9.113799e+03 9.138522e+03
4.9 9.123022e+03 9.093054e+03 9.117325e+03 9.147293e+03
5.9 9.149678e+03 9.090473e+03 9.114772e+03 9.173978e+03
6.9 9.127268e+03 9.092899e+03 9.117216e+03 9.151585e+03
7.9 9.137775e+03 9.098284e+03 9.108060e+03 9.147551e+03
8.9 9.169504e+03 9.121934e+03 9.070489e+03 9.118059e+03
9.9 9.204534e+03 9.117012e+03 9.030329e+03 9.117851e+03
10.9 9.055193e+03 9.068422e+03 9.002952e+03 8.989724e+03
11.9 9.018140e+03 9.017647e+03 8.988103e+03 8.988596e+03
0.7 9.122634e+03 9.091310e+03 9.115535e+03 9.146859e+03
1.7 9.114274e+03 9.089551e+03 9.113799e+03 9.138522e+03
2.7 9.123022e+03 9.093054e+03 9.117325e+03 9.147293e+03
3.7 9.149678e+03 9.090473e+03 9.114772e+03 9.173978e+03
4.7 9.127268e+03 9.092899e+03 9.117216e+03 9.151585e+03
5.7 9.137775e+03 9.098284e+03 9.108060e+03 9.147551e+03
6.7 9.169504e+03 9.121934e+03 9.070489e+03 9.118059e+03
7.7 9.204534e+03 9.117012e+03 9.030329e+03 9.117851e+03
8.7 9.055193e+03 9.068422e+03 9.002952e+03 8.989724e+03
9.7 9.018140e+03 9.017647e+03 8.988103e+03 8.988596e+03
10.7 8.882900e+03 8.983920e+03 8.981135e+03 8.880115e+03
11.7 8.861856e+03 8.965958e+03 8.978130e+03 8.874028e+03
0.3 9.123022e+03 9.093054e+03 9.117325e+03 9.147293e+03
1.3 9.149678e+03 9.090473e+03 9.114772e+03 9.173978e+03
2.3 9.127268e+03 9.092899e+03 9.117216e+03 9.151585e+03
3.3 9.137775e+03 9.098284e+03 9.108060e+03 9.147551e+03
4.3 9.169504e+03 9.121934e+03 9.070489e+03 9.118059e+03
5.3 9.204534e+03 9.117012e+03 9.030329e+03 9.117851e+03
6.3 9.055193e+03 9.068422e+03 9.002952e+03 8.989724e+03
7.3 9.018140e+03 9.017647e+03 8.988103e+03 8.988596e+03
8.3 8.882900e+03 8.983920e+03 8.981135e+03 8.880115e+03
9.3 8.861856e+03 8.965958e+03 8.978130e+03 8.874028e+03
10.3 8.842464e+03 8.957617e+03 8.976930e+03 8.861777e+03
11.3 8.903131e+03 8.955448e+03 8.976452e+03 8.924134e+03
0.5 8.908366e+03 8.990135e+03 8.976961e+03 8.895192e+03
1.5 8.989683e+03 9.049159e+03 8.998770e+03 8.939294e+03
2.5 9.008767e+03 9.086735e+03 9.043798e+03 8.965830e+03
3.5 8.993698e+03 9.093593e+03 9.075326e+03 8.975431e+03
4.5 8.976072e+03 9.095077e+03 9.097214e+03 8.978208e+03
5.5 8.992892e+03 9.092468e+03 9.106535e+03 9.006958e+03
6.5 9.011449e+03 9.088464e+03 9.108364e+03 9.031349e+03
7.5 9.032704e+03 9.090788e+03 9.113231e+03 9.055146e+03
8.5 9.038472e+03 9.088002e+03 9.111457e+03 9.061927e+03
9.5 9.063067e+03 9.091559e+03 9.115379e+03 9.086887e+03
10.5 9.068190e+03 9.089813e+03 9.113803e+03 9.092181e+03
11.5 9.093540e+03 9.091596e+03 9.115526e+03 9.117470e+03
0.2 9.008767e+03 9.086735e+03 9.043798e+03 8.965830e+03
1.2 8.993698e+03 9.093593e+03 9.075326e+03 8.975431e+03
2.2 8.976072e+03 9.095077e+03 9.097214e+03 8.978208e+03
3.2 8.992892e+03 9.092468e+03 9.106535e+03 9.006958e+03
4.2 9.011449e+03 9.088464e+03 9.108364e+03 9.031349e+03
5.2 9.032704e+03 9.090788e+03 9.113231e+03 9.055146e+03
6.2 9.038472e+03 9.088002e+03 9.111457e+03 9.061927e+03
7.2 9.063067e+03 9.091559e+03 9.115379e+03 9.086887e+03
8.2 9.068190e+03 9.089813e+03 9.113803e+03 9.092181e+03
9.2 9.093540e+03 9.091596e+03 9.115526e+03 9.117470e+03
10.2 9.092588e+03 9.091612e+03 9.115489e+03 9.116464e+03
11.2 9.089620e+03 9.090750e+03 9.114581e+03 9.113451e+03
0.8 8.992892e+03 9.092468e+03 9.106535e+03 9.006958e+03
1.8 9.011449e+03 9.088464e+03 9.108364e+03 9.031349e+03
2.8 9.032704e+03 9.090788e+03 9.113231e+03 9.055146e+03
3.8 9.038472e+03 9.088002e+03 9.111457e+03 9.061927e+03
4.8 9.063067e+03 9.091559e+03 9.115379e+03 9.086887e+03
5.8 9.068190e+03 9.089813e+03 9.113803e+03 9.092181e+03
6.8 9.093540e+03 9.091596e+03 9.115526e+03 9.117470e+03
7.8 9.092588e+03 9.091612e+03 9.115489e+03 9.116464e+03
8.8 9.089620e+03 9.090750e+03 9.114581e+03 9.113451e+03
9.8 9.101083e+03 9.092820e+03 9.116607e+03 9.124870e+03
10.8 9.111625e+03 9.090212e+03 9.113950e+03 9.135364e+03
11.8 9.125648e+03 9.093182e+03 9.116862e+03 9.149328e+03
0.5 9.032704e+03 9.090788e+03 9.113231e+03 9.055146e+03
1.5 9.038472e+03 9.088002e+03 9.111457e+03 9.061927e+03
2.5 9.063067e+03 9.091559e+03 9.115379e+03 9.086887e+03
3.5 9.068190e+03 9.089813e+03 9.113803e+03 9.092181e+03
4.5 9.093540e+03 9.091596e+03 9.115526e+03 9.117470e+03
5.5 9.092588e+03 9.091612e+03 9.115489e+03 9.116464e+03
6.5 9.089620e+03 9.090750e+03 9.114581e+03 9.113451e+03
7.5 9.101083e+03 9.092820e+03 9.116607e+03 9.124870e+03
8.5 9.111625e+03 9.090212e+03 9.113950e+03 9.135364e+03
9.5 9.125648e+03 9.093182e+03 9.116862e+03 9.149328e+03
10.5 9.129933e+03 9.090370e+03 9.113979e+03 9.153542e+03
11.5 9.114806e+03 9.092289e+03 9.115802e+03 9.138319e+03
0.2 9.063067e+03 9.091559e+03 9.115379e+03 9.086887e+03
1.2 9.068190e+03 9.089813e+03 9.113803e+03 9.092181e+03
2.2 9.093540e+03 9.091596e+03 9.115526e+03 9.117470e+03
3.2 9.092588e+03 9.091612e+03 9.115489e+03 9.116464e+03
4.2 9.089620e+03 9.090750e+03 9.114581e+03 9.113451e+03
5.2 9.101083e+03 9.092820e+03 9.116607e+03 9.124870e+03
6.2 9.111625e+03 9.090212e+03 9.113950e+03 9.135364e+03
7.2 9.125648e+03 9.093182e+03 9.116862e+03 9.149328e+03
8.2 9.129933e+03 9.090370e+03 9.113979e+03 9.153542e+03
9.2 9.114806e+03 9.092289e+03 9.115802e+03 9.138319e+03
10.2 9.209907e+03 9.097087e+03 9.107858e+03 9.220678e+03
11.2 9.216099e+03 9.120098e+03 9.070897e+03 9.166898e+03
0.9 9.092588e+03 9.091612e+03 9.115489e+03 9.116464e+03
1.9 9.089620e+03 9.090750e+03 9.114581e+03 9.113451e+03
2.9 9.101083e+03 9.092820e+03 9.116607e+03 9.124870e+03
3.9 9.111625e+03 9.090212e+03 9.113950e+03 9.135364e+03
4.9 9.125648e+03 9.093182e+03 9.116862e+03 9.149328e+03
5.9 9.129933e+03 9.090370e+03 9.113979e+03 9.153542e+03
6.9 9.114806e+03 9.092289e+03 9.115802e+03 9.138319e+03
7.9 9.209907e+03 9.097087e+03 9.107858e+03 9.220678e+03
8.9 9.216099e+03 9.120098e+03 9.070897e+03 9.166898e+03
9.9 9.239895e+03 9.117814e+03 9.030008e+03 9.152089e+03
10.9 9.092332e+03 9.070233e+03 9.001554e+03 9.023653e+03
11.9 8.933296e+03 9.018680e+03 8.985759e+03 8.900375e+03
0.6 9.101083e+03 9.092820e+03 9.116607e+03 9.124870e+03
1.6 9.111625e+03 9.090212e+03 9.113950e+03 9.135364e+03
2.6 9.125648e+03 9.093182e+03 9.116862e+03 9.149328e+03
3.6 9.129933e+03 9.090370e+03 9.113979e+03 9.153542e+03
4.6 9.114806e+03 9.092289e+03 9.115802e+03 9.138319e+03
5.6 9.209907e+03 9.097087e+03 9.107858e+03 9.220678e+03
6.6 9.216099e+03 9.120098e+03 9.070897e+03 9.166898e+03
7.6 9.239895e+03 9.117814e+03 9.030008e+03 9.152089e+03
8.6 9.092332e+03 9.070233e+03 9.001554e+03 9.023653e+03
9.6 8.933296e+03 9.018680e+03 8.985759e+03 8.900375e+03
10.6 8.914600e+03 8.983823e+03 8.978007e+03 8.908784e+03
11.6 8.970273e+03 8.964959e+03 8.974286e+03 8.979600e+03
0.3 9.125648e+03 9.093182e+03 9.116862e+03 9.149328e+03
1.3 9.129933e+03 9.090370e+03 9.113979e+03 9.153542e+03
2.3 9.114806e+03 9.092289e+03 9.115802e+03 9.138319e+03
3.3 9.209907e+03 9.097087e+03 9.107858e+03 9.220678e+03
4.3 9.216099e+03 9.120098e+03 9.070897e+03 9.166898e+03
5.3 9.239895e+03 9.117814e+03 9.030008e+03 9.152089e+03
6.3 9.092332e+03 9.070233e+03 9.001554e+03 9.023653e+03
7.3 8.933296e+03 9.018680e+03 8.985759e+03 8.900375e+03
8.3 8.914600e+03 8.983823e+03 8.978007e+03 8.908784e+03
9.3 8.970273e+03 8.964959e+03 8.974286e+03 8.979600e+03
10.3 8.934601e+03 8.955963e+03 8.972350e+03 8.950988e+03
11.3 8.943632e+03 8.953281e+03 8.971074e+03 8.961425e+03
0.5 8.928856e+03 8.987480e+03 8.970678e+03 8.912054e+03
1.5 8.946809e+03 9.045991e+03 8.991456e+03 8.892274e+03
2.5 8.971305e+03 9.082989e+03 9.035314e+03 8.923629e+03
3.5 9.004160e+03 9.089904e+03 9.066219e+03 8.980475e+03
4.5 9.028351e+03 9.091118e+03 9.087081e+03 9.024314e+03
5.5 9.059914e+03 9.087931e+03 9.094993e+03 9.066975e+03
6.5 9.078649e+03 9.084310e+03 9.096293e+03 9.090632e+03
7.5 9.074394e+03 9.084644e+03 9.098174e+03 9.087925e+03
8.5 9.031289e+03 9.080065e+03 9.093529e+03 9.044754e+03
9.5 9.029031e+03 9.081873e+03 9.094550e+03 9.041708e+03
10.5 9.068387e+03 9.078067e+03 9.089724e+03 9.080045e+03
11.5 9.111015e+03 9.078672e+03 9.089030e+03 9.121373e+03
0.2 8.971305e+03 9.082989e+03 9.035314e+03 8.923629e+03
1.2 9.004160e+03 9.089904e+03 9.066219e+03 8.980475e+03
2.2 9.028351e+03 9.091118e+03 9.087081e+03 9.024314e+03
3.2 9.059914e+03 9.087931e+03 9.094993e+03 9.066975e+03
4.2 9.078649e+03 9.084310e+03 9.096293e+03 9.090632e+03
5.2 9.074394e+03 9.084644e+03 9.098174e+03 9.087925e+03
6.2 9.031289e+03 9.080065e+03 9.093529e+03 9.044754e+03
7.2 9.029031e+03 9.081873e+03 9.094550e+03 9.041708e+03
8.2 9.068387e+03 9.078067e+03 9.089724e+03 9.080045e+03
9.2 9.111015e+03 9.078672e+03 9.089030e+03 9.121373e+03
10.2 9.113735e+03 9.075869e+03 9.084843e+03 9.122709e+03
11.2 9.118226e+03 9.073170e+03 9.080660e+03 9.125715e+03
0.9 9.059914e+03 9.087931e+03 9.094993e+03 9.066975e+03
1.9 9.078649e+03 9.084310e+03 9.096293e+03 9.090632e+03
2.9 9.074394e+03 9.084644e+03 9.098174e+03 9.087925e+03
3.9 9.031289e+03 9.080065e+03 9.093529e+03 9.044754e+03
4.9 9.029031e+03 9.081873e+03 9.094550e+03 9.041708e+03
5.9 9.068387e+03 9.078067e+03 9.089724e+03 9.080045e+03
6.9 9.111015e+03 9.078672e+03 9.089030e+03 9.121373e+03
7.9 9.113735e+03 9.075869e+03 9.084843e+03 9.122709e+03
8.9 9.118226e+03 9.073170e+03 9.080660e+03 9.125715e+03
9.9 9.104852e+03 9.073368e+03 9.079275e+03 9.110759e+03
10.9 9.087848e+03 9.069517e+03 9.073752e+03 9.092084e+03
11.9 9.071488e+03 9.070809e+03 9.073292e+03 9.073971e+03
0.6 9.074394e+03 9.084644e+03 9.098174e+03 9.087925e+03
1.6 9.031289e+03 9.080065e+03 9.093529e+03 9.044754e+03
2.6 9.029031e+03 9.081873e+03 9.094550e+03 9.041708e+03
3.6 9.068387e+03 9.078067e+03 9.089724e+03 9.080045e+03
4.6 9.111015e+03 9.078672e+03 9.089030e+03 9.121373e+03
5.6 9.113735e+03 9.075869e+03 9.084843e+03 9.122709e+03
6.6 9.118226e+03 9.073170e+03 9.080660e+03 9.125715e+03
7.6 9.104852e+03 9.073368e+03 9.079275e+03 9.110759e+03
8.6 9.087848e+03 9.069517e+03 9.073752e+03 9.092084e+03
9.6 9.071488e+03 9.070809e+03 9.073292e+03 9.073971e+03
10.6 9.074050e+03 9.064572e+03 9.065232e+03 9.074710e+03
0.3 9.029031e+03 9.081873e+03 9.094550e+03 9.041708e+03
1.3 9.068387e+03 9.078067e+03 9.089724e+03 9.080045e+03
2.3 9.111015e+03 9.078672e+03 9.089030e+03 9.121373e+03
3.3 9.113735e+03 9.075869e+03 9.084843e+03 9.122709e+03
4.3 9.118226e+03 9.073170e+03 9.080660e+03 9.125715e+03
5.3 9.104852e+03 9.073368e+03 9.079275e+03 9.110759e+03
6.3 9.087848e+03 9.069517e+03 9.073752e+03 9.092084e+03
7.3 9.071488e+03 9.070809e+03 9.073292e+03 9.073971e+03
8.3 9.074050e+03 9.064572e+03 9.065232e+03 9.074710e+03
1.0 9.113735e+03 9.075869e+03 9.084843e+03 9.122709e+03
2.0 9.118226e+03 9.073170e+03 9.080660e+03 9.125715e+03
3.0 9.104852e+03 9.073368e+03 9.079275e+03 9.110759e+03
4.0 9.087848e+03 9.069517e+03 9.073752e+03 9.092084e+03
5.0 9.071488e+03 9.070809e+03 9.073292e+03 9.073971e+03
6.0 9.074050e+03 9.064572e+03 9.065232e+03 9.074710e+03
0.6 9.104852e+03 9.073368e+03 9.079275e+03 9.110759e+03
1.6 9.087848e+03 9.069517e+03 9.073752e+03 9.092084e+03
2.6 9.071488e+03 9.070809e+03 9.073292e+03 9.073971e+03
3.6 9.074050e+03 9.064572e+03 9.065232e+03 9.074710e+03
0.3 9.071488e+03 9.070809e+03 9.073292e+03 9.073971e+03
1.3 9.074050e+03 9.064572e+03 9.065232e+03 9.074710e+03
