0.5 7.881725e+03 7.859446e+03 7.851135e+03 7.873414e+03
1.5 7.855441e+03 7.886672e+03 7.854430e+03 7.823199e+03
2.5 7.855300e+03 7.890199e+03 7.862269e+03 7.827369e+03
3.5 7.846339e+03 7.880727e+03 7.868042e+03 7.833654e+03
4.5 7.842646e+03 7.872029e+03 7.871951e+03 7.842568e+03
5.5 7.863198e+03 7.866477e+03 7.873763e+03 7.870484e+03
6.5 7.854954e+03 7.863425e+03 7.874321e+03 7.865850e+03
7.5 7.822461e+03 7.862510e+03 7.875002e+03 7.834953e+03
8.5 7.837442e+03 7.861435e+03 7.874601e+03 7.850609e+03
9.5 7.904147e+03 7.861711e+03 7.875178e+03 7.917614e+03
10.5 7.863627e+03 7.861029e+03 7.874705e+03 7.877304e+03
11.5 7.883840e+03 7.861304e+03 7.875058e+03 7.897595e+03
0.2 7.855300e+03 7.890199e+03 7.862269e+03 7.827369e+03
1.2 7.846339e+03 7.880727e+03 7.868042e+03 7.833654e+03
2.2 7.842646e+03 7.872029e+03 7.871951e+03 7.842568e+03
3.2 7.863198e+03 7.866477e+03 7.873763e+03 7.870484e+03
4.2 7.854954e+03 7.863425e+03 7.874321e+03 7.865850e+03
5.2 7.822461e+03 7.862510e+03 7.875002e+03 7.834953e+03
6.2 7.837442e+03 7.861435e+03 7.874601e+03 7.850609e+03
7.2 7.904147e+03 7.861711e+03 7.875178e+03 7.917614e+03
8.2 7.863627e+03 7.861029e+03 7.874705e+03 7.877304e+03
9.2 7.883840e+03 7.861304e+03 7.875058e+03 7.897595e+03
10.2 7.873911e+03 7.861101e+03 7.874945e+03 7.887755e+03
11.2 7.848124e+03 7.860986e+03 7.874933e+03 7.862071e+03
0.9 7.863198e+03 7.866477e+03 7.873763e+03 7.870484e+03
1.9 7.854954e+03 7.863425e+03 7.874321e+03 7.865850e+03
2.9 7.822461e+03 7.862510e+03 7.875002e+03 7.834953e+03
3.9 7.837442e+03 7.861435e+03 7.874601e+03 7.850609e+03
4.9 7.904147e+03 7.861711e+03 7.875178e+03 7.917614e+03
5.9 7.863627e+03 7.861029e+03 7.874705e+03 7.877304e+03
6.9 7.883840e+03 7.861304e+03 7.875058e+03 7.897595e+03
7.9 7.873911e+03 7.861101e+03 7.874945e+03 7.887755e+03
8.9 7.848124e+03 7.860986e+03 7.874933e+03 7.862071e+03
9.9 7.842248e+03 7.861236e+03 7.875296e+03 7.856308e+03
10.9 7.867324e+03 7.860786e+03 7.874964e+03 7.881502e+03
11.9 7.881812e+03 7.861294e+03 7.875591e+03 7.896109e+03
0.6 7.822461e+03 7.862510e+03 7.875002e+03 7.834953e+03
1.6 7.837442e+03 7.861435e+03 7.874601e+03 7.850609e+03
2.6 7.904147e+03 7.861711e+03 7.875178e+03 7.917614e+03
3.6 7.863627e+03 7.861029e+03 7.874705e+03 7.877304e+03
4.6 7.883840e+03 7.861304e+03 7.875058e+03 7.897595e+03
5.6 7.873911e+03 7.861101e+03 7.874945e+03 7.887755e+03
6.6 7.848124e+03 7.860986e+03 7.874933e+03 7.862071e+03
7.6 7.842248e+03 7.861236e+03 7.875296e+03 7.856308e+03
8.6 7.867324e+03 7.860786e+03 7.874964e+03 7.881502e+03
9.6 7.881812e+03 7.861294e+03 7.875591e+03 7.896109e+03
10.6 7.862077e+03 7.860741e+03 7.875153e+03 7.876489e+03
11.6 7.832908e+03 7.861159e+03 7.875680e+03 7.847429e+03
0.3 7.904147e+03 7.861711e+03 7.875178e+03 7.917614e+03
1.3 7.863627e+03 7.861029e+03 7.874705e+03 7.877304e+03
2.3 7.883840e+03 7.861304e+03 7.875058e+03 7.897595e+03
3.3 7.873911e+03 7.861101e+03 7.874945e+03 7.887755e+03
4.3 7.848124e+03 7.860986e+03 7.874933e+03 7.862071e+03
5.3 7.842248e+03 7.861236e+03 7.875296e+03 7.856308e+03
6.3 7.867324e+03 7.860786e+03 7.874964e+03 7.881502e+03
7.3 7.881812e+03 7.861294e+03 7.875591e+03 7.896109e+03
8.3 7.862077e+03 7.860741e+03 7.875153e+03 7.876489e+03
9.3 7.832908e+03 7.861159e+03 7.875680e+03 7.847429e+03
10.3 7.844462e+03 7.869072e+03 7.873940e+03 7.849329e+03
11.3 7.924368e+03 7.900885e+03 7.867088e+03 7.890571e+03
1.0 7.873911e+03 7.861101e+03 7.874945e+03 7.887755e+03
2.0 7.848124e+03 7.860986e+03 7.874933e+03 7.862071e+03
3.0 7.842248e+03 7.861236e+03 7.875296e+03 7.856308e+03
4.0 7.867324e+03 7.860786e+03 7.874964e+03 7.881502e+03
5.0 7.881812e+03 7.861294e+03 7.875591e+03 7.896109e+03
6.0 7.862077e+03 7.860741e+03 7.875153e+03 7.876489e+03
7.0 7.832908e+03 7.861159e+03 7.875680e+03 7.847429e+03
8.0 7.844462e+03 7.869072e+03 7.873940e+03 7.849329e+03
9.0 7.924368e+03 7.900885e+03 7.867088e+03 7.890571e+03
10.0 7.965830e+03 7.914668e+03 7.859877e+03 7.911038e+03
11.0 7.993328e+03 7.895885e+03 7.855014e+03 7.952457e+03
12.0 7.909206e+03 7.870745e+03 7.852410e+03 7.890870e+03
0.7 7.842248e+03 7.861236e+03 7.875296e+03 7.856308e+03
1.7 7.867324e+03 7.860786e+03 7.874964e+03 7.881502e+03
2.7 7.881812e+03 7.861294e+03 7.875591e+03 7.896109e+03
3.7 7.862077e+03 7.860741e+03 7.875153e+03 7.876489e+03
4.7 7.832908e+03 7.861159e+03 7.875680e+03 7.847429e+03
5.7 7.844462e+03 7.869072e+03 7.873940e+03 7.849329e+03
6.7 7.924368e+03 7.900885e+03 7.867088e+03 7.890571e+03
7.7 7.965830e+03 7.914668e+03 7.859877e+03 7.911038e+03
8.7 7.993328e+03 7.895885e+03 7.855014e+03 7.952457e+03
9.7 7.909206e+03 7.870745e+03 7.852410e+03 7.890870e+03
10.7 7.866504e+03 7.852929e+03 7.851216e+03 7.864791e+03
11.7 7.848771e+03 7.843177e+03 7.850725e+03 7.856319e+03
0.4 7.881812e+03 7.861294e+03 7.875591e+03 7.896109e+03
1.4 7.862077e+03 7.860741e+03 7.875153e+03 7.876489e+03
2.4 7.832908e+03 7.861159e+03 7.875680e+03 7.847429e+03
3.4 7.844462e+03 7.869072e+03 7.873940e+03 7.849329e+03
4.4 7.924368e+03 7.900885e+03 7.867088e+03 7.890571e+03
5.4 7.965830e+03 7.914668e+03 7.859877e+03 7.911038e+03
6.4 7.993328e+03 7.895885e+03 7.855014e+03 7.952457e+03
7.4 7.909206e+03 7.870745e+03 7.852410e+03 7.890870e+03
8.4 7.866504e+03 7.852929e+03 7.851216e+03 7.864791e+03
9.4 7.848771e+03 7.843177e+03 7.850725e+03 7.856319e+03
10.4 7.840878e+03 7.838580e+03 7.850551e+03 7.852850e+03
11.4 7.848346e+03 7.837482e+03 7.850501e+03 7.861366e+03
0.5 7.860168e+03 7.858997e+03 7.850604e+03 7.851775e+03
1.5 7.859625e+03 7.886154e+03 7.854453e+03 7.827924e+03
2.5 7.857313e+03 7.889676e+03 7.862657e+03 7.830294e+03
3.5 7.861948e+03 7.880164e+03 7.868631e+03 7.850415e+03
4.5 7.849942e+03 7.871465e+03 7.872750e+03 7.851227e+03
5.5 7.845426e+03 7.865805e+03 7.874596e+03 7.854217e+03
6.5 7.875217e+03 7.862703e+03 7.875175e+03 7.887689e+03
7.5 7.900956e+03 7.861887e+03 7.875974e+03 7.915043e+03
8.5 7.887248e+03 7.860956e+03 7.875697e+03 7.901990e+03
9.5 7.885766e+03 7.861365e+03 7.876359e+03 7.900760e+03
10.5 7.887913e+03 7.860924e+03 7.876056e+03 7.903045e+03
11.5 7.876176e+03 7.861341e+03 7.876478e+03 7.891313e+03
0.2 7.857313e+03 7.889676e+03 7.862657e+03 7.830294e+03
1.2 7.861948e+03 7.880164e+03 7.868631e+03 7.850415e+03
2.2 7.849942e+03 7.871465e+03 7.872750e+03 7.851227e+03
3.2 7.845426e+03 7.865805e+03 7.874596e+03 7.854217e+03
4.2 7.875217e+03 7.862703e+03 7.875175e+03 7.887689e+03
5.2 7.900956e+03 7.861887e+03 7.875974e+03 7.915043e+03
6.2 7.887248e+03 7.860956e+03 7.875697e+03 7.901990e+03
7.2 7.885766e+03 7.861365e+03 7.876359e+03 7.900760e+03
8.2 7.887913e+03 7.860924e+03 7.876056e+03 7.903045e+03
9.2 7.876176e+03 7.861341e+03 7.876478e+03 7.891313e+03
10.2 7.868626e+03 7.860909e+03 7.876060e+03 7.883777e+03
11.2 7.868702e+03 7.860558e+03 7.875725e+03 7.883868e+03
0.9 7.845426e+03 7.865805e+03 7.874596e+03 7.854217e+03
1.9 7.875217e+03 7.862703e+03 7.875175e+03 7.887689e+03
2.9 7.900956e+03 7.861887e+03 7.875974e+03 7.915043e+03
3.9 7.887248e+03 7.860956e+03 7.875697e+03 7.901990e+03
4.9 7.885766e+03 7.861365e+03 7.876359e+03 7.900760e+03
5.9 7.887913e+03 7.860924e+03 7.876056e+03 7.903045e+03
6.9 7.876176e+03 7.861341e+03 7.876478e+03 7.891313e+03
7.9 7.868626e+03 7.860909e+03 7.876060e+03 7.883777e+03
8.9 7.868702e+03 7.860558e+03 7.875725e+03 7.883868e+03
9.9 7.873537e+03 7.860897e+03 7.876080e+03 7.888720e+03
10.9 7.862701e+03 7.860566e+03 7.875764e+03 7.877898e+03
11.9 7.868706e+03 7.861194e+03 7.876406e+03 7.883918e+03
0.6 7.900956e+03 7.861887e+03 7.875974e+03 7.915043e+03
1.6 7.887248e+03 7.860956e+03 7.875697e+03 7.901990e+03
2.6 7.885766e+03 7.861365e+03 7.876359e+03 7.900760e+03
3.6 7.887913e+03 7.860924e+03 7.876056e+03 7.903045e+03
4.6 7.876176e+03 7.861341e+03 7.876478e+03 7.891313e+03
5.6 7.868626e+03 7.860909e+03 7.876060e+03 7.883777e+03
6.6 7.868702e+03 7.860558e+03 7.875725e+03 7.883868e+03
7.6 7.873537e+03 7.860897e+03 7.876080e+03 7.888720e+03
8.6 7.862701e+03 7.860566e+03 7.875764e+03 7.877898e+03
9.6 7.868706e+03 7.861194e+03 7.876406e+03 7.883918e+03
10.6 7.883323e+03 7.860711e+03 7.875941e+03 7.898553e+03
11.6 7.872345e+03 7.861145e+03 7.876386e+03 7.887586e+03
0.3 7.885766e+03 7.861365e+03 7.876359e+03 7.900760e+03
1.3 7.887913e+03 7.860924e+03 7.876056e+03 7.903045e+03
2.3 7.876176e+03 7.861341e+03 7.876478e+03 7.891313e+03
3.3 7.868626e+03 7.860909e+03 7.876060e+03 7.883777e+03
4.3 7.868702e+03 7.860558e+03 7.875725e+03 7.883868e+03
5.3 7.873537e+03 7.860897e+03 7.876080e+03 7.888720e+03
6.3 7.862701e+03 7.860566e+03 7.875764e+03 7.877898e+03
7.3 7.868706e+03 7.861194e+03 7.876406e+03 7.883918e+03
8.3 7.883323e+03 7.860711e+03 7.875941e+03 7.898553e+03
9.3 7.872345e+03 7.861145e+03 7.876386e+03 7.887586e+03
10.3 7.871757e+03 7.868591e+03 7.874718e+03 7.877884e+03
11.3 7.883455e+03 7.900118e+03 7.867874e+03 7.851212e+03
0.9 7.868626e+03 7.860909e+03 7.876060e+03 7.883777e+03
1.9 7.868702e+03 7.860558e+03 7.875725e+03 7.883868e+03
2.9 7.873537e+03 7.860897e+03 7.876080e+03 7.888720e+03
3.9 7.862701e+03 7.860566e+03 7.875764e+03 7.877898e+03
4.9 7.868706e+03 7.861194e+03 7.876406e+03 7.883918e+03
5.9 7.883323e+03 7.860711e+03 7.875941e+03 7.898553e+03
6.9 7.872345e+03 7.861145e+03 7.876386e+03 7.887586e+03
7.9 7.871757e+03 7.868591e+03 7.874718e+03 7.877884e+03
8.9 7.883455e+03 7.900118e+03 7.867874e+03 7.851212e+03
9.9 7.928371e+03 7.914888e+03 7.860559e+03 7.874042e+03
10.9 7.906595e+03 7.896605e+03 7.855572e+03 7.865561e+03
11.9 7.935495e+03 7.871384e+03 7.852867e+03 7.916978e+03
0.7 7.873537e+03 7.860897e+03 7.876080e+03 7.888720e+03
1.7 7.862701e+03 7.860566e+03 7.875764e+03 7.877898e+03
2.7 7.868706e+03 7.861194e+03 7.876406e+03 7.883918e+03
3.7 7.883323e+03 7.860711e+03 7.875941e+03 7.898553e+03
4.7 7.872345e+03 7.861145e+03 7.876386e+03 7.887586e+03
5.7 7.871757e+03 7.868591e+03 7.874718e+03 7.877884e+03
6.7 7.883455e+03 7.900118e+03 7.867874e+03 7.851212e+03
7.7 7.928371e+03 7.914888e+03 7.860559e+03 7.874042e+03
8.7 7.906595e+03 7.896605e+03 7.855572e+03 7.865561e+03
9.7 7.935495e+03 7.871384e+03 7.852867e+03 7.916978e+03
10.7 7.840486e+03 7.853343e+03 7.851597e+03 7.838740e+03
11.7 7.800095e+03 7.843421e+03 7.851050e+03 7.807724e+03
0.3 7.868706e+03 7.861194e+03 7.876406e+03 7.883918e+03
1.3 7.883323e+03 7.860711e+03 7.875941e+03 7.898553e+03
2.3 7.872345e+03 7.861145e+03 7.876386e+03 7.887586e+03
3.3 7.871757e+03 7.868591e+03 7.874718e+03 7.877884e+03
4.3 7.883455e+03 7.900118e+03 7.867874e+03 7.851212e+03
5.3 7.928371e+03 7.914888e+03 7.860559e+03 7.874042e+03
6.3 7.906595e+03 7.896605e+03 7.855572e+03 7.865561e+03
7.3 7.935495e+03 7.871384e+03 7.852867e+03 7.916978e+03
8.3 7.840486e+03 7.853343e+03 7.851597e+03 7.838740e+03
9.3 7.800095e+03 7.843421e+03 7.851050e+03 7.807724e+03
10.3 7.777332e+03 7.838727e+03 7.850831e+03 7.789437e+03
11.3 7.800965e+03 7.837580e+03 7.850744e+03 7.814129e+03
0.5 7.815646e+03 7.859094e+03 7.850837e+03 7.807389e+03
1.5 7.854318e+03 7.886392e+03 7.854810e+03 7.822736e+03
2.5 7.862437e+03 7.889923e+03 7.863012e+03 7.835526e+03
3.5 7.850089e+03 7.880204e+03 7.868755e+03 7.838640e+03
4.5 7.813334e+03 7.871403e+03 7.872742e+03 7.814673e+03
5.5 7.825053e+03 7.865624e+03 7.874440e+03 7.833870e+03
6.5 7.827563e+03 7.862301e+03 7.874773e+03 7.840035e+03
7.5 7.843781e+03 7.861594e+03 7.875660e+03 7.857847e+03
8.5 7.840254e+03 7.860636e+03 7.875337e+03 7.854954e+03
9.5 7.859951e+03 7.861122e+03 7.876051e+03 7.874880e+03
10.5 7.873327e+03 7.860728e+03 7.875764e+03 7.888363e+03
11.5 7.875956e+03 7.861080e+03 7.876078e+03 7.890954e+03
0.2 7.862437e+03 7.889923e+03 7.863012e+03 7.835526e+03
1.2 7.850089e+03 7.880204e+03 7.868755e+03 7.838640e+03
2.2 7.813334e+03 7.871403e+03 7.872742e+03 7.814673e+03
3.2 7.825053e+03 7.865624e+03 7.874440e+03 7.833870e+03
4.2 7.827563e+03 7.862301e+03 7.874773e+03 7.840035e+03
5.2 7.843781e+03 7.861594e+03 7.875660e+03 7.857847e+03
6.2 7.840254e+03 7.860636e+03 7.875337e+03 7.854954e+03
7.2 7.859951e+03 7.861122e+03 7.876051e+03 7.874880e+03
8.2 7.873327e+03 7.860728e+03 7.875764e+03 7.888363e+03
9.2 7.875956e+03 7.861080e+03 7.876078e+03 7.890954e+03
10.2 7.887837e+03 7.861106e+03 7.876071e+03 7.902801e+03
11.2 7.866815e+03 7.860970e+03 7.875906e+03 7.881752e+03
0.8 7.825053e+03 7.865624e+03 7.874440e+03 7.833870e+03
1.8 7.827563e+03 7.862301e+03 7.874773e+03 7.840035e+03
2.8 7.843781e+03 7.861594e+03 7.875660e+03 7.857847e+03
3.8 7.840254e+03 7.860636e+03 7.875337e+03 7.854954e+03
4.8 7.859951e+03 7.861122e+03 7.876051e+03 7.874880e+03
5.8 7.873327e+03 7.860728e+03 7.875764e+03 7.888363e+03
6.8 7.875956e+03 7.861080e+03 7.876078e+03 7.890954e+03
7.8 7.887837e+03 7.861106e+03 7.876071e+03 7.902801e+03
8.8 7.866815e+03 7.860970e+03 7.875906e+03 7.881752e+03
9.8 7.878023e+03 7.861366e+03 7.876275e+03 7.892932e+03
10.8 7.891410e+03 7.860913e+03 7.875791e+03 7.906289e+03
11.8 7.896211e+03 7.861480e+03 7.876321e+03 7.911053e+03
0.5 7.843781e+03 7.861594e+03 7.875660e+03 7.857847e+03
1.5 7.840254e+03 7.860636e+03 7.875337e+03 7.854954e+03
2.5 7.859951e+03 7.861122e+03 7.876051e+03 7.874880e+03
3.5 7.873327e+03 7.860728e+03 7.875764e+03 7.888363e+03
4.5 7.875956e+03 7.861080e+03 7.876078e+03 7.890954e+03
5.5 7.887837e+03 7.861106e+03 7.876071e+03 7.902801e+03
6.5 7.866815e+03 7.860970e+03 7.875906e+03 7.881752e+03
7.5 7.878023e+03 7.861366e+03 7.876275e+03 7.892932e+03
8.5 7.891410e+03 7.860913e+03 7.875791e+03 7.906289e+03
9.5 7.896211e+03 7.861480e+03 7.876321e+03 7.911053e+03
10.5 7.913395e+03 7.860999e+03 7.875796e+03 7.928192e+03
11.5 7.891073e+03 7.861391e+03 7.876128e+03 7.905810e+03
0.2 7.859951e+03 7.861122e+03 7.876051e+03 7.874880e+03
1.2 7.873327e+03 7.860728e+03 7.875764e+03 7.888363e+03
2.2 7.875956e+03 7.861080e+03 7.876078e+03 7.890954e+03
3.2 7.887837e+03 7.861106e+03 7.876071e+03 7.902801e+03
4.2 7.866815e+03 7.860970e+03 7.875906e+03 7.881752e+03
5.2 7.878023e+03 7.861366e+03 7.876275e+03 7.892932e+03
6.2 7.891410e+03 7.860913e+03 7.875791e+03 7.906289e+03
7.2 7.896211e+03 7.861480e+03 7.876321e+03 7.911053e+03
8.2 7.913395e+03 7.860999e+03 7.875796e+03 7.928192e+03
9.2 7.891073e+03 7.861391e+03 7.876128e+03 7.905810e+03
10.2 7.909677e+03 7.867930e+03 7.874681e+03 7.916428e+03
11.2 7.919837e+03 7.898786e+03 7.867948e+03 7.888999e+03
0.9 7.887837e+03 7.861106e+03 7.876071e+03 7.902801e+03
1.9 7.866815e+03 7.860970e+03 7.875906e+03 7.881752e+03
2.9 7.878023e+03 7.861366e+03 7.876275e+03 7.892932e+03
3.9 7.891410e+03 7.860913e+03 7.875791e+03 7.906289e+03
4.9 7.896211e+03 7.861480e+03 7.876321e+03 7.911053e+03
5.9 7.913395e+03 7.860999e+03 7.875796e+03 7.928192e+03
6.9 7.891073e+03 7.861391e+03 7.876128e+03 7.905810e+03
7.9 7.909677e+03 7.867930e+03 7.874681e+03 7.916428e+03
8.9 7.919837e+03 7.898786e+03 7.867948e+03 7.888999e+03
9.9 7.973639e+03 7.915534e+03 7.860500e+03 7.918606e+03
10.9 7.977703e+03 7.898362e+03 7.855317e+03 7.934658e+03
11.9 7.863707e+03 7.873074e+03 7.852440e+03 7.843073e+03
0.6 7.878023e+03 7.861366e+03 7.876275e+03 7.892932e+03
1.6 7.891410e+03 7.860913e+03 7.875791e+03 7.906289e+03
2.6 7.896211e+03 7.861480e+03 7.876321e+03 7.911053e+03
3.6 7.913395e+03 7.860999e+03 7.875796e+03 7.928192e+03
4.6 7.891073e+03 7.861391e+03 7.876128e+03 7.905810e+03
5.6 7.909677e+03 7.867930e+03 7.874681e+03 7.916428e+03
6.6 7.919837e+03 7.898786e+03 7.867948e+03 7.888999e+03
7.6 7.973639e+03 7.915534e+03 7.860500e+03 7.918606e+03
8.6 7.977703e+03 7.898362e+03 7.855317e+03 7.934658e+03
9.6 7.863707e+03 7.873074e+03 7.852440e+03 7.843073e+03
10.6 7.806555e+03 7.854673e+03 7.851028e+03 7.802909e+03
11.6 7.848667e+03 7.844504e+03 7.850350e+03 7.854513e+03
0.3 7.896211e+03 7.861480e+03 7.876321e+03 7.911053e+03
1.3 7.913395e+03 7.860999e+03 7.875796e+03 7.928192e+03
2.3 7.891073e+03 7.861391e+03 7.876128e+03 7.905810e+03
3.3 7.909677e+03 7.867930e+03 7.874681e+03 7.916428e+03
4.3 7.919837e+03 7.898786e+03 7.867948e+03 7.888999e+03
5.3 7.973639e+03 7.915534e+03 7.860500e+03 7.918606e+03
6.3 7.977703e+03 7.898362e+03 7.855317e+03 7.934658e+03
7.3 7.863707e+03 7.873074e+03 7.852440e+03 7.843073e+03
8.3 7.806555e+03 7.854673e+03 7.851028e+03 7.802909e+03
9.3 7.848667e+03 7.844504e+03 7.850350e+03 7.854513e+03
10.3 7.825285e+03 7.839726e+03 7.849997e+03 7.835555e+03
11.3 7.826053e+03 7.838612e+03 7.849765e+03 7.837206e+03
0.5 7.815968e+03 7.860223e+03 7.849693e+03 7.805437e+03
1.5 7.818189e+03 7.887658e+03 7.853477e+03 7.784008e+03
2.5 7.809904e+03 7.891348e+03 7.861467e+03 7.780023e+03
3.5 7.818348e+03 7.881941e+03 7.867096e+03 7.803503e+03
4.5 7.825777e+03 7.873426e+03 7.870897e+03 7.823247e+03
5.5 7.839598e+03 7.867912e+03 7.872338e+03 7.844024e+03
6.5 7.851343e+03 7.865064e+03 7.872575e+03 7.858854e+03
7.5 7.859880e+03 7.864437e+03 7.872917e+03 7.868361e+03
8.5 7.839247e+03 7.863632e+03 7.872071e+03 7.847686e+03
9.5 7.831164e+03 7.864312e+03 7.872257e+03 7.839110e+03
10.5 7.859423e+03 7.864072e+03 7.871378e+03 7.866730e+03
11.5 7.887883e+03 7.864760e+03 7.871252e+03 7.894374e+03
0.2 7.809904e+03 7.891348e+03 7.861467e+03 7.780023e+03
1.2 7.818348e+03 7.881941e+03 7.867096e+03 7.803503e+03
2.2 7.825777e+03 7.873426e+03 7.870897e+03 7.823247e+03
3.2 7.839598e+03 7.867912e+03 7.872338e+03 7.844024e+03
4.2 7.851343e+03 7.865064e+03 7.872575e+03 7.858854e+03
5.2 7.859880e+03 7.864437e+03 7.872917e+03 7.868361e+03
6.2 7.839247e+03 7.863632e+03 7.872071e+03 7.847686e+03
7.2 7.831164e+03 7.864312e+03 7.872257e+03 7.839110e+03
8.2 7.859423e+03 7.864072e+03 7.871378e+03 7.866730e+03
9.2 7.887883e+03 7.864760e+03 7.871252e+03 7.894374e+03
10.2 7.903189e+03 7.864865e+03 7.870489e+03 7.908813e+03
11.2 7.897556e+03 7.865033e+03 7.869727e+03 7.902250e+03
0.9 7.839598e+03 7.867912e+03 7.872338e+03 7.844024e+03
1.9 7.851343e+03 7.865064e+03 7.872575e+03 7.858854e+03
2.9 7.859880e+03 7.864437e+03 7.872917e+03 7.868361e+03
3.9 7.839247e+03 7.863632e+03 7.872071e+03 7.847686e+03
4.9 7.831164e+03 7.864312e+03 7.872257e+03 7.839110e+03
5.9 7.859423e+03 7.864072e+03 7.871378e+03 7.866730e+03
6.9 7.887883e+03 7.864760e+03 7.871252e+03 7.894374e+03
7.9 7.903189e+03 7.864865e+03 7.870489e+03 7.908813e+03
8.9 7.897556e+03 7.865033e+03 7.869727e+03 7.902250e+03
9.9 7.898891e+03 7.865772e+03 7.869475e+03 7.902594e+03
10.9 7.880792e+03 7.865814e+03 7.868469e+03 7.883447e+03
11.9 7.871984e+03 7.866829e+03 7.868385e+03 7.873540e+03
0.6 7.859880e+03 7.864437e+03 7.872917e+03 7.868361e+03
1.6 7.839247e+03 7.863632e+03 7.872071e+03 7.847686e+03
2.6 7.831164e+03 7.864312e+03 7.872257e+03 7.839110e+03
3.6 7.859423e+03 7.864072e+03 7.871378e+03 7.866730e+03
4.6 7.887883e+03 7.864760e+03 7.871252e+03 7.894374e+03
5.6 7.903189e+03 7.864865e+03 7.870489e+03 7.908813e+03
6.6 7.897556e+03 7.865033e+03 7.869727e+03 7.902250e+03
7.6 7.898891e+03 7.865772e+03 7.869475e+03 7.902594e+03
8.6 7.880792e+03 7.865814e+03 7.868469e+03 7.883447e+03
9.6 7.871984e+03 7.866829e+03 7.868385e+03 7.873540e+03
10.6 7.876121e+03 7.866503e+03 7.866917e+03 7.876534e+03
0.3 7.831164e+03 7.864312e+03 7.872257e+03 7.839110e+03
1.3 7.859423e+03 7.864072e+03 7.871378e+03 7.866730e+03
2.3 7.887883e+03 7.864760e+03 7.871252e+03 7.894374e+03
3.3 7.903189e+03 7.864865e+03 7.870489e+03 7.908813e+03
4.3 7.897556e+03 7.865033e+03 7.869727e+03 7.902250e+03
5.3 7.898891e+03 7.865772e+03 7.869475e+03 7.902594e+03
6.3 7.880792e+03 7.865814e+03 7.868469e+03 7.883447e+03
7.3 7.871984e+03 7.866829e+03 7.868385e+03 7.873540e+03
8.3 7.876121e+03 7.866503e+03 7.866917e+03 7.876534e+03
1.0 7.903189e+03 7.864865e+03 7.870489e+03 7.908813e+03
2.0 7.897556e+03 7.865033e+03 7.869727e+03 7.902250e+03
3.0 7.898891e+03 7.865772e+03 7.869475e+03 7.902594e+03
4.0 7.880792e+03 7.865814e+03 7.868469e+03 7.883447e+03
5.0 7.871984e+03 7.866829e+03 7.868385e+03 7.873540e+03
6.0 7.876121e+03 7.866503e+03 7.866917e+03 7.876534e+03
0.6 7.898891e+03 7.865772e+03 7.869475e+03 7.902594e+03
1.6 7.880792e+03 7.865814e+03 7.868469e+03 7.883447e+03
2.6 7.871984e+03 7.866829e+03 7.868385e+03 7.873540e+03
3.6 7.876121e+03 7.866503e+03 7.866917e+03 7.876534e+03
0.3 7.871984e+03 7.866829e+03 7.868385e+03 7.873540e+03
1.3 7.876121e+03 7.866503e+03 7.866917e+03 7.876534e+03
