0.5 8.290508e+03 8.202832e+03 8.177713e+03 8.265389e+03
1.5 8.213795e+03 8.207861e+03 8.182155e+03 8.188089e+03
2.5 8.175493e+03 8.207267e+03 8.186871e+03 8.155097e+03
3.5 8.176883e+03 8.193790e+03 8.186021e+03 8.169115e+03
4.5 8.165434e+03 8.181484e+03 8.183017e+03 8.166967e+03
5.5 8.162115e+03 8.172701e+03 8.180532e+03 8.169946e+03
6.5 8.184588e+03 8.168329e+03 8.179080e+03 8.195339e+03
7.5 8.182277e+03 8.166720e+03 8.178369e+03 8.193926e+03
8.5 8.140656e+03 8.165308e+03 8.178054e+03 8.153402e+03
9.5 8.160373e+03 8.165821e+03 8.177921e+03 8.172474e+03
10.5 8.199760e+03 8.164832e+03 8.177862e+03 8.212790e+03
0.1 8.137681e+03 8.163815e+03 8.177654e+03 8.151520e+03
1.1 8.143902e+03 8.168522e+03 8.179557e+03 8.154937e+03
2.1 8.209604e+03 8.187181e+03 8.187178e+03 8.209601e+03
3.1 8.261415e+03 8.202937e+03 8.191316e+03 8.249793e+03
4.1 8.264742e+03 8.208029e+03 8.188572e+03 8.245286e+03
5.1 8.212657e+03 8.207782e+03 8.184130e+03 8.189006e+03
6.1 8.176458e+03 8.206430e+03 8.180854e+03 8.150882e+03
7.1 8.157174e+03 8.205395e+03 8.179029e+03 8.130807e+03
8.1 8.157389e+03 8.204802e+03 8.178157e+03 8.130743e+03
9.1 8.160808e+03 8.204677e+03 8.177950e+03 8.134081e+03
10.1 8.168645e+03 8.208732e+03 8.182171e+03 8.142084e+03
0.5 8.160808e+03 8.204677e+03 8.177950e+03 8.134081e+03
1.5 8.168645e+03 8.208732e+03 8.182171e+03 8.142084e+03
2.5 8.158835e+03 8.207125e+03 8.186765e+03 8.138474e+03
3.5 8.148399e+03 8.192985e+03 8.185842e+03 8.141255e+03
4.5 8.149602e+03 8.180308e+03 8.182790e+03 8.152084e+03
5.5 8.139346e+03 8.171145e+03 8.180263e+03 8.148464e+03
6.5 8.135781e+03 8.166692e+03 8.178784e+03 8.147873e+03
7.5 8.170201e+03 8.165034e+03 8.178058e+03 8.183225e+03
8.5 8.185421e+03 8.163428e+03 8.177740e+03 8.199733e+03
9.5 8.174342e+03 8.163744e+03 8.177611e+03 8.188208e+03
10.5 8.174738e+03 8.162629e+03 8.177561e+03 8.189670e+03
0.1 8.137738e+03 8.162537e+03 8.177513e+03 8.152714e+03
1.1 8.125448e+03 8.167020e+03 8.179309e+03 8.137737e+03
2.1 8.131724e+03 8.185609e+03 8.186872e+03 8.132987e+03
3.1 8.177175e+03 8.201748e+03 8.191225e+03 8.166652e+03
4.1 8.203245e+03 8.207162e+03 8.188604e+03 8.184688e+03
5.1 8.322450e+03 8.207082e+03 8.184166e+03 8.299534e+03
6.1 8.264848e+03 8.205821e+03 8.180861e+03 8.239887e+03
7.1 8.219368e+03 8.204855e+03 8.179013e+03 8.193525e+03
8.1 8.192257e+03 8.204325e+03 8.178131e+03 8.166063e+03
9.1 8.188828e+03 8.204257e+03 8.177922e+03 8.162493e+03
10.1 8.197644e+03 8.208329e+03 8.182144e+03 8.171458e+03
0.5 8.188828e+03 8.204257e+03 8.177922e+03 8.162493e+03
1.5 8.197644e+03 8.208329e+03 8.182144e+03 8.171458e+03
2.5 8.218262e+03 8.206526e+03 8.186741e+03 8.198477e+03
3.5 8.221608e+03 8.192391e+03 8.185821e+03 8.215038e+03
4.5 8.192117e+03 8.180091e+03 8.182773e+03 8.194800e+03
5.5 8.157960e+03 8.171147e+03 8.180252e+03 8.167066e+03
6.5 8.155079e+03 8.166937e+03 8.178779e+03 8.166920e+03
7.5 8.158822e+03 8.165680e+03 8.178058e+03 8.171200e+03
8.5 8.169881e+03 8.163938e+03 8.177744e+03 8.183687e+03
9.5 8.164685e+03 8.164333e+03 8.177619e+03 8.177971e+03
10.5 8.188049e+03 8.163137e+03 8.177574e+03 8.202486e+03
0.0 8.206944e+03 8.163051e+03 8.177612e+03 8.221505e+03
1.0 8.182513e+03 8.166956e+03 8.179186e+03 8.194743e+03
2.0 8.180254e+03 8.185212e+03 8.186594e+03 8.181636e+03
3.0 8.246700e+03 8.201981e+03 8.191363e+03 8.236083e+03
4.0 8.302843e+03 8.207968e+03 8.189001e+03 8.283876e+03
5.0 8.247588e+03 8.208187e+03 8.184583e+03 8.223985e+03
6.0 8.194062e+03 8.207113e+03 8.181235e+03 8.168184e+03
7.0 8.215228e+03 8.206335e+03 8.179364e+03 8.188258e+03
8.0 8.190942e+03 8.206031e+03 8.178492e+03 8.163403e+03
9.0 8.176990e+03 8.206231e+03 8.178318e+03 8.149077e+03
10.0 8.156546e+03 8.210621e+03 8.182592e+03 8.128516e+03
0.5 8.176990e+03 8.206231e+03 8.178318e+03 8.149077e+03
1.5 8.156546e+03 8.210621e+03 8.182592e+03 8.128516e+03
2.5 8.136161e+03 8.209185e+03 8.187253e+03 8.114229e+03
3.5 8.119933e+03 8.195466e+03 8.186406e+03 8.110872e+03
4.5 8.120698e+03 8.183433e+03 8.183442e+03 8.120708e+03
5.5 8.130530e+03 8.174883e+03 8.181015e+03 8.136663e+03
6.5 8.156191e+03 8.171190e+03 8.179644e+03 8.164645e+03
7.5 8.156644e+03 8.170200e+03 8.179036e+03 8.165480e+03
8.5 8.167714e+03 8.169457e+03 8.178845e+03 8.177102e+03
9.5 8.140018e+03 8.170829e+03 8.178853e+03 8.148042e+03
10.5 8.142276e+03 8.170626e+03 8.178950e+03 8.150601e+03
