0.5 7.925599e+03 7.837273e+03 7.852865e+03 7.941190e+03
1.5 7.881725e+03 7.859446e+03 7.875402e+03 7.897681e+03
2.5 7.855441e+03 7.886672e+03 7.899332e+03 7.868101e+03
3.5 7.855300e+03 7.890199e+03 7.895021e+03 7.860122e+03
4.5 7.846339e+03 7.880727e+03 7.879776e+03 7.845387e+03
5.5 7.842646e+03 7.872029e+03 7.867168e+03 7.837785e+03
6.5 7.863198e+03 7.866477e+03 7.859804e+03 7.856524e+03
7.5 7.854954e+03 7.863425e+03 7.856195e+03 7.847724e+03
8.5 7.822461e+03 7.862510e+03 7.854599e+03 7.814550e+03
9.5 7.837442e+03 7.861435e+03 7.853924e+03 7.829932e+03
10.5 7.904147e+03 7.861711e+03 7.853623e+03 7.896060e+03
0.1 7.832908e+03 7.861159e+03 7.852569e+03 7.824317e+03
1.1 7.844462e+03 7.869072e+03 7.862223e+03 7.837613e+03
2.1 7.924368e+03 7.900885e+03 7.900887e+03 7.924370e+03
3.1 7.965830e+03 7.914668e+03 7.921882e+03 7.973043e+03
4.1 7.993328e+03 7.895885e+03 7.907961e+03 8.005405e+03
5.1 7.909206e+03 7.870745e+03 7.885426e+03 7.923886e+03
6.1 7.866504e+03 7.852929e+03 7.868803e+03 7.882379e+03
7.1 7.848771e+03 7.843177e+03 7.859543e+03 7.865137e+03
8.1 7.840878e+03 7.838580e+03 7.855119e+03 7.857417e+03
9.1 7.848346e+03 7.837482e+03 7.854071e+03 7.864935e+03
10.1 7.860168e+03 7.858997e+03 7.875483e+03 7.876654e+03
0.5 7.848346e+03 7.837482e+03 7.854071e+03 7.864935e+03
1.5 7.860168e+03 7.858997e+03 7.875483e+03 7.876654e+03
2.5 7.859625e+03 7.886154e+03 7.898792e+03 7.872263e+03
3.5 7.857313e+03 7.889676e+03 7.894109e+03 7.861747e+03
4.5 7.861948e+03 7.880164e+03 7.878623e+03 7.860408e+03
5.5 7.849942e+03 7.871465e+03 7.865805e+03 7.844283e+03
6.5 7.845426e+03 7.865805e+03 7.858299e+03 7.837921e+03
7.5 7.875217e+03 7.862703e+03 7.854618e+03 7.867132e+03
8.5 7.900956e+03 7.861887e+03 7.853003e+03 7.892072e+03
9.5 7.887248e+03 7.860956e+03 7.852349e+03 7.878641e+03
10.5 7.885766e+03 7.861365e+03 7.852097e+03 7.876498e+03
0.1 7.872345e+03 7.861145e+03 7.851850e+03 7.863050e+03
1.1 7.871757e+03 7.868591e+03 7.860963e+03 7.864129e+03
2.1 7.883455e+03 7.900118e+03 7.899334e+03 7.882672e+03
3.1 7.928371e+03 7.914888e+03 7.921420e+03 7.934903e+03
4.1 7.906595e+03 7.896605e+03 7.908124e+03 7.918114e+03
5.1 7.935495e+03 7.871384e+03 7.885607e+03 7.949718e+03
6.1 7.840486e+03 7.853343e+03 7.868836e+03 7.855979e+03
7.1 7.800095e+03 7.843421e+03 7.859461e+03 7.816135e+03
8.1 7.777332e+03 7.838727e+03 7.854985e+03 7.793591e+03
9.1 7.800965e+03 7.837580e+03 7.853926e+03 7.817311e+03
10.1 7.815646e+03 7.859094e+03 7.875347e+03 7.831899e+03
0.5 7.800965e+03 7.837580e+03 7.853926e+03 7.817311e+03
1.5 7.815646e+03 7.859094e+03 7.875347e+03 7.831899e+03
2.5 7.854318e+03 7.886392e+03 7.898672e+03 7.866599e+03
3.5 7.862437e+03 7.889923e+03 7.894002e+03 7.866515e+03
4.5 7.850089e+03 7.880204e+03 7.878539e+03 7.848424e+03
5.5 7.813334e+03 7.871403e+03 7.865751e+03 7.807682e+03
6.5 7.825053e+03 7.865624e+03 7.858274e+03 7.817704e+03
7.5 7.827563e+03 7.862301e+03 7.854618e+03 7.819880e+03
8.5 7.843781e+03 7.861594e+03 7.853024e+03 7.835212e+03
9.5 7.840254e+03 7.860636e+03 7.852390e+03 7.832007e+03
10.5 7.859951e+03 7.861122e+03 7.852161e+03 7.850990e+03
0.0 7.891073e+03 7.861391e+03 7.852353e+03 7.882035e+03
1.0 7.909677e+03 7.867930e+03 7.860339e+03 7.902086e+03
2.0 7.919837e+03 7.898786e+03 7.897928e+03 7.918978e+03
3.0 7.973639e+03 7.915534e+03 7.922124e+03 7.980229e+03
4.0 7.977703e+03 7.898362e+03 7.910136e+03 7.989476e+03
5.0 7.863707e+03 7.873074e+03 7.887724e+03 7.878358e+03
6.0 7.806555e+03 7.854673e+03 7.870736e+03 7.822618e+03
7.0 7.848667e+03 7.844504e+03 7.861244e+03 7.865407e+03
8.0 7.825285e+03 7.839726e+03 7.856820e+03 7.842378e+03
9.0 7.826053e+03 7.838612e+03 7.855938e+03 7.843379e+03
10.0 7.815968e+03 7.860223e+03 7.877621e+03 7.833366e+03
0.5 7.826053e+03 7.838612e+03 7.855938e+03 7.843379e+03
1.5 7.815968e+03 7.860223e+03 7.877621e+03 7.833366e+03
2.5 7.818189e+03 7.887658e+03 7.901271e+03 7.831801e+03
3.5 7.809904e+03 7.891348e+03 7.896971e+03 7.815528e+03
4.5 7.818348e+03 7.881941e+03 7.881935e+03 7.818342e+03
5.5 7.825777e+03 7.873426e+03 7.869620e+03 7.821970e+03
6.5 7.839598e+03 7.867912e+03 7.862664e+03 7.834351e+03
7.5 7.851343e+03 7.865064e+03 7.859580e+03 7.845859e+03
8.5 7.859880e+03 7.864437e+03 7.858610e+03 7.854053e+03
9.5 7.839247e+03 7.863632e+03 7.858651e+03 7.834266e+03
10.5 7.831164e+03 7.864312e+03 7.859145e+03 7.825998e+03
