0.5 8.213795e+03 8.207861e+03 8.206223e+03 8.212157e+03
1.5 8.175493e+03 8.207267e+03 8.200913e+03 8.169139e+03
2.5 8.176883e+03 8.193790e+03 8.188285e+03 8.171378e+03
3.5 8.165434e+03 8.181484e+03 8.178983e+03 8.162934e+03
4.5 8.162115e+03 8.172701e+03 8.172685e+03 8.162100e+03
5.5 8.184588e+03 8.168329e+03 8.169766e+03 8.186024e+03
6.5 8.182277e+03 8.166720e+03 8.168868e+03 8.184425e+03
7.5 8.140656e+03 8.165308e+03 8.167770e+03 8.143118e+03
8.5 8.160373e+03 8.165821e+03 8.168416e+03 8.162969e+03
9.5 8.199760e+03 8.164832e+03 8.167487e+03 8.202414e+03
10.5 8.167057e+03 8.165553e+03 8.168249e+03 8.169753e+03
11.5 8.164462e+03 8.164968e+03 8.167679e+03 8.167173e+03
0.2 8.176883e+03 8.193790e+03 8.188285e+03 8.171378e+03
1.2 8.165434e+03 8.181484e+03 8.178983e+03 8.162934e+03
2.2 8.162115e+03 8.172701e+03 8.172685e+03 8.162100e+03
3.2 8.184588e+03 8.168329e+03 8.169766e+03 8.186024e+03
4.2 8.182277e+03 8.166720e+03 8.168868e+03 8.184425e+03
5.2 8.140656e+03 8.165308e+03 8.167770e+03 8.143118e+03
6.2 8.160373e+03 8.165821e+03 8.168416e+03 8.162969e+03
7.2 8.199760e+03 8.164832e+03 8.167487e+03 8.202414e+03
8.2 8.167057e+03 8.165553e+03 8.168249e+03 8.169753e+03
9.2 8.164462e+03 8.164968e+03 8.167679e+03 8.167173e+03
10.2 8.163930e+03 8.165133e+03 8.167862e+03 8.166658e+03
11.2 8.126248e+03 8.165132e+03 8.167881e+03 8.128997e+03
0.9 8.184588e+03 8.168329e+03 8.169766e+03 8.186024e+03
1.9 8.182277e+03 8.166720e+03 8.168868e+03 8.184425e+03
2.9 8.140656e+03 8.165308e+03 8.167770e+03 8.143118e+03
3.9 8.160373e+03 8.165821e+03 8.168416e+03 8.162969e+03
4.9 8.199760e+03 8.164832e+03 8.167487e+03 8.202414e+03
5.9 8.167057e+03 8.165553e+03 8.168249e+03 8.169753e+03
6.9 8.164462e+03 8.164968e+03 8.167679e+03 8.167173e+03
7.9 8.163930e+03 8.165133e+03 8.167862e+03 8.166658e+03
8.9 8.126248e+03 8.165132e+03 8.167881e+03 8.128997e+03
9.9 8.135770e+03 8.164526e+03 8.167297e+03 8.138541e+03
10.9 8.165461e+03 8.165036e+03 8.167830e+03 8.168256e+03
11.9 8.195537e+03 8.164004e+03 8.166822e+03 8.198355e+03
0.6 8.140656e+03 8.165308e+03 8.167770e+03 8.143118e+03
1.6 8.160373e+03 8.165821e+03 8.168416e+03 8.162969e+03
2.6 8.199760e+03 8.164832e+03 8.167487e+03 8.202414e+03
3.6 8.167057e+03 8.165553e+03 8.168249e+03 8.169753e+03
4.6 8.164462e+03 8.164968e+03 8.167679e+03 8.167173e+03
5.6 8.163930e+03 8.165133e+03 8.167862e+03 8.166658e+03
6.6 8.126248e+03 8.165132e+03 8.167881e+03 8.128997e+03
7.6 8.135770e+03 8.164526e+03 8.167297e+03 8.138541e+03
8.6 8.165461e+03 8.165036e+03 8.167830e+03 8.168256e+03
9.6 8.195537e+03 8.164004e+03 8.166822e+03 8.198355e+03
10.6 8.167443e+03 8.164686e+03 8.167526e+03 8.170284e+03
11.6 8.137681e+03 8.163815e+03 8.166677e+03 8.140543e+03
0.3 8.199760e+03 8.164832e+03 8.167487e+03 8.202414e+03
1.3 8.167057e+03 8.165553e+03 8.168249e+03 8.169753e+03
2.3 8.164462e+03 8.164968e+03 8.167679e+03 8.167173e+03
3.3 8.163930e+03 8.165133e+03 8.167862e+03 8.166658e+03
4.3 8.126248e+03 8.165132e+03 8.167881e+03 8.128997e+03
5.3 8.135770e+03 8.164526e+03 8.167297e+03 8.138541e+03
6.3 8.165461e+03 8.165036e+03 8.167830e+03 8.168256e+03
7.3 8.195537e+03 8.164004e+03 8.166822e+03 8.198355e+03
8.3 8.167443e+03 8.164686e+03 8.167526e+03 8.170284e+03
9.3 8.137681e+03 8.163815e+03 8.166677e+03 8.140543e+03
10.3 8.143902e+03 8.168522e+03 8.169481e+03 8.144861e+03
11.3 8.209604e+03 8.187181e+03 8.180520e+03 8.202943e+03
1.0 8.163930e+03 8.165133e+03 8.167862e+03 8.166658e+03
2.0 8.126248e+03 8.165132e+03 8.167881e+03 8.128997e+03
3.0 8.135770e+03 8.164526e+03 8.167297e+03 8.138541e+03
4.0 8.165461e+03 8.165036e+03 8.167830e+03 8.168256e+03
5.0 8.195537e+03 8.164004e+03 8.166822e+03 8.198355e+03
6.0 8.167443e+03 8.164686e+03 8.167526e+03 8.170284e+03
7.0 8.137681e+03 8.163815e+03 8.166677e+03 8.140543e+03
8.0 8.143902e+03 8.168522e+03 8.169481e+03 8.144861e+03
9.0 8.209604e+03 8.187181e+03 8.180520e+03 8.202943e+03
10.0 8.261415e+03 8.202937e+03 8.192138e+03 8.250616e+03
11.0 8.264742e+03 8.208029e+03 8.199973e+03 8.256687e+03
12.0 8.212657e+03 8.207782e+03 8.204168e+03 8.209043e+03
0.7 8.135770e+03 8.164526e+03 8.167297e+03 8.138541e+03
1.7 8.165461e+03 8.165036e+03 8.167830e+03 8.168256e+03
2.7 8.195537e+03 8.164004e+03 8.166822e+03 8.198355e+03
3.7 8.167443e+03 8.164686e+03 8.167526e+03 8.170284e+03
4.7 8.137681e+03 8.163815e+03 8.166677e+03 8.140543e+03
5.7 8.143902e+03 8.168522e+03 8.169481e+03 8.144861e+03
6.7 8.209604e+03 8.187181e+03 8.180520e+03 8.202943e+03
7.7 8.261415e+03 8.202937e+03 8.192138e+03 8.250616e+03
8.7 8.264742e+03 8.208029e+03 8.199973e+03 8.256687e+03
9.7 8.212657e+03 8.207782e+03 8.204168e+03 8.209043e+03
10.7 8.176458e+03 8.206430e+03 8.206092e+03 8.176120e+03
11.7 8.157174e+03 8.205395e+03 8.206883e+03 8.158661e+03
0.4 8.195537e+03 8.164004e+03 8.166822e+03 8.198355e+03
1.4 8.167443e+03 8.164686e+03 8.167526e+03 8.170284e+03
2.4 8.137681e+03 8.163815e+03 8.166677e+03 8.140543e+03
3.4 8.143902e+03 8.168522e+03 8.169481e+03 8.144861e+03
4.4 8.209604e+03 8.187181e+03 8.180520e+03 8.202943e+03
5.4 8.261415e+03 8.202937e+03 8.192138e+03 8.250616e+03
6.4 8.264742e+03 8.208029e+03 8.199973e+03 8.256687e+03
7.4 8.212657e+03 8.207782e+03 8.204168e+03 8.209043e+03
8.4 8.176458e+03 8.206430e+03 8.206092e+03 8.176120e+03
9.4 8.157174e+03 8.205395e+03 8.206883e+03 8.158661e+03
10.4 8.157389e+03 8.204802e+03 8.207162e+03 8.159748e+03
11.4 8.160808e+03 8.204677e+03 8.207243e+03 8.163374e+03
0.5 8.168645e+03 8.208732e+03 8.207077e+03 8.166991e+03
1.5 8.158835e+03 8.207125e+03 8.200877e+03 8.152586e+03
2.5 8.148399e+03 8.192985e+03 8.187660e+03 8.143073e+03
3.5 8.149602e+03 8.180308e+03 8.178034e+03 8.147329e+03
4.5 8.139346e+03 8.171145e+03 8.171399e+03 8.139599e+03
5.5 8.135781e+03 8.166692e+03 8.168425e+03 8.137514e+03
6.5 8.170201e+03 8.165034e+03 8.167492e+03 8.172659e+03
7.5 8.185421e+03 8.163428e+03 8.166204e+03 8.188198e+03
8.5 8.174342e+03 8.163744e+03 8.166650e+03 8.177247e+03
9.5 8.174738e+03 8.162629e+03 8.165584e+03 8.177693e+03
10.5 8.178529e+03 8.163089e+03 8.166071e+03 8.181511e+03
11.5 8.161175e+03 8.162409e+03 8.165392e+03 8.164158e+03
0.2 8.148399e+03 8.192985e+03 8.187660e+03 8.143073e+03
1.2 8.149602e+03 8.180308e+03 8.178034e+03 8.147329e+03
2.2 8.139346e+03 8.171145e+03 8.171399e+03 8.139599e+03
3.2 8.135781e+03 8.166692e+03 8.168425e+03 8.137514e+03
4.2 8.170201e+03 8.165034e+03 8.167492e+03 8.172659e+03
5.2 8.185421e+03 8.163428e+03 8.166204e+03 8.188198e+03
6.2 8.174342e+03 8.163744e+03 8.166650e+03 8.177247e+03
7.2 8.174738e+03 8.162629e+03 8.165584e+03 8.177693e+03
8.2 8.178529e+03 8.163089e+03 8.166071e+03 8.181511e+03
9.2 8.161175e+03 8.162409e+03 8.165392e+03 8.164158e+03
10.2 8.147760e+03 8.163080e+03 8.166066e+03 8.150746e+03
11.2 8.140080e+03 8.163617e+03 8.166606e+03 8.143070e+03
0.9 8.135781e+03 8.166692e+03 8.168425e+03 8.137514e+03
1.9 8.170201e+03 8.165034e+03 8.167492e+03 8.172659e+03
2.9 8.185421e+03 8.163428e+03 8.166204e+03 8.188198e+03
3.9 8.174342e+03 8.163744e+03 8.166650e+03 8.177247e+03
4.9 8.174738e+03 8.162629e+03 8.165584e+03 8.177693e+03
5.9 8.178529e+03 8.163089e+03 8.166071e+03 8.181511e+03
6.9 8.161175e+03 8.162409e+03 8.165392e+03 8.164158e+03
7.9 8.147760e+03 8.163080e+03 8.166066e+03 8.150746e+03
8.9 8.140080e+03 8.163617e+03 8.166606e+03 8.143070e+03
9.9 8.145824e+03 8.163041e+03 8.166034e+03 8.148816e+03
10.9 8.130308e+03 8.163548e+03 8.166543e+03 8.133304e+03
11.9 8.137097e+03 8.162510e+03 8.165508e+03 8.140095e+03
0.6 8.185421e+03 8.163428e+03 8.166204e+03 8.188198e+03
1.6 8.174342e+03 8.163744e+03 8.166650e+03 8.177247e+03
2.6 8.174738e+03 8.162629e+03 8.165584e+03 8.177693e+03
3.6 8.178529e+03 8.163089e+03 8.166071e+03 8.181511e+03
4.6 8.161175e+03 8.162409e+03 8.165392e+03 8.164158e+03
5.6 8.147760e+03 8.163080e+03 8.166066e+03 8.150746e+03
6.6 8.140080e+03 8.163617e+03 8.166606e+03 8.143070e+03
7.6 8.145824e+03 8.163041e+03 8.166034e+03 8.148816e+03
8.6 8.130308e+03 8.163548e+03 8.166543e+03 8.133304e+03
9.6 8.137097e+03 8.162510e+03 8.165508e+03 8.140095e+03
10.6 8.153292e+03 8.163256e+03 8.166257e+03 8.156294e+03
11.6 8.137738e+03 8.162537e+03 8.165540e+03 8.140742e+03
0.3 8.174738e+03 8.162629e+03 8.165584e+03 8.177693e+03
1.3 8.178529e+03 8.163089e+03 8.166071e+03 8.181511e+03
2.3 8.161175e+03 8.162409e+03 8.165392e+03 8.164158e+03
3.3 8.147760e+03 8.163080e+03 8.166066e+03 8.150746e+03
4.3 8.140080e+03 8.163617e+03 8.166606e+03 8.143070e+03
5.3 8.145824e+03 8.163041e+03 8.166034e+03 8.148816e+03
6.3 8.130308e+03 8.163548e+03 8.166543e+03 8.133304e+03
7.3 8.137097e+03 8.162510e+03 8.165508e+03 8.140095e+03
8.3 8.153292e+03 8.163256e+03 8.166257e+03 8.156294e+03
9.3 8.137738e+03 8.162537e+03 8.165540e+03 8.140742e+03
10.3 8.125448e+03 8.167020e+03 8.168227e+03 8.126656e+03
11.3 8.131724e+03 8.185609e+03 8.179254e+03 8.125369e+03
0.9 8.147760e+03 8.163080e+03 8.166066e+03 8.150746e+03
1.9 8.140080e+03 8.163617e+03 8.166606e+03 8.143070e+03
2.9 8.145824e+03 8.163041e+03 8.166034e+03 8.148816e+03
3.9 8.130308e+03 8.163548e+03 8.166543e+03 8.133304e+03
4.9 8.137097e+03 8.162510e+03 8.165508e+03 8.140095e+03
5.9 8.153292e+03 8.163256e+03 8.166257e+03 8.156294e+03
6.9 8.137738e+03 8.162537e+03 8.165540e+03 8.140742e+03
7.9 8.125448e+03 8.167020e+03 8.168227e+03 8.126656e+03
8.9 8.131724e+03 8.185609e+03 8.179254e+03 8.125369e+03
9.9 8.177175e+03 8.201748e+03 8.191040e+03 8.166467e+03
10.9 8.203245e+03 8.207162e+03 8.199074e+03 8.195158e+03
11.9 8.322450e+03 8.207082e+03 8.203432e+03 8.318800e+03
0.7 8.145824e+03 8.163041e+03 8.166034e+03 8.148816e+03
1.7 8.130308e+03 8.163548e+03 8.166543e+03 8.133304e+03
2.7 8.137097e+03 8.162510e+03 8.165508e+03 8.140095e+03
3.7 8.153292e+03 8.163256e+03 8.166257e+03 8.156294e+03
4.7 8.137738e+03 8.162537e+03 8.165540e+03 8.140742e+03
5.7 8.125448e+03 8.167020e+03 8.168227e+03 8.126656e+03
6.7 8.131724e+03 8.185609e+03 8.179254e+03 8.125369e+03
7.7 8.177175e+03 8.201748e+03 8.191040e+03 8.166467e+03
8.7 8.203245e+03 8.207162e+03 8.199074e+03 8.195158e+03
9.7 8.322450e+03 8.207082e+03 8.203432e+03 8.318800e+03
10.7 8.264848e+03 8.205821e+03 8.205477e+03 8.264504e+03
11.7 8.219368e+03 8.204855e+03 8.206359e+03 8.220871e+03
0.3 8.137097e+03 8.162510e+03 8.165508e+03 8.140095e+03
1.3 8.153292e+03 8.163256e+03 8.166257e+03 8.156294e+03
2.3 8.137738e+03 8.162537e+03 8.165540e+03 8.140742e+03
3.3 8.125448e+03 8.167020e+03 8.168227e+03 8.126656e+03
4.3 8.131724e+03 8.185609e+03 8.179254e+03 8.125369e+03
5.3 8.177175e+03 8.201748e+03 8.191040e+03 8.166467e+03
6.3 8.203245e+03 8.207162e+03 8.199074e+03 8.195158e+03
7.3 8.322450e+03 8.207082e+03 8.203432e+03 8.318800e+03
8.3 8.264848e+03 8.205821e+03 8.205477e+03 8.264504e+03
9.3 8.219368e+03 8.204855e+03 8.206359e+03 8.220871e+03
10.3 8.192257e+03 8.204325e+03 8.206711e+03 8.194643e+03
11.3 8.188828e+03 8.204257e+03 8.206851e+03 8.191422e+03
0.5 8.197644e+03 8.208329e+03 8.206702e+03 8.196016e+03
1.5 8.218262e+03 8.206526e+03 8.200301e+03 8.212037e+03
2.5 8.221608e+03 8.192391e+03 8.187087e+03 8.216304e+03
3.5 8.192117e+03 8.180091e+03 8.177834e+03 8.189861e+03
4.5 8.157960e+03 8.171147e+03 8.171411e+03 8.158224e+03
5.5 8.155079e+03 8.166937e+03 8.168675e+03 8.156816e+03
6.5 8.158822e+03 8.165680e+03 8.168138e+03 8.161281e+03
7.5 8.169881e+03 8.163938e+03 8.166710e+03 8.172653e+03
8.5 8.164685e+03 8.164333e+03 8.167231e+03 8.167583e+03
9.5 8.188049e+03 8.163137e+03 8.166080e+03 8.190992e+03
10.5 8.199116e+03 8.163578e+03 8.166542e+03 8.202079e+03
11.5 8.204514e+03 8.163080e+03 8.166036e+03 8.207470e+03
0.2 8.221608e+03 8.192391e+03 8.187087e+03 8.216304e+03
1.2 8.192117e+03 8.180091e+03 8.177834e+03 8.189861e+03
2.2 8.157960e+03 8.171147e+03 8.171411e+03 8.158224e+03
3.2 8.155079e+03 8.166937e+03 8.168675e+03 8.156816e+03
4.2 8.158822e+03 8.165680e+03 8.168138e+03 8.161281e+03
5.2 8.169881e+03 8.163938e+03 8.166710e+03 8.172653e+03
6.2 8.164685e+03 8.164333e+03 8.167231e+03 8.167583e+03
7.2 8.188049e+03 8.163137e+03 8.166080e+03 8.190992e+03
8.2 8.199116e+03 8.163578e+03 8.166542e+03 8.202079e+03
9.2 8.204514e+03 8.163080e+03 8.166036e+03 8.207470e+03
10.2 8.207796e+03 8.163098e+03 8.166047e+03 8.210745e+03
11.2 8.175006e+03 8.163370e+03 8.166314e+03 8.177950e+03
0.8 8.155079e+03 8.166937e+03 8.168675e+03 8.156816e+03
1.8 8.158822e+03 8.165680e+03 8.168138e+03 8.161281e+03
2.8 8.169881e+03 8.163938e+03 8.166710e+03 8.172653e+03
3.8 8.164685e+03 8.164333e+03 8.167231e+03 8.167583e+03
4.8 8.188049e+03 8.163137e+03 8.166080e+03 8.190992e+03
5.8 8.199116e+03 8.163578e+03 8.166542e+03 8.202079e+03
6.8 8.204514e+03 8.163080e+03 8.166036e+03 8.207470e+03
7.8 8.207796e+03 8.163098e+03 8.166047e+03 8.210745e+03
8.8 8.175006e+03 8.163370e+03 8.166314e+03 8.177950e+03
9.8 8.182185e+03 8.162781e+03 8.165719e+03 8.185124e+03
10.8 8.202261e+03 8.163566e+03 8.166499e+03 8.205193e+03
11.8 8.208118e+03 8.162719e+03 8.165644e+03 8.211043e+03
0.5 8.169881e+03 8.163938e+03 8.166710e+03 8.172653e+03
1.5 8.164685e+03 8.164333e+03 8.167231e+03 8.167583e+03
2.5 8.188049e+03 8.163137e+03 8.166080e+03 8.190992e+03
3.5 8.199116e+03 8.163578e+03 8.166542e+03 8.202079e+03
4.5 8.204514e+03 8.163080e+03 8.166036e+03 8.207470e+03
5.5 8.207796e+03 8.163098e+03 8.166047e+03 8.210745e+03
6.5 8.175006e+03 8.163370e+03 8.166314e+03 8.177950e+03
7.5 8.182185e+03 8.162781e+03 8.165719e+03 8.185124e+03
8.5 8.202261e+03 8.163566e+03 8.166499e+03 8.205193e+03
9.5 8.208118e+03 8.162719e+03 8.165644e+03 8.211043e+03
10.5 8.222336e+03 8.163574e+03 8.166490e+03 8.225253e+03
11.5 8.206944e+03 8.163051e+03 8.165955e+03 8.209848e+03
0.2 8.188049e+03 8.163137e+03 8.166080e+03 8.190992e+03
1.2 8.199116e+03 8.163578e+03 8.166542e+03 8.202079e+03
2.2 8.204514e+03 8.163080e+03 8.166036e+03 8.207470e+03
3.2 8.207796e+03 8.163098e+03 8.166047e+03 8.210745e+03
4.2 8.175006e+03 8.163370e+03 8.166314e+03 8.177950e+03
5.2 8.182185e+03 8.162781e+03 8.165719e+03 8.185124e+03
6.2 8.202261e+03 8.163566e+03 8.166499e+03 8.205193e+03
7.2 8.208118e+03 8.162719e+03 8.165644e+03 8.211043e+03
8.2 8.222336e+03 8.163574e+03 8.166490e+03 8.225253e+03
9.2 8.206944e+03 8.163051e+03 8.165955e+03 8.209848e+03
10.2 8.182513e+03 8.166956e+03 8.168287e+03 8.183844e+03
11.2 8.180254e+03 8.185212e+03 8.179134e+03 8.174176e+03
0.9 8.207796e+03 8.163098e+03 8.166047e+03 8.210745e+03
1.9 8.175006e+03 8.163370e+03 8.166314e+03 8.177950e+03
2.9 8.182185e+03 8.162781e+03 8.165719e+03 8.185124e+03
3.9 8.202261e+03 8.163566e+03 8.166499e+03 8.205193e+03
4.9 8.208118e+03 8.162719e+03 8.165644e+03 8.211043e+03
5.9 8.222336e+03 8.163574e+03 8.166490e+03 8.225253e+03
6.9 8.206944e+03 8.163051e+03 8.165955e+03 8.209848e+03
7.9 8.182513e+03 8.166956e+03 8.168287e+03 8.183844e+03
8.9 8.180254e+03 8.185212e+03 8.179134e+03 8.174176e+03
9.9 8.246700e+03 8.201981e+03 8.191134e+03 8.235853e+03
10.9 8.302843e+03 8.207968e+03 8.199484e+03 8.294359e+03
11.9 8.247588e+03 8.208187e+03 8.204120e+03 8.243522e+03
0.6 8.182185e+03 8.162781e+03 8.165719e+03 8.185124e+03
1.6 8.202261e+03 8.163566e+03 8.166499e+03 8.205193e+03
2.6 8.208118e+03 8.162719e+03 8.165644e+03 8.211043e+03
3.6 8.222336e+03 8.163574e+03 8.166490e+03 8.225253e+03
4.6 8.206944e+03 8.163051e+03 8.165955e+03 8.209848e+03
5.6 8.182513e+03 8.166956e+03 8.168287e+03 8.183844e+03
6.6 8.180254e+03 8.185212e+03 8.179134e+03 8.174176e+03
7.6 8.246700e+03 8.201981e+03 8.191134e+03 8.235853e+03
8.6 8.302843e+03 8.207968e+03 8.199484e+03 8.294359e+03
9.6 8.247588e+03 8.208187e+03 8.204120e+03 8.243522e+03
10.6 8.194062e+03 8.207113e+03 8.206395e+03 8.193344e+03
11.6 8.215228e+03 8.206335e+03 8.207487e+03 8.216381e+03
0.3 8.208118e+03 8.162719e+03 8.165644e+03 8.211043e+03
1.3 8.222336e+03 8.163574e+03 8.166490e+03 8.225253e+03
2.3 8.206944e+03 8.163051e+03 8.165955e+03 8.209848e+03
3.3 8.182513e+03 8.166956e+03 8.168287e+03 8.183844e+03
4.3 8.180254e+03 8.185212e+03 8.179134e+03 8.174176e+03
5.3 8.246700e+03 8.201981e+03 8.191134e+03 8.235853e+03
6.3 8.302843e+03 8.207968e+03 8.199484e+03 8.294359e+03
7.3 8.247588e+03 8.208187e+03 8.204120e+03 8.243522e+03
8.3 8.194062e+03 8.207113e+03 8.206395e+03 8.193344e+03
9.3 8.215228e+03 8.206335e+03 8.207487e+03 8.216381e+03
10.3 8.190942e+03 8.206031e+03 8.208055e+03 8.192966e+03
11.3 8.176990e+03 8.206231e+03 8.208429e+03 8.179188e+03
0.5 8.156546e+03 8.210621e+03 8.208546e+03 8.154470e+03
1.5 8.136161e+03 8.209185e+03 8.202448e+03 8.129424e+03
2.5 8.119933e+03 8.195466e+03 8.189577e+03 8.114043e+03
3.5 8.120698e+03 8.183433e+03 8.180507e+03 8.117772e+03
4.5 8.130530e+03 8.174883e+03 8.174384e+03 8.130032e+03
5.5 8.156191e+03 8.171190e+03 8.172062e+03 8.157064e+03
6.5 8.156644e+03 8.170200e+03 8.171681e+03 8.158125e+03
7.5 8.167714e+03 8.169457e+03 8.171129e+03 8.169386e+03
8.5 8.140018e+03 8.170829e+03 8.172492e+03 8.141681e+03
9.5 8.142276e+03 8.170626e+03 8.172192e+03 8.143842e+03
10.5 8.178566e+03 8.172169e+03 8.173609e+03 8.180006e+03
11.5 8.204269e+03 8.172533e+03 8.173812e+03 8.205548e+03
0.2 8.119933e+03 8.195466e+03 8.189577e+03 8.114043e+03
1.2 8.120698e+03 8.183433e+03 8.180507e+03 8.117772e+03
2.2 8.130530e+03 8.174883e+03 8.174384e+03 8.130032e+03
3.2 8.156191e+03 8.171190e+03 8.172062e+03 8.157064e+03
4.2 8.156644e+03 8.170200e+03 8.171681e+03 8.158125e+03
5.2 8.167714e+03 8.169457e+03 8.171129e+03 8.169386e+03
6.2 8.140018e+03 8.170829e+03 8.172492e+03 8.141681e+03
7.2 8.142276e+03 8.170626e+03 8.172192e+03 8.143842e+03
8.2 8.178566e+03 8.172169e+03 8.173609e+03 8.180006e+03
9.2 8.204269e+03 8.172533e+03 8.173812e+03 8.205548e+03
10.2 8.220668e+03 8.173933e+03 8.175041e+03 8.221777e+03
11.2 8.206168e+03 8.175344e+03 8.176269e+03 8.207093e+03
0.9 8.156191e+03 8.171190e+03 8.172062e+03 8.157064e+03
1.9 8.156644e+03 8.170200e+03 8.171681e+03 8.158125e+03
2.9 8.167714e+03 8.169457e+03 8.171129e+03 8.169386e+03
3.9 8.140018e+03 8.170829e+03 8.172492e+03 8.141681e+03
4.9 8.142276e+03 8.170626e+03 8.172192e+03 8.143842e+03
5.9 8.178566e+03 8.172169e+03 8.173609e+03 8.180006e+03
6.9 8.204269e+03 8.172533e+03 8.173812e+03 8.205548e+03
7.9 8.220668e+03 8.173933e+03 8.175041e+03 8.221777e+03
8.9 8.206168e+03 8.175344e+03 8.176269e+03 8.207093e+03
9.9 8.206276e+03 8.175945e+03 8.176675e+03 8.207005e+03
10.9 8.193773e+03 8.177773e+03 8.178296e+03 8.194296e+03
11.9 8.180445e+03 8.178124e+03 8.178431e+03 8.180751e+03
0.6 8.167714e+03 8.169457e+03 8.171129e+03 8.169386e+03
1.6 8.140018e+03 8.170829e+03 8.172492e+03 8.141681e+03
2.6 8.142276e+03 8.170626e+03 8.172192e+03 8.143842e+03
3.6 8.178566e+03 8.172169e+03 8.173609e+03 8.180006e+03
4.6 8.204269e+03 8.172533e+03 8.173812e+03 8.205548e+03
5.6 8.220668e+03 8.173933e+03 8.175041e+03 8.221777e+03
6.6 8.206168e+03 8.175344e+03 8.176269e+03 8.207093e+03
7.6 8.206276e+03 8.175945e+03 8.176675e+03 8.207005e+03
8.6 8.193773e+03 8.177773e+03 8.178296e+03 8.194296e+03
9.6 8.180445e+03 8.178124e+03 8.178431e+03 8.180751e+03
10.6 8.196127e+03 8.180715e+03 8.180796e+03 8.196209e+03
0.3 8.142276e+03 8.170626e+03 8.172192e+03 8.143842e+03
1.3 8.178566e+03 8.172169e+03 8.173609e+03 8.180006e+03
2.3 8.204269e+03 8.172533e+03 8.173812e+03 8.205548e+03
3.3 8.220668e+03 8.173933e+03 8.175041e+03 8.221777e+03
4.3 8.206168e+03 8.175344e+03 8.176269e+03 8.207093e+03
5.3 8.206276e+03 8.175945e+03 8.176675e+03 8.207005e+03
6.3 8.193773e+03 8.177773e+03 8.178296e+03 8.194296e+03
7.3 8.180445e+03 8.178124e+03 8.178431e+03 8.180751e+03
8.3 8.196127e+03 8.180715e+03 8.180796e+03 8.196209e+03
1.0 8.220668e+03 8.173933e+03 8.175041e+03 8.221777e+03
2.0 8.206168e+03 8.175344e+03 8.176269e+03 8.207093e+03
3.0 8.206276e+03 8.175945e+03 8.176675e+03 8.207005e+03
4.0 8.193773e+03 8.177773e+03 8.178296e+03 8.194296e+03
5.0 8.180445e+03 8.178124e+03 8.178431e+03 8.180751e+03
6.0 8.196127e+03 8.180715e+03 8.180796e+03 8.196209e+03
0.6 8.206276e+03 8.175945e+03 8.176675e+03 8.207005e+03
1.6 8.193773e+03 8.177773e+03 8.178296e+03 8.194296e+03
2.6 8.180445e+03 8.178124e+03 8.178431e+03 8.180751e+03
3.6 8.196127e+03 8.180715e+03 8.180796e+03 8.196209e+03
0.3 8.180445e+03 8.178124e+03 8.178431e+03 8.180751e+03
1.3 8.196127e+03 8.180715e+03 8.180796e+03 8.196209e+03
