0.5 9.800014e+03 9.737456e+03 9.805573e+03 9.868131e+03
1.5 9.861604e+03 9.789815e+03 9.859525e+03 9.931314e+03
2.5 9.854426e+03 9.861501e+03 9.916811e+03 9.909736e+03
3.5 9.867731e+03 9.885425e+03 9.906490e+03 9.888797e+03
4.5 9.889120e+03 9.874152e+03 9.869995e+03 9.884963e+03
5.5 9.784608e+03 9.861051e+03 9.839814e+03 9.763372e+03
6.5 9.819093e+03 9.851338e+03 9.822184e+03 9.789939e+03
7.5 9.801171e+03 9.845134e+03 9.813545e+03 9.769582e+03
8.5 9.714331e+03 9.844290e+03 9.809725e+03 9.679766e+03
9.5 9.810126e+03 9.840923e+03 9.808109e+03 9.777312e+03
10.5 9.836881e+03 9.842723e+03 9.807389e+03 9.801547e+03
0.1 9.755910e+03 9.842395e+03 9.804865e+03 9.718380e+03
1.1 9.823612e+03 9.857901e+03 9.827976e+03 9.793688e+03
2.1 9.960073e+03 9.920524e+03 9.920533e+03 9.960082e+03
3.1 9.989909e+03 9.939277e+03 9.970793e+03 1.002142e+04
4.1 1.007850e+04 9.884706e+03 9.937469e+03 1.013126e+04
5.1 9.900773e+03 9.819383e+03 9.883521e+03 9.964911e+03
6.1 9.804651e+03 9.774373e+03 9.843729e+03 9.874007e+03
7.1 9.841906e+03 9.750060e+03 9.821560e+03 9.913407e+03
8.1 9.783855e+03 9.738713e+03 9.810970e+03 9.856113e+03
9.1 9.860633e+03 9.735984e+03 9.808460e+03 9.933109e+03
10.1 9.822752e+03 9.787692e+03 9.859720e+03 9.894780e+03
0.5 9.860633e+03 9.735984e+03 9.808460e+03 9.933109e+03
1.5 9.822752e+03 9.787692e+03 9.859720e+03 9.894780e+03
2.5 9.868315e+03 9.860304e+03 9.915517e+03 9.923528e+03
3.5 9.885237e+03 9.884938e+03 9.904308e+03 9.904608e+03
4.5 9.878919e+03 9.873968e+03 9.867237e+03 9.872188e+03
5.5 9.872554e+03 9.861278e+03 9.836552e+03 9.847828e+03
6.5 9.884638e+03 9.851374e+03 9.818584e+03 9.851847e+03
7.5 9.863079e+03 9.845091e+03 9.809771e+03 9.827759e+03
8.5 9.832036e+03 9.844718e+03 9.805905e+03 9.793224e+03
9.5 9.863191e+03 9.841941e+03 9.804338e+03 9.825588e+03
10.5 9.849896e+03 9.844228e+03 9.803736e+03 9.809404e+03
0.1 9.898249e+03 9.843755e+03 9.803144e+03 9.857637e+03
1.1 9.953336e+03 9.858286e+03 9.824961e+03 9.920011e+03
2.1 9.991980e+03 9.920240e+03 9.916815e+03 9.988556e+03
3.1 9.943690e+03 9.941150e+03 9.969687e+03 9.972227e+03
4.1 9.812441e+03 9.887533e+03 9.937858e+03 9.862766e+03
5.1 9.859312e+03 9.821813e+03 9.883956e+03 9.921455e+03
6.1 9.726434e+03 9.776120e+03 9.843808e+03 9.794122e+03
7.1 9.703510e+03 9.751285e+03 9.821365e+03 9.773589e+03
8.1 9.644427e+03 9.739616e+03 9.810650e+03 9.715461e+03
9.1 9.623039e+03 9.736700e+03 9.808115e+03 9.694454e+03
10.1 9.721295e+03 9.788385e+03 9.859394e+03 9.792305e+03
0.5 9.623039e+03 9.736700e+03 9.808115e+03 9.694454e+03
1.5 9.721295e+03 9.788385e+03 9.859394e+03 9.792305e+03
2.5 9.747868e+03 9.861578e+03 9.915231e+03 9.801521e+03
3.5 9.803284e+03 9.886233e+03 9.904050e+03 9.821101e+03
4.5 9.800933e+03 9.874310e+03 9.867035e+03 9.793658e+03
5.5 9.775275e+03 9.861115e+03 9.836422e+03 9.750582e+03
6.5 9.739293e+03 9.850634e+03 9.818523e+03 9.707182e+03
7.5 9.846602e+03 9.843337e+03 9.809770e+03 9.813034e+03
8.5 9.811067e+03 9.843396e+03 9.805956e+03 9.773627e+03
9.5 9.772997e+03 9.840466e+03 9.804437e+03 9.736968e+03
10.5 9.800143e+03 9.843038e+03 9.803888e+03 9.760993e+03
0.0 9.859580e+03 9.843836e+03 9.804349e+03 9.820093e+03
1.0 9.873892e+03 9.856631e+03 9.823467e+03 9.840727e+03
2.0 9.887016e+03 9.917198e+03 9.913449e+03 9.883266e+03
3.0 9.937434e+03 9.942579e+03 9.971371e+03 9.966226e+03
4.0 9.941027e+03 9.891236e+03 9.942673e+03 9.992465e+03
5.0 9.756788e+03 9.825015e+03 9.889023e+03 9.820796e+03
6.0 9.637665e+03 9.778177e+03 9.848354e+03 9.707842e+03
7.0 9.766312e+03 9.752495e+03 9.825633e+03 9.839451e+03
8.0 9.668451e+03 9.740362e+03 9.815041e+03 9.743130e+03
9.0 9.740931e+03 9.737236e+03 9.812931e+03 9.816625e+03
10.0 9.775421e+03 9.788828e+03 9.864838e+03 9.851431e+03
0.5 9.740931e+03 9.737236e+03 9.812931e+03 9.816625e+03
1.5 9.775421e+03 9.788828e+03 9.864838e+03 9.851431e+03
2.5 9.829691e+03 9.861978e+03 9.921452e+03 9.889165e+03
3.5 9.889171e+03 9.886590e+03 9.911159e+03 9.913741e+03
4.5 9.811480e+03 9.875191e+03 9.875165e+03 9.811454e+03
5.5 9.824191e+03 9.862313e+03 9.845684e+03 9.807562e+03
6.5 9.800755e+03 9.851958e+03 9.829033e+03 9.777829e+03
7.5 9.837271e+03 9.845609e+03 9.821649e+03 9.813310e+03
8.5 9.828096e+03 9.844785e+03 9.819327e+03 9.802638e+03
9.5 9.853250e+03 9.841187e+03 9.819426e+03 9.831489e+03
10.5 9.772887e+03 9.843181e+03 9.820607e+03 9.750313e+03
