8.290508e+03 8.202832e+03
8.213795e+03 8.207861e+03
8.175493e+03 8.207267e+03
8.176883e+03 8.193790e+03
8.165434e+03 8.181484e+03
8.162115e+03 8.172701e+03
8.184588e+03 8.168329e+03
8.182277e+03 8.166720e+03
8.140656e+03 8.165308e+03
8.160373e+03 8.165821e+03
8.199760e+03 8.164832e+03
8.167057e+03 8.165553e+03
8.164462e+03 8.164968e+03
8.163930e+03 8.165133e+03
8.126248e+03 8.165132e+03
8.135770e+03 8.164526e+03
8.165461e+03 8.165036e+03
8.195537e+03 8.164004e+03
8.167443e+03 8.164686e+03
8.137681e+03 8.163815e+03
8.143902e+03 8.168522e+03
8.209604e+03 8.187181e+03
8.261415e+03 8.202937e+03
8.264742e+03 8.208029e+03
8.212657e+03 8.207782e+03
8.176458e+03 8.206430e+03
8.157174e+03 8.205395e+03
8.157389e+03 8.204802e+03
8.160808e+03 8.204677e+03
8.168645e+03 8.208732e+03
8.158835e+03 8.207125e+03
8.148399e+03 8.192985e+03
8.149602e+03 8.180308e+03
8.139346e+03 8.171145e+03
8.135781e+03 8.166692e+03
8.170201e+03 8.165034e+03
8.185421e+03 8.163428e+03
8.174342e+03 8.163744e+03
8.174738e+03 8.162629e+03
8.178529e+03 8.163089e+03
8.161175e+03 8.162409e+03
8.147760e+03 8.163080e+03
8.140080e+03 8.163617e+03
8.145824e+03 8.163041e+03
8.130308e+03 8.163548e+03
8.137097e+03 8.162510e+03
8.153292e+03 8.163256e+03
8.137738e+03 8.162537e+03
8.125448e+03 8.167020e+03
8.131724e+03 8.185609e+03
8.177175e+03 8.201748e+03
8.203245e+03 8.207162e+03
8.322450e+03 8.207082e+03
8.264848e+03 8.205821e+03
8.219368e+03 8.204855e+03
8.192257e+03 8.204325e+03
8.188828e+03 8.204257e+03
8.197644e+03 8.208329e+03
8.218262e+03 8.206526e+03
8.221608e+03 8.192391e+03
8.192117e+03 8.180091e+03
8.157960e+03 8.171147e+03
8.155079e+03 8.166937e+03
8.158822e+03 8.165680e+03
8.169881e+03 8.163938e+03
8.164685e+03 8.164333e+03
8.188049e+03 8.163137e+03
8.199116e+03 8.163578e+03
8.204514e+03 8.163080e+03
8.207796e+03 8.163098e+03
8.175006e+03 8.163370e+03
8.182185e+03 8.162781e+03
8.202261e+03 8.163566e+03
8.208118e+03 8.162719e+03
8.222336e+03 8.163574e+03
8.206944e+03 8.163051e+03
8.182513e+03 8.166956e+03
8.180254e+03 8.185212e+03
8.246700e+03 8.201981e+03
8.302843e+03 8.207968e+03
8.247588e+03 8.208187e+03
8.194062e+03 8.207113e+03
8.215228e+03 8.206335e+03
8.190942e+03 8.206031e+03
8.176990e+03 8.206231e+03
8.156546e+03 8.210621e+03
8.136161e+03 8.209185e+03
8.119933e+03 8.195466e+03
8.120698e+03 8.183433e+03
8.130530e+03 8.174883e+03
8.156191e+03 8.171190e+03
8.156644e+03 8.170200e+03
8.167714e+03 8.169457e+03
8.140018e+03 8.170829e+03
8.142276e+03 8.170626e+03
8.178566e+03 8.172169e+03
8.204269e+03 8.172533e+03
8.220668e+03 8.173933e+03
8.206168e+03 8.175344e+03
8.206276e+03 8.175945e+03
8.193773e+03 8.177773e+03
8.180445e+03 8.178124e+03
8.196127e+03 8.180715e+03
8.209130e+03 8.181609e+03
