8.187084e+03 8.098515e+03
8.095230e+03 8.094467e+03
8.051185e+03 8.082429e+03
8.053875e+03 8.066877e+03
8.048055e+03 8.058000e+03
8.050466e+03 8.052477e+03
8.075606e+03 8.050241e+03
8.074691e+03 8.049841e+03
8.035532e+03 8.048750e+03
8.053752e+03 8.049737e+03
8.079429e+03 8.048589e+03
8.054962e+03 8.049627e+03
8.038203e+03 8.048901e+03
8.038379e+03 8.049159e+03
7.999910e+03 8.049206e+03
8.013285e+03 8.048468e+03
8.041101e+03 8.049189e+03
8.075175e+03 8.047898e+03
8.047690e+03 8.048842e+03
8.022831e+03 8.047758e+03
8.023439e+03 8.049354e+03
8.076440e+03 8.055495e+03
8.120785e+03 8.066166e+03
8.118762e+03 8.079360e+03
8.086838e+03 8.089646e+03
8.052445e+03 8.095706e+03
8.033753e+03 8.098716e+03
8.040003e+03 8.100025e+03
8.041864e+03 8.100354e+03
8.046127e+03 8.095565e+03
8.027612e+03 8.082498e+03
8.020138e+03 8.066256e+03
8.022492e+03 8.057008e+03
8.016717e+03 8.051090e+03
8.018895e+03 8.048813e+03
8.053016e+03 8.048383e+03
8.064054e+03 8.047048e+03
8.057551e+03 8.047770e+03
8.053655e+03 8.046433e+03
8.053419e+03 8.047098e+03
8.037677e+03 8.046213e+03
8.018964e+03 8.047095e+03
8.013085e+03 8.047803e+03
8.018633e+03 8.047060e+03
8.001622e+03 8.047728e+03
8.008015e+03 8.046381e+03
8.020925e+03 8.047362e+03
8.009834e+03 8.046429e+03
7.991383e+03 8.047987e+03
7.991148e+03 8.054175e+03
8.030082e+03 8.064832e+03
8.058809e+03 8.078153e+03
8.225056e+03 8.088647e+03
8.169360e+03 8.094897e+03
8.130783e+03 8.098050e+03
8.102889e+03 8.099465e+03
8.094481e+03 8.099874e+03
8.099349e+03 8.095104e+03
8.112872e+03 8.081773e+03
8.117517e+03 8.065532e+03
8.085895e+03 8.056765e+03
8.056293e+03 8.051117e+03
8.047570e+03 8.049146e+03
8.051264e+03 8.049226e+03
8.062832e+03 8.047704e+03
8.057505e+03 8.048518e+03
8.079762e+03 8.047066e+03
8.089790e+03 8.047692e+03
8.097188e+03 8.047024e+03
8.096313e+03 8.047031e+03
8.063456e+03 8.047372e+03
8.066769e+03 8.046591e+03
8.083444e+03 8.047601e+03
8.092158e+03 8.046479e+03
8.104991e+03 8.047573e+03
8.094925e+03 8.046862e+03
8.066614e+03 8.048198e+03
8.044830e+03 8.054319e+03
8.105068e+03 8.064804e+03
8.160592e+03 8.078258e+03
8.146491e+03 8.089092e+03
8.092776e+03 8.095689e+03
8.101569e+03 8.099140e+03
8.081202e+03 8.100826e+03
8.065081e+03 8.101503e+03
8.041588e+03 8.097024e+03
8.016424e+03 8.084018e+03
8.003868e+03 8.068146e+03
8.007667e+03 8.059526e+03
8.018122e+03 8.054170e+03
8.044006e+03 8.052627e+03
8.043370e+03 8.052788e+03
8.054516e+03 8.052275e+03
8.022954e+03 8.054044e+03
8.028693e+03 8.053548e+03
8.062197e+03 8.055259e+03
8.085991e+03 8.055350e+03
8.106144e+03 8.056768e+03
8.087861e+03 8.058171e+03
8.088255e+03 8.058489e+03
8.077102e+03 8.060380e+03
8.058633e+03 8.060321e+03
8.075865e+03 8.063163e+03
8.087202e+03 8.063791e+03
