1.020060e+04 1.001804e+04
1.003792e+04 1.005147e+04
1.012060e+04 1.011471e+04
1.009292e+04 1.016685e+04
1.015784e+04 1.018587e+04
1.014705e+04 1.019509e+04
1.027295e+04 1.019693e+04
1.013198e+04 1.019533e+04
1.013789e+04 1.019791e+04
1.019627e+04 1.019380e+04
1.027880e+04 1.019767e+04
1.022967e+04 1.019377e+04
1.019665e+04 1.019631e+04
1.016054e+04 1.019531e+04
1.014272e+04 1.019505e+04
1.014728e+04 1.019760e+04
1.018738e+04 1.019492e+04
1.021249e+04 1.019945e+04
1.011063e+04 1.019597e+04
1.008260e+04 1.019976e+04
1.018102e+04 1.020214e+04
1.021221e+04 1.021257e+04
1.026248e+04 1.019194e+04
1.016072e+04 1.013295e+04
1.014196e+04 1.007716e+04
1.014845e+04 1.004149e+04
1.008321e+04 1.002293e+04
1.006050e+04 1.001452e+04
1.015689e+04 1.001246e+04
1.014195e+04 1.004760e+04
1.011992e+04 1.011401e+04
1.010821e+04 1.016830e+04
1.019686e+04 1.018846e+04
1.021007e+04 1.019892e+04
1.015638e+04 1.020079e+04
1.021366e+04 1.019924e+04
1.033910e+04 1.020267e+04
1.030013e+04 1.019953e+04
1.023266e+04 1.020411e+04
1.016948e+04 1.020161e+04
1.021275e+04 1.020478e+04
1.026113e+04 1.020161e+04
1.021853e+04 1.019906e+04
1.010356e+04 1.020171e+04
1.011523e+04 1.019930e+04
1.020597e+04 1.020412e+04
1.009743e+04 1.020059e+04
1.028763e+04 1.020392e+04
1.012694e+04 1.020598e+04
1.028436e+04 1.021600e+04
1.022793e+04 1.019633e+04
1.008493e+04 1.013742e+04
1.007886e+04 1.008090e+04
1.005434e+04 1.004442e+04
9.968915e+03 1.002525e+04
9.974364e+03 1.001642e+04
9.906769e+03 1.001406e+04
1.000744e+04 1.004914e+04
1.013924e+04 1.011651e+04
1.018118e+04 1.017081e+04
1.014229e+04 1.018927e+04
1.016000e+04 1.019878e+04
1.013850e+04 1.019957e+04
1.019620e+04 1.019622e+04
1.021170e+04 1.020034e+04
1.019864e+04 1.019689e+04
1.016871e+04 1.020190e+04
1.017824e+04 1.019957e+04
1.021610e+04 1.020199e+04
1.020472e+04 1.020199e+04
1.021607e+04 1.020079e+04
1.020514e+04 1.020362e+04
1.019650e+04 1.020002e+04
1.029944e+04 1.020408e+04
1.025643e+04 1.020019e+04
1.026654e+04 1.020279e+04
1.029665e+04 1.020470e+04
1.026070e+04 1.021430e+04
1.030134e+04 1.019702e+04
1.003117e+04 1.013873e+04
9.949415e+03 1.008108e+04
1.002238e+04 1.004317e+04
9.997613e+03 1.002283e+04
9.945854e+03 1.001307e+04
9.932507e+03 1.000991e+04
9.937537e+03 1.004416e+04
1.007814e+04 1.011064e+04
1.014407e+04 1.016393e+04
1.011351e+04 1.018222e+04
1.024523e+04 1.019108e+04
1.020402e+04 1.019078e+04
1.022153e+04 1.018761e+04
1.018183e+04 1.018864e+04
1.010727e+04 1.018233e+04
1.015709e+04 1.018452e+04
1.024708e+04 1.017892e+04
1.023104e+04 1.017928e+04
1.013900e+04 1.017493e+04
1.020491e+04 1.017068e+04
1.023590e+04 1.017037e+04
1.018893e+04 1.016447e+04
1.014095e+04 1.016560e+04
1.009048e+04 1.015637e+04
1.022844e+04 1.015508e+04
