7.925599e+03 7.837273e+03
7.881725e+03 7.859446e+03
7.855441e+03 7.886672e+03
7.855300e+03 7.890199e+03
7.846339e+03 7.880727e+03
7.842646e+03 7.872029e+03
7.863198e+03 7.866477e+03
7.854954e+03 7.863425e+03
7.822461e+03 7.862510e+03
7.837442e+03 7.861435e+03
7.904147e+03 7.861711e+03
7.863627e+03 7.861029e+03
7.883840e+03 7.861304e+03
7.873911e+03 7.861101e+03
7.848124e+03 7.860986e+03
7.842248e+03 7.861236e+03
7.867324e+03 7.860786e+03
7.881812e+03 7.861294e+03
7.862077e+03 7.860741e+03
7.832908e+03 7.861159e+03
7.844462e+03 7.869072e+03
7.924368e+03 7.900885e+03
7.965830e+03 7.914668e+03
7.993328e+03 7.895885e+03
7.909206e+03 7.870745e+03
7.866504e+03 7.852929e+03
7.848771e+03 7.843177e+03
7.840878e+03 7.838580e+03
7.848346e+03 7.837482e+03
7.860168e+03 7.858997e+03
7.859625e+03 7.886154e+03
7.857313e+03 7.889676e+03
7.861948e+03 7.880164e+03
7.849942e+03 7.871465e+03
7.845426e+03 7.865805e+03
7.875217e+03 7.862703e+03
7.900956e+03 7.861887e+03
7.887248e+03 7.860956e+03
7.885766e+03 7.861365e+03
7.887913e+03 7.860924e+03
7.876176e+03 7.861341e+03
7.868626e+03 7.860909e+03
7.868702e+03 7.860558e+03
7.873537e+03 7.860897e+03
7.862701e+03 7.860566e+03
7.868706e+03 7.861194e+03
7.883323e+03 7.860711e+03
7.872345e+03 7.861145e+03
7.871757e+03 7.868591e+03
7.883455e+03 7.900118e+03
7.928371e+03 7.914888e+03
7.906595e+03 7.896605e+03
7.935495e+03 7.871384e+03
7.840486e+03 7.853343e+03
7.800095e+03 7.843421e+03
7.777332e+03 7.838727e+03
7.800965e+03 7.837580e+03
7.815646e+03 7.859094e+03
7.854318e+03 7.886392e+03
7.862437e+03 7.889923e+03
7.850089e+03 7.880204e+03
7.813334e+03 7.871403e+03
7.825053e+03 7.865624e+03
7.827563e+03 7.862301e+03
7.843781e+03 7.861594e+03
7.840254e+03 7.860636e+03
7.859951e+03 7.861122e+03
7.873327e+03 7.860728e+03
7.875956e+03 7.861080e+03
7.887837e+03 7.861106e+03
7.866815e+03 7.860970e+03
7.878023e+03 7.861366e+03
7.891410e+03 7.860913e+03
7.896211e+03 7.861480e+03
7.913395e+03 7.860999e+03
7.891073e+03 7.861391e+03
7.909677e+03 7.867930e+03
7.919837e+03 7.898786e+03
7.973639e+03 7.915534e+03
7.977703e+03 7.898362e+03
7.863707e+03 7.873074e+03
7.806555e+03 7.854673e+03
7.848667e+03 7.844504e+03
7.825285e+03 7.839726e+03
7.826053e+03 7.838612e+03
7.815968e+03 7.860223e+03
7.818189e+03 7.887658e+03
7.809904e+03 7.891348e+03
7.818348e+03 7.881941e+03
7.825777e+03 7.873426e+03
7.839598e+03 7.867912e+03
7.851343e+03 7.865064e+03
7.859880e+03 7.864437e+03
7.839247e+03 7.863632e+03
7.831164e+03 7.864312e+03
7.859423e+03 7.864072e+03
7.887883e+03 7.864760e+03
7.903189e+03 7.864865e+03
7.897556e+03 7.865033e+03
7.898891e+03 7.865772e+03
7.880792e+03 7.865814e+03
7.871984e+03 7.866829e+03
7.876121e+03 7.866503e+03
7.897532e+03 7.867230e+03
