9.800014e+03 9.737456e+03
9.861604e+03 9.789815e+03
9.854426e+03 9.861501e+03
9.867731e+03 9.885425e+03
9.889120e+03 9.874152e+03
9.784608e+03 9.861051e+03
9.819093e+03 9.851338e+03
9.801171e+03 9.845134e+03
9.714331e+03 9.844290e+03
9.810126e+03 9.840923e+03
9.836881e+03 9.842723e+03
9.817558e+03 9.840157e+03
9.890116e+03 9.841513e+03
9.868330e+03 9.840803e+03
9.851905e+03 9.840505e+03
9.795962e+03 9.841818e+03
9.861903e+03 9.840089e+03
9.893743e+03 9.842541e+03
9.866172e+03 9.840354e+03
9.755910e+03 9.842395e+03
9.823612e+03 9.857901e+03
9.960073e+03 9.920524e+03
9.989909e+03 9.939277e+03
1.007850e+04 9.884706e+03
9.900773e+03 9.819383e+03
9.804651e+03 9.774373e+03
9.841906e+03 9.750060e+03
9.783855e+03 9.738713e+03
9.860633e+03 9.735984e+03
9.822752e+03 9.787692e+03
9.868315e+03 9.860304e+03
9.885237e+03 9.884938e+03
9.878919e+03 9.873968e+03
9.872554e+03 9.861278e+03
9.884638e+03 9.851374e+03
9.863079e+03 9.845091e+03
9.832036e+03 9.844718e+03
9.863191e+03 9.841941e+03
9.849896e+03 9.844228e+03
9.900260e+03 9.842576e+03
9.867117e+03 9.844407e+03
9.866645e+03 9.842547e+03
9.884801e+03 9.841043e+03
9.909240e+03 9.842556e+03
9.891306e+03 9.841139e+03
9.918957e+03 9.843910e+03
9.882240e+03 9.841837e+03
9.898249e+03 9.843755e+03
9.953336e+03 9.858286e+03
9.991980e+03 9.920240e+03
9.943690e+03 9.941150e+03
9.812441e+03 9.887533e+03
9.859312e+03 9.821813e+03
9.726434e+03 9.776120e+03
9.703510e+03 9.751285e+03
9.644427e+03 9.739616e+03
9.623039e+03 9.736700e+03
9.721295e+03 9.788385e+03
9.747868e+03 9.861578e+03
9.803284e+03 9.886233e+03
9.800933e+03 9.874310e+03
9.775275e+03 9.861115e+03
9.739293e+03 9.850634e+03
9.846602e+03 9.843337e+03
9.811067e+03 9.843396e+03
9.772997e+03 9.840466e+03
9.800143e+03 9.843038e+03
9.883185e+03 9.841529e+03
9.897979e+03 9.842991e+03
9.788651e+03 9.843041e+03
9.831285e+03 9.842387e+03
9.788020e+03 9.844065e+03
9.930720e+03 9.842024e+03
9.900920e+03 9.844429e+03
9.897435e+03 9.842241e+03
9.859580e+03 9.843836e+03
9.873892e+03 9.856631e+03
9.887016e+03 9.917198e+03
9.937434e+03 9.942579e+03
9.941027e+03 9.891236e+03
9.756788e+03 9.825015e+03
9.637665e+03 9.778177e+03
9.766312e+03 9.752495e+03
9.668451e+03 9.740362e+03
9.740931e+03 9.737236e+03
9.775421e+03 9.788828e+03
9.829691e+03 9.861978e+03
9.889171e+03 9.886590e+03
9.811480e+03 9.875191e+03
9.824191e+03 9.862313e+03
9.800755e+03 9.851958e+03
9.837271e+03 9.845609e+03
9.828096e+03 9.844785e+03
9.853250e+03 9.841187e+03
9.772887e+03 9.843181e+03
9.873870e+03 9.840870e+03
9.818592e+03 9.842268e+03
9.918753e+03 9.841012e+03
9.870230e+03 9.839910e+03
9.862679e+03 9.841182e+03
9.817036e+03 9.839295e+03
9.781633e+03 9.841558e+03
9.878335e+03 9.837878e+03
9.889697e+03 9.838800e+03
