Cluster Index	Voxels	Z-MAX	Z-MAX X (mm)	Z-MAX Y (mm)	Z-MAX Z (mm)	Z-COG X (mm)	Z-COG Y (mm)	Z-COG Z (mm)	COPE-MAX	COPE-MAX X (mm)	COPE-MAX Y (mm)	COPE-MAX Z (mm)	COPE-MEAN
147	795	7.47	47	16.6	23.7	28	23.2	25.2	632	17.2	69	9.75	168
146	243	7.49	56.6	-31.1	43	55.1	-43.3	38.3	428	53.2	-48.1	63	135
145	161	4.56	-30.9	25.3	1.77	-21.5	29.8	6.96	479	-1.05	-1.04	-11.5	199
144	152	7.26	-54.5	1.53	40.5	-50.1	4.38	38	218	-64.8	11.5	16.4	117
143	66	6.76	38.4	-87.3	2.43	34	-84	3.61	323	31.5	-91.2	-2.34	171
142	65	5.04	-44.9	-34.8	46.5	-42.6	-42.5	47.6	242	-28.2	-57.3	55.6	131
141	42	4.95	-54.2	38.3	17.1	-51.1	38.1	21.9	357	-47.4	41.4	16.4	184
140	27	4.03	-12.9	-99.9	-22.2	-10.3	-97.4	-36.7	200	3.91	-98.8	-34.2	136
139	24	4.41	18.9	-55.5	31.4	15.2	-66.1	36.8	263	15.4	-70.9	39.8	162
138	17	4.77	-48.7	-45.4	20.2	-51.1	-46.4	16.4	200	-52.3	-52.7	16	125
137	16	4.71	-22.5	-91.3	10.5	-27.9	-88.9	5.5	224	-22.5	-91.3	10.5	142
136	15	4.74	-26.6	-81.7	-58.9	-20.6	-82.4	-58.9	591	-26.6	-81.7	-58.9	298
135	15	4.67	14	-86.1	-59.3	22.7	-83	-60.1	415	24.1	-83.1	-60.1	226
134	14	4.48	-49.3	-66	-4.43	-49.8	-67.9	-4.9	204	-46.1	-75.9	-2.8	151
133	13	3.91	-39.5	-74.6	-14.5	-38	-68.4	-21.6	533	-36.1	-68.9	-21.3	295
132	13	4.37	-52.6	-48	-18.8	-45.6	-47.7	-19	223	-52.6	-48	-18.8	166
131	12	4.03	2.96	5.61	32.5	6.13	0.574	34.1	142	-0.418	5.7	32.6	93.8
130	11	3.71	-32.4	-63.2	-5.4	-31.3	-73.6	-3.62	217	-32.4	-66.5	-4.83	163
129	10	4.39	-10.8	6.74	15.7	-11.8	5.44	14.9	509	-7.5	2.52	10.7	247
128	9	4.32	56.2	-24.7	-3.31	56.6	-25.7	-0.166	155	59.6	-24.8	-3.38	121
127	8	4.54	-42.6	-77.6	8.7	-39.7	-80.1	9.05	185	-39.3	-81	9.19	134
126	8	4.45	-62.5	-31.3	-21.4	-61.6	-29.3	-21.2	201	-59.1	-28.1	-22.1	127
125	8	4.64	-58.4	-45.8	60.1	-59.8	-46.4	59.1	250	-58.6	-53.2	55.8	183
124	7	4.87	-65.1	-17.1	27.1	-64.9	-15.6	27.4	178	-65.1	-17.1	27.1	134
123	6	4.26	37.5	68.5	9.28	38	67.9	9.37	329	37.5	65.2	9.85	175
122	6	3.64	-20.5	59.3	-15.8	-18.8	61.7	-14.4	431	-17.1	55.9	-15.3	259
121	6	3.93	13.2	-15.8	69.9	12.1	-17.2	67.4	126	9.72	-19.8	65	97.5
120	6	4.49	22.2	-81.7	58.4	16.2	-84.2	55.4	265	18.7	-85.7	53.6	190
119	5	4.44	-68.3	-25.9	57	-66.4	-25.4	56.8	192	-64.9	-26	56.9	140
118	5	4.24	-30.7	47.3	-7.73	-32	46.9	-7.61	168	-34.1	47.4	-7.65	135
117	5	3.91	-0.945	16.9	-25.9	-0.336	17.5	-26	244	-0.945	16.9	-25.9	163
116	5	4.04	-3.51	-7.94	74.6	-6.07	-6.65	74.5	242	-3.51	-7.94	74.6	167
115	5	4.22	-55.2	-39.4	36.3	-53.3	-39.4	33	167	-58.6	-39.4	36.4	126
114	4	3.32	-24.6	-4.39	6.75	-22	-1.99	6.26	121	-21.1	-1.21	6.1	104
113	4	3.75	66.9	-11	22.3	68.5	-9.42	21.9	99.7	70.3	-7.82	21.6	84.6
112	4	4.04	56.3	7.06	-37.1	57.9	5.44	-36.9	154	56.3	7.06	-37.1	131
111	4	3.74	43.6	-25.7	76.4	42	-24	76.1	279	40.2	-25.6	76.4	192
110	4	3.59	-10.4	19.1	30.5	-10.5	17.5	30.8	150	-10.4	19.1	30.5	112
109	4	3.49	-44.5	38.7	-22.8	-42.9	37	-22.5	316	-41.2	38.6	-22.9	267
108	4	3.9	-14.2	31.2	-22.4	-15	33.6	-22.8	204	-14.1	37.8	-23.5	161
107	4	4.67	-26.6	57.3	35.7	-25.8	58.7	35.4	290	-26.7	54	36.2	212
106	4	3.38	9.87	20.9	24	9.9	22	25.2	206	9.91	24.2	23.4	163
105	4	3.6	-40.9	-20	77.8	-38.5	-24	78.4	260	-34.2	-26.7	78.8	239
104	3	4.45	13	-18.3	53.3	11.9	-19.3	53.5	115	9.61	-18.2	53.4	96.1
103	3	3.83	-50.9	45.5	-1.18	-51.9	45.9	0.473	232	-50.9	45.5	-1.18	168
102	3	4.08	11.4	-97.1	21.9	11.5	-97.1	21.9	133	8	-97	21.9	112
101	3	3.39	-22.5	-103	23.8	-23.6	-101	23.5	210	-25.9	-99.3	23.3	166
100	3	3.59	-62	-31.1	23.8	-60.9	-32.2	23.9	152	-58.6	-31.2	23.7	137
99	3	3.48	-11.2	-12.2	2.07	-12.3	-11.1	1.92	69.4	-11.2	-12.2	2.07	65.8
98	3	3.42	-69	-33.5	7.42	-66.8	-32.4	7.17	185	-69	-33.5	7.42	142
97	3	3.33	-10	59.1	6.6	-11.1	60.2	6.43	313	-10	62.4	6.02	235
96	3	3.55	35.3	-56.2	-14.2	35.3	-56.1	-14.2	132	35.3	-56.2	-14.2	121
95	3	3.69	20.2	64.7	-17.8	19.2	63.6	-17.6	251	16.8	64.8	-17.8	201
94	3	4.35	-32.5	-58.4	-17.6	-32.5	-58.2	-17.6	200	-32.5	-58.4	-17.6	169
93	3	3.87	57.1	-4.06	44	58.2	-4.34	42.3	123	60.5	-4.16	43.9	102
92	3	3.37	-62.5	-41.9	-2.61	-59.2	-42	-2.69	131	-62.5	-41.9	-2.61	118
91	3	3.15	20.6	32.3	55.6	20.5	32	53.8	228	17.1	29.1	56.3	193
90	3	3.45	34.3	50.7	46.4	34.4	50.6	46.4	102	34.3	50.7	46.4	87.9
89	3	3.53	46.3	22.9	-45.2	44.1	26.1	-45.7	184	42.9	26.2	-45.7	168
88	3	4.51	-18	-68.2	74.2	-14.8	-68.3	74.1	118	-18	-68.2	74.2	105
87	3	3.73	-72.4	-19.5	-11.9	-71.3	-18.4	-12.1	113	-69	-19.6	-12	82.2
86	3	3.39	-27.5	5.63	27.7	-25.3	5.83	29.4	65	-24.2	5.53	27.6	61.7
85	3	3.69	-36.8	68.1	17.1	-34.7	67	17.2	132	-33.5	64.8	17.6	92.3
84	3	3.51	76.6	-7.36	-18.2	75.5	-6.01	-16.6	106	73.3	-6.42	-12.6	74.1
83	3	3.45	5.89	-58.2	77.4	4.78	-60.3	77.8	437	5.89	-58.2	77.4	296
82	2	4.41	27.6	-99.5	-34.7	25.9	-99.4	-34.7	165	24.2	-99.4	-34.6	147
81	2	3.72	-33.1	-96.1	-22.3	-31.6	-96.1	-22.3	105	-33.1	-96.1	-22.3	93.5
80	2	3.55	6.21	40.5	-24.5	6.18	38.9	-24.3	299	6.21	40.5	-24.5	226
79	2	3.22	12.5	-12	7.02	10.9	-10.3	6.78	87.4	12.5	-12	7.02	86.5
78	2	3.7	-61.9	-13.2	9.34	-63.5	-13.1	9.38	123	-65.3	-13.1	9.42	114
77	2	3.51	-62.3	-42.6	14.5	-62.3	-41	14.2	127	-62.3	-42.6	14.5	123
76	2	3.58	69.4	-30.9	-19.6	67.8	-30.9	-19.5	101	66	-30.8	-19.5	95.2
75	2	3.22	-39.7	-74.7	-37.1	-38.1	-74.7	-37.2	176	-39.7	-74.7	-37.1	172
74	2	3.58	-45.9	-43.3	-31.1	-47.6	-44.8	-30.8	181	-45.9	-43.3	-31.1	164
73	2	3.94	59	-67.4	4.04	60.6	-67.5	4	82.9	59	-67.4	4.04	70.6
72	2	4.73	14.1	-73	-61.6	12.6	-73	-61.5	196	14.1	-73	-61.6	166
71	2	3.95	79.8	-28.7	-3.29	79.8	-27.1	-3.57	51.6	79.8	-28.7	-3.29	49.6
70	2	4.08	-39.9	-90.2	-28.8	-38.3	-88.7	-29.1	157	-36.4	-87	-29.4	127
69	2	4.19	11.3	-104	23	9.72	-104	23	89.6	11.3	-104	23	78.9
68	2	4.32	-35.1	-72.7	64.2	-33.6	-72.7	64.1	127	-31.7	-72.8	64.1	103
67	2	4.52	-25	-76.2	64.5	-25	-74.8	64.2	164	-25	-73	63.9	137
66	2	3.36	-17.3	1.32	45.1	-17.3	-0.315	45.4	48.1	-17.3	-1.95	45.7	48
65	2	3.33	-17.1	-19	88.2	-15.4	-17.4	87.9	154	-17.1	-19	88.2	141
64	2	4.09	37.8	62.8	38.5	36.2	62.9	38.5	93.6	37.8	62.8	38.5	87.2
63	2	3.47	19.6	-16.9	41.6	19.6	-18.5	41.9	69.8	19.6	-16.9	41.6	67.9
62	2	3.21	-17.1	-2.7	62.8	-17.1	-4.31	63.1	72.9	-17.1	-5.97	63.3	66.7
61	2	3.47	-20.4	3.95	61.7	-18.7	3.9	61.7	94	-17	3.85	61.6	88.7
60	2	3.82	-11.7	-84.8	54.3	-11.7	-83.3	54	125	-11.7	-81.6	53.7	113
59	2	3.46	20.4	41.1	25.8	22	41.1	25.8	134	23.7	41.1	25.7	130
58	2	3.31	-31	-20.4	54.9	-29.4	-20.4	54.9	74.4	-31	-20.4	54.9	68.3
57	2	4.1	47.5	25	56.1	47.5	23.5	56.4	96.4	47.5	21.7	56.7	87.6
56	2	3.72	-16.6	19.5	75.9	-16.6	17.8	76.2	95.2	-16.6	16.2	76.4	86.9
55	2	3.31	15.5	-44	18.2	15.6	-43.6	20.8	71.6	15.5	-44	18.2	68.9
54	2	3.15	6.42	25.9	11.9	4.74	26	11.9	190	3.04	26	12	161
53	2	4.26	-32.4	-90.9	33.3	-32.4	-92.4	33.6	190	-32.4	-90.9	33.3	137
52	2	3.48	67.3	10.3	29.8	68.9	10.3	29.8	84.7	67.3	10.3	29.8	72.4
51	1	3.25	33.6	-21.2	81.5	33.6	-21.2	81.5	123	33.6	-21.2	81.5	123
50	1	3.25	67.5	12.9	46.4	67.5	12.9	46.4	45.2	67.5	12.9	46.4	45.2
49	1	3.1	34.7	-53.9	-65.5	34.7	-53.9	-65.5	204	34.7	-53.9	-65.5	204
48	1	3.43	3.94	-81.7	-54.1	3.94	-81.7	-54.1	113	3.94	-81.7	-54.1	113
47	1	3.11	56	-21.6	-26.5	56	-21.6	-26.5	119	56	-21.6	-26.5	119
46	1	3.44	-10.6	-20.1	60	-10.6	-20.1	60	67.9	-10.6	-20.1	60	67.9
45	1	3.51	-62.8	-47.7	-18.6	-62.8	-47.7	-18.6	123	-62.8	-47.7	-18.6	123
44	1	3.09	9.46	-39.5	68.4	9.46	-39.5	68.4	87.8	9.46	-39.5	68.4	87.8
43	1	3.35	43.9	-6.01	72.9	43.9	-6.01	72.9	61.9	43.9	-6.01	72.9	61.9
42	1	3.38	10.7	46.5	59.1	10.7	46.5	59.1	141	10.7	46.5	59.1	141
41	1	3.13	-24.6	25.7	-38.1	-24.6	25.7	-38.1	78.9	-24.6	25.7	-38.1	78.9
40	1	3.14	59	-42.2	-28.6	59	-42.2	-28.6	164	59	-42.2	-28.6	164
39	1	3.31	-51.1	-23.8	73.1	-51.1	-23.8	73.1	162	-51.1	-23.8	73.1	162
38	1	3.4	55.4	-41.3	-45.6	55.4	-41.3	-45.6	226	55.4	-41.3	-45.6	226
37	1	3.84	-55.6	4.41	-50.4	-55.6	4.41	-50.4	83.3	-55.6	4.41	-50.4	83.3
36	1	3.84	-37.2	14.2	60.4	-37.2	14.2	60.4	107	-37.2	14.2	60.4	107
35	1	3.21	-40.3	30.7	57.6	-40.3	30.7	57.6	63.3	-40.3	30.7	57.6	63.3
34	1	3.18	-13	52.9	53	-13	52.9	53	77	-13	52.9	53	77
33	1	3.38	21	-97.6	-23.5	21	-97.6	-23.5	188	21	-97.6	-23.5	188
32	1	3.1	52.7	5.46	-48	52.7	5.46	-48	96	52.7	5.46	-48	96
31	1	3.34	-27.9	-54	77.7	-27.9	-54	77.7	201	-27.9	-54	77.7	201
30	1	3.29	24.9	-66.5	-17.8	24.9	-66.5	-17.8	180	24.9	-66.5	-17.8	180
29	1	3.82	-32.2	-72.1	24.4	-32.2	-72.1	24.4	86.6	-32.2	-72.1	24.4	86.6
28	1	3.4	6.08	11.1	3.18	6.08	11.1	3.18	242	6.08	11.1	3.18	242
27	1	4.03	-0.602	12.2	8.85	-0.602	12.2	8.85	417	-0.602	12.2	8.85	417
26	1	3.1	-41.2	13.3	9.8	-41.2	13.3	9.8	63	-41.2	13.3	9.8	63
25	1	3.36	76.5	-33.5	8.94	76.5	-33.5	8.94	57.7	76.5	-33.5	8.94	57.7
24	1	3.46	-26.9	68.6	-0.225	-26.9	68.6	-0.225	67.1	-26.9	68.6	-0.225	67.1
23	1	3.46	38.7	-89.7	31.1	38.7	-89.7	31.1	85.2	38.7	-89.7	31.1	85.2
22	1	3.25	66.3	-47.9	23	66.3	-47.9	23	91.8	66.3	-47.9	23	91.8
21	1	3.41	76.7	-28.5	19.4	76.7	-28.5	19.4	53.6	76.7	-28.5	19.4	53.6
20	1	3.61	-75.8	-33.3	7.57	-75.8	-33.3	7.57	74	-75.8	-33.3	7.57	74
19	1	3.09	23.6	45.1	8.09	23.6	45.1	8.09	96.8	23.6	45.1	8.09	96.8
18	1	3.1	-50.7	53.7	8.69	-50.7	53.7	8.69	64.5	-50.7	53.7	8.69	64.5
17	1	3.53	20.7	75.5	8.53	20.7	75.5	8.53	159	20.7	75.5	8.53	159
16	1	3.34	-68.2	-13.6	49.2	-68.2	-13.6	49.2	66.3	-68.2	-13.6	49.2	66.3
15	1	3.2	-45.2	-52.8	38.4	-45.2	-52.8	38.4	90.5	-45.2	-52.8	38.4	90.5
14	1	3.17	-21.7	-69	46.2	-21.7	-69	46.2	240	-21.7	-69	46.2	240
13	1	3.09	-66.2	-64.7	1.47	-66.2	-64.7	1.47	54.1	-66.2	-64.7	1.47	54.1
12	1	3.26	14.5	-99.7	5.27	14.5	-99.7	5.27	148	14.5	-99.7	5.27	148
11	1	3.54	32.3	-79.5	52.1	32.3	-79.5	52.1	126	32.3	-79.5	52.1	126
10	1	3.1	-58.6	-47.5	49.1	-58.6	-47.5	49.1	126	-58.6	-47.5	49.1	126
9	1	3.5	-71.7	-20.9	44.9	-71.7	-20.9	44.9	76.2	-71.7	-20.9	44.9	76.2
8	1	3.1	13.2	9.44	37.2	13.2	9.44	37.2	80.7	13.2	9.44	37.2	80.7
7	1	3.42	-21.6	-67.3	57.2	-21.6	-67.3	57.2	161	-21.6	-67.3	57.2	161
6	1	3.31	-72.6	-32.6	-9.59	-72.6	-32.6	-9.59	92	-72.6	-32.6	-9.59	92
5	1	3.78	39.6	-46.1	51.8	39.6	-46.1	51.8	135	39.6	-46.1	51.8	135
4	1	3.55	-59.6	-75.6	-2.48	-59.6	-75.6	-2.48	74.1	-59.6	-75.6	-2.48	74.1
3	1	3.46	-3.97	43.2	-30.4	-3.97	43.2	-30.4	148	-3.97	43.2	-30.4	148
2	1	3.16	-11	-40.6	57.9	-11	-40.6	57.9	167	-11	-40.6	57.9	167
1	1	4.22	18.5	-90.7	43.2	18.5	-90.7	43.2	137	18.5	-90.7	43.2	137
