Cluster Index	Z	P	-log10(P)	x	y	z	
149	7.47	3.99e-14	13.4	19	40	18
149	6.3	1.54e-10	9.81	23	35	22
149	6.1	5.36e-10	9.27	23	44	13
149	6.03	8.05e-10	9.09	36	37	23
149	5.43	2.78e-08	7.56	16	42	16
149	5.32	5.29e-08	7.28	31	39	22
148	7.49	3.47e-14	13.5	16	25	20
148	6.19	2.98e-10	9.53	15	20	22
148	6	1.01e-09	9	13	23	22
148	5.86	2.34e-09	8.63	13	23	18
148	5.58	1.2e-08	7.92	20	16	20
148	5.35	4.45e-08	7.35	17	19	24
147	4.56	2.53e-06	5.6	42	43	14
147	4.55	2.71e-06	5.57	41	49	17
147	4.53	2.97e-06	5.53	32	36	11
147	4.41	5.27e-06	5.28	37	46	17
147	4.35	6.7e-06	5.17	36	37	12
147	4.31	8.03e-06	5.1	40	39	10
146	7.26	1.97e-13	12.7	49	34	20
146	6.52	3.51e-11	10.5	44	33	22
146	5.93	1.49e-09	8.83	52	37	17
146	5.78	3.75e-09	8.43	44	35	22
146	5.63	8.86e-09	8.05	47	36	18
146	4.88	5.39e-07	6.27	49	34	22
145	6.76	6.75e-12	11.2	21	10	11
145	6.69	1.08e-11	11	23	10	10
145	5.86	2.33e-09	8.63	25	9	14
145	5.7	5.99e-09	8.22	23	10	13
145	5.18	1.13e-07	6.95	21	14	9
145	4.51	3.26e-06	5.49	19	15	9
144	5.04	2.37e-07	6.62	46	23	20
144	5	2.82e-07	6.55	39	16	20
144	4.78	8.96e-07	6.05	52	18	20
144	4.71	1.27e-06	5.9	53	24	20
144	4.48	3.68e-06	5.43	52	22	20
143	4.95	3.67e-07	6.44	49	46	17
143	3.83	6.53e-05	4.18	51	44	16
143	3.44	0.000292	3.53	51	41	19
142	4.03	2.83e-05	4.55	36	7	6
142	3.99	3.3e-05	4.48	39	9	2
142	3.95	3.95e-05	4.4	35	8	3
142	3.91	4.65e-05	4.33	39	8	4
142	3.86	5.63e-05	4.25	31	8	4
142	3.64	0.000134	3.87	38	8	6
141	4.41	5.14e-06	5.29	27	18	17
141	4.24	1.11e-05	4.95	31	12	18
141	4.09	2.15e-05	4.67	27	15	17
141	3.85	5.87e-05	4.23	28	13	18
140	4.77	9.28e-07	6.03	47	21	15
139	4.71	1.21e-06	5.92	39	8	12
139	4.16	1.63e-05	4.79	43	10	10
138	4.67	1.48e-06	5.83	28	13	0
138	4.52	3.07e-06	5.51	26	15	0
138	3.95	3.95e-05	4.4	22	15	0
137	4.72	1.17e-06	5.93	40	14	0
137	4.65	1.69e-06	5.77	36	15	0
137	3.67	0.000119	3.92	43	14	0
136	3.91	4.64e-05	4.33	44	14	8
136	3.68	0.000116	3.93	44	16	7
136	3.56	0.000189	3.72	42	18	6
135	4.48	3.66e-06	5.44	47	16	10
134	4.37	6.22e-06	5.21	48	22	8
134	3.88	5.19e-05	4.28	44	22	8
133	4.03	2.81e-05	4.55	32	36	19
133	3.81	6.98e-05	4.16	30	32	19
132	3.71	0.000104	3.98	42	17	10
132	3.54	0.0002	3.7	40	11	10
132	3.52	0.000215	3.67	43	13	10
131	4.39	5.57e-06	5.25	36	37	16
131	3.9	4.86e-05	4.31	38	36	16
130	4.32	7.7e-06	5.11	16	29	12
129	4.53	2.89e-06	5.54	45	12	12
129	4.08	2.23e-05	4.65	43	10	12
128	4.64	1.74e-06	5.76	50	19	22
128	3.5	0.000231	3.64	50	16	21
127	4.45	4.3e-06	5.37	51	27	8
126	4.87	5.55e-07	6.26	52	29	17
125	3.64	0.000136	3.87	39	54	12
125	3.28	0.000519	3.29	39	56	13
124	4.49	3.57e-06	5.45	26	9	21
124	3.89	5e-05	4.3	30	8	20
123	3.93	4.27e-05	4.37	29	28	25
122	4.26	1e-05	5	22	56	17
121	4.22	1.22e-05	4.91	49	22	18
120	4.44	4.59e-06	5.34	53	25	22
119	3.91	4.57e-05	4.34	33	42	9
118	4.04	2.72e-05	4.57	34	30	26
117	4.24	1.11e-05	4.95	42	50	13
116	3.59	0.000168	3.78	36	40	19
115	3.52	0.000213	3.67	46	48	10
114	3.91	4.61e-05	4.34	37	46	10
113	3.74	9.26e-05	4.03	20	25	26
112	3.15	0.000827	3.08	27	43	24
111	3.6	0.000159	3.8	45	26	26
111	3.35	0.000411	3.39	44	24	26
110	3.38	0.000364	3.44	30	41	18
109	3.32	0.000455	3.34	40	34	14
109	3.3	0.000484	3.32	39	36	14
108	4.67	1.48e-06	5.83	41	51	21
108	3.36	0.000396	3.4	40	53	21
107	3.74	9.04e-05	4.04	13	32	17
106	4.04	2.66e-05	4.58	16	40	7
105	3.68	0.000117	3.93	27	56	12
104	3.83	6.51e-05	4.19	48	49	14
103	3.42	0.000314	3.5	53	25	13
102	3.48	0.000249	3.6	36	32	13
101	3.39	0.000345	3.46	41	36	18
100	3.39	0.000348	3.46	39	4	14
99	4.08	2.27e-05	4.64	29	6	14
98	3.33	0.000439	3.36	36	53	16
97	3.68	0.000114	3.94	44	55	18
96	3.45	0.000285	3.54	31	15	25
95	4.51	3.2e-06	5.49	38	12	24
95	3.75	8.71e-05	4.06	36	12	24
94	3.45	0.000281	3.55	23	49	23
93	4.45	4.23e-06	5.37	29	28	22
92	4.35	6.84e-06	5.16	42	19	8
91	3.55	0.000195	3.71	22	20	9
90	3.87	5.51e-05	4.26	16	33	21
89	3.73	9.54e-05	4.02	54	30	10
88	3.59	0.000167	3.78	51	25	16
87	3.37	0.000373	3.43	51	23	11
86	4.26	1e-05	5	42	7	16
85	3.15	0.000812	3.09	31	43	16
84	3.33	0.000429	3.37	38	26	28
83	4.1	2.08e-05	4.68	19	41	24
82	3.47	0.000258	3.59	39	34	24
81	3.21	0.000658	3.18	38	32	24
80	3.46	0.000271	3.57	27	47	19
79	4.09	2.16e-05	4.67	22	53	22
78	3.31	0.000467	3.33	42	27	22
77	3.47	0.000261	3.58	27	29	20
76	4.32	7.75e-06	5.11	43	11	22
75	4.51	3.18e-06	5.5	40	10	22
74	3.36	0.000384	3.42	38	34	21
73	3.82	6.6e-05	4.18	36	8	20
72	3.72	0.000101	3.99	38	38	27
71	3.61	0.000152	3.82	10	35	10
70	3.3	0.000475	3.32	19	45	6
69	3.58	0.00017	3.77	46	24	6
68	3.55	0.00019	3.72	31	49	10
67	3.72	0.0001	4	42	8	6
66	3.94	4.06e-05	4.39	15	16	12
65	3.96	3.82e-05	4.42	9	28	12
64	4.08	2.29e-05	4.64	44	10	5
63	4.19	1.37e-05	4.86	29	4	14
62	3.51	0.000227	3.64	51	22	14
61	3.7	0.000108	3.97	51	31	14
60	3.22	0.000638	3.2	29	32	14
59	4.73	1.12e-06	5.95	28	17	0
58	3.58	0.000175	3.76	12	28	9
57	3.22	0.000633	3.2	44	15	4
56	3.31	0.000467	3.33	28	22	15
55	4.41	5.16e-06	5.29	24	8	4
54	3.51	0.000223	3.65	51	22	8
53	3.17	0.000775	3.11	36	21	22
52	3.29	0.0005	3.3	25	17	8
51	3.13	0.000884	3.05	40	45	7
50	3.14	0.00085	3.07	15	25	7
49	3.25	0.000575	3.24	23	26	27
48	3.38	0.000363	3.44	13	38	22
47	3.35	0.0004	3.4	20	31	26
46	3.44	0.000287	3.54	36	27	23
45	3.1	0.000972	3.01	22	23	0
44	3.43	0.000301	3.52	31	14	1
43	3.48	0.000247	3.61	26	8	6
42	3.09	0.000998	3	30	21	24
41	3.38	0.000366	3.44	30	47	25
40	3.1	0.00096	3.02	17	40	5
39	3.31	0.000473	3.33	48	25	25
38	3.34	0.000413	3.38	41	16	25
37	3.84	6.07e-05	4.22	49	39	4
36	3.84	6.08e-05	4.22	44	37	24
35	3.4	0.000335	3.48	16	26	4
34	3.2	0.00068	3.17	45	42	24
33	3.18	0.00073	3.14	37	49	24
32	3.11	0.000921	3.04	16	31	8
31	3.46	0.000269	3.57	41	56	15
30	3.46	0.000273	3.56	21	8	16
29	3.25	0.000572	3.24	13	21	16
28	3.09	0.000993	3	45	39	15
27	3.41	0.000323	3.49	10	27	16
26	4.03	2.74e-05	4.56	33	39	15
25	3.09	0.000984	3.01	26	49	16
24	3.1	0.000973	3.01	48	51	16
23	3.82	6.74e-05	4.17	42	13	15
22	3.16	0.000783	3.11	15	48	14
21	3.4	0.000338	3.47	31	39	14
20	3.36	0.000388	3.41	10	26	14
19	3.53	0.00021	3.68	27	58	17
18	4.22	1.23e-05	4.91	27	7	18
17	3.42	0.000314	3.5	39	13	21
16	3.62	0.00015	3.82	55	25	13
15	3.17	0.000771	3.11	39	13	19
14	3.81	6.87e-05	4.16	13	38	19
13	3.09	0.000995	3	52	16	11
12	3.26	0.000562	3.25	28	6	11
11	3.09	0.000997	3	49	47	10
10	3.54	0.000197	3.7	23	10	20
9	3.1	0.000968	3.01	50	19	20
8	3.5	0.000231	3.64	54	27	20
7	3.31	0.000464	3.33	54	26	10
6	3.1	0.000952	3.02	29	37	20
5	3.55	0.000192	3.72	50	13	10
4	3.78	7.75e-05	4.11	21	20	21
3	3.35	0.000409	3.39	53	29	21
2	3.46	0.000269	3.57	34	50	9
1	3.2	0.000694	3.16	46	18	18
