-0.00383082  -0.000140893  -0.00507857  -0.120139  -0.0307219  0.319702  
-0.00396557  -0.000205831  -0.00475032  -0.121639  -0.0582278  0.363293  
-0.0045975  -0.000598811  -0.00487909  -0.116881  -0.0785038  0.358231  
-0.00424937  -0.000584964  -0.00492861  -0.123641  -0.068212  0.348962  
-0.00455396  -0.00033375  -0.00520995  -0.143023  -0.0785016  0.328208  
-0.00465313  -0.000358046  -0.00536218  -0.134185  -0.0827111  0.328395  
-0.00465313  -0.00031486  -0.00540469  -0.1297  -0.0955131  0.324364  
-0.00465313  -0.000642937  -0.00551972  -0.122113  -0.0923067  0.319692  
-0.00467819  -0.000483478  -0.00550476  -0.135384  -0.0955312  0.306845  
-0.00551115  -0.000537285  -0.00546469  -0.142968  -0.079213  0.282071  
-0.00771144  -0.00125962  -0.00403961  -0.0896762  -0.155343  0.223258  
-0.00958152  -0.000936233  -0.00440839  -0.0795692  -0.211809  0.182497  
-0.0112483  -0.00122997  -0.00403961  -0.0478993  -0.241703  0.205661  
-0.010719  -0.00125598  -0.00367044  -0.0457938  -0.241699  0.178795  
-0.0119866  -0.00110473  -0.00306368  -0.0474277  -0.241621  0.0843025  
-0.0116645  -0.00097009  -0.00354901  -0.0353171  -0.238791  0.141534  
-0.011659  -0.00124251  -0.00336283  -0.0271448  -0.235055  0.117845  
-0.0114179  -0.00123061  -0.00347704  -0.0286263  -0.202993  0.0959837  
-0.0117462  -0.00108654  -0.00343826  -0.0294499  -0.222177  0.127927  
-0.0121524  -0.0012007  -0.00311292  -0.0254754  -0.222472  0.121307  
-0.0121517  -0.00157484  -0.00459922  -0.0483934  -0.331418  0.0462807  
-0.0205944  -0.00193197  -0.00397824  -0.245632  -0.48305  0.1649  
-0.0168063  -0.00168849  -0.00280317  -0.0814328  -0.309557  0.225485  
-0.0218685  -0.00183114  -0.00182883  -0.0523804  -0.343599  0.228169  
-0.0146122  -0.000410009  -0.00378986  -0.16039  -0.288857  0.186557  
-0.0163253  -0.000976665  -0.00379418  -0.150134  -0.299642  0.213039  
-0.0150566  -0.00119593  -0.00384538  -0.129119  -0.272007  0.187867  
-0.0163001  -0.00104933  -0.00379818  -0.139881  -0.285327  0.213832  
-0.0161562  -0.00102632  -0.00395519  -0.140547  -0.324233  0.194805  
-0.015773  -0.00100918  -0.00395519  -0.139126  -0.301366  0.195186  
-0.0161284  -0.00107583  -0.00435693  -0.150601  -0.327014  0.205909  
-0.0157172  -0.000833027  -0.00446446  -0.160337  -0.336336  0.206062  
-0.0158658  -0.00106924  -0.00453268  -0.164099  -0.342862  0.225961  
-0.0156568  -0.00104756  -0.004911  -0.179698  -0.348815  0.220301  
-0.0158182  -0.000960308  -0.004911  -0.177991  -0.356492  0.215074  
-0.0177918  -0.00110081  -0.004911  -0.170517  -0.344256  0.24674  
-0.0164316  -0.00125589  -0.00483396  -0.165273  -0.343739  0.210522  
-0.0158822  -0.00102777  -0.00481919  -0.154246  -0.343865  0.19107  
-0.0149989  -0.00102777  -0.00449686  -0.156805  -0.310088  0.218147  
-0.0148192  -0.00110844  -0.00465435  -0.151989  -0.303979  0.199585  
-0.0153612  -0.00101471  -0.00487332  -0.145424  -0.29862  0.210553  
-0.0151166  -0.000946904  -0.00487332  -0.167331  -0.328061  0.21812  
-0.0151166  -0.00089493  -0.00480379  -0.166864  -0.323251  0.198153  
-0.0146941  -0.000730291  -0.00487332  -0.168079  -0.300422  0.220256  
-0.0151166  -0.00113522  -0.00487332  -0.155217  -0.301742  0.17989  
-0.0148181  -0.00113536  -0.00456451  -0.154262  -0.29582  0.202039  
-0.014635  -0.00116109  -0.00454818  -0.156087  -0.304023  0.198391  
-0.0144846  -0.00133651  -0.00456423  -0.145989  -0.291297  0.198471  
-0.0146949  -0.00125891  -0.00413567  -0.165247  -0.280678  0.223083  
-0.0147479  -0.00116503  -0.00482871  -0.1562  -0.305315  0.178884  
-0.0142687  -0.00121029  -0.00441674  -0.158203  -0.239353  0.143784  
-0.00680209  -0.00138087  0.000127137  0.0190033  -0.0718462  -0.0143619  
5.00213e-05  -6.39547e-05  1.4219e-06  -0.00074847  0.00550424  0.00868987  
0.00232103  9.78044e-05  -0.00144622  -0.0428352  0.0340174  0.133251  
0.001729  0.000616304  -0.00251335  -0.0812262  0.025453  0.282205  
0.00219367  -6.11134e-06  -0.00226336  -0.0787133  0.0429191  0.290287  
0.000879407  -4.03814e-05  -0.00249702  -0.0896244  -0.00333423  0.31444  
0.000875454  -0.000173254  -0.00256503  -0.0931766  0.00238889  0.276183  
0.000315177  -0.000275236  -0.00309207  -0.106277  -0.0321562  0.233981  
0.000346327  -0.000349891  -0.00316476  -0.106076  -0.0324841  0.230245  
0.000423538  -0.000199194  -0.00332059  -0.123635  -0.0526986  0.250054  
0.000259147  -0.000405984  -0.00320951  -0.122584  -0.0676257  0.245881  
-8.2789e-05  -0.000256454  -0.00373545  -0.138492  -0.0823976  0.209416  
-0.000309624  -0.000487175  -0.00393073  -0.148609  -0.110632  0.216879  
-0.00058704  -8.55888e-05  -0.00373545  -0.147846  -0.0999167  0.208844  
-0.000635915  -8.55888e-05  -0.00393725  -0.150821  -0.0999635  0.202648  
-0.000696664  -8.55888e-05  -0.00402715  -0.148615  -0.116805  0.196868  
-0.000696664  -8.55888e-05  -0.00414399  -0.144607  -0.0869951  0.210428  
-0.000825355  -0.000248226  -0.00414399  -0.150197  -0.10002  0.185269  
-0.00111183  -8.55888e-05  -0.00414399  -0.151619  -0.0873851  0.19743  
-0.00138264  -0.000664973  -0.0048112  -0.174948  -0.146032  0.198823  
-0.00123833  -0.000622946  -0.00523124  -0.167367  -0.140621  0.185024  
-0.00156562  -0.00106762  -0.00424787  -0.137512  -0.120778  0.214614  
-0.00145136  -0.00100193  -0.00412812  -0.128848  -0.126205  0.164028  
-0.00125051  -0.00100612  -0.00398421  -0.126479  -0.0975327  0.166293  
-0.00169229  -0.000912427  -0.00398421  -0.145725  -0.0777806  0.168815  
-0.00564141  -0.0015995  -0.00317824  -0.116058  -0.189699  0.167021  
-0.00588993  -0.00191912  -0.00276411  -0.112399  -0.181073  0.151389  
-0.00425516  -0.00183709  -0.00276411  -0.101783  -0.108038  0.179014  
0.00058686  -0.00107436  -0.00241657  -0.0958391  -0.0579004  0.164646  
0.00244387  -0.000534329  -0.00260747  -0.0960039  0.0799739  0.15716  
0.00325053  -0.000365947  -0.00258402  -0.120554  0.067991  0.183474  
0.00219884  -0.000212081  -0.0030333  -0.147224  0.0183197  0.206974  
0.00119645  -0.000424731  -0.00320735  -0.168814  0.0294895  0.201832  
0.000894996  -0.000587896  -0.00344084  -0.168767  0.000789996  0.186784  
0.000767998  -0.000614443  -0.00361429  -0.17157  0.00546026  0.176989  
0.000688293  -0.000711763  -0.00344084  -0.160336  0.00139457  0.175387  
0.000577089  -0.000875647  -0.00322291  -0.159544  0.000458599  0.174137  
0.000239573  -0.000630067  -0.00258975  -0.149534  -0.0125916  0.130307  
-0.000462685  -0.000753721  -0.00279588  -0.156692  -0.0202758  0.0941216  
-0.000198009  -0.000814599  -0.00271756  -0.155878  -0.0398123  0.107837  
-2.93797e-05  -0.00122461  -0.0029956  -0.164351  -0.0621362  0.0742824  
5.18829e-05  -0.00126918  -0.00294106  -0.157219  -0.0604481  0.100928  
-0.00018968  -0.00142752  -0.00291805  -0.153023  -0.0804202  0.0625508  
-7.94241e-06  -0.00141573  -0.00308117  -0.147176  -0.0855693  0.0609579  
-0.00030937  -0.00156792  -0.00258975  -0.145999  -0.0635523  0.0518671  
-0.000845535  -0.00164724  -0.00287535  -0.137139  -0.0920922  0.0164403  
-0.000794679  -0.00150068  -0.0030135  -0.13781  -0.0808145  0.0159497  
-0.000694677  -0.0013558  -0.00303532  -0.142888  -0.0988182  0.00878052  
-0.000944158  -0.00154928  -0.00303532  -0.136191  -0.101355  -0.012194  
-0.000275761  -0.0017874  -0.00318292  -0.136171  -0.0808514  0.021624  
-0.000877065  -0.00167437  -0.00303532  -0.149415  -0.101052  -0.00996574  
-0.000877065  -0.00161327  -0.00360831  -0.164085  -0.101159  0.0170608  
-0.00138015  -0.00188756  -0.00354254  -0.165946  -0.0972059  -0.0221077  
