Cluster Index	Voxels	P	-log10(P)	Z-MAX	Z-MAX X (mm)	Z-MAX Y (mm)	Z-MAX Z (mm)	Z-COG X (mm)	Z-COG Y (mm)	Z-COG Z (mm)	COPE-MAX	COPE-MAX X (mm)	COPE-MAX Y (mm)	COPE-MAX Z (mm)	COPE-MEAN
150	259	3.48e-12	11.5	6.86	47	16.6	23.7	44	18.6	32.8	396	50.6	23.9	28	161
149	167	4.99e-13	12.3	7.13	56.6	-31.1	43	54.7	-42.7	43.5	395	53.2	-48.1	63	133
148	165	1.32e-08	7.88	5.56	-10.2	12.6	54.3	1.81	18.1	49.6	319	3.48	33.5	38.9	150
147	128	1.45e-08	7.84	5.55	33.3	25.9	-5.81	28.4	26.3	-6.53	478	16.6	48.4	-14.9	167
146	97	4.37e-12	11.4	6.83	-54.5	1.53	40.5	-54.3	5.33	32.3	213	-64.8	11.5	16.4	112
145	75	9.89e-06	5	4.27	-27	47.4	14.8	-22.4	39.3	14.6	292	-33.6	55.8	24.8	186
144	65	1.97e-11	10.7	6.61	31.5	-88	-2.91	34	-83.8	3.5	317	28.4	-87.8	19.8	166
143	44	9.43e-07	6.03	4.77	-44.9	-34.8	46.5	-35.7	-44.4	48	231	-28.2	-57.3	55.6	128
142	37	4.45e-07	6.35	4.91	-54.2	38.3	17.1	-51.9	38.4	21.4	330	-47.4	41.4	16.4	170
141	31	1.68e-06	5.78	4.65	33.8	57	0.0605	34.1	54	-1.8	362	37.1	52.8	-4.95	209
140	30	3.74e-10	9.43	6.16	-37.5	-0.535	51.7	-38.1	1.38	52.8	188	-37.5	-0.535	51.7	114
139	30	5.76e-06	5.24	4.39	2.33	-1.14	-11.5	-14.7	8.23	-6.47	453	-1.05	-1.04	-11.5	219
138	24	1.49e-06	5.83	4.67	-22.5	-91.3	10.5	-31.5	-86.2	6.73	218	-22.5	-91.3	10.5	135
137	24	4.52e-05	4.34	3.91	-23.2	-96.5	-45.1	-10.3	-97.5	-37.8	188	3.91	-98.8	-34.2	129
136	22	1.03e-05	4.99	4.26	18.9	-55.5	31.4	15.3	-66	36.6	254	15.4	-70.9	39.8	163
135	15	1.76e-06	5.75	4.64	-26.6	-81.7	-58.9	-20.6	-82.4	-58.9	564	-26.6	-81.7	-58.9	284
134	15	3.38e-06	5.47	4.5	14	-86.1	-59.3	22.6	-83	-60.1	402	24.1	-83.1	-60.1	216
133	12	2.75e-06	5.56	4.54	-48.7	-45.4	20.2	-50.8	-47.5	17.5	182	-52.3	-52.7	16	126
132	11	6.5e-06	5.19	4.36	-49.3	-66	-4.43	-49.3	-67.6	-5.11	186	-49.4	-72.6	-3.29	143
131	10	6.07e-05	4.22	3.84	2.96	5.61	32.5	6.19	0.06	33.9	133	-0.418	5.7	32.6	90.4
130	9	1.95e-05	4.71	4.11	53.7	44.1	-15.2	51.6	43	-13.7	286	50.4	44.2	-15.1	198
129	9	6.11e-06	5.21	4.37	-10.8	6.74	15.7	-11.1	6.87	14.4	512	-7.5	2.52	10.7	262
128	8	6.08e-06	5.22	4.37	-68.5	-30.8	46.5	-65.2	-35.1	47.2	188	-65.2	-37.5	47.6	131
127	7	8.8e-05	4.06	3.75	-39.5	-74.6	-14.5	-40	-70.6	-19.1	487	-39.4	-65.6	-21.8	304
126	7	7.82e-07	6.11	4.8	46	-69.3	55.6	49.2	-68.8	52.2	245	46	-70.1	50.1	143
125	6	0.000114	3.94	3.69	-20.5	59.3	-15.8	-18.8	61.7	-14.4	419	-17.1	55.9	-15.3	254
124	6	4.78e-06	5.32	4.43	22.2	-81.7	58.4	16.2	-84.2	55.4	255	15.3	-85.6	53.7	184
123	6	0.000315	3.5	3.42	-25.9	-83.1	-2.13	-29.8	-77.6	-2.98	168	-32.6	-76.3	-3.12	138
122	6	5.5e-06	5.26	4.4	-58.4	-45.8	60.1	-60.1	-44.1	59.9	220	-58.4	-45.8	60.1	164
121	6	7.98e-06	5.1	4.32	-62.5	-31.3	-21.4	-61.4	-29.3	-21.8	183	-59.1	-28.1	-22.1	127
120	6	6.1e-05	4.21	3.84	13.2	-15.8	69.9	12.1	-17.2	67.4	120	9.72	-19.8	65	92.3
119	6	9.1e-06	5.04	4.29	17.2	69	9.75	15.1	64.2	9.83	598	17.2	69	9.75	264
118	6	4.74e-08	7.32	5.34	66.5	-39.6	32.9	65.5	-41.1	33.2	161	66.5	-42.9	33.5	112
117	5	2.45e-06	5.61	4.57	-68.3	-25.9	57	-66.4	-25.4	56.8	191	-64.9	-26	56.9	139
116	5	6.08e-05	4.22	3.84	-0.945	16.9	-25.9	-0.348	17.5	-26	234	-0.945	16.9	-25.9	156
115	5	0.000262	3.58	3.47	66.2	-31.6	-2.4	66.9	-33.9	-4.24	138	66.2	-31.6	-2.4	114
114	5	7.59e-05	4.12	3.79	56.2	-24.7	-3.31	56.2	-25.1	-1.03	132	59.6	-24.8	-3.38	114
113	5	2.61e-05	4.58	4.05	-52.6	-48	-18.8	-51.3	-47.3	-18.9	203	-52.6	-48	-18.8	158
112	5	3.92e-06	5.41	4.47	-65.1	-17.1	27.1	-64.4	-15.8	26.8	164	-65.1	-17.1	27.1	135
111	5	3.73e-05	4.43	3.96	-55.2	-39.4	36.3	-53.3	-39.4	33	154	-58.6	-39.4	36.4	117
110	4	2.6e-05	4.59	4.05	-30.7	47.3	-7.73	-31.5	47.4	-7.72	156	-34.1	47.4	-7.65	118
109	4	8.85e-06	5.05	4.29	13	6.91	20.7	15.2	4.14	18.5	293	13	6.91	20.7	187
108	4	0.000243	3.61	3.49	-39.1	-48.4	-19.1	-40.7	-48.3	-19.1	173	-39.1	-45.1	-19.7	156
107	4	0.000277	3.56	3.45	-44.5	38.7	-22.8	-42.9	37	-22.5	308	-41.2	38.6	-22.9	259
106	4	5.87e-06	5.23	4.38	56.3	7.06	-37.1	57.9	5.47	-36.9	160	56.3	7.06	-37.1	133
105	4	1.05e-06	5.98	4.74	-26.6	57.3	35.7	-25.9	58.7	35.4	287	-26.7	54	36.2	208
104	4	7.41e-05	4.13	3.79	55.8	-46.1	-10.9	54.9	-45.3	-11	105	55.8	-46.1	-10.9	87.8
103	4	0.000106	3.98	3.7	43.6	-25.7	76.4	42	-24	76.1	269	40.2	-25.6	76.4	185
102	4	7.83e-05	4.11	3.78	-14.2	31.2	-22.4	-15	33.7	-22.8	200	-14.1	37.8	-23.5	157
101	4	0.000125	3.9	3.66	46.3	22.9	-45.2	43.8	25.3	-45.6	183	42.9	26.2	-45.7	168
100	3	0.000143	3.85	3.63	76.6	-7.36	-18.2	75.5	-6.02	-16.6	106	73.3	-6.42	-12.6	74.1
99	3	0.000153	3.82	3.61	34.1	57.1	22.6	35.2	58.1	22.4	152	34.1	60.4	22.1	139
98	3	9.39e-05	4.03	3.73	-50.9	48.8	-1.75	-52	45.9	0.569	221	-50.9	45.5	-1.18	164
97	3	5e-05	4.3	3.89	-36.8	68.1	17.1	-34.7	67	17.2	131	-33.5	64.8	17.6	92.7
96	3	0.000105	3.98	3.71	20.2	64.7	-17.8	19.1	63.7	-17.6	248	16.8	64.8	-17.8	196
95	3	9.83e-06	5.01	4.27	13	-18.3	53.3	11.9	-19.3	53.5	106	9.61	-18.2	53.4	89.3
94	3	0.000141	3.85	3.63	-40.9	-20	77.8	-39.8	-23.2	78.3	241	-37.6	-26.6	78.8	230
93	3	2e-05	4.7	4.11	-32.5	-58.4	-17.6	-32.5	-58.2	-17.6	185	-32.5	-58.4	-17.6	156
92	3	1e-06	6	4.75	-18	-68.2	74.2	-14.9	-68.3	74.1	121	-18	-68.2	74.2	105
91	3	7.63e-05	4.12	3.79	-3.51	-7.94	74.6	-4.67	-6.95	74.5	224	-3.51	-7.94	74.6	187
90	3	2.08e-05	4.68	4.1	37.5	68.5	9.28	36.5	68.4	9.31	306	37.5	65.2	9.85	190
89	3	0.000218	3.66	3.52	66.9	-11	22.3	68	-8.91	21.9	91.6	70.3	-7.82	21.6	77.7
88	2	3.39e-05	4.47	3.98	-39.9	-90.2	-28.8	-38.3	-88.7	-29.1	152	-36.4	-87	-29.4	123
87	2	6.29e-06	5.2	4.37	27.6	-99.5	-34.7	25.9	-99.4	-34.7	159	24.2	-99.4	-34.6	142
86	2	0.000279	3.55	3.45	-62.2	-39.4	13.9	-62.3	-41	14.2	120	-62.3	-42.6	14.5	118
85	2	3.65e-06	5.44	4.48	14.1	-73	-61.6	12.6	-73	-61.5	182	14.1	-73	-61.6	153
84	2	4.39e-05	4.36	3.92	11.4	-97.1	21.9	13	-97.2	21.8	107	11.4	-97.1	21.9	96.2
83	2	0.000378	3.42	3.37	-22.5	-103	23.8	-24.2	-101	23.6	199	-25.9	-99.3	23.3	145
82	2	0.000411	3.39	3.35	35.3	-56.2	-14.2	35.3	-54.6	-14.5	122	35.3	-56.2	-14.2	107
81	2	0.000184	3.74	3.56	69.4	-30.9	-19.6	67.8	-30.9	-19.5	101	66	-30.8	-19.5	94.5
80	2	0.000183	3.74	3.56	-32.4	-63.2	-5.4	-32.4	-64.8	-5.13	201	-32.4	-66.5	-4.83	185
79	2	0.000158	3.8	3.6	-72.4	-19.5	-11.9	-72.4	-17.9	-12.2	63.6	-72.4	-19.5	-11.9	63.4
78	2	2.34e-05	4.63	4.07	79.8	-28.7	-3.29	79.8	-27.1	-3.57	52	79.8	-28.7	-3.29	49.3
77	2	0.000119	3.93	3.68	59	-67.4	4.04	60.6	-67.5	4	76.8	59	-67.4	4.04	66.8
76	2	0.000253	3.6	3.48	6.21	40.5	-24.5	6.18	38.9	-24.3	287	6.21	40.5	-24.5	217
75	2	2.06e-05	4.69	4.1	11.3	-104	23	9.67	-104	23	86.5	11.3	-104	23	78
74	2	0.000512	3.29	3.28	-10.4	15.8	31.1	-10.4	17.4	30.8	135	-10.4	19.1	30.5	118
73	2	0.000741	3.13	3.18	-27.5	5.63	27.7	-25.8	6	30.4	59.3	-27.5	5.63	27.7	57.2
72	2	0.000113	3.95	3.69	-11.7	-84.8	54.3	-11.7	-83.3	54	116	-11.7	-81.6	53.7	105
71	2	0.000411	3.39	3.35	34.3	50.7	46.4	35.9	49	46.6	96.5	34.3	50.7	46.4	90.8
70	2	0.000447	3.35	3.32	5.89	-58.2	77.4	5.87	-59.8	77.7	414	5.89	-58.2	77.4	327
69	2	0.000541	3.27	3.27	-10	59.1	6.6	-10	60.7	6.31	311	-10	62.4	6.02	263
68	2	0.000688	3.16	3.2	-44	47	9.67	-42.3	46.9	9.63	215	-40.6	46.9	9.59	208
67	2	2.75e-06	5.56	4.54	-65.4	-50.6	49.9	-65.4	-49.2	49.6	128	-65.3	-47.3	49.3	114
66	2	4.61e-05	4.34	3.91	37.8	62.8	38.5	36.1	62.9	38.5	87.5	37.8	62.8	38.5	82.8
65	2	0.000481	3.32	3.3	-62	-31.1	23.8	-60.3	-31.2	23.7	138	-58.6	-31.2	23.7	136
64	2	0.000626	3.2	3.23	-13.6	-15.8	87.6	-15.3	-17.4	87.9	146	-17.1	-19	88.2	137
63	2	7.08e-06	5.15	4.34	-35.1	-72.7	64.2	-33.7	-72.7	64.1	120	-31.7	-72.8	64.1	99.2
62	2	3.79e-05	4.42	3.96	-32.4	-90.9	33.3	-32.4	-92.4	33.6	178	-32.4	-90.9	33.3	130
61	2	0.000119	3.92	3.67	57.1	-4.06	44	58.7	-4.11	43.9	113	60.5	-4.16	43.9	106
60	2	0.000361	3.44	3.38	-17.3	-1.95	45.7	-17.3	-0.334	45.4	47.1	-17.3	-1.95	45.7	46.5
59	2	0.000458	3.34	3.32	67.3	10.3	29.8	69	10.3	29.8	78.9	67.3	10.3	29.8	68.5
58	2	0.000139	3.86	3.63	-16.6	16.2	76.4	-16.6	17.8	76.2	91.5	-16.6	16.2	76.4	82.2
57	1	0.00077	3.11	3.17	67.5	12.9	46.4	67.5	12.9	46.4	43.1	67.5	12.9	46.4	43.1
56	1	0.00025	3.6	3.48	-3.97	43.2	-30.4	-3.97	43.2	-30.4	144	-3.97	43.2	-30.4	144
55	1	0.000906	3.04	3.12	-4.06	-33.4	62.1	-4.06	-33.4	62.1	110	-4.06	-33.4	62.1	110
54	1	0.000954	3.02	3.1	-31	-20.4	54.9	-31	-20.4	54.9	68.3	-31	-20.4	54.9	68.3
53	1	0.000476	3.32	3.3	-10.6	-20.1	60	-10.6	-20.1	60	63.5	-10.6	-20.1	60	63.5
52	1	0.000878	3.06	3.13	-10.9	-42.2	69.5	-10.9	-42.2	69.5	121	-10.9	-42.2	69.5	121
51	1	0.000506	3.3	3.29	-59.6	-75.6	-2.48	-59.6	-75.6	-2.48	67.3	-59.6	-75.6	-2.48	67.3
50	1	0.000878	3.06	3.13	-62.8	-47.7	-18.6	-62.8	-47.7	-18.6	108	-62.8	-47.7	-18.6	108
49	1	0.000751	3.12	3.17	-6.76	1.98	73	-6.76	1.98	73	145	-6.76	1.98	73	145
48	1	0.000483	3.32	3.3	3.94	-81.7	-54.1	3.94	-81.7	-54.1	106	3.94	-81.7	-54.1	106
47	1	0.00055	3.26	3.26	10.7	46.5	59.1	10.7	46.5	59.1	133	10.7	46.5	59.1	133
46	1	0.000686	3.16	3.2	-51.1	-23.8	73.1	-51.1	-23.8	73.1	154	-51.1	-23.8	73.1	154
45	1	0.000409	3.39	3.35	55.4	-41.3	-45.6	55.4	-41.3	-45.6	218	55.4	-41.3	-45.6	218
44	1	5.33e-05	4.27	3.88	-55.6	4.41	-50.4	-55.6	4.41	-50.4	81.9	-55.6	4.41	-50.4	81.9
43	1	0.000305	3.52	3.43	-27.9	-54	77.7	-27.9	-54	77.7	202	-27.9	-54	77.7	202
42	1	0.0007	3.15	3.19	21	-97.6	-23.5	21	-97.6	-23.5	176	21	-97.6	-23.5	176
41	1	8.63e-06	5.06	4.3	-25	-76.2	64.5	-25	-76.2	64.5	103	-25	-76.2	64.5	103
40	1	0.00022	3.66	3.52	-33.1	-96.1	-22.3	-33.1	-96.1	-22.3	97.9	-33.1	-96.1	-22.3	97.9
39	1	0.000517	3.29	3.28	-45.9	-43.3	-31.1	-45.9	-43.3	-31.1	163	-45.9	-43.3	-31.1	163
38	1	0.000609	3.22	3.23	-40.3	30.7	57.6	-40.3	30.7	57.6	62.3	-40.3	30.7	57.6	62.3
37	1	0.000946	3.02	3.11	59	-42.2	-28.6	59	-42.2	-28.6	160	59	-42.2	-28.6	160
36	1	4.14e-05	4.38	3.94	47.5	25	56.1	47.5	25	56.1	74.6	47.5	25	56.1	74.6
35	1	0.0001	4	3.72	-37.2	14.2	60.4	-37.2	14.2	60.4	102	-37.2	14.2	60.4	102
34	1	0.000782	3.11	3.16	-20.4	3.95	61.7	-20.4	3.95	61.7	75.2	-20.4	3.95	61.7	75.2
33	1	0.000639	3.19	3.22	9.46	-39.5	68.4	9.46	-39.5	68.4	88.9	9.46	-39.5	68.4	88.9
32	1	0.000271	3.57	3.46	-19.6	-96.5	-22.6	-19.6	-96.5	-22.6	151	-19.6	-96.5	-22.6	151
31	1	0.000396	3.4	3.36	16.9	57.5	0.457	16.9	57.5	0.457	198	16.9	57.5	0.457	198
30	1	0.000161	3.79	3.6	44.1	66.6	-1.89	44.1	66.6	-1.89	57.9	44.1	66.6	-1.89	57.9
29	1	3.08e-05	4.51	4.01	-0.602	12.2	8.85	-0.602	12.2	8.85	403	-0.602	12.2	8.85	403
28	1	0.000343	3.46	3.39	-26.9	68.6	-0.225	-26.9	68.6	-0.225	63.9	-26.9	68.6	-0.225	63.9
27	1	0.000713	3.15	3.19	76.5	-39.2	15.6	76.5	-39.2	15.6	41.7	76.5	-39.2	15.6	41.7
26	1	0.000988	3.01	3.09	15.5	-44	18.2	15.5	-44	18.2	65.9	15.5	-44	18.2	65.9
25	1	0.000129	3.89	3.65	-32.2	-72.1	24.4	-32.2	-72.1	24.4	80.7	-32.2	-72.1	24.4	80.7
24	1	0.000414	3.38	3.34	38.7	-89.7	31.1	38.7	-89.7	31.1	80.6	38.7	-89.7	31.1	80.6
23	1	0.000332	3.48	3.4	6.08	11.1	3.18	6.08	11.1	3.18	236	6.08	11.1	3.18	236
22	1	0.000349	3.46	3.39	-61.9	-13.2	9.34	-61.9	-13.2	9.34	94.5	-61.9	-13.2	9.34	94.5
21	1	0.000633	3.2	3.22	76.5	-33.5	8.94	76.5	-33.5	8.94	54.2	76.5	-33.5	8.94	54.2
20	1	0.00042	3.38	3.34	76.7	-28.5	19.4	76.7	-28.5	19.4	51.2	76.7	-28.5	19.4	51.2
19	1	0.00032	3.49	3.41	30.6	58.8	11.1	30.6	58.8	11.1	130	30.6	58.8	11.1	130
18	1	0.000275	3.56	3.45	20.7	75.5	8.53	20.7	75.5	8.53	153	20.7	75.5	8.53	153
17	1	0.000355	3.45	3.39	-58.6	-56.5	56.4	-58.6	-56.5	56.4	156	-58.6	-56.5	56.4	156
16	1	0.000989	3	3.09	-45.2	-52.8	38.4	-45.2	-52.8	38.4	85.6	-45.2	-52.8	38.4	85.6
15	1	0.000913	3.04	3.12	-65.6	-30.3	6.77	-65.6	-30.3	6.77	116	-65.6	-30.3	6.77	116
14	1	0.000568	3.25	3.25	-75.8	-33.3	7.57	-75.8	-33.3	7.57	66.1	-75.8	-33.3	7.57	66.1
13	1	0.000669	3.17	3.21	9.87	20.9	24	9.87	20.9	24	149	9.87	20.9	24	149
12	1	0.000728	3.14	3.18	20.4	41.1	25.8	20.4	41.1	25.8	114	20.4	41.1	25.8	114
11	1	0.000597	3.22	3.24	32.3	-79.5	52.1	32.3	-79.5	52.1	115	32.3	-79.5	52.1	115
10	1	0.000927	3.03	3.11	43.5	40.3	-19.9	43.5	40.3	-19.9	236	43.5	40.3	-19.9	236
9	1	0.000287	3.54	3.44	-37.9	26.2	-15.2	-37.9	26.2	-15.2	142	-37.9	26.2	-15.2	142
8	1	0.000865	3.06	3.13	14.5	-99.7	5.27	14.5	-99.7	5.27	140	14.5	-99.7	5.27	140
7	1	0.000448	3.35	3.32	-71.7	-20.9	44.9	-71.7	-20.9	44.9	70.9	-71.7	-20.9	44.9	70.9
6	1	0.000233	3.63	3.5	19.6	-16.9	41.6	19.6	-16.9	41.6	68.5	19.6	-16.9	41.6	68.5
5	1	0.0004	3.4	3.35	-21.6	-67.3	57.2	-21.6	-67.3	57.2	154	-21.6	-67.3	57.2	154
4	1	8.93e-05	4.05	3.75	39.6	-46.1	51.8	39.6	-46.1	51.8	130	39.6	-46.1	51.8	130
3	1	0.000464	3.33	3.31	-68.2	-13.6	49.2	-68.2	-13.6	49.2	64.1	-68.2	-13.6	49.2	64.1
2	1	0.00071	3.15	3.19	-72.6	-32.6	-9.59	-72.6	-32.6	-9.59	86.8	-72.6	-32.6	-9.59	86.8
1	1	1.59e-05	4.8	4.16	18.5	-90.7	43.2	18.5	-90.7	43.2	133	18.5	-90.7	43.2	133
