Cluster Index	Voxels	Z-MAX	Z-MAX X (mm)	Z-MAX Y (mm)	Z-MAX Z (mm)	Z-COG X (mm)	Z-COG Y (mm)	Z-COG Z (mm)	COPE-MAX	COPE-MAX X (mm)	COPE-MAX Y (mm)	COPE-MAX Z (mm)	COPE-MEAN
161	693	5.13	-30.9	25.3	1.77	-8.78	28.4	7.08	1.56e+03	2.08	-9.37	-21.4	449
160	204	6.38	35.1	-85.5	13.5	35.2	-68.6	2.51	922	35.1	-63.6	-18.6	316
159	163	6.03	-49.4	-66.9	-9.94	-44.5	-59.5	-13.9	1.69e+03	-39.4	-65.6	-21.8	478
158	129	5.09	30.2	37.5	3.57	40.4	23.6	26.6	865	54	30.4	26.7	358
157	126	4.88	-35.6	-72	24.5	-31.1	-65.1	43	1.35e+03	-35.1	-70.2	58.1	408
156	70	5.1	29.2	-57.4	42.7	29.3	-62.7	45.9	900	22.2	-79.3	52.4	393
155	34	4.89	-37.5	-0.535	51.7	-33.9	-1.09	53	391	-37.5	-0.535	51.7	273
154	29	4.66	20.5	70.5	-1.91	23.5	63.3	-0.574	701	27.1	60.5	-0.352	492
153	26	4.89	-47.8	3.77	34.3	-49.8	3.82	35.3	566	-44.4	3.68	34.2	317
152	26	4.31	-29	-68.2	6.67	-22.6	-71.7	10.8	388	-22	-61	10.9	300
151	23	4.98	-4.06	36.7	-29.2	0.809	22.6	-26.9	991	-0.857	23.5	-27	496
150	22	4.29	32.8	20.8	-38.8	27.9	24.3	-30.9	966	29.6	25.9	-28.3	570
149	18	5.27	-55	-31.2	46.2	-52.7	-33.6	46.9	431	-55	-34.5	46.8	290
148	16	4.14	49.2	-37.7	-0.863	48.8	-33.1	0.0489	328	56.2	-24.7	-3.31	234
147	16	4.4	4.98	-65	10.8	4.27	-66.6	9.63	550	-1.86	-65.7	5.46	388
146	16	4.15	-10.3	2.82	56	-8.63	7.2	54.4	384	-6.82	12.5	54.2	271
145	16	4.38	-0.121	67.7	-23.4	6.39	61.3	-22.5	773	9.89	57.6	-22	544
144	16	4.03	32	-57.7	-2.55	26.7	-53.7	0.00551	482	18.6	-49.9	2.13	308
143	14	4.3	-45	-58.4	67.6	-52	-47.9	65.6	701	-58.2	-35.1	63.9	476
142	13	4.56	37.2	54.5	6.06	38.3	52.7	4.32	897	40.5	53.6	0.473	589
141	12	3.74	9.91	49.5	-9.25	9.2	49.2	-7.4	519	6.58	52.8	-9.74	435
140	12	4.68	-61.3	-15.4	60.6	-61	-17.5	61.4	552	-61.4	-18.7	61.2	340
139	11	4.53	-23.2	-81.8	-59	-20.6	-82.7	-58.9	1.13e+03	-23.2	-81.8	-59	652
138	10	5.16	-46	-83.2	15.4	-45.6	-80.9	13.6	742	-46	-86.5	16	385
137	10	4.37	53.3	-31	43.1	51.4	-30.9	44.2	305	53.3	-31	43.1	225
136	10	4.47	7.26	-96.5	-40.3	3	-96.5	-39.8	415	-2.89	-96.2	-40.1	307
135	10	4.49	-51	-14	71.4	-49.8	-16.7	71.8	593	-47.6	-14.1	71.3	427
134	9	4.2	-55.2	-37	30.3	-51.9	-37.1	30.2	383	-51.9	-37.1	30.2	285
133	9	3.65	-8.4	-74.4	35.4	-12.6	-75.6	35.8	506	-11.8	-74.3	35.5	428
132	8	4	17.2	69	9.75	15.1	67	10.2	1.3e+03	17.2	69	9.75	739
131	8	4.04	-57.8	25.3	19.5	-56.6	24.1	21.6	505	-57.8	25.3	19.5	317
130	8	4.17	-11.5	-76.6	64.2	-9.06	-71.8	67.4	827	-7.93	-69.3	68.5	502
129	8	3.81	56.1	-45.1	17.2	48.7	-43.7	17.2	302	52.7	-45	17.3	250
128	7	3.83	-34.9	19.5	-36.7	-39	22.8	-37.1	593	-34.9	19.5	-36.7	446
127	7	3.85	-41.2	-32.3	63	-42.2	-31.4	62.8	388	-41.3	-35.6	63.5	304
126	7	3.56	-47.9	-33.7	74.7	-44.6	-37.1	75.2	935	-41.2	-40.5	75.7	706
125	7	3.74	45.9	-14.7	-27.4	46.9	-15.9	-28.8	480	42.5	-14.6	-27.3	313
124	7	4.01	24.1	-83.1	-60.1	20.8	-83.9	-59.8	736	24.1	-83.1	-60.1	492
123	7	4.82	60.3	25.1	-6.44	60.4	27.3	-6.82	732	56.9	25.2	-6.36	379
122	7	4.27	-55.3	-59.8	56.8	-55.4	-57.4	56.4	1.04e+03	-55.2	-56.6	56.3	642
121	6	3.67	-23.2	-98.9	-39	-18.2	-98.2	-41.2	342	-19.9	-96.6	-45.2	309
120	6	3.62	26.5	-16.3	46.9	27.5	-19.6	43.8	180	26.5	-13	46.4	159
119	6	4.21	-48.7	-45.4	20.2	-51.6	-47.4	20.7	372	-52.1	-45.3	20.3	315
118	6	3.87	-52.7	-40.7	-37	-50.5	-40.3	-37.1	668	-52.7	-40.7	-37	507
117	6	3.51	40.7	24.3	50.8	35.6	19.4	47.1	358	40.7	24.3	50.8	253
116	6	3.54	5.93	-54.9	76.9	7.53	-58.1	77.4	1.04e+03	5.89	-58.2	77.4	726
115	6	4.5	-59.2	-31.4	-21.5	-59.7	-31.9	-21.4	358	-59.2	-31.4	-21.5	278
114	6	3.45	-27.5	-24.5	72.5	-29.6	-22.5	71.3	339	-30.8	-21.1	72	292
113	6	3.72	-34.6	27.7	-26.8	-33	26.5	-26.7	783	-34.6	27.7	-26.8	609
112	6	3.52	-25.4	-52.8	-1.77	-22.6	-55.6	-1.35	294	-25.4	-52.8	-1.77	274
111	6	4.14	-68.4	-30	52	-68.9	-26.8	50.6	600	-68.4	-26.7	51.5	403
110	5	3.73	17.3	58.5	28.5	19.9	56.9	32	364	20.7	55.9	34.5	316
109	5	4.05	-10.4	61.5	-22.1	-9.03	60.7	-22	647	-6.97	61.4	-22.1	528
108	5	4.2	-13.5	69.8	-12.1	-16.1	67.9	-11.7	659	-13.5	66.5	-11.6	470
107	4	3.89	-59.3	-44.5	-19.2	-60.9	-46.1	-18.9	446	-59.3	-44.5	-19.2	335
106	4	3.43	-17	17.7	42.3	-15.4	18.5	42.1	215	-10.2	20.8	41.5	164
105	4	3.45	-17.3	1.32	45.1	-15.6	-0.317	45.4	160	-13.9	-2.05	45.6	144
104	4	3.55	-21.7	-49.5	20.2	-20.1	-51.1	20.4	216	-21.7	-49.5	20.2	182
103	4	3.57	-22.2	-85.5	26.5	-27.1	-83	26.2	300	-22.2	-85.5	26.5	262
102	4	3.35	-72.5	-35	-3.51	-70.8	-33.5	-3.84	310	-69.2	-35.1	-3.59	243
101	4	3.75	0.0375	69.4	-12.4	1.68	69.3	-12.5	776	0.0375	69.4	-12.4	594
100	4	3.75	27.6	-99.5	-34.7	25.9	-99	-32	313	24.3	-98.5	-29.1	259
99	4	3.65	25.8	-26.3	3.48	25.9	-21.6	2.66	192	25.8	-26.3	3.48	164
98	4	3.68	34.1	57.1	22.6	32.5	58.8	22.4	394	30.8	60.5	22.2	351
97	4	3.59	49.2	-4.26	-46.2	46.7	-7.4	-45.6	350	49.2	-4.26	-46.2	294
96	4	3.51	-25.7	-95.2	28.2	-27.4	-95.2	28.3	799	-29.1	-91.9	27.8	597
95	3	3.51	-56.1	-68.3	1.8	-55	-70.5	2.15	309	-56.1	-71.5	2.37	301
94	3	3.55	-15.9	-96.5	-0.0883	-15.9	-95.1	1.52	465	-12.6	-96.6	-0.168	376
93	3	3.7	-16.3	-101	-27.6	-13.2	-101	-27.7	444	-16.3	-101	-27.6	356
92	3	4.08	14.1	-73	-61.6	13	-73.9	-61.4	374	14.1	-73	-61.6	302
91	3	3.85	38.8	-40.7	-22.6	39.8	-39.7	-22.9	281	38.8	-40.7	-22.6	247
90	3	3.42	-35.5	-54.9	4.54	-34.4	-53.9	4.33	414	-32.2	-55	4.47	384
89	3	3.47	2.96	5.61	32.5	2.96	5.91	34.3	282	-0.374	8.98	32	272
88	3	3.46	37.4	30.9	49.7	38.5	33.3	51.1	468	37.4	30.9	49.7	351
87	3	3.39	-18	-46.2	42.1	-16.9	-47.3	42.3	291	-14.7	-46.3	42	243
86	3	3.75	66.3	-44.6	22.5	67.4	-45.7	22.6	389	69.7	-44.7	22.4	306
85	3	4.11	33.4	-22.9	70.5	33.3	-22.9	70.5	365	30	-22.8	70.6	335
84	3	3.88	-34.5	-21.1	49.5	-33.3	-20.1	49.3	242	-34.5	-21.1	49.5	198
83	2	3.4	66.9	17.5	-11	66.9	15.9	-10.7	212	66.9	14.3	-10.4	211
82	2	3.28	-49	-57	10.9	-49	-55.4	10.7	230	-49	-57	10.9	216
81	2	3.29	34.3	-80.1	-60.9	36	-78.6	-61.2	483	37.8	-77	-61.5	468
80	2	3.72	56.2	3.78	-36.5	57.9	3.73	-36.6	402	56.2	3.78	-36.5	347
79	2	3.45	12.9	-7.78	34.5	11.3	-7.73	34.6	192	12.9	-7.78	34.5	177
78	2	3.74	-54.7	-20.5	50	-53.1	-20.6	50	220	-54.7	-20.5	50	203
77	2	3.26	47.4	32.2	37.9	49.1	32.2	37.9	572	47.4	32.2	37.9	456
76	2	3.88	-10.3	-5.32	68.7	-10.3	-6.89	69	271	-10.4	-8.59	69.3	250
75	2	3.44	-8	-64.5	56.3	-7.98	-62.9	56	361	-7.95	-61.2	55.7	348
74	2	3.56	-12.4	-81	-8.53	-12.4	-82.6	-8.24	344	-12.4	-81	-8.53	326
73	2	3.48	15.1	-84.9	36.6	13.5	-84.8	36.6	415	15.1	-84.9	36.6	374
72	2	3.53	-62.9	-71.4	2.53	-62.9	-69.8	2.26	178	-62.8	-68.1	1.96	164
71	2	3.78	-41	17.4	14.7	-39.5	17.4	14.7	183	-41	17.4	14.7	173
70	2	3.18	76.7	-28.5	19.4	76.7	-30.1	19.7	138	76.7	-31.8	19.9	137
69	2	3.57	12.8	-45.3	75	12.8	-43.7	74.7	260	12.8	-45.3	75	256
68	2	3.52	-36.3	-74.7	-37.2	-34.7	-74.8	-37.2	425	-36.3	-74.7	-37.2	406
67	2	3.35	-58	-7.35	47.8	-57.9	-5.77	47.5	261	-58	-7.35	47.8	224
66	2	4.16	1.82	-73.8	40.7	1.84	-72.3	40.4	355	1.82	-73.8	40.7	331
65	2	3.25	39.6	15.8	-26.8	41.3	15.7	-26.9	322	39.6	15.8	-26.8	303
64	2	3.98	73.2	-46.4	33.9	71.6	-47.9	34.2	185	69.8	-49.5	34.5	170
63	2	3.44	49.4	5.56	-48	51	5.51	-48	303	49.4	5.56	-48	280
62	2	3.29	40.7	52.8	17.6	40.8	54.4	17.3	320	40.8	56.1	17	277
61	1	3.51	16.6	0.364	44.3	16.6	0.364	44.3	156	16.6	0.364	44.3	156
60	1	3.31	-26.6	57.3	35.7	-26.6	57.3	35.7	462	-26.6	57.3	35.7	462
59	1	3.12	-21.4	-68.9	68.8	-21.4	-68.9	68.8	424	-21.4	-68.9	68.8	424
58	1	3.97	-3.97	43.2	-30.4	-3.97	43.2	-30.4	393	-3.97	43.2	-30.4	393
57	1	3.1	-22.4	-70.9	-10	-22.4	-70.9	-10	323	-22.4	-70.9	-10	323
56	1	3.15	9.42	-37	62.3	9.42	-37	62.3	300	9.42	-37	62.3	300
55	1	3.26	53.1	-54.7	64.2	53.1	-54.7	64.2	229	53.1	-54.7	64.2	229
54	1	3.22	-45.1	5.07	-22.6	-45.1	5.07	-22.6	325	-45.1	5.07	-22.6	325
53	1	3.21	-30.9	-19.5	60.4	-30.9	-19.5	60.4	216	-30.9	-19.5	60.4	216
52	1	3.14	10.6	48.1	47.5	10.6	48.1	47.5	388	10.6	48.1	47.5	388
51	1	3.31	62.4	-39	-29.3	62.4	-39	-29.3	209	62.4	-39	-29.3	209
50	1	3.15	23.3	-16.9	64.1	23.3	-16.9	64.1	159	23.3	-16.9	64.1	159
49	1	3.34	24.8	-68.2	-28.8	24.8	-68.2	-28.8	319	24.8	-68.2	-28.8	319
48	1	3.13	35.9	9.22	-48.2	35.9	9.22	-48.2	560	35.9	9.22	-48.2	560
47	1	3.78	59.5	2	-47.6	59.5	2	-47.6	198	59.5	2	-47.6	198
46	1	3.17	16	-61.7	77.8	16	-61.7	77.8	410	16	-61.7	77.8	410
45	1	3.28	28.8	-13.5	-44.1	28.8	-13.5	-44.1	252	28.8	-13.5	-44.1	252
44	1	3.1	-17.8	-60.8	78.6	-17.8	-60.8	78.6	288	-17.8	-60.8	78.6	288
43	1	3.44	43.2	-49.4	74.8	43.2	-49.4	74.8	321	43.2	-49.4	74.8	321
42	1	3.24	45.4	-34.5	-46.5	45.4	-34.5	-46.5	198	45.4	-34.5	-46.5	198
41	1	3.22	-14.2	-44.5	75.6	-14.2	-44.5	75.6	204	-14.2	-44.5	75.6	204
40	1	3.45	3.94	-81.7	-54.1	3.94	-81.7	-54.1	273	3.94	-81.7	-54.1	273
39	1	3.49	20.7	39.7	60	20.7	39.7	60	257	20.7	39.7	60	257
38	1	3.16	62.7	-10.4	-39.9	62.7	-10.4	-39.9	170	62.7	-10.4	-39.9	170
37	1	3.47	70.2	2.75	2.82	70.2	2.75	2.82	196	70.2	2.75	2.82	196
36	1	3.14	-47.4	55.2	-2.97	-47.4	55.2	-2.97	340	-47.4	55.2	-2.97	340
35	1	3.37	8.97	-50.2	42	8.97	-50.2	42	242	8.97	-50.2	42	242
34	1	3.17	-28.7	-81.9	48.6	-28.7	-81.9	48.6	338	-28.7	-81.9	48.6	338
33	1	3.2	59.3	-61.6	20	59.3	-61.6	20	291	59.3	-61.6	20	291
32	1	3.13	8.44	-89.5	48.9	8.44	-89.5	48.9	345	8.44	-89.5	48.9	345
31	1	4.2	73.3	-22.7	12.8	73.3	-22.7	12.8	254	73.3	-22.7	12.8	254
30	1	3.78	-0.602	12.2	8.85	-0.602	12.2	8.85	1.01e+03	-0.602	12.2	8.85	1.01e+03
29	1	3.7	2.51	12	-13.8	2.51	12	-13.8	473	2.51	12	-13.8	473
28	1	3.12	44.3	68.3	9.12	44.3	68.3	9.12	144	44.3	68.3	9.12	144
27	1	3.42	-26.9	68.6	-0.225	-26.9	68.6	-0.225	172	-26.9	68.6	-0.225	172
26	1	3.21	3.16	30.1	16.9	3.16	30.1	16.9	310	3.16	30.1	16.9	310
25	1	3.27	23.6	48.3	7.52	23.6	48.3	7.52	265	23.6	48.3	7.52	265
24	1	3.49	-12	-93.9	38.9	-12	-93.9	38.9	370	-12	-93.9	38.9	370
23	1	3.34	25.3	-81.9	35.8	25.3	-81.9	35.8	349	25.3	-81.9	35.8	349
22	1	3.12	33	-16.6	24.2	33	-16.6	24.2	129	33	-16.6	24.2	129
21	1	3.15	45.9	-59.5	31.3	45.9	-59.5	31.3	194	45.9	-59.5	31.3	194
20	1	3.21	3.74	72.7	9.5	3.74	72.7	9.5	350	3.74	72.7	9.5	350
19	1	3.21	-14.2	-25	49.6	-14.2	-25	49.6	250	-14.2	-25	49.6	250
18	1	4	70.2	-33.9	48.8	70.2	-33.9	48.8	191	70.2	-33.9	48.8	191
17	1	3.26	39.6	-46.1	51.8	39.6	-46.1	51.8	303	39.6	-46.1	51.8	303
16	1	3.41	29.6	11.2	-14.5	29.6	11.2	-14.5	259	29.6	11.2	-14.5	259
15	1	3.33	53.4	23.6	-17.3	53.4	23.6	-17.3	588	53.4	23.6	-17.3	588
14	1	3.32	56.5	-46.6	51.4	56.5	-46.6	51.4	253	56.5	-46.6	51.4	253
13	1	3.13	-14.7	-57.7	55.3	-14.7	-57.7	55.3	237	-14.7	-57.7	55.3	237
12	1	3.25	27.6	71.3	26	27.6	71.3	26	170	27.6	71.3	26	170
11	1	3.2	-28.2	-49.2	42.9	-28.2	-49.2	42.9	251	-28.2	-49.2	42.9	251
10	1	3.21	19.7	-10.4	40.5	19.7	-10.4	40.5	157	19.7	-10.4	40.5	157
9	1	3.36	-36.8	69	22.6	-36.8	69	22.6	155	-36.8	69	22.6	155
8	1	3.21	59.9	-1.92	-7.38	59.9	-1.92	-7.38	207	59.9	-1.92	-7.38	207
7	1	3.4	-25	-28.2	5.24	-25	-28.2	5.24	169	-25	-28.2	5.24	169
6	1	3.12	23.2	1.76	32.6	23.2	1.76	32.6	158	23.2	1.76	32.6	158
5	1	3.2	-10.6	33.7	-5.92	-10.6	33.7	-5.92	274	-10.6	33.7	-5.92	274
4	1	3.43	57.2	48.1	-10.4	57.2	48.1	-10.4	289	57.2	48.1	-10.4	289
3	1	3.16	40.5	58.4	-11.7	40.5	58.4	-11.7	244	40.5	58.4	-11.7	244
2	1	3.15	46.2	-48	40.6	46.2	-48	40.6	174	46.2	-48	40.6	174
1	1	3.1	-53.9	44.1	33.1	-53.9	44.1	33.1	170	-53.9	44.1	33.1	170
