Cluster Index	Voxels	Z-MAX	Z-MAX X (vox)	Z-MAX Y (vox)	Z-MAX Z (vox)	Z-COG X (vox)	Z-COG Y (vox)	Z-COG Z (vox)	COPE-MAX	COPE-MAX X (vox)	COPE-MAX Y (vox)	COPE-MAX Z (vox)	COPE-MEAN
151	259	6.86	19	40	18	19.9	40.2	19.7	396	18	42	19	161
150	167	7.13	16	25	20	16.5	21.5	19.7	395	17	19	23	133
149	165	5.56	36	37	23	32.5	38.9	22.4	319	32	44	21	150
148	128	5.55	23	44	13	24.4	44.1	12.9	478	28	51	12	166
147	97	6.83	49	34	20	48.9	35.5	18.7	213	52	38	16	112
146	75	4.27	41	49	17	39.6	46.6	16.7	292	43	51	19	186
145	65	6.61	23	10	10	22.3	11	11.3	317	24	9	14	166
144	44	4.77	46	23	20	43.3	20.1	20	231	41	16	21	128
143	37	4.91	49	46	17	48.3	45.9	17.8	330	47	47	17	170
142	31	4.65	23	53	15	22.9	52.2	14.6	362	22	52	14	209
141	30	4.39	32	36	11	37.1	38.4	12.1	453	33	36	11	219
140	30	6.16	44	33	22	44.2	33.5	22.3	188	44	33	22	114
139	24	3.9	39	9	2	35.2	8.47	3.32	191	31	8	4	135
138	24	4.67	39	8	12	41.7	9.61	11.4	218	39	8	12	135
137	22	4.26	27	18	17	28	14.6	17.6	254	28	13	18	163
136	15	4.62	40	14	0	38.3	13.8	0	563	40	14	0	283
135	15	4.5	28	13	0	25.5	14	0	402	25	14	0	216
134	12	4.54	47	21	15	47.6	20.5	14.4	182	48	19	14	127
133	11	4.36	47	16	10	47	15.6	9.83	186	47	14	10	143
132	10	3.84	32	36	19	31	34.3	19.1	133	33	36	19	90.4
131	9	4.37	36	37	16	36.1	37.1	15.8	512	35	36	15	262
130	9	4.17	17	50	12	17.6	49.6	12.2	286	18	50	12	198
129	8	4.37	53	24	20	52	22.7	20	188	52	22	20	131
128	7	4.8	19	13	21	18.1	13.3	20.4	245	19	13	20	143
127	7	3.75	44	14	8	44.2	15.4	7.31	487	44	17	7	304
126	6	4.43	26	9	21	27.8	8.35	20.3	255	28	8	20	184
125	6	3.84	29	28	25	29.3	27.7	24.5	120	30	27	24	92.3
124	6	4.29	28	56	17	28.6	54.6	16.9	598	28	56	17	263
123	6	4.32	51	27	8	50.7	27.6	8	183	50	28	8	127
122	6	4.4	50	19	22	50.5	19.5	22	220	50	19	22	164
121	6	5.34	13	23	18	13.3	22.5	18	161	13	22	18	112
120	6	3.69	39	54	12	38.5	54.6	12.3	419	38	53	12	254
119	6	3.42	40	11	10	41.2	12.6	10	168	42	13	10	138
118	5	3.79	16	29	12	16	28.8	12.4	132	15	29	12	114
117	5	3.85	33	42	9	32.8	42.2	9	234	33	42	9	156
116	5	4.57	53	25	22	52.4	25.2	22	191	52	25	22	139
115	5	4.05	48	22	8	47.6	22.2	8	203	48	22	8	158
114	5	4.47	52	29	17	51.8	29.4	17	164	52	29	17	135
113	5	3.96	49	22	18	48.4	22.2	17.4	154	50	22	18	116
112	5	3.47	13	27	12	12.8	26.4	11.6	138	13	27	12	114
111	4	4.05	42	50	13	42.2	50	13	156	43	50	13	118
110	4	4.38	16	40	7	15.5	39.5	7	160	16	40	7	133
109	4	3.48	46	48	10	45.5	47.5	10	308	45	48	10	259
108	4	3.79	37	46	10	37.2	46.7	10	201	37	48	10	157
107	4	3.49	44	22	8	44.5	22	8	173	44	23	8	156
106	4	4.74	41	51	21	40.8	51.4	21	287	41	50	21	207
105	4	3.79	16	23	10	16.3	23.2	10	105	16	23	10	87.8
104	4	4.29	29	37	17	28.3	36.3	16.5	293	29	37	17	187
103	4	3.7	20	25	26	20.5	25.5	26	269	21	25	26	185
102	3	4.11	42	19	8	42	19	8	185	42	19	8	156
101	3	3.52	13	32	17	12.7	32.6	17	91.6	12	33	17	77.6
100	3	4.1	22	56	17	22.3	56	17	306	22	55	17	190
99	3	3.63	45	26	26	44.7	25	26	241	44	24	26	230
98	3	3.79	34	30	26	34.3	30.3	26	224	34	30	26	187
97	3	3.89	44	55	18	43.4	54.7	18	131	43	54	18	92.6
96	3	3.7	27	56	12	27.3	55.7	12	248	28	56	12	196
95	3	3.44	19	45	6	19.7	45.3	6	172	20	45	6	166
94	3	4.27	29	28	22	29.3	27.7	22	106	30	28	22	89.3
93	3	4.75	38	12	24	37.1	12	24	121	38	12	24	105
92	3	3.61	23	52	19	22.7	52.3	19	152	23	53	19	139
91	3	3.73	48	50	14	48.3	49	14.3	220	48	49	14	164
90	2	3.96	42	7	16	42	6.54	16	178	42	7	16	130
89	2	3.22	37	27	28	37.5	26.5	28	146	38	26	28	137
88	2	3.27	36	53	16	36	53.5	16	311	36	54	16	263
87	2	3.2	46	49	16	45.5	49	16	215	45	49	16	208
86	2	3.18	41	36	18	40.5	36	18.5	59.3	41	36	18	57.2
85	2	3.32	31	15	25	31	14.5	25	414	31	15	25	327
84	2	3.28	36	39	19	36	39.5	19	135	36	40	19	118
83	2	3.69	36	8	20	36	8.46	20	116	36	9	20	105
82	2	3.35	23	49	23	22.5	48.5	23	96.5	23	49	23	90.8
81	2	4.55	52	18	20	52	18.4	20	128	52	19	20	114
80	2	3.91	22	53	22	22.5	53	22	87.5	22	53	22	82.8
79	2	3.67	16	33	21	15.5	33	21	113	15	33	21	106
78	2	3.38	38	33	21	38	33.5	21	47.1	38	33	21	46.5
77	2	4.34	43	11	22	42.6	11	22	120	42	11	22	99.1
76	2	3.3	51	25	16	50.5	25	16	138	50	25	16	136
75	2	4.48	28	17	0	28.5	17	0	182	28	17	0	153
74	2	4.37	24	8	4	24.5	8	4	159	25	8	4	141
73	2	3.98	44	10	5	43.5	10.5	5	152	43	11	5	122
72	2	3.35	22	20	9	22	20.5	9	122	22	20	9	107
71	2	3.56	12	28	9	12.5	28	9	101	13	28	9	94.4
70	2	3.63	38	37	27	38	37.5	27	91.4	38	37	27	82.1
69	2	3.6	54	30	10	54	30.5	10	63.6	54	30	10	63.4
68	2	3.71	10	35	10	10.5	35	10.5	107	11	35	11	86.4
67	2	3.48	31	49	10	31	48.5	10	287	31	49	10	217
66	2	3.68	15	16	12	14.5	16	12	76.7	15	16	12	66.7
65	2	4.07	9	28	12	9	28.5	12	52	9	28	12	49.3
64	2	4.1	29	4	14	29.5	4	14	86.5	29	4	14	78
63	2	3.37	39	4	14	39.5	4.49	14	199	40	5	14	145
62	2	3.92	29	6	14	28.5	6	14	107	29	6	14	96.2
61	2	3.45	51	23	14	51	22.5	14	120	51	22	14	118
60	2	3.56	42	17	10	42	16.5	10	201	42	16	10	185
59	1	3.36	28	53	15	28	53	15	198	28	53	15	198
58	1	4.3	40	10	22	40	10	22	103	40	10	22	103
57	1	3.13	51	22	8	51	22	8	108	51	22	8	108
56	1	3.1	15	25	7	15	25	7	159	15	25	7	159
55	1	3.09	49	45	6	49	45	6	65.2	49	45	6	65.2
54	1	3.28	46	24	6	46	24	6	163	46	24	6	163
53	1	3.11	42	27	22	42	27	22	68.3	42	27	22	68.3
52	1	3.3	13	38	22	13	38	22	43.9	13	38	22	43.9
51	1	3.52	42	8	6	42	8	6	97.9	42	8	6	97.9
50	1	3.12	34	23	23	34	23	23	110	34	23	23	110
49	1	3.3	36	27	23	36	27	23	63.5	36	27	23	63.5
48	1	3.46	38	8	6	38	8	6	151	38	8	6	151
47	1	3.29	26	8	6	26	8	6	178	26	8	6	178
46	1	3.13	36	20	24	36	20	24	121	36	20	24	121
45	1	3.34	21	8	16	21	8	16	80.6	21	8	16	80.6
44	1	3.16	39	34	24	39	34	24	75.2	39	34	24	75.2
43	1	3.72	44	37	24	44	37	24	102	44	37	24	102
42	1	3.94	19	41	24	19	41	24	74.6	19	41	24	74.6
41	1	3.23	45	42	24	45	42	24	62.2	45	42	24	62.2
40	1	3.88	49	39	4	49	39	4	81.9	49	39	4	81.9
39	1	3.43	41	16	25	41	16	25	202	41	16	25	202
38	1	3.2	48	25	25	48	25	25	154	48	25	25	154
37	1	3.26	30	47	25	30	47	25	133	30	47	25	133
36	1	3.35	16	26	4	16	26	4	217	16	26	4	217
35	1	3.6	20	56	15	20	56	15	57.9	20	56	15	57.9
34	1	3.3	31	14	1	31	14	1	106	31	14	1	106
33	1	3.17	35	33	26	35	33	26	145	35	33	26	145
32	1	3.4	41	56	15	41	56	15	64	41	56	15	64
31	1	3.22	30	21	24	30	21	24	88.9	30	21	24	88.9
30	1	3.41	24	53	17	24	53	17	130	24	53	17	130
29	1	3.46	27	58	17	27	58	17	153	27	58	17	153
28	1	4.16	27	7	18	27	7	18	133	27	7	18	133
27	1	3.09	46	18	18	46	18	18	85.6	46	18	18	85.6
26	1	3.22	10	26	14	10	26	14	54.1	10	26	14	54.1
25	1	3.12	52	26	13	52	26	13	116	52	26	13	116
24	1	3.21	30	41	18	30	41	18	149	30	41	18	149
23	1	3.26	55	25	13	55	25	13	66.1	55	25	13	66.1
22	1	3.39	51	31	14	51	31	14	94.5	51	31	14	94.5
21	1	3.4	31	39	14	31	39	14	236	31	39	14	236
20	1	3.63	13	38	19	13	38	19	79.4	13	38	19	79.4
19	1	3.11	20	49	11	20	49	11	236	20	49	11	236
18	1	3.18	27	47	19	27	47	19	114	27	47	19	114
17	1	3.44	44	44	11	44	44	11	142	44	44	11	142
16	1	3.34	10	27	16	10	27	16	51.1	10	27	16	51.1
15	1	3.65	42	13	15	42	13	15	80.7	42	13	15	80.7
14	1	3.24	23	10	20	23	10	20	115	23	10	20	115
13	1	3.09	28	22	15	28	22	15	65.9	28	22	15	65.9
12	1	3.19	10	24	15	10	24	15	41.7	10	24	15	41.7
11	1	3.19	54	26	10	54	26	10	86.8	54	26	10	86.8
10	1	3.32	54	27	20	54	27	20	71	54	27	20	71
9	1	3.5	27	29	20	27	29	20	68.5	27	29	20	68.5
8	1	4.01	33	39	15	33	39	15	403	33	39	15	403
7	1	3.35	39	13	21	39	13	21	154	39	13	21	154
6	1	3.39	50	16	21	50	16	21	156	50	16	21	156
5	1	3.75	21	20	21	21	20	21	130	21	20	21	130
4	1	3.32	53	29	21	53	29	21	64.2	53	29	21	64.2
3	1	3.29	50	13	10	50	13	10	67.4	50	13	10	67.4
2	1	3.48	34	50	9	34	50	9	144	34	50	9	144
1	1	3.13	28	6	11	28	6	11	140	28	6	11	140
