0.5 8.271344e+03 8.224465e+03 8.260981e+03 8.307859e+03
1.5 8.211759e+03 8.208100e+03 8.272208e+03 8.275867e+03
2.5 8.204458e+03 8.217579e+03 8.284129e+03 8.271008e+03
3.5 8.240837e+03 8.251213e+03 8.281981e+03 8.271605e+03
4.5 8.267171e+03 8.264964e+03 8.274387e+03 8.276593e+03
5.5 8.278083e+03 8.289325e+03 8.268106e+03 8.256864e+03
6.5 8.309229e+03 8.288680e+03 8.264437e+03 8.284986e+03
7.5 8.272456e+03 8.284425e+03 8.262640e+03 8.250671e+03
8.5 8.233748e+03 8.279622e+03 8.261844e+03 8.215970e+03
9.5 8.272079e+03 8.290355e+03 8.261508e+03 8.243233e+03
10.5 8.338375e+03 8.295296e+03 8.261359e+03 8.304438e+03
0.1 8.243204e+03 8.274561e+03 8.260833e+03 8.229477e+03
1.1 8.293527e+03 8.312372e+03 8.265643e+03 8.246798e+03
2.1 8.349012e+03 8.349125e+03 8.284904e+03 8.284790e+03
3.1 8.331411e+03 8.333786e+03 8.295362e+03 8.292988e+03
4.1 8.345272e+03 8.347745e+03 8.288428e+03 8.285955e+03
5.1 8.282610e+03 8.277903e+03 8.277201e+03 8.281909e+03
6.1 8.235865e+03 8.222545e+03 8.268921e+03 8.282241e+03
7.1 8.208538e+03 8.237655e+03 8.264307e+03 8.235191e+03
8.1 8.215513e+03 8.207031e+03 8.262104e+03 8.270586e+03
9.1 8.218246e+03 8.207173e+03 8.261581e+03 8.272654e+03
10.1 8.216814e+03 8.224289e+03 8.272248e+03 8.264774e+03
0.5 8.218246e+03 8.207173e+03 8.261581e+03 8.272654e+03
1.5 8.216814e+03 8.224289e+03 8.272248e+03 8.264774e+03
2.5 8.212672e+03 8.242944e+03 8.283860e+03 8.253588e+03
3.5 8.241044e+03 8.260507e+03 8.281527e+03 8.262064e+03
4.5 8.269536e+03 8.282853e+03 8.273813e+03 8.260496e+03
5.5 8.269219e+03 8.281259e+03 8.267427e+03 8.255387e+03
6.5 8.294799e+03 8.286634e+03 8.263688e+03 8.271853e+03
7.5 8.363386e+03 8.309672e+03 8.261854e+03 8.315568e+03
8.5 8.365392e+03 8.325168e+03 8.261050e+03 8.301274e+03
9.5 8.331794e+03 8.309917e+03 8.260724e+03 8.282601e+03
10.5 8.334924e+03 8.313800e+03 8.260598e+03 8.281722e+03
0.1 8.302534e+03 8.336623e+03 8.260475e+03 8.226386e+03
1.1 8.291613e+03 8.308940e+03 8.265015e+03 8.247688e+03
2.1 8.318312e+03 8.308624e+03 8.284130e+03 8.293818e+03
3.1 8.334949e+03 8.319289e+03 8.295132e+03 8.310793e+03
4.1 8.251898e+03 8.249448e+03 8.288509e+03 8.290958e+03
5.1 8.285889e+03 8.276974e+03 8.277292e+03 8.286207e+03
6.1 8.196971e+03 8.185160e+03 8.268937e+03 8.280748e+03
7.1 8.139526e+03 8.158246e+03 8.264267e+03 8.245547e+03
8.1 8.109506e+03 8.139182e+03 8.262037e+03 8.232361e+03
9.1 8.144508e+03 8.129334e+03 8.261510e+03 8.276683e+03
10.1 8.160180e+03 8.146923e+03 8.272181e+03 8.285438e+03
0.5 8.144508e+03 8.129334e+03 8.261510e+03 8.276683e+03
1.5 8.160180e+03 8.146923e+03 8.272181e+03 8.285438e+03
2.5 8.227060e+03 8.187430e+03 8.283800e+03 8.323430e+03
3.5 8.259368e+03 8.233714e+03 8.281473e+03 8.307127e+03
4.5 8.252359e+03 8.245743e+03 8.273771e+03 8.280387e+03
5.5 8.227347e+03 8.254661e+03 8.267400e+03 8.240086e+03
6.5 8.239839e+03 8.263029e+03 8.263675e+03 8.240485e+03
7.5 8.240129e+03 8.266235e+03 8.261854e+03 8.235748e+03
8.5 8.260460e+03 8.274955e+03 8.261060e+03 8.246565e+03
9.5 8.289200e+03 8.288193e+03 8.260744e+03 8.261752e+03
10.5 8.295396e+03 8.292511e+03 8.260630e+03 8.263515e+03
0.0 8.304083e+03 8.284489e+03 8.260726e+03 8.280319e+03
1.0 8.313977e+03 8.345835e+03 8.264704e+03 8.232845e+03
2.0 8.327972e+03 8.340672e+03 8.283429e+03 8.270729e+03
3.0 8.378077e+03 8.326888e+03 8.295483e+03 8.346671e+03
4.0 8.261979e+03 8.281590e+03 8.289511e+03 8.269900e+03
5.0 8.206059e+03 8.211832e+03 8.278346e+03 8.272573e+03
6.0 8.165064e+03 8.177827e+03 8.269883e+03 8.257120e+03
7.0 8.184884e+03 8.154898e+03 8.265155e+03 8.295142e+03
8.0 8.139058e+03 8.147003e+03 8.262951e+03 8.255006e+03
9.0 8.144409e+03 8.149036e+03 8.262512e+03 8.257885e+03
10.0 8.137381e+03 8.161316e+03 8.273313e+03 8.249378e+03
0.5 8.144409e+03 8.149036e+03 8.262512e+03 8.257885e+03
1.5 8.137381e+03 8.161316e+03 8.273313e+03 8.249378e+03
2.5 8.174807e+03 8.194685e+03 8.285095e+03 8.265217e+03
3.5 8.217434e+03 8.224683e+03 8.282953e+03 8.275704e+03
4.5 8.245441e+03 8.236236e+03 8.275462e+03 8.284667e+03
5.5 8.272544e+03 8.264105e+03 8.269328e+03 8.277767e+03
6.5 8.286181e+03 8.270510e+03 8.265862e+03 8.281533e+03
7.5 8.307085e+03 8.274705e+03 8.264326e+03 8.296706e+03
8.5 8.286695e+03 8.279455e+03 8.263843e+03 8.271083e+03
9.5 8.232275e+03 8.281684e+03 8.263863e+03 8.214455e+03
10.5 8.252179e+03 8.287904e+03 8.264109e+03 8.228384e+03
