0.5 7.007625e+03 6.966545e+03 7.006394e+03 7.047473e+03
1.5 6.992861e+03 6.944347e+03 6.999821e+03 7.048334e+03
2.5 6.883879e+03 6.934016e+03 6.992841e+03 6.942705e+03
3.5 7.041934e+03 6.979642e+03 6.994099e+03 7.056390e+03
4.5 7.006841e+03 6.985191e+03 6.998545e+03 7.020195e+03
5.5 6.927595e+03 7.042709e+03 7.002222e+03 6.887108e+03
6.5 7.064434e+03 7.025683e+03 7.004370e+03 7.043121e+03
7.5 7.010843e+03 7.027477e+03 7.005422e+03 6.988788e+03
8.5 7.054079e+03 7.003440e+03 7.005888e+03 7.056527e+03
9.5 7.038235e+03 7.063561e+03 7.006085e+03 6.980759e+03
10.5 7.076818e+03 7.035634e+03 7.006172e+03 7.047357e+03
0.1 7.047887e+03 7.115471e+03 7.006480e+03 6.938896e+03
1.1 6.978546e+03 7.028805e+03 7.003664e+03 6.953405e+03
2.1 6.866979e+03 6.874853e+03 6.992388e+03 6.984514e+03
3.1 7.022133e+03 7.006463e+03 6.986264e+03 7.001935e+03
4.1 6.969489e+03 6.982446e+03 6.990324e+03 6.977368e+03
5.1 6.938498e+03 6.903461e+03 6.996897e+03 7.031934e+03
6.1 6.896799e+03 6.951128e+03 7.001745e+03 6.947416e+03
7.1 6.963013e+03 6.990772e+03 7.004446e+03 6.976686e+03
8.1 6.966042e+03 6.935086e+03 7.005736e+03 7.036692e+03
9.1 6.921099e+03 6.907032e+03 7.006042e+03 7.020108e+03
10.1 6.881979e+03 6.924624e+03 6.999797e+03 6.957153e+03
0.5 6.921099e+03 6.907032e+03 7.006042e+03 7.020108e+03
1.5 6.881979e+03 6.924624e+03 6.999797e+03 6.957153e+03
2.5 6.919610e+03 6.912344e+03 6.992999e+03 7.000265e+03
3.5 6.914108e+03 6.911987e+03 6.994364e+03 6.996486e+03
4.5 6.977996e+03 6.981265e+03 6.998881e+03 6.995612e+03
5.5 6.992354e+03 6.975220e+03 7.002619e+03 7.019753e+03
6.5 6.963985e+03 6.964582e+03 7.004809e+03 7.004212e+03
7.5 7.112228e+03 6.993251e+03 7.005882e+03 7.124859e+03
8.5 7.088455e+03 7.009726e+03 7.006353e+03 7.085083e+03
9.5 6.954375e+03 6.971004e+03 7.006544e+03 6.989915e+03
10.5 7.077695e+03 7.061064e+03 7.006617e+03 7.023249e+03
0.1 7.083409e+03 7.082649e+03 7.006690e+03 7.007449e+03
1.1 7.007636e+03 7.065182e+03 7.004032e+03 6.946486e+03
2.1 6.920650e+03 6.955706e+03 6.992841e+03 6.957784e+03
3.1 7.015840e+03 7.004240e+03 6.986399e+03 6.998000e+03
4.1 6.924542e+03 6.941234e+03 6.990277e+03 6.973585e+03
5.1 7.188864e+03 7.178219e+03 6.996844e+03 7.007489e+03
6.1 7.069612e+03 7.030783e+03 7.001735e+03 7.040564e+03
7.1 6.875309e+03 6.915343e+03 7.004470e+03 6.964435e+03
8.1 6.937747e+03 6.981849e+03 7.005775e+03 6.961673e+03
9.1 6.973096e+03 6.992063e+03 7.006084e+03 6.987117e+03
10.1 6.954581e+03 6.943449e+03 6.999836e+03 7.010969e+03
0.5 6.973096e+03 6.992063e+03 7.006084e+03 6.987117e+03
1.5 6.954581e+03 6.943449e+03 6.999836e+03 7.010969e+03
2.5 7.040965e+03 6.937905e+03 6.993034e+03 7.096094e+03
3.5 6.958250e+03 6.998510e+03 6.994396e+03 6.954136e+03
4.5 7.066252e+03 7.005489e+03 6.998905e+03 7.059668e+03
5.5 6.957042e+03 7.023665e+03 7.002635e+03 6.936012e+03
6.5 6.954176e+03 6.993196e+03 7.004816e+03 6.965795e+03
7.5 7.036443e+03 7.000299e+03 7.005882e+03 7.042026e+03
8.5 6.867281e+03 6.980737e+03 7.006347e+03 6.892891e+03
9.5 7.007296e+03 7.031114e+03 7.006532e+03 6.982714e+03
10.5 6.985984e+03 7.008583e+03 7.006599e+03 6.984001e+03
0.0 7.030790e+03 7.035247e+03 7.006543e+03 7.002086e+03
1.0 7.237729e+03 7.167285e+03 7.004214e+03 7.074657e+03
2.0 7.065517e+03 7.085277e+03 6.993251e+03 6.973491e+03
3.0 7.176946e+03 7.127538e+03 6.986194e+03 7.035602e+03
4.0 6.839435e+03 6.939535e+03 6.989690e+03 6.889591e+03
5.0 7.000487e+03 7.030438e+03 6.996227e+03 6.966276e+03
6.0 6.951192e+03 6.916760e+03 7.001181e+03 7.035613e+03
7.0 6.950567e+03 6.900639e+03 7.003950e+03 7.053878e+03
8.0 6.912041e+03 6.939490e+03 7.005240e+03 6.977791e+03
9.0 6.858503e+03 6.912190e+03 7.005497e+03 6.951810e+03
10.0 6.941546e+03 6.895542e+03 6.999173e+03 7.045177e+03
0.5 6.858503e+03 6.912190e+03 7.005497e+03 6.951810e+03
1.5 6.941546e+03 6.895542e+03 6.999173e+03 7.045177e+03
2.5 6.910504e+03 6.910112e+03 6.992276e+03 6.992668e+03
3.5 6.916190e+03 6.972794e+03 6.993530e+03 6.936926e+03
4.5 7.036455e+03 6.960034e+03 6.997915e+03 7.074337e+03
5.5 7.086133e+03 7.073038e+03 7.001507e+03 7.014602e+03
6.5 7.028948e+03 7.075955e+03 7.003535e+03 6.956529e+03
7.5 7.063570e+03 7.040043e+03 7.004435e+03 7.027962e+03
8.5 6.962156e+03 7.046929e+03 7.004718e+03 6.919944e+03
9.5 7.024557e+03 7.011585e+03 7.004706e+03 7.017678e+03
10.5 7.120430e+03 7.012535e+03 7.004562e+03 7.112457e+03
