7.008042e+03 6.901696e+03 6.967309e+03 6.942429e+03
6.993276e+03 6.899336e+03 6.944063e+03 6.948549e+03
6.884289e+03 6.920679e+03 6.934426e+03 6.870543e+03
7.042354e+03 6.971438e+03 6.979226e+03 7.034565e+03
7.007259e+03 7.008824e+03 6.985324e+03 7.030759e+03
6.928006e+03 7.034139e+03 7.042977e+03 6.919168e+03
7.064856e+03 7.045875e+03 7.026023e+03 7.084708e+03
7.011260e+03 7.049483e+03 7.028179e+03 7.032564e+03
7.054499e+03 7.053895e+03 7.003582e+03 7.104812e+03
7.038656e+03 7.051299e+03 7.063789e+03 7.026166e+03
7.077242e+03 7.055035e+03 7.037364e+03 7.094913e+03
6.959740e+03 7.051972e+03 7.031000e+03 6.980712e+03
7.024941e+03 7.054262e+03 7.051116e+03 7.028087e+03
7.066051e+03 7.053526e+03 7.037449e+03 7.082128e+03
7.010950e+03 7.053449e+03 6.980871e+03 7.083528e+03
7.080547e+03 7.055797e+03 7.096274e+03 7.040071e+03
7.098333e+03 7.053653e+03 7.084526e+03 7.067459e+03
7.163045e+03 7.057708e+03 7.132903e+03 7.087850e+03
7.162454e+03 7.054876e+03 7.098747e+03 7.118583e+03
7.048308e+03 7.058290e+03 7.115907e+03 6.990691e+03
6.978963e+03 7.047017e+03 7.030710e+03 6.995270e+03
6.867390e+03 7.002648e+03 6.875513e+03 6.994526e+03
7.022553e+03 6.955948e+03 7.006434e+03 6.972067e+03
6.969907e+03 6.924455e+03 6.982393e+03 6.911969e+03
6.938913e+03 6.907595e+03 6.905229e+03 6.941279e+03
6.897208e+03 6.899860e+03 6.952434e+03 6.844634e+03
6.963430e+03 6.896682e+03 6.991303e+03 6.868808e+03
6.966457e+03 6.895560e+03 6.934968e+03 6.927049e+03
6.921512e+03 6.895235e+03 6.907720e+03 6.909027e+03
6.882391e+03 6.895900e+03 6.924915e+03 6.853376e+03
6.920023e+03 6.920823e+03 6.913020e+03 6.927827e+03
6.914520e+03 6.973949e+03 6.912461e+03 6.976008e+03
6.978415e+03 7.012638e+03 6.982041e+03 7.009011e+03
6.992770e+03 7.039311e+03 6.975824e+03 7.056257e+03
6.964400e+03 7.051265e+03 6.965123e+03 7.050542e+03
7.112653e+03 7.055014e+03 6.993278e+03 7.174389e+03
7.088879e+03 7.060190e+03 7.010442e+03 7.138627e+03
6.954790e+03 7.058398e+03 6.971730e+03 7.041458e+03
7.078118e+03 7.062681e+03 7.060920e+03 7.079879e+03
7.103475e+03 7.060725e+03 7.052002e+03 7.112197e+03
6.938449e+03 7.063454e+03 7.032859e+03 6.969044e+03
6.950521e+03 7.060746e+03 6.997169e+03 7.014097e+03
6.947277e+03 7.058575e+03 6.993752e+03 7.012100e+03
7.069704e+03 7.060875e+03 7.027929e+03 7.102649e+03
7.003954e+03 7.058827e+03 7.012700e+03 7.050081e+03
6.941175e+03 7.062987e+03 7.058330e+03 6.945832e+03
7.099227e+03 7.059976e+03 7.052878e+03 7.106325e+03
7.083833e+03 7.062857e+03 7.083355e+03 7.063336e+03
7.008056e+03 7.052057e+03 7.064864e+03 6.995249e+03
6.921062e+03 7.007738e+03 6.956423e+03 6.972377e+03
7.016263e+03 6.960363e+03 7.003661e+03 6.972965e+03
6.924955e+03 6.928069e+03 6.941341e+03 6.911682e+03
7.189295e+03 6.910553e+03 7.178169e+03 6.921678e+03
7.070035e+03 6.902333e+03 7.031208e+03 6.941159e+03
6.875720e+03 6.898788e+03 6.915527e+03 6.858981e+03
6.938162e+03 6.897373e+03 6.983903e+03 6.851631e+03
6.973515e+03 6.896808e+03 6.992217e+03 6.878106e+03
6.954995e+03 6.897409e+03 6.944072e+03 6.908332e+03
7.041388e+03 6.923136e+03 6.938526e+03 7.025998e+03
6.958669e+03 6.976252e+03 6.998811e+03 6.936110e+03
7.066680e+03 7.013444e+03 7.005582e+03 7.074542e+03
6.957457e+03 7.039263e+03 7.024061e+03 6.972659e+03
6.954592e+03 7.050258e+03 6.993681e+03 7.011169e+03
7.036867e+03 7.052416e+03 7.000683e+03 7.088600e+03
6.867695e+03 7.058157e+03 6.981082e+03 6.944769e+03
7.007722e+03 7.056064e+03 7.031855e+03 7.031931e+03
6.986405e+03 7.060691e+03 7.009423e+03 7.037673e+03
7.070485e+03 7.058832e+03 7.039268e+03 7.090049e+03
7.029850e+03 7.060865e+03 7.002027e+03 7.088687e+03
7.090579e+03 7.060820e+03 7.033222e+03 7.118177e+03
6.920132e+03 7.059750e+03 6.954640e+03 7.025242e+03
6.890682e+03 7.062139e+03 6.900379e+03 7.052442e+03
6.984104e+03 7.059006e+03 6.945010e+03 7.098100e+03
6.948428e+03 7.062441e+03 6.926718e+03 7.084150e+03
7.011233e+03 7.059039e+03 7.005241e+03 7.065031e+03
7.031216e+03 7.061190e+03 7.035111e+03 7.057295e+03
7.238167e+03 7.051819e+03 7.167820e+03 7.122166e+03
7.065677e+03 7.008219e+03 7.075295e+03 6.998601e+03
7.177385e+03 6.959985e+03 7.139993e+03 6.997377e+03
6.839847e+03 6.926420e+03 6.937798e+03 6.828468e+03
7.000914e+03 6.907787e+03 7.028570e+03 6.880131e+03
6.951614e+03 6.898643e+03 6.917417e+03 6.932840e+03
6.950987e+03 6.894254e+03 6.901076e+03 6.944165e+03
6.912460e+03 6.891971e+03 6.940000e+03 6.864431e+03
6.858917e+03 6.890465e+03 6.912388e+03 6.836994e+03
6.941963e+03 6.889997e+03 6.895404e+03 6.936557e+03
6.910921e+03 6.914508e+03 6.910075e+03 6.915354e+03
6.916610e+03 6.966244e+03 6.972830e+03 6.910023e+03
7.036882e+03 7.002701e+03 6.960353e+03 7.079229e+03
7.086562e+03 7.027310e+03 7.073770e+03 7.040103e+03
7.029372e+03 7.036643e+03 7.076330e+03 6.989684e+03
7.063996e+03 7.038176e+03 7.041089e+03 7.061084e+03
6.962574e+03 7.040396e+03 7.046870e+03 6.956099e+03
7.024976e+03 7.034916e+03 7.012133e+03 7.047759e+03
7.120857e+03 7.036121e+03 7.012810e+03 7.144168e+03
7.041250e+03 7.030428e+03 7.054279e+03 7.017398e+03
7.052847e+03 7.029609e+03 7.052063e+03 7.030393e+03
7.058645e+03 7.024670e+03 7.032660e+03 7.050654e+03
7.036014e+03 7.019735e+03 6.982890e+03 7.072859e+03
6.991082e+03 7.018102e+03 7.013474e+03 6.995709e+03
7.040530e+03 7.011587e+03 7.050057e+03 7.002060e+03
6.899024e+03 7.011044e+03 6.978513e+03 6.931555e+03
7.033983e+03 7.001536e+03 6.989612e+03 7.045907e+03
7.031501e+03 6.998849e+03 7.016044e+03 7.014306e+03
