8.271344e+03 8.201223e+03 8.224465e+03 8.248102e+03
8.211759e+03 8.199660e+03 8.208100e+03 8.203320e+03
8.204458e+03 8.213791e+03 8.217579e+03 8.200670e+03
8.240837e+03 8.247396e+03 8.251213e+03 8.237019e+03
8.267171e+03 8.272147e+03 8.264964e+03 8.274353e+03
8.278083e+03 8.288907e+03 8.289325e+03 8.277665e+03
8.309229e+03 8.296676e+03 8.288680e+03 8.317225e+03
8.272456e+03 8.299065e+03 8.284425e+03 8.287097e+03
8.233748e+03 8.301987e+03 8.279622e+03 8.256112e+03
8.272079e+03 8.300268e+03 8.290355e+03 8.281992e+03
8.338375e+03 8.302741e+03 8.295296e+03 8.345820e+03
8.298882e+03 8.300713e+03 8.295441e+03 8.304153e+03
8.292555e+03 8.302229e+03 8.291198e+03 8.303585e+03
8.294013e+03 8.301742e+03 8.284646e+03 8.311109e+03
8.268034e+03 8.301691e+03 8.285100e+03 8.284625e+03
8.279423e+03 8.303246e+03 8.284260e+03 8.298409e+03
8.292328e+03 8.301826e+03 8.280619e+03 8.313535e+03
8.303988e+03 8.304511e+03 8.292881e+03 8.315617e+03
8.264705e+03 8.302636e+03 8.271512e+03 8.295829e+03
8.243204e+03 8.304896e+03 8.274561e+03 8.273539e+03
8.293527e+03 8.297433e+03 8.312372e+03 8.278588e+03
8.349012e+03 8.268058e+03 8.349125e+03 8.267945e+03
8.331411e+03 8.237141e+03 8.333786e+03 8.234766e+03
8.345272e+03 8.216291e+03 8.347745e+03 8.213818e+03
8.282610e+03 8.205128e+03 8.277903e+03 8.209836e+03
8.235865e+03 8.200008e+03 8.222545e+03 8.213328e+03
8.208538e+03 8.197904e+03 8.237655e+03 8.168787e+03
8.215513e+03 8.197161e+03 8.207031e+03 8.205643e+03
8.218246e+03 8.196946e+03 8.207173e+03 8.208019e+03
8.216814e+03 8.197386e+03 8.224289e+03 8.189912e+03
8.212672e+03 8.213886e+03 8.242944e+03 8.183614e+03
8.241044e+03 8.249058e+03 8.260507e+03 8.229596e+03
8.269536e+03 8.274672e+03 8.282853e+03 8.261356e+03
8.269219e+03 8.292331e+03 8.281259e+03 8.280290e+03
8.294799e+03 8.300245e+03 8.286634e+03 8.308410e+03
8.363386e+03 8.302727e+03 8.309672e+03 8.356441e+03
8.365392e+03 8.306154e+03 8.325168e+03 8.346378e+03
8.331794e+03 8.304967e+03 8.309917e+03 8.326845e+03
8.334924e+03 8.307803e+03 8.313800e+03 8.328927e+03
8.327063e+03 8.306508e+03 8.313033e+03 8.320538e+03
8.297183e+03 8.308315e+03 8.313493e+03 8.292005e+03
8.297817e+03 8.306522e+03 8.292736e+03 8.311603e+03
8.295056e+03 8.305084e+03 8.299879e+03 8.300261e+03
8.284882e+03 8.306607e+03 8.299649e+03 8.291840e+03
8.290701e+03 8.305252e+03 8.319479e+03 8.276474e+03
8.301212e+03 8.308005e+03 8.324105e+03 8.285113e+03
8.322803e+03 8.306012e+03 8.318329e+03 8.310486e+03
8.302534e+03 8.307920e+03 8.336623e+03 8.273831e+03
8.291613e+03 8.300770e+03 8.308940e+03 8.283442e+03
8.318312e+03 8.271428e+03 8.308624e+03 8.281116e+03
8.334949e+03 8.240064e+03 8.319289e+03 8.255724e+03
8.251898e+03 8.218683e+03 8.249448e+03 8.221133e+03
8.285889e+03 8.207087e+03 8.276974e+03 8.216002e+03
8.196971e+03 8.201645e+03 8.185160e+03 8.213456e+03
8.139526e+03 8.199298e+03 8.158246e+03 8.180579e+03
8.109506e+03 8.198361e+03 8.139182e+03 8.168685e+03
8.144508e+03 8.197987e+03 8.129334e+03 8.213161e+03
8.160180e+03 8.198385e+03 8.146923e+03 8.211642e+03
8.227060e+03 8.215417e+03 8.187430e+03 8.255047e+03
8.259368e+03 8.250583e+03 8.233714e+03 8.276237e+03
8.252359e+03 8.275206e+03 8.245743e+03 8.281822e+03
8.227347e+03 8.292299e+03 8.254661e+03 8.264985e+03
8.239839e+03 8.299578e+03 8.263029e+03 8.276388e+03
8.240129e+03 8.301007e+03 8.266235e+03 8.274901e+03
8.260460e+03 8.304808e+03 8.274955e+03 8.290313e+03
8.289200e+03 8.303422e+03 8.288193e+03 8.304430e+03
8.295396e+03 8.306485e+03 8.292511e+03 8.309370e+03
8.291523e+03 8.305255e+03 8.295276e+03 8.301502e+03
8.304957e+03 8.306601e+03 8.287452e+03 8.324106e+03
8.298823e+03 8.306571e+03 8.294250e+03 8.311144e+03
8.277659e+03 8.305862e+03 8.258801e+03 8.324720e+03
8.269470e+03 8.307444e+03 8.278333e+03 8.298581e+03
8.287586e+03 8.305370e+03 8.279053e+03 8.313903e+03
8.313463e+03 8.307644e+03 8.281640e+03 8.339467e+03
8.314526e+03 8.305392e+03 8.293492e+03 8.326426e+03
8.304083e+03 8.306816e+03 8.284489e+03 8.326409e+03
8.313977e+03 8.300612e+03 8.345835e+03 8.268753e+03
8.327972e+03 8.271746e+03 8.340672e+03 8.259046e+03
8.378077e+03 8.239814e+03 8.326888e+03 8.291002e+03
8.261979e+03 8.217592e+03 8.281590e+03 8.197981e+03
8.206059e+03 8.205256e+03 8.211832e+03 8.199483e+03
8.165064e+03 8.199202e+03 8.177827e+03 8.186438e+03
8.184884e+03 8.196296e+03 8.154898e+03 8.226283e+03
8.139058e+03 8.194784e+03 8.147003e+03 8.186840e+03
8.144409e+03 8.193788e+03 8.149036e+03 8.189162e+03
8.137381e+03 8.193478e+03 8.161316e+03 8.169543e+03
8.174807e+03 8.209705e+03 8.194685e+03 8.189828e+03
8.217434e+03 8.243957e+03 8.224683e+03 8.236708e+03
8.245441e+03 8.268093e+03 8.236236e+03 8.277298e+03
8.272544e+03 8.284386e+03 8.264105e+03 8.292825e+03
8.286181e+03 8.290564e+03 8.270510e+03 8.306235e+03
8.307085e+03 8.291580e+03 8.274705e+03 8.323960e+03
8.286695e+03 8.293049e+03 8.279455e+03 8.300289e+03
8.232275e+03 8.289421e+03 8.281684e+03 8.240013e+03
8.252179e+03 8.290219e+03 8.287904e+03 8.254494e+03
8.284723e+03 8.286450e+03 8.294414e+03 8.276759e+03
8.319695e+03 8.285908e+03 8.302491e+03 8.303112e+03
8.309327e+03 8.282638e+03 8.290860e+03 8.301105e+03
8.316906e+03 8.279371e+03 8.272190e+03 8.324087e+03
8.288842e+03 8.278290e+03 8.290804e+03 8.276327e+03
8.290739e+03 8.273976e+03 8.306369e+03 8.258347e+03
8.252953e+03 8.273617e+03 8.274876e+03 8.251693e+03
8.249169e+03 8.267322e+03 8.262015e+03 8.254477e+03
8.311044e+03 8.265543e+03 8.288793e+03 8.287794e+03
